0
0
0
0
0
0
0
0
0
0
0
0
0
1
0
0
1
0
0
0
0
1
0
0
0
0
0
0
0
0
0
0
0
0
1
0
0
0
0
0
0
0
0
0
0
1
0
0
0
0
1
0
0
0
0
0
0
0
0
0
0
0
0
0
0
0
0
0
0
0
0
0
0
0
0
0
1
0
0
0
0
0
0
0
0
0
0
0
0
1
0
0
0
0
0
1
1
6
14
65
93
112
101
86
88
91
71
69
73
72
89
90
76
77
95
83
88
99
87
83
90
86
87
91
104
113
89
92
85
101
97
103
90
89
98
107
91
98
101
111
97
76
84
102
79
85
82
83
105
98
91
90
97
104
87
93
90
109
86
81
99
88
81
92
93
97
86
107
94
87
91
115
102
101
104
93
104
108
107
76
100
87
116
91
94
93
96
97
90
83
106
87
97
97
99
115
88
82
107
95
102
89
81
92
92
93
98
90
90
99
111
80
97
93
97
101
93
103
95
92
105
102
92
82
90
100
99
108
90
112
104
105
94
99
116
112
101
96
117
94
97
87
110
83
105
93
109
88
82
97
93
108
104
94
112
108
96
91
103
115
95
92
105
97
90
118
105
86
96
112
108
90
98
115
96
100
98
110
121
83
111
103
105
119
102
80
107
127
100
108
120
91
118
99
104
107
118
117
105
110
92
97
102
103
105
120
106
118
125
93
132
116
109
106
101
115
106
115
115
120
92
107
128
92
106
134
125
96
119
111
123
113
118
114
126
104
106
145
104
128
119
140
129
119
114
130
122
112
120
129
121
110
109
130
139
137
109
125
130
130
123
125
132
151
139
119
140
131
128
123
119
143
127
129
112
113
138
140
126
114
124
129
128
130
122
129
139
150
136
125
144
142
99
137
129
138
111
146
116
122
158
116
129
128
139
140
146
121
143
142
146
132
135
140
132
146
138
131
136
147
154
158
140
166
128
147
150
150
139
156
147
131
153
149
135
138
167
149
141
123
153
160
146
126
145
143
156
147
154
128
153
158
175
130
148
145
144
137
137
123
129
157
159
159
153
163
146
175
173
128
150
171
172
135
145
141
176
142
146
169
135
162
169
163
152
142
146
151
162
158
156
141
134
150
148
141
136
171
150
157
155
157
156
128
161
146
160
148
133
145
157
145
151
148
159
138
152
149
150
147
153
151
140
137
158
148
151
148
148
150
135
157
120
153
155
149
164
145
140
141
144
168
137
157
148
171
149
144
147
156
179
147
151
126
132
144
141
146
138
158
168
152
173
157
150
152
128
159
147
126
158
123
144
133
150
129
157
147
171
139
162
139
144
138
135
155
141
141
138
153
153
141
141
167
146
135
139
141
139
155
129
156
144
138
134
157
133
134
126
141
129
136
147
170
147
147
159
142
133
139
126
135
153
160
132
147
139
168
127
143
154
141
144
161
134
142
140
121
156
115
129
126
148
170
151
140
131
150
124
138
132
146
138
133
156
137
145
155
155
161
129
135
145
146
150
130
159
150
120
140
120
138
157
162
146
162
145
127
163
152
144
136
132
133
139
150
147
141
167
144
154
143
131
150
142
158
120
131
112
133
156
142
136
149
134
125
127
150
124
115
134
146
145
164
144
155
140
120
149
139
128
145
147
137
152
136
146
151
137
116
136
116
128
152
157
125
132
158
153
141
147
149
125
135
148
143
129
130
141
147
140
136
115
135
126
137
131
139
152
142
131
136
143
146
154
149
158
149
144
146
145
159
136
137
134
103
138
138
129
144
125
133
158
149
124
137
130
138
138
133
125
134
145
138
110
150
144
123
143
138
136
160
136
129
143
137
129
130
125
145
136
127
155
135
152
147
153
119
138
146
111
144
132
131
126
121
141
131
131
137
146
118
119
159
141
119
140
149
136
131
124
146
123
124
132
124
132
124
129
149
143
148
133
110
148
128
116
141
134
138
168
139
136
134
133
142
145
129
134
109
110
142
128
128
127
130
134
128
128
134
116
107
123
121
113
132
140
118
117
131
135
158
125
125
152
112
141
131
126
124
129
128
107
157
133
122
129
140
146
140
133
127
119
123
124
123
125
118
142
127
124
133
150
130
142
141
118
142
129
126
150
131
127
130
133
145
136
115
121
149
129
123
135
140
120
130
136
136
126
126
127
114
138
128
148
139
147
113
140
135
122
133
137
120
146
120
144
147
142
137
126
146
136
141
117
157
146
146
122
147
151
120
117
137
122
155
125
149
143
138
131
130
129
127
127
133
138
121
140
124
147
147
122
160
158
144
136
144
154
135
149
124
141
133
176
161
132
139
138
150
158
167
155
146
158
152
142
137
125
156
134
148
152
140
145
140
132
145
163
134
140
149
147
166
155
139
160
152
120
149
139
136
146
155
144
149
145
147
125
156
121
141
147
142
135
156
161
136
133
134
142
144
138
136
144
149
143
153
135
132
150
130
149
139
125
163
148
149
141
131
132
144
134
155
157
148
135
130
147
155
162
155
147
142
140
136
145
126
124
152
158
132
156
153
152
150
171
160
126
134
142
168
124
141
139
143
127
129
146
133
128
130
137
144
144
128
135
141
136
142
155
150
128
130
146
161
131
131
137
118
133
152
161
139
124
118
133
127
153
119
124
129
152
130
143
145
127
126
134
118
123
109
134
137
129
143
104
120
130
134
144
151
124
131
143
140
134
125
141
142
134
119
130
120
141
130
146
142
115
141
131
126
144
122
132
142
132
136
116
125
128
97
128
110
128
133
132
133
129
160
120
130
135
157
132
138
116
119
109
122
136
112
137
140
136
118
122
144
110
126
146
120
120
149
129
122
123
132
125
128
126
142
139
118
122
128
130
110
137
124
146
123
144
128
143
124
127
117
107
119
128
139
128
147
121
126
123
130
118
132
134
126
115
138
147
118
113
120
129
121
124
151
130
146
124
118
112
115
123
114
163
120
135
124
123
108
121
145
109
129
118
125
111
127
130
119
133
118
116
129
116
130
121
120
125
130
122
134
107
142
113
115
146
124
123
128
116
116
138
117
122
118
99
106
131
105
125
115
140
100
120
134
129
115
116
120
125
122
120
120
127
110
120
110
118
113
119
145
130
104
114
102
106
141
126
123
115
117
131
120
123
103
116
115
116
115
103
133
128
132
125
112
130
128
103
139
126
130
112
117
125
113
108
126
109
116
125
110
108
123
106
119
104
125
118
115
114
132
113
114
109
115
113
111
102
125
113
112
108
124
101
126
104
112
117
125
106
88
93
133
104
109
106
117
93
90
108
118
116
115
113
105
116
121
94
108
118
111
119
97
116
115
103
119
118
112
112
107
98
95
92
109
113
118
106
102
106
99
95
121
114
97
98
98
102
96
116
114
118
95
121
107
114
106
118
103
112
110
102
123
103
117
113
130
115
116
109
113
106
106
95
110
110
108
98
107
115
98
124
106
126
125
104
128
98
91
106
125
95
89
106
99
95
98
80
108
102
98
103
104
107
96
116
97
90
110
87
90
100
89
82
93
107
104
94
105
101
107
81
89
88
84
98
107
96
103
83
105
102
109
111
94
89
96
111
116
96
92
114
102
105
98
101
101
99
112
84
92
73
90
83
96
82
99
97
109
92
104
115
107
89
102
84
101
91
85
98
98
95
115
86
106
106
96
106
99
94
96
105
105
96
101
80
100
116
93
104
104
97
118
89
96
91
104
118
84
95
87
96
91
89
97
83
85
77
93
103
119
96
96
94
94
88
103
92
86
98
109
93
85
103
86
113
107
100
87
86
93
100
97
97
110
92
72
95
102
90
110
100
100
80
90
101
91
88
108
97
99
104
99
97
99
101
100
106
102
94
95
122
102
94
93
99
87
82
96
92
97
87
93
92
91
95
84
101
104
94
103
107
99
96
98
105
98
98
89
103
88
97
89
84
82
88
99
92
108
88
106
93
96
79
86
84
82
107
100
97
82
105
92
91
102
89
98
97
84
98
77
91
91
91
93
100
110
79
108
95
123
94
75
90
96
82
86
94
94
98
91
81
76
113
116
96
81
105
87
85
107
102
89
104
97
90
95
90
99
86
99
109
86
91
99
84
98
100
87
106
107
90
88
84
89
98
95
100
77
93
101
113
78
88
86
96
91
103
99
85
97
86
92
107
82
85
73
84
67
76
98
93
100
94
107
91
102
89
81
99
74
78
105
98
106
73
82
97
89
83
89
89
83
106
88
90
72
62
95
89
81
87
81
68
90
95
99
83
90
83
82
78
85
80
84
83
72
98
75
76
79
93
64
74
77
81
77
77
70
74
83
86
86
77
75
65
71
97
90
81
65
76
69
79
78
68
81
78
82
81
72
75
78
66
80
85
79
71
58
73
75
60
88
71
75
69
81
66
81
76
61
78
70
61
63
61
68
69
61
68
72
75
67
68
68
69
73
63
76
71
78
65
68
61
66
81
53
58
62
56
66
57
50
70
66
57
68
65
65
66
74
60
64
48
61
69
56
58
56
61
60
66
71
56
62
59
56
51
46
56
55
51
71
52
58
46
60
54
52
48
44
48
54
52
62
60
41
53
77
51
48
37
58
54
54
60
47
41
43
46
47
39
44
44
43
48
58
52
65
48
47
54
53
56
47
51
56
46
47
49
50
49
39
51
37
54
55
42
47
51
52
48
45
39
57
37
37
54
37
42
47
38
49
48
54
48
48
40
50
42
49
37
50
35
40
61
31
46
43
43
48
49
44
41
50
41
39
33
47
46
41
40
40
51
44
43
34
51
49
35
43
40
43
36
58
41
39
31
53
39
45
42
45
42
49
40
42
38
39
45
50
48
46
38
36
27
32
48
43
46
46
47
51
43
53
48
46
54
39
47
29
30
39
31
42
42
48
37
40
49
39
34
51
32
37
36
36
35
33
43
39
48
36
42
28
42
31
50
36
41
40
38
51
47
36
32
42
38
36
38
32
36
33
35
40
37
30
38
44
29
41
40
38
39
24
32
32
38
41
41
31
42
37
38
43
39
22
36
35
38
35
25
36
23
27
33
41
27
24
38
36
39
36
32
30
39
34
33
33
39
38
42
44
35
39
44
29
23
31
42
32
34
45
34
33
35
39
32
27
34
23
40
32
36
40
34
19
29
41
28
31
36
28
23
32
34
38
35
42
27
39
33
31
33
44
23
24
32
24
29
46
28
33
26
25
30
41
37
28
33
32
35
35
28
37
37
26
34
31
39
39
35
42
38
36
22
25
20
33
30
32
28
33
24
30
24
37
31
36
34
29
24
28
22
26
31
28
26
31
24
31
35
27
31
34
32
38
40
38
27
33
36
24
23
18
27
38
29
32
42
35
26
34
35
35
25
27
32
34
26
36
38
33
26
32
27
27
22
23
34
26
20
40
36
32
32
30
36
23
17
35
27
28
33
38
29
28
27
24
36
36
27
29
35
31
37
37
28
21
30
27
30
35
23
30
29
25
25
34
24
37
26
22
25
25
34
27
19
29
31
32
22
25
37
27
29
32
14
27
34
28
29
28
26
27
24
34
37
19
21
25
35
34
25
33
30
27
29
26
18
32
27
36
29
34
18
31
22
24
24
25
22
23
21
20
26
23
21
24
34
32
30
21
36
26
21
27
27
28
38
25
26
24
25
30
30
29
31
21
35
23
35
22
30
28
26
31
20
35
31
26
33
26
30
27
30
28
25
24
28
28
41
30
25
19
27
30
31
23
22
17
28
20
31
25
32
25
12
21
27
34
30
29
25
23
33
26
23
39
37
23
22
20
34
25
34
34
34
36
27
33
24
24
24
31
27
28
32
24
33
26
18
29
23
34
33
28
29
22
27
25
27
22
20
25
35
25
22
27
22
31
27
22
24
25
36
24
35
30
25
27
31
29
36
26
27
23
33
27
25
19
38
30
25
25
24
30
19
32
29
28
22
34
27
27
27
28
34
22
28
26
28
21
27
25
28
26
30
27
25
35
25
26
28
31
27
31
27
27
30
16
33
30
34
28
23
29
37
23
30
33
40
30
32
27
21
27
33
25
23
31
28
31
29
30
29
25
34
39
27
36
26
45
37
29
34
30
43
27
30
31
41
30
28
26
24
22
30
34
29
39
33
33
20
30
35
39
34
34
25
33
29
38
29
28
29
34
38
27
29
43
40
34
42
33
34
34
41
31
38
42
24
44
37
33
33
28
38
34
38
39
39
41
43
47
45
33
47
43
46
24
46
41
50
41
45
37
47
52
42
43
36
46
53
49
49
42
50
58
45
48
61
66
57
62
51
52
65
57
56
62
51
60
66
63
72
43
81
70
85
75
68
79
64
82
79
55
88
59
77
80
74
78
87
94
84
88
81
98
97
97
87
105
111
99
109
107
101
122
112
113
125
112
109
141
109
127
134
99
137
119
121
134
137
143
145
149
142
142
148
153
139
162
145
150
141
151
160
163
143
161
156
175
178
169
195
196
173
182
208
195
223
193
209
202
196
187
220
194
218
200
220
224
231
226
226
218
236
243
253
234
254
248
221
240
244
243
266
303
295
285
291
271
280
300
308
262
267
326
315
316
328
315
299
313
313
328
351
318
343
339
337
336
324
358
349
349
358
359
353
344
377
341
375
340
367
374
379
396
376
429
377
367
390
394
408
411
387
420
410
399
393
427
421
445
439
438
434
422
425
412
396
404
459
438
465
482
454
493
488
469
465
485
502
479
439
465
479
451
466
510
501
450
491
449
479
513
467
484
491
490
477
503
499
486
483
500
496
532
481
530
479
513
463
525
525
506
545
520
525
493
539
510
527
508
458
506
498
473
516
503
506
526
501
510
520
527
486
497
492
468
495
462
524
485
475
516
489
501
479
489
481
483
466
453
518
470
494
510
446
494
469
471
444
474
472
467
447
463
448
443
437
460
437
456
421
403
447
437
412
416
420
428
426
421
427
418
375
379
398
403
397
387
412
394
413
409
374
388
384
395
360
351
338
346
335
373
308
319
334
345
308
287
293
333
311
318
297
303
303
314
317
327
314
303
283
264
264
283
255
245
275
236
255
277
279
258
270
241
242
235
205
219
241
192
221
240
215
225
231
203
191
206
185
202
197
194
195
169
193
167
168
190
164
173
162
176
165
142
130
152
143
129
138
151
154
137
148
126
131
140
152
122
111
134
117
106
103
97
101
99
94
109
108
101
91
84
84
86
81
100
83
88
86
87
64
67
80
76
95
81
78
89
83
63
64
68
70
55
55
53
39
60
51
63
65
54
45
61
50
44
44
47
59
52
39
49
52
54
42
38
42
24
42
45
44
25
27
26
43
32
38
24
25
38
35
36
35
32
30
35
36
36
25
31
23
38
35
38
27
29
30
28
18
25
31
28
27
19
28
20
19
24
22
19
23
20
20
18
15
29
26
31
16
19
26
21
17
20
20
19
15
25
24
20
18
23
21
26
20
18
22
23
21
6
29
15
15
16
15
21
22
12
14
28
15
21
19
17
19
27
23
15
17
20
19
19
8
19
17
21
15
24
27
18
21
15
21
19
16
22
15
15
18
18
21
17
19
16
14
14
16
15
20
19
23
13
20
26
18
15
15
20
21
20
19
19
13
20
22
26
20
17
15
17
26
14
19
12
18
17
21
18
21
15
17
12
15
24
15
22
17
13
18
14
16
17
21
22
17
18
29
20
17
14
13
17
21
24
13
25
16
12
16
18
16
21
19
20
18
18
19
11
20
17
16
26
21
21
23
14
14
21
17
9
15
17
26
15
20
18
21
17
21
22
20
19
18
18
21
11
11
14
23
13
20
14
17
23
18
12
20
20
24
22
25
15
26
21
18
15
10
17
25
19
18
20
10
11
23
17
11
18
15
21
12
20
19
25
24
20
15
19
20
19
15
13
15
19
15
17
13
12
17
19
18
20
18
22
14
13
12
27
20
19
21
22
21
22
10
19
18
17
29
16
19
13
21
15
19
21
19
16
12
21
15
14
19
15
19
23
11
16
19
15
22
21
22
21
17
16
25
16
23
19
21
11
21
14
21
24
19
16
18
22
22
21
20
16
18
31
13
19
21
14
16
12
13
20
19
21
17
16
20
12
17
18
21
15
16
19
21
19
20
26
19
18
14
27
20
29
20
14
18
10
23
15
14
19
21
23
12
17
27
27
11
20
15
9
16
12
13
18
18
29
18
13
18
9
21
18
16
13
16
18
16
15
13
13
9
24
19
8
16
25
17
15
13
21
17
23
15
18
11
7
16
18
13
20
19
13
15
14
13
21
20
14
15
11
13
20
18
19
21
16
21
13
17
11
12
23
18
12
19
25
27
20
18
20
12
21
18
17
21
12
14
13
14
20
21
13
15
25
23
15
20
19
17
17
18
18
12
12
16
11
26
21
12
20
18
22
19
16
9
21
16
11
21
14
25
22
26
10
23
15
24
10
18
11
15
21
16
20
17
17
15
16
18
18
21
8
16
15
13
22
19
14
20
18
14
20
13
17
14
23
13
17
19
19
17
22
22
18
14
22
20
21
14
27
17
19
15
19
20
19
21
24
19
21
22
22
20
14
21
14
15
22
10
17
18
16
15
20
26
25
25
17
20
7
19
20
19
21
28
16
19
16
22
21
21
25
20
20
16
18
23
17
20
15
18
20
15
11
16
14
22
21
17
22
20
14
15
29
19
20
25
28
25
16
25
19
16
24
21
18
18
16
21
20
32
30
19
17
14
17
16
23
16
12
27
23
22
19
19
19
25
22
22
19
26
18
15
22
17
15
25
29
19
18
19
22
14
21
17
24
24
30
20
29
12
25
12
13
21
23
22
27
12
20
24
30
15
14
16
20
22
24
18
17
21
17
19
17
18
21
22
20
23
18
27
19
20
18
15
19
17
22
21
28
20
31
25
16
22
18
25
24
18
19
22
20
26
19
16
19
35
22
18
19
17
23
20
28
18
21
20
20
24
23
30
22
17
22
26
21
26
25
24
25
14
21
10
22
16
24
28
18
22
12
21
19
14
17
27
16
16
19
19
25
16
23
24
18
22
22
17
18
21
22
16
25
26
13
13
21
18
19
15
23
25
18
27
16
20
15
22
14
25
22
16
21
24
17
17
18
17
22
24
18
20
18
19
16
27
23
24
22
25
19
20
19
18
17
25
20
17
26
16
23
14
26
19
23
23
21
17
26
21
21
18
18
34
19
18
27
19
22
18
28
16
26
24
18
13
23
25
23
24
22
15
15
20
20
11
28
24
11
26
26
20
13
18
20
26
24
13
24
20
18
25
21
24
15
18
17
14
17
18
10
18
14
18
17
27
17
25
23
18
23
21
28
14
18
17
20
15
30
22
21
12
15
19
17
20
22
18
26
13
21
24
28
21
17
22
13
18
21
21
19
17
20
24
17
20
17
15
19
13
22
11
15
20
22
25
15
19
19
17
17
19
13
19
17
13
28
18
25
15
20
12
23
19
23
14
22
18
7
19
25
24
15
27
14
17
22
18
18
13
16
10
19
19
22
16
17
19
25
22
21
19
17
13
19
18
16
15
23
17
13
13
19
20
18
13
15
16
18
22
26
16
21
20
21
26
15
23
13
26
20
16
15
11
21
23
14
14
19
18
19
19
15
15
7
17
22
10
16
18
15
19
18
15
26
18
15
16
11
17
15
23
14
15
14
11
24
21
17
12
9
14
11
14
14
20
16
10
15
18
15
14
17
18
20
14
12
13
19
22
8
19
14
22
19
10
11
12
22
13
17
7
10
14
17
15
10
14
13
19
17
18
14
11
13
15
20
19
18
18
17
14
17
14
21
18
15
10
18
20
16
14
16
12
16
10
10
19
21
17
20
11
20
14
12
11
13
15
17
19
9
15
13
14
11
25
16
10
14
17
16
15
10
12
15
22
15
21
15
14
14
10
13
18
16
23
15
15
18
12
22
16
7
11
17
19
19
17
15
15
15
9
18
11
10
15
20
19
10
13
16
11
12
17
14
25
17
15
11
19
19
17
19
15
16
18
11
13
17
8
20
11
16
14
8
24
20
15
13
11
17
11
10
11
17
15
14
15
18
12
14
7
14
14
20
14
13
22
14
15
11
15
13
15
22
17
14
12
21
17
7
9
13
17
17
22
14
17
16
13
11
18
21
17
16
11
20
18
13
20
15
14
23
15
14
20
20
21
18
13
15
17
15
14
17
11
14
10
19
14
12
12
17
14
19
11
10
13
27
20
13
12
8
10
13
16
19
24
13
20
13
31
13
16
20
15
19
12
17
9
18
20
17
21
18
17
23
16
19
13
18
10
11
16
17
14
14
17
17
10
15
16
18
21
13
19
17
16
16
21
17
10
22
12
21
21
11
18
14
15
11
23
22
18
23
16
9
14
15
17
15
8
12
24
14
19
16
10
20
15
23
13
14
14
21
14
12
16
14
14
15
13
15
10
16
17
16
10
14
16
11
12
10
10
16
12
13
13
11
15
15
12
12
7
14
14
19
9
27
15
14
18
15
15
12
18
16
17
19
14
12
22
16
12
14
17
17
16
16
15
17
19
19
12
13
11
17
19
15
17
15
11
17
16
11
13
16
13
16
13
14
17
19
14
20
8
13
6
10
13
12
9
10
13
16
16
10
18
11
16
12
21
12
15
18
12
13
22
21
16
13
20
13
13
17
14
26
16
12
13
12
10
13
18
20
16
13
10
21
22
14
14
14
12
18
18
15
19
16
18
16
17
18
6
9
17
14
18
16
11
11
19
11
26
23
9
15
12
16
13
12
13
13
14
7
12
7
13
15
15
16
15
13
13
13
11
20
15
18
17
20
11
25
16
21
13
19
9
15
15
19
8
12
22
11
20
11
14
9
10
10
14
16
20
16
15
14
15
13
16
16
20
18
12
19
15
9
16
14
7
9
10
19
19
14
17
9
16
18
11
21
16
11
15
19
17
13
24
16
19
13
19
15
18
12
14
9
11
16
14
11
16
11
9
15
15
12
15
14
17
9
19
13
13
15
10
8
22
12
16
16
18
19
9
16
10
7
20
15
19
19
15
21
15
17
17
14
11
15
22
16
11
12
8
13
11
21
19
14
11
12
9
16
13
16
10
10
8
15
15
8
16
11
16
17
19
8
12
15
13
18
15
13
10
17
15
17
12
19
17
11
10
23
12
12
13
16
10
11
18
12
17
11
16
17
19
14
20
15
12
15
15
21
14
12
13
14
20
12
18
14
26
17
17
12
13
17
21
17
12
12
19
16
14
17
15
18
11
11
18
12
19
19
15
16
13
14
11
16
20
15
9
14
15
17
13
19
18
20
17
26
10
10
13
13
15
12
18
16
18
12
21
14
10
18
12
18
19
15
18
15
7
12
20
18
6
14
17
18
11
16
11
16
15
19
11
15
16
9
11
14
18
16
20
19
15
15
20
14
22
18
19
15
16
14
16
18
19
22
12
22
21
25
15
24
12
20
20
20
13
9
21
12
21
17
22
15
19
17
14
9
24
15
16
14
16
16
18
19
10
10
17
18
12
15
11
16
16
14
15
18
15
15
21
15
14
9
19
13
18
15
15
15
10
10
16
16
20
10
16
15
19
16
13
14
19
18
12
13
12
16
22
13
15
16
14
12
15
15
17
12
23
16
22
12
15
11
15
15
19
7
10
14
10
12
16
11
11
22
16
12
23
17
18
12
13
18
22
24
23
20
19
24
11
13
12
19
23
19
15
18
16
18
17
23
14
18
21
24
16
22
13
18
20
18
17
27
16
10
21
9
19
13
17
14
15
19
17
15
17
16
14
13
11
21
21
17
20
14
13
24
12
13
9
11
17
20
15
17
12
15
25
19
15
18
20
19
17
20
23
15
20
17
24
11
21
15
20
15
17
29
13
19
21
14
19
28
18
21
12
17
11
23
16
12
19
23
16
15
26
13
11
17
23
16
16
12
13
13
20
13
13
14
12
16
17
12
21
15
16
18
16
15
12
18
12
13
13
22
24
18
17
14
12
16
20
22
18
17
8
16
18
15
18
10
13
18
10
10
15
11
20
21
20
14
28
15
10
12
20
14
16
16
17
11
16
18
13
24
21
10
15
21
23
15
19
16
18
14
18
19
19
13
21
13
18
19
20
15
13
13
20
20
8
24
18
19
17
22
21
13
19
17
20
14
23
19
19
20
12
18
19
13
17
10
19
17
24
17
15
19
10
19
11
20
13
24
22
18
18
17
14
16
18
17
18
18
19
11
15
14
15
21
18
21
20
16
21
14
11
14
19
17
21
16
17
21
13
17
20
11
14
15
19
12
16
24
17
18
15
20
19
18
19
19
15
18
21
13
20
27
14
12
12
22
14
19
17
24
14
14
21
14
20
18
18
16
16
20
16
18
17
22
16
15
17
15
15
13
17
17
15
19
12
18
16
18
17
21
16
22
13
18
19
13
20
26
17
12
16
11
19
14
16
14
13
19
13
17
18
18
11
14
14
12
19
14
20
16
12
17
21
13
23
12
13
14
13
13
19
18
15
24
20
14
25
25
13
22
14
19
9
16
21
25
11
25
14
18
10
21
9
17
20
20
18
20
18
17
23
11
21
16
20
27
15
21
17
20
18
13
17
19
17
15
18
18
17
11
12
16
18
19
16
17
14
24
21
21
21
15
28
14
25
11
16
19
18
25
13
10
16
18
18
17
18
17
23
20
18
26
24
21
18
17
18
21
15
20
21
21
20
26
23
16
11
19
9
21
13
15
15
13
23
20
21
27
20
16
18
15
16
16
19
11
12
20
18
17
19
25
15
18
16
27
22
19
14
19
18
16
20
13
19
16
12
16
14
17
17
15
10
18
20
16
16
16
16
14
16
16
15
27
16
19
19
19
21
17
16
9
16
11
11
20
15
20
14
19
22
20
11
12
24
22
18
13
21
13
16
26
20
18
18
13
27
15
20
17
18
17
16
19
17
22
12
18
19
16
23
17
19
12
25
13
17
12
21
18
12
20
19
19
19
17
25
24
19
22
21
14
18
18
21
12
19
16
23
14
21
16
14
13
12
10
18
13
13
17
14
17
17
19
17
12
18
21
19
10
15
18
21
19
13
15
18
13
15
14
13
22
19
13
25
17
16
18
26
17
10
15
16
15
9
13
19
9
15
12
22
24
17
19
19
18
11
13
22
22
19
12
18
18
18
11
26
17
15
17
17
13
16
24
15
16
14
15
17
9
15
15
20
19
14
20
14
24
10
13
19
14
17
11
10
16
14
13
7
24
15
15
23
18
18
10
18
17
13
17
19
22
15
7
13
17
11
20
13
13
19
14
23
16
20
16
11
15
13
14
11
17
9
10
17
17
12
13
21
15
15
16
16
7
14
13
18
23
15
18
10
12
8
14
18
16
18
15
9
7
11
10
14
14
16
14
12
14
17
11
21
10
12
17
14
16
13
10
8
15
14
9
12
13
8
7
14
13
12
10
10
7
14
16
19
2
11
19
7
16
9
12
14
6
8
10
7
12
12
15
12
19
8
9
9
13
11
10
13
11
12
9
12
8
17
14
11
10
11
5
13
7
11
10
15
18
14
7
10
9
11
10
13
6
16
10
12
16
12
8
11
11
10
9
10
13
15
8
11
16
12
13
7
8
7
9
14
14
14
10
8
15
10
12
9
12
13
11
10
9
6
8
12
12
9
13
15
7
8
10
9
12
10
7
16
12
8
9
11
9
10
10
7
9
11
8
15
10
15
12
6
10
5
8
7
7
14
7
17
8
10
13
8
11
9
6
8
11
11
6
11
11
8
6
11
8
10
10
7
8
14
9
12
6
6
8
10
15
9
8
12
7
14
11
13
7
6
6
11
10
10
15
7
4
10
7
11
6
8
8
10
17
10
11
8
5
9
12
8
13
8
15
9
12
9
13
4
10
10
10
8
11
11
13
8
10
10
9
8
7
7
4
9
5
13
12
7
7
10
5
9
8
7
8
5
7
10
10
10
6
12
7
9
11
7
11
10
8
7
7
10
13
8
5
5
10
6
6
10
9
5
6
9
8
8
10
11
7
7
10
8
10
4
6
6
10
5
9
7
12
8
14
9
7
8
5
5
6
13
6
9
3
8
8
5
6
5
5
11
7
4
9
10
3
4
8
9
3
9
8
2
11
6
3
3
9
10
7
6
8
10
5
2
5
8
5
5
7
4
10
8
11
6
5
4
11
7
11
5
9
11
11
7
2
6
6
5
2
11
3
7
9
13
5
12
8
3
9
8
3
15
6
6
5
4
11
8
5
6
4
13
6
9
8
8
10
9
8
8
8
9
6
5
6
5
15
8
10
7
8
4
10
8
3
10
2
10
9
5
7
10
5
7
5
6
8
7
8
3
8
10
3
3
10
4
10
5
7
6
8
5
11
3
6
7
5
11
4
2
9
5
7
13
11
6
6
7
6
7
10
10
4
6
10
13
6
11
9
8
9
6
9
7
5
6
4
6
5
7
9
3
3
6
8
8
4
8
6
7
3
9
5
8
3
10
7
5
8
6
7
5
5
9
14
7
9
7
5
8
7
10
6
2
2
6
8
7
4
6
7
9
3
7
12
4
6
9
3
5
3
7
5
7
8
5
5
7
3
6
3
3
8
9
9
11
6
6
5
9
6
5
8
12
7
9
7
4
11
9
9
11
2
5
6
7
7
6
7
7
3
5
5
2
8
9
5
4
7
6
7
6
7
5
11
9
5
8
4
8
6
1
2
5
9
7
8
7
4
4
7
3
7
7
4
4
4
5
4
3
3
11
4
3
8
7
3
5
2
2
8
12
4
1
9
6
9
10
3
9
3
11
3
8
8
3
6
8
10
1
4
5
6
8
5
6
1
6
4
4
10
10
1
5
4
7
12
4
6
2
5
9
9
9
8
7
6
4
9
8
7
9
5
7
3
7
6
5
6
4
5
15
4
8
9
4
8
4
8
5
5
6
7
6
6
14
9
3
3
7
4
5
8
6
9
4
9
6
11
7
6
9
5
9
6
5
3
5
5
9
10
7
6
6
4
8
8
11
7
6
9
8
8
11
5
9
9
5
8
11
4
8
8
2
7
5
4
14
6
11
8
4
11
5
3
7
10
2
8
4
8
3
7
9
9
10
4
7
9
3
11
4
5
8
4
10
7
2
8
4
9
10
3
13
7
6
1
5
3
8
8
7
5
10
5
5
5
4
6
8
1
10
8
8
6
5
8
4
8
5
7
8
5
5
8
5
6
4
6
5
7
9
5
9
6
6
10
7
11
5
12
9
6
7
4
8
6
7
4
5
15
6
6
9
11
6
6
6
8
6
9
8
8
5
3
6
7
1
9
9
9
6
6
11
4
7
8
5
9
6
4
7
8
5
3
10
8
8
7
6
6
4
4
7
5
12
4
6
1
12
8
4
10
8
8
6
14
8
4
3
4
5
4
5
11
7
7
8
5
12
3
9
9
3
10
7
5
11
7
5
8
5
1
8
4
2
4
3
4
10
10
10
6
6
4
8
9
5
6
9
4
5
10
7
7
11
11
4
11
10
13
7
9
8
9
8
8
3
9
4
8
6
11
13
3
10
6
7
0
9
4
3
5
11
8
9
5
6
2
3
8
6
6
6
7
8
11
13
3
7
11
10
5
4
9
8
14
11
7
9
7
13
9
12
7
9
7
7
10
9
10
7
7
11
11
3
11
5
12
9
13
9
4
12
7
3
7
4
8
14
6
8
11
9
8
9
12
9
10
13
17
11
14
12
6
10
18
16
10
14
9
14
14
18
13
9
12
14
11
11
11
11
13
21
15
16
18
9
20
8
18
12
15
10
14
17
12
8
12
11
8
10
19
22
13
15
15
28
13
18
16
22
8
20
19
23
22
20
16
11
14
24
14
16
13
16
6
15
24
20
12
19
11
19
15
23
19
22
16
26
20
23
26
19
19
27
30
18
23
14
24
20
18
16
33
22
21
26
29
31
15
19
23
23
32
35
28
34
32
27
33
29
23
19
25
24
17
24
24
28
32
34
39
19
30
28
30
25
29
26
28
31
30
27
27
45
42
35
36
25
31
29
25
38
35
38
43
32
37
30
41
37
37
41
28
26
29
28
33
35
31
29
31
40
32
40
31
43
46
35
47
40
37
35
40
45
30
42
38
45
38
34
48
45
46
36
37
44
49
39
50
39
41
48
40
30
38
51
36
39
55
39
44
44
39
42
51
45
37
47
37
44
42
47
41
41
35
44
45
60
38
54
49
45
39
45
45
43
44
61
53
59
50
46
52
46
56
42
50
45
55
57
34
62
54
58
40
47
52
55
48
54
59
57
53
54
39
44
44
54
46
46
42
54
50
49
48
45
54
51
55
54
68
40
61
55
57
70
45
57
60
49
58
47
47
54
50
58
53
49
47
42
62
48
49
50
50
45
57
45
47
57
55
58
51
56
49
57
52
66
46
31
55
35
53
46
47
50
55
54
42
61
52
53
61
59
54
61
52
54
40
49
53
56
51
49
49
67
53
56
61
54
51
53
38
48
55
46
63
56
35
44
56
42
45
45
50
52
41
47
44
45
43
59
53
54
49
58
50
42
53
49
46
44
51
46
52
49
42
43
44
51
42
46
52
52
38
35
52
32
44
30
45
43
53
47
56
47
34
51
44
39
38
36
37
51
43
39
39
46
55
39
40
40
40
39
27
34
37
30
45
36
31
38
44
33
33
41
35
43
38
33
32
33
43
35
38
35
29
43
32
28
36
38
38
30
20
33
25
29
29
30
28
31
42
33
29
32
28
32
30
34
36
25
33
24
18
34
28
26
26
35
28
28
33
28
22
33
15
31
33
28
28
36
27
15
26
27
24
25
26
22
29
20
35
20
22
25
24
17
23
18
33
22
22
25
23
21
23
24
23
21
19
17
24
26
23
20
19
25
17
16
20
26
19
17
18
22
20
17
24
25
17
17
14
17
20
22
14
17
22
18
18
18
15
14
17
18
15
10
15
16
17
25
18
17
12
13
11
13
14
18
17
16
12
14
14
14
15
10
13
12
14
16
12
12
9
12
15
17
9
16
21
9
9
13
15
13
13
11
15
15
20
12
24
11
10
7
9
9
11
11
15
10
3
14
17
8
15
9
13
12
13
13
13
9
12
7
12
7
8
8
10
11
8
9
8
11
8
5
8
10
5
9
16
6
10
8
4
5
9
8
5
3
6
11
8
4
8
10
9
7
10
7
12
6
9
5
5
4
14
11
4
5
7
6
11
9
8
7
5
8
5
9
5
7
10
9
7
11
4
7
11
6
7
7
4
8
3
3
4
8
2
4
4
5
13
7
7
6
8
1
8
3
4
4
4
3
8
6
4
5
4
2
3
2
5
3
9
6
6
7
8
4
6
3
5
5
9
8
9
12
6
2
8
8
4
6
4
5
2
5
5
6
1
6
5
0
6
3
3
2
3
2
3
0
5
4
9
4
4
5
5
2
4
5
5
7
5
3
2
4
8
6
7
7
4
9
8
6
4
4
3
4
3
4
6
1
3
2
9
6
1
6
3
3
2
4
6
8
5
2
2
3
4
6
4
2
5
2
0
3
1
2
5
4
2
2
3
3
4
3
4
4
1
2
4
1
2
3
3
5
4
2
4
1
1
3
4
3
2
2
2
1
3
7
1
2
5
1
6
7
2
2
2
1
7
1
5
1
0
3
2
3
6
1
4
2
2
5
4
4
4
1
4
3
4
7
2
1
4
3
6
1
0
2
2
4
1
3
5
4
3
1
4
2
4
4
7
1
5
5
4
2
4
5
2
1
1
4
1
3
3
1
3
2
4
5
3
2
2
4
0
2
0
1
2
2
2
1
0
0
1
2
0
3
1
6
2
2
1
3
2
3
4
2
4
2
2
5
6
2
2
2
1
3
2
2
4
1
1
2
3
4
2
1
3
4
3
5
6
2
3
3
2
0
2
0
2
8
5
5
2
4
3
5
3
5
3
5
1
1
2
2
2
1
2
1
1
3
5
4
1
2
5
2
1
0
1
4
3
3
3
2
0
1
2
3
2
3
1
4
4
2
1
2
4
3
3
2
1
2
2
2
4
4
2
2
1
2
1
1
1
3
2
5
2
4
2
4
6
1
1
0
2
2
2
3
2
0
3
6
2
5
2
1
2
5
3
1
6
3
2
2
0
3
4
2
3
4
2
5
3
4
7
6
1
2
4
2
5
1
5
6
1
5
4
1
1
4
3
2
2
8
4
5
4
2
4
3
4
50
45
50
44
56
42
54
50
53
45
67
50
51
64
59
58
55
49
51
51
41
48
52
42
47
48
52
54
50
45
52
51
45
52
61
55
58
62
35
52
43
47
40
48
62
46
41
47
41
46
40
48
56
63
44
48
45
50
60
49
41
38
48
46
45
56
42
60
36
49
49
49
50
46
43
48
36
48
54
49
52
57
39
32
53
50
58
52
54
51
45
54
49
42
41
44
35
40
38
50
51
47
51
62
52
46
50
44
65
43
46
42
39
43
44
39
51
45
39
33
45
40
52
45
58
42
43
26
