 79 47 36 47 85 78 39 23 86 61 20 1141
 79 47 36 47 85 78 39 23 86 61 20 1141
 79 47 36 47 85 78 39 23 86 61 20 1141
 79 47 36 47 85 78 39 23 86 61 20 1141
 79 47 36 47 85 78 39 23 86 61 20 1141
 79 47 36 47 85 78 39 23 85 61 20 1141
 79 47 36 47 85 78 39 23 86 61 20 1141
 79 47 36 47 85 78 39 23 85 61 20 1141
 79 47 36 47 85 78 39 23 85 61 20 1141
 79 47 36 47 85 78 39 23 86 61 20 1141
 79 47 36 47 85 78 39 23 85 61 20 1140
 79 47 36 47 85 78 39 23 85 61 20 1141
 79 47 36 47 85 78 39 23 85 61 20 1141
 79 47 36 47 85 78 39 23 86 61 20 1141
 79 47 36 47 85 78 39 23 85 61 20 1141
 79 47 36 47 85 78 39 23 86 61 20 1141
 79 47 36 47 85 78 39 23 85 61 20 1141
 79 47 36 47 85 78 39 23 85 61 20 1141
 79 47 36 47 85 78 39 23 85 61 20 1141
 79 44 36 44 86 78 39 23 86 62 21 1141
 84 44 37 45 87 84 36 28 87 62 22 1141
 85 45 38 46 92 85 37 29 84 63 22 1141
 85 45 38 46 92 85 37 29 84 63 23 1141
 85 45 38 46 92 85 37 29 84 63 22 1141
 85 45 38 46 92 85 37 29 84 63 22 1141
 85 45 38 46 92 85 37 29 84 63 22 1141
 85 45 38 46 92 85 37 29 84 63 22 1141
 85 45 38 46 92 85 37 29 84 63 22 1141
 85 45 38 46 92 85 37 29 84 63 22 1141
 85 45 38 46 92 85 37 29 84 63 22 1141
 85 45 38 46 92 85 37 29 84 63 22 1141
 85 45 38 46 92 85 37 29 84 63 22 1141
 85 45 38 46 92 85 37 29 84 63 22 1141
 85 45 38 46 92 85 37 29 84 63 22 1141
 85 45 38 46 92 85 37 29 84 63 23 1141
 85 45 38 46 92 85 37 29 84 63 22 1141
 85 45 38 46 92 85 37 29 84 63 22 1141
 85 45 38 46 92 85 37 29 84 63 22 1141
 85 45 38 46 92 85 37 29 84 63 22 1141
 85 45 38 46 92 85 37 29 84 63 23 1141
 85 45 38 46 92 85 37 29 84 63 22 1141
 85 45 38 46 92 85 37 29 84 63 22 1141
 85 45 38 46 92 85 37 29 84 63 22 1141
 85 45 38 46 92 85 37 29 84 63 22 1141
 85 45 38 46 92 85 37 29 84 63 22 1141
 85 45 38 46 92 85 37 29 84 63 22 1141
 85 45 38 46 92 85 37 29 84 63 22 1141
 85 45 38 46 92 85 37 29 84 63 22 1141
 85 45 38 46 92 85 37 29 84 63 22 1141
 85 45 38 46 92 85 37 29 84 63 22 1141
 85 45 38 46 92 85 37 29 84 63 22 1141
 85 45 38 46 92 85 37 29 84 63 22 1141
 85 45 38 46 92 85 37 29 84 63 23 1140
 85 45 38 46 92 85 37 29 84 63 22 1141
 85 45 38 46 92 85 37 29 84 63 22 1141
 85 45 38 46 92 85 37 29 84 63 22 1141
 85 45 38 46 92 85 37 29 84 63 22 1141
 85 45 38 46 92 85 37 29 84 63 22 1141
 85 45 38 46 92 85 37 29 84 63 22 1141
 85 45 38 46 92 85 37 29 84 63 22 1141
 85 45 38 46 92 85 37 29 84 63 22 1141
 85 45 38 46 92 85 37 29 84 63 22 1141
 85 45 38 46 92 85 37 29 84 63 22 1141
 85 45 38 46 92 85 37 29 84 63 22 1141
 85 45 38 46 92 85 37 29 84 63 22 1141
 85 45 38 46 92 85 37 29 84 63 23 1141
 85 45 38 46 92 85 37 29 84 63 22 1141
 85 45 38 46 92 85 37 29 84 63 22 1141
 85 45 38 46 92 85 37 29 84 63 22 1141
 85 45 38 46 92 85 37 29 84 63 22 1141
 85 45 38 46 92 85 37 29 84 63 22 1141
 85 45 38 46 92 85 37 29 84 63 22 1141
 85 45 38 46 92 85 37 29 84 63 22 1141
 85 45 38 46 92 85 37 29 84 63 22 1141
 85 45 38 46 92 85 37 29 84 63 22 1141
 85 45 38 46 92 85 37 29 84 63 22 1141
 85 45 38 46 92 85 37 29 84 63 22 1141
 85 45 38 46 92 85 37 29 84 63 22 1141
 85 45 38 46 92 85 37 29 84 63 22 1141
 85 45 38 46 92 85 37 29 84 63 22 1141
 85 45 38 46 92 85 37 29 84 63 22 1141
 85 45 38 46 92 85 37 29 84 63 22 1141
 85 45 38 46 92 85 37 29 84 63 22 1141
 85 45 38 46 92 85 37 29 84 63 22 1141
 85 45 38 46 92 85 37 29 84 63 22 1141
 85 45 38 46 92 85 37 29 84 63 22 1141
 85 45 38 46 92 85 37 29 84 63 22 1141
 85 45 38 46 92 85 37 29 84 63 22 1141
 85 45 38 46 92 85 37 29 84 63 22 1141
 85 45 38 46 92 85 37 29 84 63 22 1141
 85 45 38 46 92 85 37 29 84 63 23 1141
 85 45 38 46 92 85 37 29 84 63 22 1141
 85 45 38 46 92 85 37 29 84 63 22 1141
 85 45 38 46 92 85 37 29 84 63 22 1141
 85 45 38 46 92 85 37 29 84 63 22 1141
 85 45 38 46 92 85 37 29 84 63 22 1141
 85 45 38 46 92 85 37 29 84 63 22 1141
 85 45 38 46 92 85 37 29 84 63 22 1141
 85 45 38 46 92 85 37 29 84 63 22 1141
 85 45 38 46 92 85 37 29 84 63 22 1141
 85 45 38 46 92 85 37 29 84 63 22 1141
 85 45 38 46 92 85 37 29 84 63 22 1141
 85 45 38 46 92 85 37 29 84 63 22 1141
 84 44 37 45 87 84 36 28 87 62 21 23
 84 44 37 45 87 84 36 28 87 62 21 23
 84 44 37 45 87 84 36 28 87 62 21 23
 84 44 37 45 87 84 36 28 87 62 21 23
 84 44 37 45 87 84 36 28 87 62 21 23
 84 44 37 45 87 84 36 28 87 62 21 23
 84 44 37 45 87 84 36 28 87 62 21 23
 84 44 37 45 87 84 36 28 87 62 21 23
 84 44 37 45 87 84 36 28 87 62 21 23
 85 45 38 46 92 85 37 29 84 63 22 1141
 85 45 38 46 92 85 37 29 84 63 22 1141
 85 45 38 46 92 85 37 29 84 63 22 1141
 85 45 38 46 92 85 37 29 84 63 22 1141
 85 45 38 46 92 85 37 29 84 63 22 1141
 85 45 38 46 92 85 37 29 84 63 22 1141
 85 45 38 46 92 85 37 29 84 63 23 1141
 85 45 38 46 92 85 37 29 84 63 22 1141
 85 45 38 46 92 85 37 29 84 63 22 1141
 84 45 38 45 92 85 37 28 84 63 22 1141
 84 45 38 45 92 85 37 28 87 63 22 1141
 84 45 38 45 92 85 37 28 87 63 22 1141
 84 45 38 45 92 85 37 28 87 63 22 1141
 84 45 38 45 92 85 37 28 84 63 22 1141
 84 45 38 45 92 85 37 28 87 63 22 1141
 84 45 38 45 92 85 37 28 87 63 22 1141
 84 45 38 45 92 85 37 28 87 63 22 1141
 84 45 38 45 92 85 37 28 84 63 22 1141
 84 45 38 45 92 85 37 28 87 63 22 1141
 84 45 38 45 92 85 37 28 87 63 22 1141
 84 45 38 45 92 85 37 28 84 63 22 1141
 84 45 38 45 92 85 37 28 87 63 22 1141
 84 45 38 45 92 85 37 28 84 63 22 1141
 84 45 38 45 92 85 37 28 87 63 22 1141
 84 45 38 45 92 85 37 28 84 63 22 1141
 84 45 38 45 92 85 37 28 87 63 22 1141
 84 45 38 45 92 85 37 28 87 63 22 1141
 84 45 38 45 92 85 37 28 84 63 22 1141
 84 45 38 45 92 85 37 28 84 63 22 1141
 84 45 38 45 92 85 37 28 84 63 22 1141
 84 45 38 45 92 85 37 28 87 63 22 1141
 84 45 38 45 92 85 37 28 87 63 22 1141
 84 45 38 45 92 85 37 28 84 63 22 1141
 84 45 38 45 92 85 37 28 84 63 22 1141
 84 45 38 45 92 85 37 28 87 63 22 1141
 84 45 38 45 92 85 37 28 87 63 22 1141
 84 45 38 45 92 85 37 28 87 63 22 1141
 84 45 38 45 92 85 37 28 87 63 22 1141
 84 45 38 45 92 85 37 28 84 63 22 1141
 84 45 38 45 92 85 37 28 87 63 22 1141
 84 45 38 45 92 85 37 28 87 63 22 1141
 84 45 38 45 92 85 37 28 87 63 22 1141
 84 45 38 45 92 85 37 28 84 63 22 1141
 84 45 38 45 92 85 37 28 87 63 22 1141
 84 45 38 45 92 85 37 28 87 63 22 1141
 84 45 38 45 92 85 37 28 84 63 22 1141
 84 45 38 45 92 85 37 28 87 63 22 1141
 84 45 38 45 92 85 37 28 87 63 22 1141
 84 45 38 45 92 85 37 28 87 63 22 1141
 84 45 38 45 92 85 37 28 87 63 22 1141
 84 45 38 45 92 85 37 28 87 63 22 1141
 84 45 38 45 92 85 37 28 87 63 22 1141
 84 45 38 45 92 85 37 28 84 63 22 1141
 84 45 38 45 92 85 37 29 84 63 22 1141
 84 45 38 45 92 85 37 28 87 63 22 1141
 84 45 38 45 92 85 37 28 84 63 22 1141
 84 45 38 45 92 85 37 28 84 63 22 1141
 84 45 38 45 92 85 37 28 84 63 22 1141
 84 45 38 45 92 85 37 29 84 63 22 1141
 84 45 38 45 92 85 37 28 84 63 22 1141
 84 45 38 45 92 85 37 28 84 63 22 1141
 84 45 38 45 92 85 37 28 84 63 22 1141
 84 45 38 45 92 85 37 28 84 63 22 1141
 84 45 38 45 92 85 37 29 84 63 22 1141
 84 45 38 45 92 85 37 28 84 63 22 1141
 84 45 38 45 92 85 37 29 84 63 22 1141
 84 45 38 45 92 85 37 29 84 63 22 1141
 84 45 38 45 92 85 37 29 84 63 22 1141
 84 45 38 45 92 85 37 28 84 63 22 1141
 84 45 38 45 92 85 37 29 84 63 22 1141
 84 45 37 45 92 84 37 28 87 63 22 1141
 84 45 37 45 92 84 37 28 87 63 22 1141
 84 45 38 45 92 85 37 28 87 63 22 1141
 84 45 37 45 92 84 37 28 87 63 22 1141
 84 45 37 45 92 84 37 28 87 63 22 1141
 84 45 37 45 92 84 37 28 87 63 22 1141
 84 45 37 45 92 84 37 28 87 63 22 1141
 84 45 37 45 92 84 37 28 87 63 22 1141
 84 45 37 45 92 84 37 28 87 63 22 1141
 84 44 37 45 87 84 36 28 87 62 22 1141
 79 47 36 47 86 78 39 23 86 61 21 1141
 78 47 31 47 85 77 39 22 85 61 20 1142
 77 46 31 46 84 76 38 21 84 60 23 1141
 77 46 30 46 84 79 38 21 84 60 23 1141
 77 45 30 45 87 79 37 21 84 60 22 1141
 76 45 30 45 87 78 37 20 79 60 22 1141
 76 45 29 44 87 78 37 20 79 55 22 1141
 76 44 29 44 87 78 36 20 79 55 22 1141
 79 44 29 44 86 77 36 23 78 55 21 1141
 79 44 29 39 86 77 36 23 78 55 21 1141
 78 39 28 39 85 76 31 22 77 54 20 1141
 78 39 31 38 85 76 30 22 77 53 20 1141
 77 38 31 38 84 71 30 21 76 53 15 1141
 76 37 30 36 78 69 28 20 78 52 14 1141
 71 36 29 39 77 68 31 15 77 55 13 1141
 69 39 23 37 76 71 30 13 76 54 15 1141
 68 37 22 36 79 69 29 12 70 53 14 1141
 71 36 21 30 77 68 28 15 69 52 13 1141
 69 31 20 29 76 62 22 13 68 47 12 1141
 68 29 22 31 70 60 20 12 70 45 6 1141
 62 28 21 30 69 63 23 6 69 44 4 1141
 61 31 20 28 68 62 22 5 63 44 7 1141
 60 30 15 23 71 61 21 4 62 47 6 1141
 60 30 15 23 71 61 21 4 62 47 6 1141
 60 30 15 23 71 61 21 4 62 47 6 1141
 60 30 15 23 71 61 21 4 62 47 6 1141
 60 30 15 23 71 61 21 4 62 47 6 1141
 60 30 15 23 71 61 21 4 62 47 6 1141
 60 30 15 23 71 61 21 4 62 47 6 1141
 60 30 15 23 71 61 21 4 62 47 6 1141
 60 30 15 23 71 61 21 4 62 47 6 1141
 60 30 15 23 71 61 21 4 62 46 6 1141
 63 29 14 22 70 60 20 7 61 46 5 1141
 62 28 12 20 69 54 15 5 60 45 5 1141
 62 28 12 20 69 54 15 5 60 45 5 1141
 62 28 12 20 69 54 15 5 60 45 5 1141
 62 28 12 20 69 54 15 5 60 45 5 1141
 62 28 12 20 69 54 15 5 60 45 5 1141
 62 28 12 20 69 54 15 5 60 45 5 1141
 62 28 12 20 69 54 15 5 60 45 5 1141
 62 28 12 20 69 54 15 5 60 45 5 1141
 62 28 12 20 69 54 15 5 60 45 5 1141
 62 28 12 20 69 54 15 5 60 45 5 1141
 62 28 12 20 69 54 15 5 60 45 5 1141
 62 28 12 20 69 54 15 5 60 45 5 1141
 62 28 12 21 69 54 15 5 60 45 5 1141
 62 28 12 20 69 54 15 5 60 45 5 1141
 62 28 12 21 69 54 15 5 60 45 5 1141
 62 28 12 20 69 54 15 5 60 45 5 1141
 62 28 12 20 69 54 15 5 60 45 5 1141
 62 28 12 20 69 54 15 5 60 45 5 1141
 62 28 12 20 69 54 15 5 60 45 5 1141
 62 28 12 20 69 54 15 5 60 45 5 1141
 62 28 12 21 69 54 15 5 60 45 5 1141
 62 28 12 20 69 54 15 5 60 45 5 1141
 62 28 12 20 69 54 15 5 60 45 5 1141
 62 28 12 21 69 54 15 5 60 45 5 1141
 62 28 12 20 69 54 15 5 60 45 5 1141
 62 28 12 20 69 54 15 5 60 45 5 1141
 62 28 12 21 69 54 15 5 60 45 5 1141
 62 28 12 21 69 54 15 5 60 45 5 1141
 62 28 12 21 69 54 15 5 60 45 5 1141
 62 28 12 20 69 54 15 5 60 45 5 1141
 62 28 12 20 69 54 15 5 60 45 5 1141
 62 28 12 20 69 54 15 5 60 45 5 1141
 62 28 12 20 69 54 15 5 60 45 5 1141
 62 28 12 20 69 54 15 5 60 45 5 1141
 62 28 12 21 69 54 15 5 60 45 5 1141
 62 28 12 21 69 54 15 5 60 45 5 1141
 62 28 12 20 69 54 15 5 60 45 5 1141
 62 28 12 21 69 54 15 5 60 45 5 1141
 62 28 12 20 69 54 15 5 60 45 5 1141
 62 28 12 20 69 54 15 5 60 45 5 1141
 62 28 12 20 69 54 15 5 60 45 5 1141
 62 28 12 20 69 54 15 5 60 45 5 1141
 62 28 12 20 69 54 14 5 60 45 5 1141
 63 29 13 21 70 55 20 6 61 45 5 1141
 63 29 13 21 70 55 20 6 61 45 5 1141
 63 29 14 22 70 60 20 7 61 46 5 1141
 60 30 15 23 71 60 21 4 62 46 6 1141
 61 31 20 28 68 62 22 5 63 47 7 1141
 63 28 21 30 69 63 20 7 69 45 5 1141
 69 31 23 29 76 62 22 13 71 46 7 1141
 71 36 21 31 78 68 28 15 69 52 13 1141
 69 38 23 37 79 70 30 13 71 53 15 1141
 70 39 28 38 77 71 31 14 76 54 12 1141
 71 36 29 39 78 68 31 15 77 55 13 1141
 71 37 29 39 78 69 28 15 78 55 13 1141
 77 38 31 37 84 71 30 21 76 53 15 1141
 78 39 28 38 85 76 31 22 77 54 20 1141
 79 44 29 39 86 77 36 23 78 54 21 1141
 76 44 29 44 86 78 36 20 79 55 22 1141
 76 45 30 45 87 78 37 20 79 60 22 1141
 77 45 30 45 87 79 37 21 79 60 22 1141
 77 46 30 45 84 79 37 21 84 60 23 1141
 77 46 31 46 84 79 38 21 84 60 23 1141
 77 46 30 46 84 79 38 21 84 60 23 1141
 77 46 30 45 84 79 38 21 84 60 23 1141
 77 46 30 45 84 79 37 21 84 60 23 1141
 77 46 30 45 84 79 37 21 84 60 23 1141
 77 45 30 45 84 79 37 21 84 60 22 1141
 77 46 30 45 84 79 37 21 84 60 23 1141
 77 45 30 45 87 79 37 21 79 60 22 1141
 76 45 30 45 87 78 37 20 79 60 22 1141
 76 44 29 44 87 78 36 20 79 55 22 1141
 76 44 29 44 86 78 36 20 79 55 21 1141
 79 44 29 39 86 77 36 23 78 55 21 1141
 79 44 28 39 86 77 36 23 78 55 21 1141
 79 44 28 39 86 77 36 23 78 54 21 1141
 79 44 28 39 86 77 36 23 78 54 21 1141
 79 44 28 39 86 77 36 23 78 54 21 1141
 79 44 28 39 86 77 36 23 78 54 21 1141
 79 44 28 39 86 77 31 23 78 54 21 1141
 79 39 28 39 85 76 31 23 78 54 20 1141
 78 39 28 38 85 76 31 22 77 54 20 1141
 78 39 28 38 85 76 31 22 77 54 20 1142
 78 39 28 38 85 76 31 22 77 54 20 1141
 78 39 28 38 85 76 31 22 77 54 20 1141
 78 39 28 38 85 76 31 22 77 54 20 1141
 78 39 28 38 85 76 31 22 77 54 20 1141
 78 39 28 38 85 76 31 22 77 54 20 1141
 78 39 28 38 85 76 31 22 77 54 20 1141
 78 39 28 38 85 76 31 22 77 54 20 1141
 78 39 28 38 85 76 31 22 77 54 20 1141
 78 39 28 38 85 76 31 22 77 54 20 1141
 78 39 28 38 85 76 31 22 77 54 20 1141
 78 39 28 38 85 76 31 22 77 54 20 1141
 78 39 28 38 85 76 31 22 77 54 20 1141
 78 39 28 38 85 76 31 22 77 54 20 1141
 78 39 28 38 85 76 31 22 77 54 20 1141
 78 39 28 39 85 76 31 23 77 54 20 1141
 78 39 28 39 85 76 31 22 77 54 20 1141
 79 44 28 39 86 77 36 23 78 54 21 1141
 79 44 28 39 86 77 31 23 78 54 21 1141
 79 44 28 39 86 77 36 23 78 54 21 1141
 79 44 28 39 86 77 31 23 78 54 21 1141
 79 44 29 39 86 77 36 23 78 55 21 1141
 79 44 29 44 86 77 36 23 78 55 21 1141
 79 44 29 39 86 77 36 23 78 55 21 1141
 79 44 28 39 86 77 36 23 78 54 21 1141
 79 44 28 39 86 77 36 23 78 54 21 1141
 78 39 28 39 85 76 31 23 78 54 21 1141
 78 39 28 38 85 76 31 22 77 54 20 1141
 78 39 28 38 85 76 31 22 77 54 20 1141
 78 39 31 38 84 71 30 22 77 53 20 1141
 78 39 31 38 84 71 30 22 76 53 20 1141
 77 38 31 38 84 71 30 21 76 53 15 1141
 77 38 31 38 84 71 30 21 76 53 15 1141
 77 38 31 37 84 71 30 21 76 53 15 1141
 77 38 31 37 84 71 30 21 76 53 15 1141
 77 38 31 37 84 71 30 21 76 53 15 1141
 76 37 30 36 79 69 28 20 78 52 14 1141
 76 37 30 36 79 69 28 20 78 52 14 1141
 71 36 29 39 78 69 28 15 78 55 13 1141
 71 36 29 39 78 69 28 15 78 55 13 1141
 71 36 29 39 78 68 31 15 77 55 13 1141
 77 38 31 37 84 71 30 21 76 53 15 1141
 77 38 31 38 84 71 30 21 76 53 15 1141
 77 38 31 38 84 71 30 21 76 53 15 1141
 77 38 31 37 84 71 30 21 76 53 15 1141
 77 38 31 38 84 71 30 21 76 53 15 1141
 77 38 31 38 84 71 30 21 76 53 15 1141
 77 38 31 38 84 71 30 21 76 53 15 1141
 77 38 31 38 84 71 30 21 76 53 15 1141
 77 38 31 38 84 71 30 21 76 53 15 1141
 77 38 31 38 84 71 30 21 76 53 15 1141
 77 38 31 37 84 71 30 21 76 53 15 1141
 77 38 31 37 84 71 30 21 76 53 15 1141
 77 38 31 38 84 71 30 21 76 53 15 1141
 77 38 31 38 84 71 30 21 76 53 15 1141
 77 38 31 37 84 71 30 21 76 53 15 1141
 77 38 31 38 84 71 30 21 76 53 15 1141
 76 37 30 36 79 69 28 20 78 52 14 1141
 76 37 29 39 78 69 28 15 78 55 13 1141
 71 36 29 39 78 68 28 15 77 55 13 1141
 71 36 29 39 77 68 31 15 77 55 13 1141
 71 36 29 39 77 68 31 15 77 55 13 1141
 71 36 29 39 77 68 31 15 77 55 13 1141
 71 36 29 39 77 68 31 15 77 55 12 1141
 71 36 28 39 77 68 31 14 77 55 12 1141
 71 36 28 38 77 68 31 14 77 55 12 1141
 70 39 28 38 77 68 31 14 77 54 12 1141
 70 39 28 38 77 71 31 14 76 54 12 1141
 70 39 28 38 76 71 30 14 76 54 12 1141
 71 36 29 39 77 68 31 15 77 55 13 1141
 77 38 31 37 84 71 30 21 76 53 15 1141
 77 46 30 45 84 79 37 21 84 60 23 1141
 78 47 36 47 85 77 39 22 85 61 20 1141
 77 46 30 46 84 79 38 21 84 60 23 1141
 79 44 28 39 86 77 36 23 78 54 21 1141
 76 37 30 36 79 69 29 20 79 52 14 1141
 70 39 28 38 76 71 30 14 76 54 12 1141
 70 39 28 38 76 71 30 14 76 54 12 1141
 70 39 28 38 76 71 30 14 76 54 12 1141
 71 36 28 39 77 68 31 15 77 55 12 1141
 71 36 28 39 77 68 31 15 77 55 12 1141
 71 36 29 39 78 68 31 15 77 55 13 1141
 71 36 29 39 78 68 28 15 78 55 13 1141
 71 36 29 39 78 68 31 15 77 55 13 1141
 70 39 28 38 77 71 31 14 77 54 12 1141
 69 38 23 37 76 70 30 13 71 53 15 1141
 68 37 22 36 78 69 29 12 70 52 14 1141
 71 36 21 30 77 68 28 15 69 52 13 1141
 71 36 21 30 77 68 28 15 69 52 13 1141
 71 36 21 30 77 68 28 15 69 52 13 1141
 71 36 21 30 77 68 28 15 69 52 13 1141
 71 36 21 30 77 68 28 15 69 52 13 1141
 71 36 21 30 77 68 28 15 69 52 13 1141
 71 36 21 30 77 68 23 15 69 52 13 1141
 71 36 21 30 77 68 23 15 69 52 13 1141
 71 36 21 30 77 68 28 15 69 52 13 1141
 71 36 21 30 77 68 23 15 69 52 13 1141
 70 36 21 30 77 68 23 15 69 47 13 1141
 71 36 21 30 77 68 28 15 69 52 13 1141
 71 36 21 30 77 68 23 15 69 52 13 1141
 71 36 21 30 77 68 28 15 69 52 13 1141
 71 36 21 30 77 68 28 15 69 52 13 1141
 71 36 21 30 77 68 28 15 69 52 13 1141
 71 36 21 30 77 68 23 15 69 52 13 1141
 71 36 21 30 77 68 28 15 69 52 13 1141
 71 36 21 30 77 68 23 15 69 52 13 1141
 71 36 21 30 77 68 23 15 69 52 13 1141
 71 36 21 30 77 68 28 15 69 52 13 1141
 71 36 21 30 77 68 23 15 69 52 13 1141
 71 36 21 30 77 68 28 15 69 52 13 1141
 71 36 21 30 77 68 23 15 69 52 13 1141
 71 36 21 30 77 68 28 15 69 52 13 1141
 71 36 21 30 77 68 28 15 69 52 13 1141
 71 36 21 30 77 68 28 15 69 52 13 1141
 71 36 21 30 77 68 23 15 69 52 13 1141
 71 36 21 30 77 68 28 15 69 52 13 1141
 71 36 21 30 77 68 28 15 69 52 13 1141
 71 36 21 30 77 68 28 15 69 52 13 1141
 71 36 21 30 77 68 23 15 69 52 13 1141
 71 36 21 30 77 68 23 15 69 52 13 1141
 71 36 21 30 77 68 23 15 69 52 13 1141
 71 36 21 30 77 68 28 15 69 52 13 1141
 71 36 21 30 77 68 28 15 69 52 13 1141
 71 36 21 30 77 68 23 15 69 52 13 1141
 71 36 21 30 77 68 23 15 69 52 13 1141
 71 36 21 30 77 68 23 15 69 52 13 1141
 71 36 21 30 77 68 23 15 69 52 13 1141
 71 36 21 30 77 68 23 15 69 52 13 1141
 71 36 21 30 77 68 23 15 69 52 13 1141
 71 36 21 30 77 68 28 15 69 52 13 1141
 71 36 21 30 77 68 23 15 69 52 13 1141
 68 37 22 31 78 69 28 12 70 52 14 1141
 76 38 30 37 79 70 29 20 79 52 14 1141
 76 44 29 44 87 78 36 20 79 55 22 1141
 77 46 30 45 84 79 38 21 84 60 23 1141
 78 46 31 46 85 76 38 22 85 61 23 1141
 79 47 36 47 86 78 39 23 86 61 21 1141
 79 44 36 44 86 79 36 23 86 62 21 1141
 84 44 37 45 87 84 36 28 87 62 22 1141
 84 45 38 45 92 85 37 29 84 63 22 1141
 85 46 38 46 93 85 37 29 84 63 23 1141
 86 46 39 46 93 86 38 30 85 63 23 1141
 86 47 39 47 94 86 38 30 86 60 28 1141
 85 54 38 54 92 85 45 28 93 62 30 1141
 93 53 46 54 100 92 45 36 92 69 29 1141
 92 60 45 62 103 92 52 36 100 69 38 1141
 94 62 46 60 100 93 54 39 101 70 36 1141
 100 60 53 63 103 101 53 45 100 76 39 1141
 102 62 55 69 109 103 55 44 102 78 45 1141
 100 68 53 71 111 101 60 45 108 79 47 1141
 102 70 55 70 109 103 63 52 111 77 45 1141
 108 71 60 71 111 109 60 53 108 78 46 1141
 111 70 63 79 118 108 63 52 111 84 53 1141
 109 76 61 77 116 111 69 54 118 86 55 1141
 116 78 63 84 118 117 71 61 116 84 54 1141
 116 78 63 84 118 117 68 61 116 84 54 1141
 116 78 63 84 118 117 71 61 116 84 54 1141
 116 78 63 84 118 117 71 61 116 84 54 1141
 116 78 63 84 118 117 71 61 116 84 54 1141
 116 78 63 84 118 117 71 61 116 84 54 1141
 116 78 63 84 119 117 68 61 116 84 54 1141
 116 78 63 84 118 117 71 61 116 84 54 1141
 111 78 63 84 118 117 71 61 116 84 54 1141
 111 78 63 79 118 117 71 61 116 84 53 1141
 110 77 62 78 117 111 70 55 118 87 52 1141
 109 76 60 76 116 110 69 54 117 85 55 1141
 109 76 60 76 119 110 68 54 117 85 55 1141
 108 71 60 79 119 109 68 53 116 85 54 1141
 111 70 63 79 118 108 63 52 111 84 53 1141
 110 70 62 78 117 108 62 52 111 84 53 1141
 110 69 62 78 117 111 62 55 110 84 52 1141
 110 69 62 78 117 111 62 55 110 84 52 1141
 110 69 62 78 117 111 62 55 110 79 52 1141
 109 68 61 76 116 110 61 54 109 79 47 1141
 109 68 61 76 116 110 61 54 109 79 47 1141
 109 68 61 76 116 110 61 54 109 79 47 1141
 109 68 61 76 116 110 61 54 109 79 47 1141
 109 68 61 76 116 110 61 54 109 79 47 1141
 109 68 61 76 116 110 61 54 109 79 47 1141
 109 68 61 76 116 110 61 54 109 79 47 1141
 109 68 61 76 116 110 61 54 109 79 47 1141
 109 68 61 76 116 110 61 54 109 79 47 1141
 109 69 61 77 116 110 61 54 109 79 52 1141
 109 69 61 77 116 110 61 54 109 79 52 1141
 110 69 62 77 117 111 62 55 110 79 52 1141
 110 69 62 77 117 111 62 55 110 79 52 1141
 110 69 62 77 117 111 62 55 110 79 52 1141
 110 69 62 77 117 111 62 55 110 79 52 1141
 110 69 62 77 117 111 62 55 110 79 52 1141
 110 69 62 78 117 111 62 55 110 79 52 1141
 110 69 62 77 117 111 62 55 110 79 52 1141
 110 69 62 77 117 111 62 55 110 79 52 1141
 110 69 62 77 117 111 62 55 110 79 52 1141
 110 69 62 77 117 111 62 55 110 79 52 1141
 110 69 62 78 117 111 62 55 110 79 52 1141
 110 69 62 77 117 111 62 55 110 79 52 1141
 110 69 62 77 117 111 62 55 110 79 52 1141
 110 69 62 77 117 111 62 55 110 79 52 1141
 110 69 62 78 117 111 62 55 110 79 52 1141
 110 69 62 78 117 111 62 55 110 79 52 1141
 110 69 62 77 117 111 62 55 110 79 52 1141
 110 69 62 78 117 111 62 55 110 79 52 1141
 110 69 62 78 117 111 62 55 110 79 52 1141
 110 69 62 77 117 111 62 55 110 79 52 1141
 110 69 62 77 117 111 62 55 110 79 52 1141
 110 69 62 77 117 111 62 55 110 79 52 1141
 110 69 62 77 117 111 62 55 110 79 52 1141
 110 69 62 77 117 111 62 55 110 79 52 1141
 110 69 62 77 117 111 62 55 110 79 52 1141
 110 69 62 78 117 111 62 55 110 84 52 1141
 110 69 62 78 117 111 62 55 110 79 52 1141
 110 69 62 78 117 111 62 55 110 84 52 1141
 110 69 62 78 117 111 62 55 110 84 52 1141
 110 69 62 78 117 111 62 55 110 84 52 1141
 110 69 62 78 117 111 62 55 110 79 52 1141
 110 69 62 78 117 111 62 55 110 84 52 1141
 110 69 62 78 117 111 62 55 110 84 52 1141
 110 69 62 78 117 111 62 55 110 84 52 1141
 110 69 62 78 117 111 62 55 110 84 52 1141
 110 69 62 78 117 111 62 55 110 84 52 1141
 110 69 62 78 117 111 62 55 110 84 52 1141
 110 69 62 78 117 111 62 55 110 84 52 1141
 110 69 62 78 117 111 62 55 110 84 52 1141
 111 70 63 78 117 108 63 52 111 84 53 1141
 110 69 62 78 117 111 62 55 110 79 52 1141
 110 69 62 78 117 111 62 55 110 84 52 1141
 110 69 61 78 117 108 62 55 110 78 52 316
 110 70 62 78 117 108 63 52 111 84 53 1141
 110 69 62 78 117 111 62 55 110 79 52 1141
 110 69 62 78 117 111 62 55 110 84 52 1141
 110 70 62 78 117 111 62 55 110 84 53 1141
 110 70 62 78 117 111 62 55 110 84 53 1141
 110 70 62 78 117 111 62 55 110 84 53 1141
 110 70 62 78 117 111 62 55 110 84 53 1141
 110 70 62 78 117 111 62 55 111 84 53 1141
 110 70 62 78 117 111 62 55 110 84 53 1141
 110 70 62 78 117 111 62 55 110 84 53 1141
 13 5 5 5 20 15 5 5 14 7 5 5
 110 70 62 78 117 111 62 55 110 84 53 1141
 110 70 62 78 117 111 62 55 110 84 53 1141
 109 68 61 77 116 110 61 54 109 78 47 47
 109 68 61 77 116 110 61 54 109 78 47 47
 109 68 61 76 116 110 61 54 109 78 47 47
 109 68 61 77 116 110 61 54 109 79 47 47
 109 68 61 76 116 110 61 54 109 78 47 47
 109 68 61 76 116 110 61 54 109 78 47 47
 109 68 61 77 116 110 61 54 109 79 47 47
 109 68 61 77 116 110 61 54 109 78 47 47
 109 68 61 76 116 110 61 54 109 78 47 47
 109 68 61 76 116 110 61 54 109 78 47 47
 109 68 61 77 116 110 61 54 109 79 47 47
 109 68 61 76 116 110 61 54 109 78 47 47
 109 68 61 76 116 110 61 54 109 78 47 47
 109 68 61 76 116 110 61 54 109 78 47 47
 109 68 61 76 116 110 61 54 109 78 47 47
 109 68 61 76 116 110 61 54 109 78 47 47
 109 68 61 76 116 110 61 54 109 78 47 47
 109 68 61 77 116 110 61 54 109 78 47 47
 109 68 61 76 116 110 61 54 109 78 47 47
 109 68 61 76 116 110 61 54 109 78 47 47
 109 68 61 76 116 110 61 54 109 78 47 47
 109 68 61 76 116 110 61 54 109 78 47 47
 109 68 61 76 116 110 61 54 109 78 47 47
 109 68 61 76 116 110 61 54 109 78 47 47
 109 68 61 76 116 110 61 54 109 78 47 47
 109 68 61 76 116 110 61 54 109 78 47 47
 119 86 71 92 126 126 79 69 124 94 62 1141
 119 86 71 92 126 126 79 69 124 94 62 1141
 110 69 62 78 117 111 62 55 110 84 52 1141
 110 69 62 78 117 111 62 55 110 84 52 1141
 110 69 62 78 117 111 62 55 110 84 52 1141
 110 69 62 78 117 111 62 55 110 84 52 1141
 110 70 62 78 117 108 63 52 111 84 53 1141
 111 70 63 78 117 108 63 52 111 84 53 1141
 111 70 63 78 117 108 63 52 111 84 53 1141
 110 70 62 78 117 108 62 52 111 84 53 1141
 110 70 62 78 117 111 62 55 110 84 53 1141
 109 68 61 77 116 110 61 54 109 78 47 47
 109 68 61 76 116 110 61 54 109 78 47 47
 109 68 61 76 116 110 61 54 109 78 47 47
 109 68 61 76 116 110 61 54 109 78 47 47
 109 68 61 76 116 110 61 54 109 78 47 47
 109 68 61 76 116 110 61 54 109 78 47 47
 109 68 61 76 116 110 61 54 109 78 47 47
 119 85 70 92 126 126 79 69 124 93 61 61
 109 68 61 76 116 110 61 54 109 78 46 47
 118 84 69 87 125 125 78 68 127 93 60 60
 109 68 61 76 116 110 61 54 109 78 47 47
 108 71 60 76 119 110 68 54 117 85 54 55
 109 68 61 76 116 110 61 54 109 78 47 47
 109 68 61 76 116 110 61 54 109 78 47 47
 110 69 62 77 117 111 62 55 110 79 52 1141
 110 69 62 77 117 111 62 55 110 79 52 1141
 110 69 62 77 117 111 62 55 110 79 52 1141
 110 69 62 77 117 111 62 55 110 79 52 1141
 110 69 62 77 117 111 62 55 110 79 52 1141
 110 69 62 77 117 111 62 55 110 79 52 1141
 110 69 62 77 117 111 62 55 110 79 52 1141
 110 69 62 77 117 111 62 55 110 79 52 1141
 110 69 62 77 117 111 62 55 110 79 52 1141
 110 69 62 77 117 111 62 55 110 79 52 1141
 110 69 62 77 117 111 62 55 110 79 52 1141
 110 69 62 77 117 111 62 55 110 79 52 1141
 110 69 62 77 117 111 62 55 110 79 52 1141
 110 69 62 77 117 111 62 55 110 79 52 1141
 110 69 62 77 117 111 62 55 110 79 52 1141
 110 69 62 77 117 111 62 55 110 79 52 1141
 110 69 62 77 117 111 62 55 110 79 52 1141
 110 69 62 77 117 111 62 55 110 79 52 1141
 110 69 62 78 117 111 62 55 110 84 52 1141
 110 69 62 77 117 111 62 55 110 79 52 1141
 108 68 61 76 111 109 61 54 109 78 47 1141
 103 71 55 70 110 108 63 52 111 77 45 1141
 101 69 54 69 108 102 62 47 109 76 44 1141
 101 68 53 68 111 101 61 46 109 79 47 1141
 100 63 52 71 111 100 60 45 108 78 46 1141
 100 63 52 71 111 100 60 45 108 78 46 1141
 100 63 52 71 111 100 60 45 108 79 46 1141
 100 63 52 71 111 100 60 45 108 79 46 1141
 100 63 52 71 111 100 60 45 108 78 46 1141
 100 63 52 71 111 100 60 45 108 79 46 1141
 100 63 52 71 110 100 60 45 108 78 46 1141
 100 63 52 71 111 100 60 45 108 78 46 1141
 100 63 52 71 111 100 60 45 108 79 46 1141
 100 63 52 71 110 100 60 45 108 78 46 1141
 100 63 52 71 111 100 60 45 108 79 46 1141
 100 63 52 71 111 100 60 45 108 79 46 1141
 100 63 52 71 111 100 60 45 108 78 46 1141
 100 63 52 71 111 100 60 45 108 78 46 1141
 100 63 52 71 111 100 60 45 108 78 46 1141
 100 63 52 71 111 100 60 45 108 78 46 1141
 100 63 52 71 111 100 60 45 108 78 46 1141
 103 63 52 70 110 100 60 44 103 78 46 1141
 102 62 54 68 109 102 54 47 102 77 44 1141
 102 62 54 69 109 102 54 47 102 77 44 1141
 100 60 52 62 103 100 52 45 103 71 38 1141
 93 62 46 60 100 93 54 38 101 70 36 1141
 95 55 44 61 102 95 47 38 94 71 36 1141
 86 55 39 55 94 86 47 30 94 63 31 1141
 86 46 39 47 94 86 38 30 85 60 23 1141
 79 44 36 44 86 79 36 23 86 62 21 1141
 77 46 30 46 84 79 38 21 84 60 23 1141
 76 37 30 36 79 70 29 20 79 52 14 1141
 70 36 28 38 77 68 31 14 77 55 12 1141
 70 39 28 38 76 71 30 14 76 54 15 1141
 68 37 22 36 79 69 29 12 71 53 14 1143
 69 30 23 28 71 62 22 13 71 46 7 1013
 62 28 21 30 69 63 23 6 69 44 4 893
 62 31 20 29 68 62 23 5 68 44 7 806
 62 31 20 29 68 62 23 6 68 44 7 836
 62 31 20 29 68 62 22 5 68 44 7 839
 62 31 20 29 68 62 23 5 68 44 7 805
 62 31 20 29 68 62 23 6 68 44 7 821
 62 28 20 29 69 62 23 6 68 44 7 852
 62 28 20 29 69 63 23 6 68 44 4 828
 62 28 20 29 69 63 23 6 68 44 4 837
 62 28 21 29 69 63 23 6 68 44 4 862
 62 28 21 30 69 63 23 6 68 44 4 854
 62 28 21 30 69 63 23 6 68 44 4 847
 62 28 21 30 69 63 23 6 68 44 4 870
 62 28 21 30 69 63 23 6 68 44 4 871
 62 28 21 30 69 63 23 6 68 44 4 845
 62 28 21 30 69 63 23 6 68 44 4 876
 62 28 21 30 69 63 23 6 68 44 4 846
 62 28 21 30 69 63 23 6 68 44 4 844
 62 28 21 30 69 63 23 6 68 44 4 878
 62 28 21 30 69 63 23 6 68 44 4 862
 62 28 21 30 69 63 23 6 68 44 4 845
 62 28 21 30 69 63 23 6 68 44 4 853
 62 28 21 30 69 63 23 6 68 44 4 838
 62 28 21 30 69 63 23 6 68 44 4 853
 62 28 21 30 69 63 23 6 68 44 4 862
 62 28 21 30 69 63 23 6 68 44 4 846
 62 28 21 30 69 63 23 6 68 44 4 862
 62 28 21 30 69 63 23 6 68 44 4 861
 62 28 21 30 69 63 23 6 68 44 4 836
 62 28 21 30 69 63 23 6 68 44 4 869
 62 28 21 30 69 63 23 6 68 44 4 861
 62 28 21 30 69 63 23 6 68 44 4 847
 62 28 21 30 69 63 23 6 68 44 4 863
 62 28 21 30 69 63 23 6 68 44 4 884
 62 28 21 30 69 63 23 6 68 44 4 854
 62 28 21 30 69 63 23 6 68 44 4 846
 62 28 21 30 69 63 23 6 68 44 4 838
 62 28 21 30 69 63 23 6 68 44 4 847
 62 28 21 30 69 63 23 6 68 44 4 852
 62 28 21 30 69 63 23 6 68 44 4 877
 62 28 21 30 69 63 23 6 68 44 4 839
 62 28 21 30 69 63 23 6 68 44 4 862
 62 28 21 30 69 63 23 6 68 44 4 863
 62 28 21 30 69 63 23 6 68 44 4 844
 62 28 21 30 69 63 23 6 68 44 4 844
 62 28 21 30 69 63 23 6 68 44 4 870
 62 28 21 30 69 63 23 6 68 44 4 847
 62 28 21 30 69 63 23 6 68 44 4 839
 62 28 21 30 69 63 23 6 68 44 4 885
 62 28 21 30 69 63 23 6 68 44 4 860
 62 28 21 30 69 63 23 6 68 44 4 854
 62 28 21 30 69 63 23 6 68 44 4 863
 62 28 21 30 69 63 23 6 68 44 4 862
 62 28 21 30 69 63 23 6 68 44 4 862
 63 29 21 30 70 60 20 7 69 45 5 852
 63 29 21 31 70 60 20 7 69 45 5 895
 63 29 22 31 70 60 20 7 70 45 5 942
 68 29 22 31 70 60 21 12 70 45 6 894
 69 31 23 29 76 62 22 13 71 46 7 988
 69 31 23 28 76 62 22 13 71 46 7 989
 69 31 23 29 76 62 22 13 71 46 7 999
 69 31 23 29 76 62 22 13 71 46 7 1022
 69 31 20 29 76 62 22 13 68 46 7 982
 70 31 20 29 76 63 23 14 68 47 12 1029
 70 36 20 30 77 63 23 14 68 47 12 1055
 70 36 20 30 77 63 23 14 68 47 12 1062
 70 36 20 30 77 63 23 14 68 47 12 1047
 70 36 20 30 77 63 23 14 68 47 12 1004
 71 36 21 30 77 68 23 15 69 52 12 1086
 71 36 21 30 77 68 28 15 69 52 12 1084
 71 36 21 30 77 68 28 15 69 52 13 1084
 71 36 21 30 77 68 28 15 69 52 12 1038
 71 36 21 30 77 68 28 15 69 52 12 1087
 71 36 21 30 77 68 28 15 69 52 12 1070
 71 36 21 30 77 68 28 15 69 52 12 1044
 71 36 21 30 77 68 28 15 69 52 12 1085
 71 36 21 30 77 68 28 15 69 52 12 1046
 71 36 21 30 77 68 28 15 69 52 12 1063
 71 36 21 30 77 68 28 15 69 52 12 1087
 71 36 21 30 77 68 28 15 69 52 12 1108
 68 37 22 36 78 69 28 12 70 52 14 1124
 68 38 22 36 79 69 29 12 71 53 14 1141
 69 38 23 37 76 70 30 13 71 53 15 1141
 70 39 28 38 77 71 31 14 76 54 12 1141
 70 36 28 39 77 68 31 15 77 55 12 1141
 77 38 31 37 84 70 29 21 79 52 14 1141
 78 39 31 38 84 71 30 21 76 53 15 1141
 78 39 31 38 84 71 30 21 76 53 15 1141
 78 39 31 38 84 71 30 21 76 53 15 1141
 78 39 31 38 84 71 30 21 76 53 15 1141
 78 39 31 38 84 71 30 21 76 53 15 1141
 78 39 31 38 84 71 30 21 76 53 15 1141
 78 39 31 38 84 71 30 21 76 53 15 1141
 78 39 31 38 84 71 30 21 76 53 15 1141
 78 39 31 38 84 71 30 21 76 53 15 1141
 78 39 31 38 84 71 30 21 76 53 15 1141
 78 39 31 38 84 71 30 21 76 53 15 1141
 78 39 31 38 84 71 30 21 76 53 15 1141
 78 39 31 38 84 71 30 22 76 53 15 1141
 78 39 31 38 84 71 30 21 76 53 15 1141
 78 39 31 38 84 71 30 21 76 53 15 1141
 78 39 31 38 84 71 30 21 76 53 15 1141
 78 39 31 38 84 71 30 21 76 53 15 1141
 78 39 31 38 84 71 30 21 76 53 15 1141
 78 39 31 38 84 71 30 22 76 53 15 1141
 78 39 31 38 84 71 30 21 76 53 15 1141
 78 39 31 38 84 71 30 21 76 53 15 1141
 78 39 31 38 84 71 30 21 76 53 15 1141
 78 39 31 38 84 71 30 21 76 53 15 1141
 78 39 31 38 84 71 30 21 76 53 15 1141
 78 39 31 38 84 71 30 21 76 53 15 1141
 78 39 31 38 84 71 30 21 76 53 15 1141
 78 39 31 38 84 71 30 21 76 53 15 1141
 78 39 31 38 84 71 30 21 76 53 15 1141
 78 39 31 38 84 71 30 21 76 53 15 1141
 78 38 31 38 84 71 30 21 76 53 15 1141
 78 39 31 38 84 71 30 22 76 53 15 1141
 78 39 31 38 84 71 30 21 76 53 15 1141
 78 39 31 38 84 71 30 21 76 53 15 1141
 78 39 31 38 84 71 30 21 76 53 15 1141
 78 39 31 38 84 71 30 21 76 53 15 1141
 78 39 31 38 84 71 30 22 76 53 15 1141
 78 39 31 38 84 71 30 21 76 53 15 1141
 78 39 31 38 84 71 30 21 76 53 15 1141
 78 39 31 38 84 71 30 21 76 53 15 1141
 78 39 31 38 84 71 30 21 76 53 15 1141
 78 39 31 38 84 71 30 21 76 53 15 1141
 78 39 31 38 84 71 30 21 76 53 15 1141
 78 39 31 38 84 71 30 21 76 53 15 1141
 78 39 31 38 84 71 30 21 76 53 15 1141
 78 39 31 38 84 71 30 21 76 53 15 1141
 77 38 30 37 79 70 29 21 79 52 14 1141
 77 38 30 37 79 70 29 21 79 52 14 1141
 77 38 30 37 79 70 29 20 79 52 14 1141
 76 37 29 36 78 69 28 20 78 52 13 1141
 71 36 29 36 78 69 28 15 78 55 13 1141
 71 36 29 39 78 69 28 15 78 55 13 1141
 71 36 29 39 77 68 31 15 77 55 12 1141
 70 39 28 38 77 68 31 14 77 54 12 1141
 70 39 28 38 77 71 31 14 77 54 12 1141
 70 39 28 38 76 71 31 14 76 54 12 1141
 69 39 23 37 76 71 30 14 76 54 15 1141
 69 38 23 37 76 70 30 13 71 53 15 1141
 68 38 23 36 79 70 29 13 71 53 14 1141
 68 38 23 36 79 70 29 13 71 53 14 1141
 68 38 22 36 79 70 29 13 71 53 14 1141
 68 37 22 36 79 69 29 12 70 53 14 1141
 71 37 22 31 78 69 28 12 70 52 13 1116
 71 36 21 30 77 68 23 15 69 47 12 1068
 70 31 20 29 76 63 23 14 68 47 7 1023
 70 31 20 29 76 63 23 14 68 47 12 1053
 70 31 20 29 76 63 22 14 68 47 7 1004
 70 36 20 30 77 63 23 14 68 47 12 1046
 70 36 20 30 77 63 23 14 69 47 12 1079
 70 36 21 30 77 63 23 14 69 47 12 1069
 70 36 21 30 77 68 23 15 69 47 12 1047
 70 36 21 30 77 68 23 15 69 47 12 1101
 71 36 21 30 77 68 28 15 69 52 13 1053
 71 36 21 31 77 68 28 15 69 52 13 1069
 71 36 21 31 77 68 28 15 69 52 13 1108
 71 36 21 31 77 68 28 15 69 52 13 1060
 71 36 21 31 78 68 28 15 69 52 13 1076
 71 36 21 31 78 68 28 15 69 52 13 1102
 71 36 21 31 78 68 28 15 69 52 13 1055
 71 36 21 31 78 68 28 15 69 52 13 1093
 71 37 22 31 78 69 28 12 70 52 13 1134
 71 37 22 31 78 69 28 12 70 52 13 1101
 71 37 22 31 78 69 28 12 70 52 13 1124
 71 37 22 31 78 69 28 12 70 52 13 1118
 71 37 22 31 78 69 28 12 70 52 13 1108
 71 37 22 31 78 69 28 12 70 52 13 1141
 68 37 22 31 78 69 28 12 70 52 13 1110
 71 37 22 31 78 69 28 12 70 52 13 1135
 71 37 22 31 78 69 28 12 70 52 13 1125
 71 37 22 31 78 69 28 12 70 52 13 1116
 71 37 22 31 78 69 28 12 70 52 13 1095
 71 37 22 31 78 69 28 12 70 52 13 1140
 71 37 22 31 78 69 