 5 5 5 5 5 5 23 5 5 5 5 5 1524758587.483475
 5 5 5 5 5 5 23 5 5 5 5 5 1524758587.489356
 5 5 5 5 5 5 23 5 5 5 5 5 1524758587.495494
 5 5 5 5 5 5 20 5 5 5 5 5 1524758587.502247
 5 5 5 5 5 5 23 5 5 5 5 5 1524758587.508242
 5 5 5 5 5 5 23 5 5 5 5 5 1524758587.514990
 5 5 5 5 5 5 23 5 5 5 5 5 1524758587.520865
 5 5 5 5 5 5 23 5 5 5 5 5 1524758587.526743
 5 5 5 5 5 5 23 5 5 5 5 5 1524758587.532614
 5 5 5 5 5 5 23 5 5 5 5 5 1524758587.538488
 5 5 5 5 5 5 23 5 5 5 5 5 1524758587.544988
 5 5 5 5 5 5 23 5 5 5 5 5 1524758587.550868
 5 5 5 5 5 5 23 5 5 5 5 5 1524758587.556737
 5 5 5 5 5 5 23 5 5 5 5 5 1524758587.562612
 5 5 5 5 5 5 23 5 5 5 5 5 1524758587.568490
 5 5 5 5 5 5 23 5 5 5 5 5 1524758587.574366
 5 5 5 5 5 5 23 5 5 5 5 5 1524758587.580988
 5 5 5 5 5 5 23 5 5 5 5 5 1524758587.586867
 5 5 5 5 5 5 23 5 5 5 5 5 1524758587.592732
 5 5 5 5 5 5 23 5 5 5 5 5 1524758587.598615
 5 5 5 5 5 5 23 5 5 5 5 5 1524758587.605502
 5 5 5 5 5 5 23 5 5 5 5 5 1524758587.611362
 5 5 5 5 5 5 23 5 5 5 5 5 1524758587.617235
 5 5 5 5 5 5 23 5 5 5 5 5 1524758587.623111
 5 5 5 5 5 5 23 5 5 5 5 5 1524758587.628985
 5 5 5 5 5 5 23 5 5 5 5 5 1524758587.635739
 5 5 5 5 5 5 23 5 5 5 5 5 1524758587.641604
 5 5 5 5 5 5 23 5 5 5 5 5 1524758587.647485
 5 5 5 5 5 5 23 5 5 5 5 5 1524758587.653347
 5 5 5 5 5 5 23 5 5 5 5 5 1524758587.659222
 5 5 5 5 5 5 23 5 5 5 5 5 1524758587.665880
 5 5 5 5 5 5 23 5 5 5 5 5 1524758587.671842
 5 5 5 5 5 5 23 5 5 5 5 5 1524758587.677728
 5 5 5 5 5 5 23 5 5 5 5 5 1524758587.683600
 5 5 5 5 5 5 23 5 5 5 5 5 1524758587.689483
 5 5 5 5 5 5 23 5 5 5 5 5 1524758587.696380
 5 5 5 5 5 5 23 5 5 5 5 5 1524758587.702233
 5 5 5 5 5 5 23 5 5 5 5 5 1524758587.708107
 5 5 5 5 5 5 23 5 5 5 5 5 1524758587.713983
 5 5 5 5 5 5 23 5 5 5 5 5 1524758587.719854
 5 5 5 5 5 5 23 5 5 5 5 5 1524758587.726230
 5 5 5 5 5 5 23 5 5 5 5 5 1524758587.733098
 5 5 5 5 5 5 23 5 5 5 5 5 1524758587.739260
 5 5 5 5 5 5 23 5 5 5 5 5 1524758587.745469
 5 5 5 5 5 5 23 5 5 5 5 5 1524758587.751355
 5 5 5 5 5 5 23 5 5 5 5 5 1524758587.757615
 5 5 5 5 5 5 23 5 5 5 5 5 1524758587.764348
 5 5 5 5 5 5 23 5 5 5 5 5 1524758587.770233
 5 5 5 5 5 5 23 5 5 5 5 5 1524758587.776475
 5 5 5 5 5 5 23 5 5 5 5 5 1524758587.782357
 5 5 5 5 5 5 23 5 5 5 5 5 1524758587.789599
 5 5 5 5 5 5 23 5 5 5 5 5 1524758587.795979
 5 5 5 5 5 5 23 5 5 5 5 5 1524758587.801848
 5 5 5 5 5 5 23 5 5 5 5 5 1524758587.808105
 5 5 5 5 5 5 23 5 5 5 5 5 1524758587.813974
 5 5 5 5 5 5 23 5 5 5 5 5 1524758587.821229
 5 5 5 5 5 5 23 5 5 5 5 5 1524758587.827347
 5 5 5 5 5 5 23 5 5 5 5 5 1524758587.833090
 5 5 5 5 5 5 23 5 5 5 5 5 1524758587.839475
 5 5 5 5 5 5 23 5 5 5 5 5 1524758587.845475
 5 5 5 5 5 5 23 5 5 5 5 5 1524758587.852234
 5 5 5 5 5 5 23 5 5 5 5 5 1524758587.858477
 5 5 5 5 5 5 23 5 5 5 5 5 1524758587.864345
 5 5 5 5 5 5 23 5 5 5 5 5 1524758587.870471
 5 5 5 5 5 5 23 5 5 5 5 5 1524758587.876398
 5 5 5 5 5 5 23 5 5 5 5 5 1524758587.883091
 5 5 5 5 5 5 23 5 5 5 5 5 1524758587.889228
 5 5 5 5 5 5 23 5 5 5 5 5 1524758587.894971
 5 5 5 5 5 5 23 5 5 5 5 5 1524758587.901224
 5 5 5 5 5 5 23 5 5 5 5 5 1524758587.907353
 5 5 5 5 5 5 23 5 5 5 5 5 1524758587.913979
 5 5 5 5 5 5 23 5 5 5 5 5 1524758587.920222
 5 5 5 5 5 5 23 5 5 5 5 5 1524758587.926348
 5 5 5 5 5 5 23 5 5 5 5 5 1524758587.932225
 5 5 5 5 5 5 23 5 5 5 5 5 1524758587.938477
 5 5 5 5 5 5 23 5 5 5 5 5 1524758587.945227
 5 5 5 5 5 5 23 5 5 5 5 5 1524758587.951343
 5 5 5 5 5 5 23 5 5 5 5 5 1524758587.957249
 5 5 5 5 5 5 23 5 5 5 5 5 1524758587.963095
 5 5 5 5 5 5 23 5 5 5 5 5 1524758587.969353
 5 5 5 5 5 5 23 5 5 5 5 5 1524758587.976096
 5 5 5 5 5 5 23 5 5 5 5 5 1524758587.982223
 5 5 5 5 5 5 23 5 5 5 5 5 1524758587.988473
 5 5 5 5 5 5 23 5 5 5 5 5 1524758587.994344
 5 5 5 5 5 5 23 5 5 5 5 5 1524758588.000615
 5 5 5 5 5 5 23 5 5 5 5 5 1524758588.007344
 5 5 5 5 5 5 23 5 5 5 5 5 1524758588.013219
 5 5 5 5 5 5 20 5 5 5 5 5 1524758588.019469
 5 5 5 5 5 5 23 5 5 5 5 5 1524758588.025338
 5 5 5 5 5 5 23 5 5 5 5 5 1524758588.031352
 5 5 5 5 5 5 23 5 5 5 5 5 1524758588.038098
 5 5 5 5 5 5 23 5 5 5 5 5 1524758588.043965
 5 5 5 5 5 5 23 5 5 5 5 5 1524758588.050095
 5 5 5 5 5 5 20 5 5 5 5 5 1524758588.055970
 5 5 5 5 5 5 23 5 5 5 5 5 1524758588.062226
 5 5 5 5 5 5 23 5 5 5 5 5 1524758588.069221
 5 5 5 5 5 5 23 5 5 5 5 5 1524758588.075099
 5 5 5 5 5 5 23 5 5 5 5 5 1524758588.081348
 5 5 5 5 5 5 23 5 5 5 5 5 1524758588.087224
 5 5 5 5 5 5 23 5 5 5 5 5 1524758588.093629
 5 5 5 5 5 5 23 5 5 5 5 5 1524758588.099848
 5 5 5 5 5 5 23 5 5 5 5 5 1524758588.105718
 5 5 5 5 5 5 23 5 5 5 5 5 1524758588.111843
 5 5 5 5 5 5 23 5 5 5 5 5 1524758588.117718
 5 5 5 5 5 5 23 5 5 5 5 5 1524758588.124476
 5 5 5 5 5 5 23 5 5 5 5 5 1524758588.130603
 5 5 5 5 5 5 23 5 5 5 5 5 1524758588.136469
 5 5 5 5 5 5 23 5 5 5 5 5 1524758588.142585
 5 5 5 5 5 5 23 5 5 5 5 5 1524758588.148973
 5 5 5 5 5 5 23 5 5 5 5 5 1524758588.155094
 5 5 5 5 5 5 23 5 5 5 5 5 1524758588.161462
 5 5 5 5 5 5 23 5 5 5 5 5 1524758588.167341
 5 5 5 5 5 5 23 5 5 5 5 5 1524758588.173612
 5 5 5 5 5 5 23 5 5 5 5 5 1524758588.179516
 5 5 5 5 5 5 23 5 5 5 5 5 1524758588.185850
 5 5 5 5 5 5 23 5 5 5 5 5 1524758588.192091
 5 5 5 5 5 5 23 5 5 5 5 5 1524758588.197967
 5 5 5 5 5 5 23 5 5 5 5 5 1524758588.204094
 5 5 5 5 5 5 23 5 5 5 5 5 1524758588.209964
 5 5 5 5 5 5 23 5 5 5 5 5 1524758588.216099
 5 5 5 5 5 5 23 5 5 5 5 5 1524758588.222469
 5 5 5 5 5 5 23 5 5 5 5 5 1524758588.228343
 5 5 5 5 5 5 23 5 5 5 5 5 1524758588.234607
 5 5 5 5 5 5 23 5 5 5 5 5 1524758588.240461
 5 5 5 5 5 5 23 5 5 5 5 5 1524758588.246613
 5 5 5 5 5 5 23 5 5 5 5 5 1524758588.252713
 5 5 5 5 5 5 23 5 5 5 5 5 1524758588.258618
 5 5 5 5 5 5 23 5 5 5 5 5 1524758588.264715
 5 5 5 5 5 5 23 5 5 5 5 5 1524758588.270615
 5 5 5 5 5 5 23 5 5 5 5 5 1524758588.276732
 5 5 5 5 5 5 23 5 5 5 5 5 1524758588.283090
 5 5 5 5 5 5 23 5 5 5 5 5 1524758588.288969
 5 5 5 5 5 5 23 5 5 5 5 5 1524758588.295197
 5 5 5 5 5 5 23 5 5 5 5 5 1524758588.301085
 5 5 5 5 5 5 23 5 5 5 5 5 1524758588.307094
 5 5 5 5 5 5 23 5 5 5 5 5 1524758588.313463
 5 5 5 5 5 5 23 5 5 5 5 5 1524758588.319342
 5 5 5 5 5 5 23 5 5 5 5 5 1524758588.325466
 5 5 5 5 5 5 23 5 5 5 5 5 1524758588.331342
 5 5 5 5 5 5 23 5 5 5 5 5 1524758588.337356
 5 5 5 5 5 5 23 5 5 5 5 5 1524758588.343604
 5 5 5 5 5 5 23 5 5 5 5 5 1524758588.349460
 5 5 5 5 5 5 23 5 5 5 5 5 1524758588.355467
 5 5 5 5 5 5 23 5 5 5 5 5 1524758588.361457
 5 5 5 5 5 5 20 5 5 5 5 5 1524758588.367338
 5 5 5 5 5 5 23 5 5 5 5 5 1524758588.373612
 5 5 5 5 5 5 23 5 5 5 5 5 1524758588.379840
 5 5 5 5 5 5 23 5 5 5 5 5 1524758588.385709
 5 5 5 5 5 5 23 5 5 5 5 5 1524758588.391958
 5 5 5 5 5 5 23 5 5 5 5 5 1524758588.398087
 5 5 5 5 5 5 23 5 5 5 5 5 1524758588.404336
 5 5 5 5 5 5 23 5 5 5 5 5 1524758588.410209
 5 5 5 5 5 5 23 5 5 5 5 5 1524758588.416087
 5 5 5 5 5 5 23 5 5 5 5 5 1524758588.422461
 5 5 5 5 5 5 23 5 5 5 5 5 1524758588.428963
 5 5 5 5 5 5 23 5 5 5 5 5 1524758588.435460
 5 5 5 5 5 5 23 5 5 5 5 5 1524758588.441830
 5 5 5 5 5 5 23 5 5 5 5 5 1524758588.447710
 5 5 5 5 5 5 23 5 5 5 5 5 1524758588.453831
 5 5 5 5 5 5 23 5 5 5 5 5 1524758588.460620
 5 5 5 5 5 5 23 5 5 5 5 5 1524758588.466490
 5 5 5 5 5 5 23 5 5 5 5 5 1524758588.472710
 5 5 5 5 5 5 23 5 5 5 5 5 1524758588.478648
 5 5 5 5 5 5 23 5 5 5 5 5 1524758588.484954
 5 5 5 5 5 5 23 5 5 5 5 5 1524758588.491630
 5 5 5 5 5 5 23 5 5 5 5 5 1524758588.497607
 5 5 5 5 5 5 23 5 5 5 5 5 1524758588.503837
 5 5 5 5 5 5 23 5 5 5 5 5 1524758588.509709
 5 5 5 5 5 5 23 5 5 5 5 5 1524758588.515958
 5 5 5 5 5 5 23 5 5 5 5 5 1524758588.522958
 5 5 5 5 5 5 23 5 5 5 5 5 1524758588.528827
 5 5 5 5 5 5 23 5 5 5 5 5 1524758588.534959
 5 5 5 5 5 5 23 5 5 5 5 5 1524758588.540865
 5 5 5 5 5 5 23 5 5 5 5 5 1524758588.547080
 5 5 5 5 5 5 23 5 5 5 5 5 1524758588.554205
 5 5 5 5 5 5 23 5 5 5 5 5 1524758588.560082
 5 5 5 5 5 5 23 5 5 5 5 5 1524758588.566208
 5 5 5 5 5 5 23 5 5 5 5 5 1524758588.572477
 5 5 5 5 5 5 23 5 5 5 5 5 1524758588.578330
 5 5 5 5 5 5 23 5 5 5 5 5 1524758588.585333
 5 5 5 5 5 5 23 5 5 5 5 5 1524758588.591204
 5 5 5 5 5 5 23 5 5 5 5 5 1524758588.597454
 5 5 5 5 5 5 23 5 5 5 5 5 1524758588.605191
 5 5 5 5 5 5 23 5 5 5 5 5 1524758588.611067
 5 5 5 5 5 5 23 5 5 5 5 5 1524758588.617327
 5 5 5 5 5 5 23 5 5 5 5 5 1524758588.623203
 5 5 5 5 5 5 23 5 5 5 5 5 1524758588.628962
 5 5 5 5 5 5 23 5 5 5 5 5 1524758588.635471
 5 5 5 5 5 5 23 5 5 5 5 5 1524758588.641329
 5 5 5 5 5 5 23 5 5 5 5 5 1524758588.647602
 5 5 5 5 5 5 23 5 5 5 5 5 1524758588.653481
 5 5 5 5 5 5 23 5 5 5 5 5 1524758588.661312
 5 5 5 5 5 5 23 5 5 5 5 5 1524758588.668941
 5 5 5 5 5 5 23 5 5 5 5 5 1524758588.733325
 5 5 5 5 5 5 23 5 5 5 5 5 1524758588.739593
 5 5 5 5 5 5 23 5 5 5 5 5 1524758588.745822
 5 5 5 5 5 5 23 5 5 5 5 5 1524758588.751697
 5 5 5 5 5 5 20 5 5 5 5 5 1524758588.757822
 5 5 5 5 5 5 23 5 5 5 5 5 1524758588.764591
 5 5 5 5 5 5 23 5 5 5 5 5 1524758588.770446
 5 5 5 5 5 5 23 5 5 5 5 5 1524758588.776699
 5 5 5 5 5 5 23 5 5 5 5 5 1524758588.782589
 5 5 5 5 5 5 23 5 5 5 5 5 1524758588.788697
 5 5 5 5 5 5 23 5 5 5 5 5 1524758588.794823
 5 5 5 5 5 5 23 5 5 5 5 5 1524758588.801449
 5 5 5 5 5 5 23 5 5 5 5 5 1524758588.807700
 5 5 5 5 5 5 23 5 5 5 5 5 1524758588.813591
 5 5 5 5 5 5 23 5 5 5 5 5 1524758588.819816
 5 5 5 5 5 5 23 5 5 5 5 5 1524758588.826447
 5 5 5 5 5 5 23 5 5 5 5 5 1524758588.832322
 5 5 5 5 5 5 23 5 5 5 5 5 1524758588.838446
 5 5 5 5 5 5 23 5 5 5 5 5 1524758588.844321
 5 5 5 5 5 5 23 5 5 5 5 5 1524758588.850596
 5 5 5 5 5 5 23 5 5 5 5 5 1524758588.857456
 5 5 5 5 5 5 23 5 5 5 5 5 1524758588.863321
 5 5 5 5 5 5 23 5 5 5 5 5 1524758588.869447
 5 5 5 5 5 5 23 5 5 5 5 5 1524758588.875587
 5 5 5 5 5 5 23 5 5 5 5 5 1524758588.881443
 5 5 5 5 5 5 23 5 5 5 5 5 1524758588.888446
 5 5 5 5 5 5 23 5 5 5 5 5 1524758588.894314
 5 5 5 5 5 5 23 5 5 5 5 5 1524758588.900581
 5 5 5 5 5 5 23 5 5 5 5 5 1524758588.906446
 5 5 5 5 5 5 23 5 5 5 5 5 1524758588.912319
 5 5 5 5 5 5 23 5 5 5 5 5 1524758588.919695
 5 5 5 5 5 5 23 5 5 5 5 5 1524758588.925588
 5 5 5 5 5 5 23 5 5 5 5 5 1524758588.931691
 5 5 5 5 5 5 20 5 5 5 5 5 1524758588.937582
 5 5 5 5 5 5 23 5 5 5 5 5 1524758588.943316
 5 5 5 5 5 5 23 5 5 5 5 5 1524758588.950587
 5 5 5 5 5 5 23 5 5 5 5 5 1524758588.956443
 5 5 5 5 5 5 23 5 5 5 5 5 1524758588.962692
 5 5 5 5 5 5 23 5 5 5 5 5 1524758588.968584
 5 5 5 5 5 5 23 5 5 5 5 5 1524758588.974441
 5 5 5 5 5 5 23 5 5 5 5 5 1524758588.981577
 5 5 5 5 5 5 23 5 5 5 5 5 1524758588.987439
 5 5 5 5 5 5 23 5 5 5 5 5 1524758588.993690
 5 5 5 5 5 5 23 5 5 5 5 5 1524758588.999813
 5 5 5 5 5 5 23 5 5 5 5 5 1524758589.005692
 5 5 5 5 5 5 23 5 5 5 5 5 1524758589.012583
 5 5 5 5 5 5 23 5 5 5 5 5 1524758589.018875
 5 5 5 5 5 5 23 5 5 5 5 5 1524758589.024687
 5 5 5 5 5 5 23 5 5 5 5 5 1524758589.030936
 5 5 5 5 5 5 23 5 5 5 5 5 1524758589.036817
 5 5 5 5 5 5 23 5 5 5 5 5 1524758589.044058
 5 5 5 5 5 5 23 5 5 5 5 5 1524758589.050310
 5 5 5 5 5 5 23 5 5 5 5 5 1524758589.056188
 5 5 5 5 5 5 23 5 5 5 5 5 1524758589.062439
 5 5 5 5 5 5 23 5 5 5 5 5 1524758589.068446
 5 5 5 5 5 5 23 5 5 5 5 5 1524758589.074686
 5 5 5 5 5 5 23 5 5 5 5 5 1524758589.080864
 5 5 5 5 5 5 23 5 5 5 5 5 1524758589.086689
 5 5 5 5 5 5 23 5 5 5 5 5 1524758589.092686
 5 5 5 5 5 5 23 5 5 5 5 5 1524758589.098583
 5 5 5 5 5 5 23 5 5 5 5 5 1524758589.104811
 5 5 5 5 5 5 23 5 5 5 5 5 1524758589.110970
 5 5 5 5 5 5 23 5 5 5 5 5 1524758589.116811
 5 5 5 5 5 5 23 5 5 5 5 5 1524758589.123187
 5 5 5 5 5 5 23 5 5 5 5 5 1524758589.129938
 5 5 5 5 5 5 23 5 5 5 5 5 1524758589.135809
 5 5 5 5 5 5 23 5 5 5 5 5 1524758589.142060
 5 5 5 5 5 5 23 5 5 5 5 5 1524758589.147940
 5 5 5 5 5 5 23 5 5 5 5 5 1524758589.154060
 5 5 5 5 5 5 23 5 5 5 5 5 1524758589.160717
 5 5 5 5 5 5 23 5 5 5 5 5 1524758589.166579
 5 5 5 5 5 5 23 5 5 5 5 5 1524758589.172807
 5 5 5 5 5 5 23 5 5 5 5 5 1524758589.178679
 5 5 5 5 5 5 23 5 5 5 5 5 1524758589.184935
 5 5 5 5 5 5 20 5 5 5 5 5 1524758589.191809
 5 5 5 5 5 5 23 5 5 5 5 5 1524758589.197696
 5 5 5 5 5 5 23 5 5 5 5 5 1524758589.203931
 5 5 5 5 5 5 23 5 5 5 5 5 1524758589.209804
 5 5 5 5 5 5 23 5 5 5 5 5 1524758589.216219
 5 5 5 5 5 5 23 5 5 5 5 5 1524758589.223433
 5 5 5 5 5 5 23 5 5 5 5 5 1524758589.229307
 5 5 5 5 5 5 23 5 5 5 5 5 1524758589.235432
 5 5 5 5 5 5 23 5 5 5 5 5 1524758589.241302
 5 5 5 5 5 5 23 5 5 5 5 5 1524758589.247183
 5 5 5 5 5 5 23 5 5 5 5 5 1524758589.254166
 5 5 5 5 5 5 23 5 5 5 5 5 1524758589.260059
 5 5 5 5 5 5 23 5 5 5 5 5 1524758589.266182
 5 5 5 5 5 5 23 5 5 5 5 5 1524758589.272058
 5 5 5 5 5 5 23 5 5 5 5 5 1524758589.277933
 5 5 5 5 5 5 23 5 5 5 5 5 1524758589.284932
 5 5 5 5 5 5 23 5 5 5 5 5 1524758589.290800
 5 5 5 5 5 5 23 5 5 5 5 5 1524758589.296808
 5 5 5 5 5 5 23 5 5 5 5 5 1524758589.303054
 5 5 5 5 5 5 23 5 5 5 5 5 1524758589.309807
 5 5 5 5 5 5 23 5 5 5 5 5 1524758589.316182
 5 5 5 5 5 5 23 5 5 5 5 5 1524758589.322304
 5 5 5 5 5 5 23 5 5 5 5 5 1524758589.328178
 5 5 5 5 5 5 23 5 5 5 5 5 1524758589.334427
 5 5 5 5 5 5 23 5 5 5 5 5 1524758589.340587
 5 5 5 5 5 5 23 5 5 5 5 5 1524758589.346802
 5 5 5 5 5 5 23 5 5 5 5 5 1524758589.352681
 5 5 5 5 5 5 23 5 5 5 5 5 1524758589.358576
 5 5 5 5 5 5 23 5 5 5 5 5 1524758589.364804
 5 5 5 5 5 5 23 5 5 5 5 5 1524758589.371054
 5 5 5 5 5 5 23 5 5 5 5 5 1524758589.377171
 5 5 5 5 5 5 23 5 5 5 5 5 1524758589.383052
 5 5 5 5 5 5 23 5 5 5 5 5 1524758589.388911
 5 5 5 5 5 5 23 5 5 5 5 5 1524758589.395047
 5 5 5 5 5 5 23 5 5 5 5 5 1524758589.401726
 5 5 5 5 5 5 23 5 5 5 5 5 1524758589.408052
 5 5 5 5 5 5 23 5 5 5 5 5 1524758589.414303
 5 5 5 5 5 5 23 5 5 5 5 5 1524758589.420177
 5 5 5 5 5 5 23 5 5 5 5 5 1524758589.426569
 5 5 5 5 5 5 23 5 5 5 5 5 1524758589.433428
 5 5 5 5 5 5 23 5 5 5 5 5 1524758589.439303
 5 5 5 5 5 5 23 5 5 5 5 5 1524758589.445573
 5 5 5 5 5 5 23 5 5 5 5 5 1524758589.451427
 5 5 5 5 5 5 23 5 5 5 5 5 1524758589.457571
 5 5 5 5 5 5 23 5 5 5 5 5 1524758589.464800
 5 5 5 5 5 5 23 5 5 5 5 5 1524758589.470675
 5 5 5 5 5 5 20 5 5 5 5 5 1524758589.476809
 5 5 5 5 5 5 23 5 5 5 5 5 1524758589.482667
 5 5 5 5 5 5 23 5 5 5 5 5 1524758589.488795
 5 5 5 5 5 5 23 5 5 5 5 5 1524758589.495800
 5 5 5 5 5 5 23 5 5 5 5 5 1524758589.501682
 5 5 5 5 5 5 23 5 5 5 5 5 1524758589.507923
 5 5 5 5 5 5 23 5 5 5 5 5 1524758589.514297
 5 5 5 5 5 5 23 5 5 5 5 5 1524758589.520173
 5 5 5 5 5 5 23 5 5 5 5 5 1524758589.527297
 5 5 5 5 5 5 23 5 5 5 5 5 1524758589.533169
 5 5 5 5 5 5 20 5 5 5 5 5 1524758589.539298
 5 5 5 5 5 5 23 5 5 5 5 5 1524758589.545164
 5 5 5 5 5 5 23 5 5 5 5 5 1524758589.551049
 5 5 5 5 5 5 23 5 5 5 5 5 1524758589.558156
 5 5 5 5 5 5 23 5 5 5 5 5 1524758589.564043
 5 5 5 5 5 5 23 5 5 5 5 5 1524758589.570169
 5 5 5 5 5 5 23 5 5 5 5 5 1524758589.576423
 5 5 5 5 5 5 23 5 5 5 5 5 1524758589.583052
 5 5 5 5 5 5 23 5 5 5 5 5 1524758589.589292
 5 5 5 5 5 5 23 5 5 5 5 5 1524758589.595573
 5 5 5 5 5 5 23 5 5 5 5 5 1524758589.601420
 5 5 5 5 5 5 23 5 5 5 5 5 1524758589.607707
 5 5 5 5 5 5 23 5 5 5 5 5 1524758589.613920
 5 5 5 5 5 5 23 5 5 5 5 5 1524758589.620171
 5 5 5 5 5 5 23 5 5 5 5 5 1524758589.626101
 5 5 5 5 5 5 23 5 5 5 5 5 1524758589.631920
 5 5 5 5 5 5 23 5 5 5 5 5 1524758589.638165
 5 5 5 5 5 5 23 5 5 5 5 5 1524758589.644935
 5 5 5 5 5 5 23 5 5 5 5 5 1524758589.651297
 5 5 5 5 5 5 23 5 5 5 5 5 1524758589.657545
 5 5 5 5 5 5 23 5 5 5 5 5 1524758589.663410
 5 5 5 5 5 5 23 5 5 5 5 5 1524758589.669667
 5 5 5 5 5 5 23 5 5 5 5 5 1524758589.676415
 5 5 5 5 5 5 23 5 5 5 5 5 1524758589.682293
 5 5 5 5 5 5 23 5 5 5 5 5 1524758589.688541
 5 5 5 5 5 5 23 5 5 5 5 5 1524758589.694275
 5 5 5 5 5 5 23 5 5 5 5 5 1524758589.700401
 5 5 5 5 5 5 23 5 5 5 5 5 1524758589.706922
 5 5 5 5 5 5 23 5 5 5 5 5 1524758589.712916
 5 5 5 5 5 5 23 5 5 5 5 5 1524758589.719169
 5 5 5 5 5 5 23 5 5 5 5 5 1524758589.725042
 5 5 5 5 5 5 23 5 5 5 5 5 1524758589.731285
 5 5 5 5 5 5 23 5 5 5 5 5 1524758589.738543
 5 5 5 5 5 5 23 5 5 5 5 5 1524758589.744415
 5 5 5 5 5 5 23 5 5 5 5 5 1524758589.750667
 5 5 5 5 5 5 23 5 5 5 5 5 1524758589.756538
 5 5 5 5 5 5 23 5 5 5 5 5 1524758589.762787
 5 5 5 5 5 5 23 5 5 5 5 5 1524758589.769789
 5 5 5 5 5 5 23 5 5 5 5 5 1524758589.775676
 5 5 5 5 5 5 23 5 5 5 5 5 1524758589.781788
 5 5 5 5 5 5 23 5 5 5 5 5 1524758589.788185
 5 5 5 5 5 5 23 5 5 5 5 5 1524758589.794034
 5 5 5 5 5 5 23 5 5 5 5 5 1524758589.801162
 5 5 5 5 5 5 23 5 5 5 5 5 1524758589.807037
 5 5 5 5 5 5 23 5 5 5 5 5 1524758589.813416
 5 5 5 5 5 5 23 5 5 5 5 5 1524758589.819648
 5 5 5 5 5 5 23 5 5 5 5 5 1524758589.825537
 5 5 5 5 5 5 23 5 5 5 5 5 1524758589.832521
 5 5 5 5 5 5 23 5 5 5 5 5 1524758589.838663
 5 5 5 5 5 5 23 5 5 5 5 5 1524758589.844537
 5 5 5 5 5 5 23 5 5 5 5 5 1524758589.850912
 5 5 5 5 5 5 23 5 5 5 5 5 1524758589.856787
 5 5 5 5 5 5 23 5 5 5 5 5 1524758589.864038
 5 5 5 5 5 5 23 5 5 5 5 5 1524758589.870288
 5 5 5 5 5 5 23 5 5 5 5 5 1524758589.876165
 5 5 5 5 5 5 23 5 5 5 5 5 1524758589.882411
 5 5 5 5 5 5 23 5 5 5 5 5 1524758589.888287
 5 5 5 5 5 5 23 5 5 5 5 5 1524758589.894536
 5 5 5 5 5 5 23 5 5 5 5 5 1524758589.900656
 5 5 5 5 5 5 20 5 5 5 5 5 1524758589.906533
 5 5 5 5 5 5 23 5 5 5 5 5 1524758589.912909
 5 5 5 5 5 5 23 5 5 5 5 5 1524758589.919657
 5 5 5 5 5 5 23 5 5 5 5 5 1524758589.925534
 5 5 5 5 5 5 23 5 5 5 5 5 1524758589.931782
 5 5 5 5 5 5 23 5 5 5 5 5 1524758589.937665
 5 5 5 5 5 5 23 5 5 5 5 5 1524758589.943907
 5 5 5 5 5 5 23 5 5 5 5 5 1524758589.950906
 5 5 5 5 5 5 23 5 5 5 5 5 1524758589.956782
 5 5 5 5 5 5 23 5 5 5 5 5 1524758589.963031
 5 5 5 5 5 5 23 5 5 5 5 5 1524758589.968777
 5 5 5 5 5 5 23 5 5 5 5 5 1524758589.975033
 5 5 5 5 5 5 23 5 5 5 5 5 1524758589.981910
 5 5 5 5 5 5 23 5 5 5 5 5 1524758589.987780
 5 5 5 5 5 5 23 5 5 5 5 5 1524758589.994033
 5 5 5 5 5 5 23 5 5 5 5 5 1524758590.000032
 5 5 5 5 5 5 23 5 5 5 5 5 1524758590.005908
 5 5 5 5 5 5 23 5 5 5 5 5 1524758590.013160
 5 5 5 5 5 5 23 5 5 5 5 5 1524758590.019027
 5 5 5 5 5 5 23 5 5 5 5 5 1524758590.025146
 5 5 5 5 5 5 23 5 5 5 5 5 1524758590.030936
 5 5 5 5 5 5 23 5 5 5 5 5 1524758590.036766
 5 5 5 5 5 5 23 5 5 5 5 5 1524758590.043889
 5 5 5 5 5 5 20 5 5 5 5 5 1524758590.049780
 5 5 5 5 5 5 23 5 5 5 5 5 1524758590.056033
 5 5 5 5 5 5 23 5 5 5 5 5 1524758590.061907
 5 5 5 5 5 5 23 5 5 5 5 5 1524758590.067834
 5 5 5 5 5 5 23 5 5 5 5 5 1524758590.074779
 5 5 5 5 5 5 23 5 5 5 5 5 1524758590.080656
 5 5 5 5 5 5 23 5 5 5 5 5 1524758590.086901
 5 5 5 5 5 5 23 5 5 5 5 5 1524758590.093157
 5 5 5 5 5 5 23 5 5 5 5 5 1524758590.099031
 5 5 5 5 5 5 23 5 5 5 5 5 1524758590.106154
 5 5 5 5 5 5 23 5 5 5 5 5 1524758590.112286
 5 5 5 5 5 5 23 5 5 5 5 5 1524758590.118152
 5 5 5 5 5 5 23 5 5 5 5 5 1524758590.124404
 5 5 5 5 5 5 23 5 5 5 5 5 1524758590.130784
 5 5 5 5 5 5 23 5 5 5 5 5 1524758590.137025
 5 5 5 5 5 5 23 5 5 5 5 5 1524758590.142900
 5 5 5 5 5 5 20 5 5 5 5 5 1524758590.148778
 5 5 5 5 5 5 23 5 5 5 5 5 1524758590.155025
 5 5 5 5 5 5 23 5 5 5 5 5 1524758590.161279
 5 5 5 5 5 5 23 5 5 5 5 5 1524758590.167526
 5 5 5 5 5 5 23 5 5 5 5 5 1524758590.173397
 5 5 5 5 5 5 23 5 5 5 5 5 1524758590.179275
 5 5 5 5 5 5 23 5 5 5 5 5 1524758590.185400
 5 5 5 5 5 5 23 5 5 5 5 5 1524758590.191779
 5 5 5 5 5 5 23 5 5 5 5 5 1524758590.198021
 5 5 5 5 5 5 23 5 5 5 5 5 1524758590.204275
 5 5 5 5 5 5 23 5 5 5 5 5 1524758590.210009
 5 5 5 5 5 5 23 5 5 5 5 5 1524758590.216269
 5 5 5 5 5 5 23 5 5 5 5 5 1524758590.222280
 5 5 5 5 5 5 23 5 5 5 5 5 1524758590.228642
 5 5 5 5 5 5 23 5 5 5 5 5 1524758590.234902
 5 5 5 5 5 5 23 5 5 5 5 5 1524758590.240773
 5 5 5 5 5 5 23 5 5 5 5 5 1524758590.246901
 5 5 5 5 5 5 23 5 5 5 5 5 1524758590.254082
 5 5 5 5 5 5 23 5 5 5 5 5 1524758590.259766
 5 5 5 5 5 5 23 5 5 5 5 5 1524758590.266022
 5 5 5 5 5 5 23 5 5 5 5 5 1524758590.271900
 5 5 5 5 5 5 23 5 5 5 5 5 1524758590.278268
 5 5 5 5 5 5 23 5 5 5 5 5 1524758590.285022
 5 5 5 5 5 5 23 5 5 5 5 5 1524758590.291524
 5 5 5 5 5 5 23 5 5 5 5 5 1524758590.297397
 5 5 5 5 5 5 23 5 5 5 5 5 1524758590.303616
 5 5 5 5 5 5 23 5 5 5 5 5 1524758590.309394
 5 5 5 5 5 5 23 5 5 5 5 5 1524758590.316428
 5 5 5 5 5 5 23 5 5 5 5 5 1524758590.322649
 5 5 5 5 5 5 23 5 5 5 5 5 1524758590.328519
 5 5 5 5 5 5 23 5 5 5 5 5 1524758590.334771
 5 5 5 5 5 5 23 5 5 5 5 5 1524758590.340955
 5 5 5 5 5 5 23 5 5 5 5 5 1524758590.347644
 5 5 5 5 5 5 23 5 5 5 5 5 1524758590.353901
 5 5 5 5 5 5 23 5 5 5 5 5 1524758590.359770
 5 5 5 5 5 5 23 5 5 5 5 5 1524758590.365755
 5 5 5 5 5 5 23 5 5 5 5 5 1524758590.371636
 5 5 5 5 5 5 23 5 5 5 5 5 1524758590.378379
 5 5 5 5 5 5 23 5 5 5 5 5 1524758590.384667
 5 5 5 5 5 5 23 5 5 5 5 5 1524758590.390525
 5 5 5 5 5 5 23 5 5 5 5 5 1524758590.396766
 5 5 5 5 5 5 23 5 5 5 5 5 1524758590.403016
 5 5 5 5 5 5 23 5 5 5 5 5 1524758590.409643
 5 5 5 5 5 5 23 5 5 5 5 5 1524758590.415893
 5 5 5 5 5 5 23 5 5 5 5 5 1524758590.422030
 5 5 5 5 5 5 23 5 5 5 5 5 1524758590.427898
 5 5 5 5 5 5 23 5 5 5 5 5 1524758590.434144
 5 5 5 5 5 5 23 5 5 5 5 5 1524758590.440758
 5 5 5 5 5 5 23 5 5 5 5 5 1524758590.446894
 5 5 5 5 5 5 23 5 5 5 5 5 1524758590.452767
 5 5 5 5 5 5 23 5 5 5 5 5 1524758590.458639
 5 5 5 5 5 5 23 5 5 5 5 5 1524758590.464892
 5 5 5 5 5 5 23 5 5 5 5 5 1524758590.471511
 5 5 5 5 5 5 23 5 5 5 5 5 1524758590.477641
 5 5 5 5 5 5 23 5 5 5 5 5 1524758590.483889
 5 5 5 5 5 5 23 5 5 5 5 5 1524758590.489764
 5 5 5 5 5 5 23 5 5 5 5 5 1524758590.496648
 5 5 5 5 5 5 23 5 5 5 5 5 1524758590.502763
 5 5 5 5 5 5 23 5 5 5 5 5 1524758590.508692
 5 5 5 5 5 5 23 5 5 5 5 5 1524758590.514891
 5 5 5 5 5 5 23 5 5 5 5 5 1524758590.520769
 5 5 5 5 5 5 23 5 5 5 5 5 1524758590.527518
 5 5 5 5 5 5 23 5 5 5 5 5 1524758590.533388
 5 5 5 5 5 5 23 5 5 5 5 5 1524758590.539263
 5 5 5 5 5 5 23 5 5 5 5 5 1524758590.545389
 5 5 5 5 5 5 23 5 5 5 5 5 1524758590.551262
 5 5 5 5 5 5 23 5 5 5 5 5 1524758590.557897
 5 5 5 5 5 5 23 5 5 5 5 5 1524758590.563815
 5 5 5 5 5 5 23 5 5 5 5 5 1524758590.569507
 5 5 5 5 5 5 23 5 5 5 5 5 1524758590.575761
 5 5 5 5 5 5 23 5 5 5 5 5 1524758590.581637
 5 5 5 5 5 5 23 5 5 5 5 5 1524758590.588684
 5 5 5 5 5 5 23 5 5 5 5 5 1524758590.595142
 5 5 5 5 5 5 23 5 5 5 5 5 1524758590.601014
 5 5 5 5 5 5 23 5 5 5 5 5 1524758590.607261
 5 5 5 5 5 5 23 5 5 5 5 5 1524758590.613136
 5 5 5 5 5 5 23 5 5 5 5 5 1524758590.620263
 5 5 5 5 5 5 23 5 5 5 5 5 1524758590.626509
 5 5 5 5 5 5 23 5 5 5 5 5 1524758590.632389
 5 5 5 5 5 5 23 5 5 5 5 5 1524758590.638634
 5 5 5 5 5 5 23 5 5 5 5 5 1524758590.644509
 5 5 5 5 5 5 23 5 5 5 5 5 1524758590.651130
 5 5 5 5 5 5 23 5 5 5 5 5 1524758590.657260
 5 5 5 5 5 5 20 5 5 5 5 5 1524758590.663137
 5 5 5 5 5 5 23 5 5 5 5 5 1524758590.669254
 5 5 5 5 5 5 23 5 5 5 5 5 1524758590.675139
 5 5 5 5 5 5 23 5 5 5 5 5 1524758590.681760
 5 5 5 5 5 5 23 5 5 5 5 5 1524758590.688010
 5 5 5 5 5 5 23 5 5 5 5 5 1524758590.693882
 5 5 5 5 5 5 23 5 5 5 5 5 1524758590.700252
 5 5 5 5 5 5 23 5 5 5 5 5 1524758590.706508
 5 5 5 5 5 5 23 5 5 5 5 5 1524758590.713261
 5 5 5 5 5 5 23 5 5 5 5 5 1524758590.719504
 5 5 5 5 5 5 23 5 5 5 5 5 1524758590.725645
 5 5 5 5 5 5 23 5 5 5 5 5 1524758590.731366
 5 5 5 5 5 5 23 5 5 5 5 5 1524758590.737618
 5 5 5 5 5 5 23 5 5 5 5 5 1524758590.744116
 5 5 5 5 5 5 23 5 5 5 5 5 1524758590.750670
 5 5 5 5 5 5 23 5 5 5 5 5 1524758590.756507
 5 5 5 5 5 5 23 5 5 5 5 5 1524758590.762383
 5 5 5 5 5 5 23 5 5 5 5 5 1524758590.768631
 5 5 5 5 5 5 23 5 5 5 5 5 1524758590.775254
 5 5 5 5 5 5 23 5 5 5 5 5 1524758590.781508
 5 5 5 5 5 5 23 5 5 5 5 5 1524758590.787879
 5 5 5 5 5 5 23 5 5 5 5 5 1524758590.793757
 5 5 5 5 5 5 23 5 5 5 5 5 1524758590.800008
 5 5 5 5 5 5 23 5 5 5 5 5 1524758590.806799
 5 5 5 5 5 5 23 5 5 5 5 5 1524758590.812622
 5 5 5 5 5 5 23 5 5 5 5 5 1524758590.818755
 5 5 5 5 5 5 20 5 5 5 5 5 1524758590.824628
 5 5 5 5 5 5 23 5 5 5 5 5 1524758590.831512
 5 5 5 5 5 5 23 5 5 5 5 5 1524758590.837375
 5 5 5 5 5 5 23 5 5 5 5 5 1524758590.843255
 5 5 5 5 5 5 23 5 5 5 5 5 1524758590.849507
 5 5 5 5 5 5 23 5 5 5 5 5 1524758590.855380
 5 5 5 5 5 5 23 5 5 5 5 5 1524758590.862383
 5 5 5 5 5 5 23 5 5 5 5 5 1524758590.868629
 5 5 5 5 5 5 23 5 5 5 5 5 1524758590.874503
 5 5 5 5 5 5 23 5 5 5 5 5 1524758590.880751
 5 5 5 5 5 5 23 5 5 5 5 5 1524758590.886626
 5 5 5 5 5 5 23 5 5 5 5 5 1524758590.893881
 5 5 5 5 5 5 23 5 5 5 5 5 1524758590.900124
 5 5 5 5 5 5 23 5 5 5 5 5 1524758590.906000
 5 5 5 5 5 5 23 5 5 5 5 5 1524758590.912110
 5 5 5 5 5 5 23 5 5 5 5 5 1524758590.918247
 5 5 5 5 5 5 23 5 5 5 5 5 1524758590.924985
 5 5 5 5 5 5 23 5 5 5 5 5 1524758590.931249
 5 5 5 5 5 5 23 5 5 5 5 5 1524758590.937125
 5 5 5 5 5 5 23 5 5 5 5 5 1524758590.943248
 5 5 5 5 5 5 23 5 5 5 5 5 1524758590.949121
 5 5 5 5 5 5 23 5 5 5 5 5 1524758590.955748
 5 5 5 5 5 5 23 5 5 5 5 5 1524758590.962001
 5 5 5 5 5 5 23 5 5 5 5 5 1524758590.967876
 5 5 5 5 5 5 23 5 5 5 5 5 1524758590.974248
 5 5 5 5 5 5 23 5 5 5 5 5 1524758590.980378
 5 5 5 5 5 5 23 5 5 5 5 5 1524758590.987126
 5 5 5 5 5 5 23 5 5 5 5 5 1524758590.993499
 5 5 5 5 5 5 23 5 5 5 5 5 1524758590.999375
 5 5 5 5 5 5 23 5 5 5 5 5 1524758591.005249
 5 5 5 5 5 5 23 5 5 5 5 5 1524758591.011622
 5 5 5 5 5 5 23 5 5 5 5 5 1524758591.018375
 5 5 5 5 5 5 23 5 5 5 5 5 1524758591.024500
 5 5 5 5 5 5 20 5 5 5 5 5 1524758591.030748
 5 5 5 5 5 5 23 5 5 5 5 5 1524758591.036623
 5 5 5 5 5 5 23 5 5 5 5 5 1524758591.042875
 5 5 5 5 5 5 23 5 5 5 5 5 1524758591.049762
 5 5 5 5 5 5 23 5 5 5 5 5 1524758591.055621
 5 5 5 5 5 5 23 5 5 5 5 5 1524758591.061996
 5 5 5 5 5 5 23 5 5 5 5 5 1524758591.067867
 5 5 5 5 5 5 23 5 5 5 5 5 1524758591.074624
 5 5 5 5 5 5 23 5 5 5 5 5 1524758591.080494
 5 5 5 5 5 5 23 5 5 5 5 5 1524758591.086370
 5 5 5 5 5 5 23 5 5 5 5 5 1524758591.092617
 5 5 5 5 5 5 23 5 5 5 5 5 1524758591.098502
 5 5 5 5 5 5 23 5 5 5 5 5 1524758591.104877
 5 5 5 5 5 5 23 5 5 5 5 5 1524758591.110786
 5 5 5 5 5 5 23 5 5 5 5 5 1524758591.116621
 5 5 5 5 5 5 23 5 5 5 5 5 1524758591.122873
 5 5 5 5 5 5 23 5 5 5 5 5 1524758591.128740
 5 5 5 5 5 5 23 5 5 5 5 5 1524758591.134994
 5 5 5 5 5 5 23 5 5 5 5 5 1524758591.140867
 5 5 5 5 5 5 23 5 5 5 5 5 1524758591.146746
 5 5 5 5 5 5 23 5 5 5 5 5 1524758591.152990
 5 5 5 5 5 5 23 5 5 5 5 5 1524758591.158868
 5 5 5 5 5 5 23 5 5 5 5 5 1524758591.165369
 5 5 5 5 5 5 23 5 5 5 5 5 1524758591.171276
 5 5 5 5 5 5 23 5 5 5 5 5 1524758591.177111
 5 5 5 5 5 5 23 5 5 5 5 5 1524758591.183352
 5 5 5 5 5 5 23 5 5 5 5 5 1524758591.189238
 5 5 5 5 5 5 23 5 5 5 5 5 1524758591.196116
 5 5 5 5 5 5 23 5 5 5 5 5 1524758591.201983
 5 5 5 5 5 5 23 5 5 5 5 5 1524758591.207988
 5 5 5 5 5 5 23 5 5 5 5 5 1524758591.214116
 5 5 5 5 5 5 23 5 5 5 5 5 1524758591.219994
 5 5 5 5 5 5 23 5 5 5 5 5 1524758591.226493
 5 5 5 5 5 5 23 5 5 5 5 5 1524758591.232355
 5 5 5 5 5 5 23 5 5 5 5 5 1524758591.238240
 5 5 5 5 5 5 23 5 5 5 5 5 1524758591.244366
 5 5 5 5 5 5 23 5 5 5 5 5 1524758591.250240
 5 5 5 5 5 5 23 5 5 5 5 5 1524758591.256623
 5 5 5 5 5 5 23 5 5 5 5 5 1524758591.262490
 5 5 5 5 5 5 23 5 5 5 5 5 1524758591.268366
 5 5 5 5 5 5 23 5 5 5 5 5 1524758591.274741
 5 5 5 5 5 5 23 5 5 5 5 5 1524758591.280611
 5 5 5 5 5 5 23 5 5 5 5 5 1524758591.286990
 5 5 5 5 5 5 23 5 5 5 5 5 1524758591.292885
 5 5 5 5 5 5 23 5 5 5 5 5 1524758591.298737
 5 5 5 5 5 5 23 5 5 5 5 5 1524758591.304986
 5 5 5 5 5 5 23 5 5 5 5 5 1524758591.310860
 5 5 5 5 5 5 23 5 5 5 5 5 1524758591.317617
 5 5 5 5 5 5 20 5 5 5 5 5 1524758591.323864
 5 5 5 5 5 5 23 5 5 5 5 5 1524758591.329737
 5 5 5 5 5 5 23 5 5 5 5 5 1524758591.335986
 5 5 5 5 5 5 23 5 5 5 5 5 1524758591.341865
 5 5 5 5 5 5 23 5 5 5 5 5 1524758591.348119
 5 5 5 5 5 5 23 5 5 5 5 5 1524758591.354486
 5 5 5 5 5 5 23 5 5 5 5 5 1524758591.360360
 5 5 5 5 5 5 23 5 5 5 5 5 1524758591.366595
 5 5 5 5 5 5 23 5 5 5 5 5 1524758591.372345
 5 5 5 5 5 5 23 5 5 5 5 5 1524758591.379596
 5 5 5 5 5 5 23 5 5 5 5 5 1524758591.386110
 5 5 5 5 5 5 23 5 5 5 5 5 1524758591.391987
 5 5 5 5 5 5 23 5 5 5 5 5 1524758591.398360
 5 5 5 5 5 5 20 5 5 5 5 5 1524758591.404234
 5 5 5 5 5 5 23 5 5 5 5 5 1524758591.410857
 5 5 5 5 5 5 23 5 5 5 5 5 1524758591.417109
 5 5 5 5 5 5 23 5 5 5 5 5 1524758591.422985
 5 5 5 5 5 5 23 5 5 5 5 5 1524758591.429238
 5 5 5 5 5 5 23 5 5 5 5 5 1524758591.435481
 5 5 5 5 5 5 23 5 5 5 5 5 1524758591.442233
 5 5 5 5 5 5 23 5 5 5 5 5 1524758591.448359
 5 5 5 5 5 5 23 5 5 5 5 5 1524758591.454746
 5 5 5 5 5 5 23 5 5 5 5 5 1524758591.460612
 5 5 5 5 5 5 23 5 5 5 5 5 1524758591.466895
 5 5 5 5 5 5 23 5 5 5 5 5 1524758591.473608
 5 5 5 5 5 5 23 5 5 5 5 5 1524758591.479984
 5 5 5 5 5 5 23 5 5 5 5 5 1524758591.486226
 5 5 5 5 5 5 23 5 5 5 5 5 1524758591.492107
 5 5 5 5 5 5 23 5 5 5 5 5 1524758591.498359
 5 5 5 5 5 5 23 5 5 5 5 5 1524758591.505231
 5 5 5 5 5 5 23 5 5 5 5 5 1524758591.511106
 5 5 5 5 5 5 23 5 5 5 5 5 1524758591.517481
 5 5 5 5 5 5 23 5 5 5 5 5 1524758591.523356
 5 5 5 5 5 5 23 5 5 5 5 5 1524758591.529986
 5 5 5 5 5 5 23 5 5 5 5 5 1524758591.535857
 5 5 5 5 5 5 23 5 5 5 5 5 1524758591.541742
 5 5 5 5 5 5 23 5 5 5 5 5 1524758591.547856
 5 5 5 5 5 5 23 5 5 5 5 5 1524758591.553726
 5 5 5 5 5 5 23 5 5 5 5 5 1524758591.560733
 5 5 5 5 5 5 23 5 5 5 5 5 1524758591.566982
 5 5 5 5 5 5 23 5 5 5 5 5 1524758591.572855
 5 5 5 5 5 5 23 5 5 5 5 5 1524758591.579104
 5 5 5 5 5 5 23 5 5 5 5 5 1524758591.584979
 5 5 5 5 5 5 23 5 5 5 5 5 1524758591.591484
 5 5 5 5 5 5 23 5 5 5 5 5 1524758591.597727
 5 5 5 5 5 5 23 5 5 5 5 5 1524758591.603619
 5 5 5 5 5 5 23 5 5 5 5 5 1524758591.609849
 5 5 5 5 5 5 23 5 5 5 5 5 1524758591.616353
 5 5 5 5 5 5 23 5 5 5 5 5 1524758591.623103
 5 5 5 5 5 5 23 5 5 5 5 5 1524758591.629352
 5 5 5 5 5 5 23 5 5 5 5 5 1524758591.635222
 5 5 5 5 5 5 23 5 5 5 5 5 1524758591.641349
 5 5 5 5 5 5 23 5 5 5 5 5 1524758591.647228
 5 5 5 5 5 5 23 5 5 5 5 5 1524758591.653851
 5 5 5 5 5 5 23 5 5 5 5 5 1524758591.660094
 5 5 5 5 5 5 23 5 5 5 5 5 1524758591.665966
 5 5 5 5 5 5 23 5 5 5 5 5 1524758591.671963
 5 5 5 5 5 5 23 5 5 5 5 5 1524758591.678216
 5 5 5 5 5 5 23 5 5 5 5 5 1524758591.684962
 5 5 5 5 5 5 23 5 5 5 5 5 1524758591.691350
 5 5 5 5 5 5 23 5 5 5 5 5 1524758591.697223
 5 5 5 5 5 5 23 5 5 5 5 5 1524758591.703099
 5 5 5 5 5 5 23 5 5 5 5 5 1524758591.709272
 5 5 5 5 5 5 23 5 5 5 5 5 1524758591.715846
 5 5 5 5 5 5 23 5 5 5 5 5 1524758591.722101
 5 5 5 5 5 5 23 5 5 5 5 5 1524758591.728468
 5 5 5 5 5 5 23 5 5 5 5 5 1524758591.734349
 5 5 5 5 5 5 23 5 5 5 5 5 1524758591.741746
 5 5 5 5 5 5 23 5 5 5 5 5 1524758591.747607
 5 5 5 5 5 5 23 5 5 5 5 5 1524758591.753477
 5 5 5 5 5 5 23 5 5 5 5 5 1524758591.759720
 5 5 5 5 5 5 23 5 5 5 5 5 1524758591.765611
 5 5 5 5 5 5 23 5 5 5 5 5 1524758591.772229
 5 5 5 5 5 5 20 5 5 5 5 5 1524758591.778110
 5 5 5 5 5 5 23 5 5 5 5 5 1524758591.783969
 5 5 5 5 5 5 23 5 5 5 5 5 1524758591.790224
 5 5 5 5 5 5 23 5 5 5 5 5 1524758591.796098
 5 5 5 5 5 5 23 5 5 5 5 5 1524758591.802727
 5 5 5 5 5 5 23 5 5 5 5 5 1524758591.808611
 5 5 5 5 5 5 23 5 5 5 5 5 1524758591.814471
 5 5 5 5 5 5 23 5 5 5 5 5 1524758591.820713
 5 5 5 5 5 5 23 5 5 5 5 5 1524758591.826613
 5 5 5 5 5 5 23 5 5 5 5 5 1524758591.833222
 5 5 5 5 5 5 23 5 5 5 5 5 1524758591.839092
 5 5 5 5 5 5 23 5 5 5 5 5 1524758591.844969
 5 5 5 5 5 5 23 5 5 5 5 5 1524758591.851078
 5 5 5 5 5 5 23 5 5 5 5 5 1524758591.856966
 5 5 5 5 5 5 23 5 5 5 5 5 1524758591.863847
 5 5 5 5 5 5 23 5 5 5 5 5 1524758591.869716
 5 5 5 5 5 5 23 5 5 5 5 5 1524758591.875618
 5 5 5 5 5 5 23 5 5 5 5 5 1524758591.881844
 5 5 5 5 5 5 23 5 5 5 5 5 1524758591.887718
 5 5 5 5 5 5 23 5 5 5 5 5 1524758591.893975
 5 5 5 5 5 5 23 5 5 5 5 5 1524758591.899841
 5 5 5 5 5 5 23 5 5 5 5 5 1524758591.905720
 5 5 5 5 5 5 23 5 5 5 5 5 1524758591.911967
 5 5 5 5 5 5 23 5 5 5 5 5 1524758591.917836
 5 5 5 5 5 5 23 5 5 5 5 5 1524758591.924346
 5 5 5 5 5 5 23 5 5 5 5 5 1524758591.930218
 5 5 5 5 5 5 23 5 5 5 5 5 1524758591.936095
 5 5 5 5 5 5 23 5 5 5 5 5 1524758591.942466
 5 5 5 5 5 5 23 5 5 5 5 5 1524758591.948342
 5 5 5 5 5 5 23 5 5 5 5 5 1524758591.955621
 5 5 5 5 5 5 23 5 5 5 5 5 1524758591.961841
 5 5 5 5 5 5 23 5 5 5 5 5 1524758591.967718
 5 5 5 5 5 5 23 5 5 5 5 5 1524758591.973840
 5 5 5 5 5 5 23 5 5 5 5 5 1524758591.980217
 5 5 5 5 5 5 23 5 5 5 5 5 1524758591.986966
 5 5 5 5 5 5 23 5 5 5 5 5 1524758591.992965
 5 5 5 5 5 5 23 5 5 5 5 5 1524758591.998849
 5 5 5 5 5 5 23 5 5 5 5 5 1524758592.005073
 5 5 5 5 5 5 23 5 5 5 5 5 1524758592.010958
 5 5 5 5 5 5 23 5 5 5 5 5 1524758592.017699
 5 5 5 5 5 5 23 5 5 5 5 5 1524758592.023842
 5 5 5 5 5 5 23 5 5 5 5 5 1524758592.029711
 5 5 5 5 5 5 23 5 5 5 5 5 1524758592.035713
 5 5 5 5 5 5 23 5 5 5 5 5 1524758592.041595
 5 5 5 5 5 5 23 5 5 5 5 5 1524758592.048331
 5 5 5 5 5 5 23 5 5 5 5 5 1524758592.054610
 5 5 5 5 5 5 23 5 5 5 5 5 1524758592.060464
 5 5 5 5 5 5 23 5 5 5 5 5 1524758592.066608
 5 5 5 5 5 5 23 5 5 5 5 5 1524758592.072710
 5 5 5 5 5 5 23 5 5 5 5 5 1524758592.079459
 5 5 5 5 5 5 23 5 5 5 5 5 1524758592.085837
 5 5 5 5 5 5 23 5 5 5 5 5 1524758592.091711
 5 5 5 5 5 5 23 5 5 5 5 5 1524758592.097600
 5 5 5 5 5 5 23 5 5 5 5 5 1524758592.103836
 5 5 5 5 5 5 23 5 5 5 5 5 1524758592.110612
 5 5 5 5 5 5 23 5 5 5 5 5 1524758592.116722
 5 5 5 5 5 5 23 5 5 5 5 5 1524758592.122645
 5 5 5 5 5 5 23 5 5 5 5 5 1524758592.128461
 5 5 5 5 5 5 23 5 5 5 5 5 1524758592.134707
 5 5 5 5 5 5 23 5 5 5 5 5 1524758592.141464
 5 5 5 5 5 5 23 5 5 5 5 5 1524758592.147605
 5 5 5 5 5 5 23 5 5 5 5 5 1524758592.153835
 5 5 5 5 5 5 23 5 5 5 5 5 1524758592.159577
 5 5 5 5 5 5 23 5 5 5 5 5 1524758592.165707
 5 5 5 5 5 5 23 5 5 5 5 5 1524758592.172828
 5 5 5 5 5 5 23 5 5 5 5 5 1524758592.178707
 5 5 5 5 5 5 23 5 5 5 5 5 1524758592.184957
 5 5 5 5 5 5 23 5 5 5 5 5 1524758592.190829
 5 5 5 5 5 5 23 5 5 5 5 5 1524758592.196836
 5 5 5 5 5 5 23 5 5 5 5 5 1524758592.203460
 5 5 5 5 5 5 23 5 5 5 5 5 1524758592.209335
 5 5 5 5 5 5 20 5 5 5 5 5 1524758592.215606
 5 5 5 5 5 5 23 5 5 5 5 5 1524758592.221457
 5 5 5 5 5 5 23 5 5 5 5 5 1524758592.228343
 5 5 5 5 5 5 23 5 5 5 5 5 1524758592.234210
 5 5 5 5 5 5 23 5 5 5 5 5 1524758592.240077
 5 5 5 5 5 5 23 5 5 5 5 5 1524758592.246330
 5 5 5 5 5 5 23 5 5 5 5 5 1524758592.252205
 5 5 5 5 5 5 23 5 5 5 5 5 1524758592.258605
 5 5 5 5 5 5 23 5 5 5 5 5 1524758592.264479
 5 5 5 5 5 5 23 5 5 5 5 5 1524758592.270328
 5 5 5 5 5 5 23 5 5 5 5 5 1524758592.276456
 5 5 5 5 5 5 23 5 5 5 5 5 1524758592.282324
 5 5 5 5 5 5 23 5 5 5 5 5 1524758592.288722
 5 5 5 5 5 5 23 5 5 5 5 5 1524758592.294595
 5 5 5 5 5 5 23 5 5 5 5 5 1524758592.300332
 5 5 5 5 5 5 23 5 5 5 5 5 1524758592.306710
 5 5 5 5 5 5 23 5 5 5 5 5 1524758592.312602
 5 5 5 5 5 5 23 5 5 5 5 5 1524758592.318957
 5 5 5 5 5 5 23 5 5 5 5 5 1524758592.325079
 5 5 5 5 5 5 23 5 5 5 5 5 1524758592.330953
 5 5 5 5 5 5 23 5 5 5 5 5 1524758592.337198
 5 5 5 5 5 5 23 5 5 5 5 5 1524758592.343088
 5 5 5 5 5 5 23 5 5 5 5 5 1524758592.349705
 5 5 5 5 5 5 23 5 5 5 5 5 1524758592.355595
 5 5 5 5 5 5 23 5 5 5 5 5 1524758592.361451
 5 5 5 5 5 5 23 5 5 5 5 5 1524758592.367686
 5 5 5 5 5 5 23 5 5 5 5 5 1524758592.373586
 5 5 5 5 5 5 23 5 5 5 5 5 1524758592.380336
 5 5 5 5 5 5 23 5 5 5 5 5 1524758592.386451
 5 5 5 5 5 5 23 5 5 5 5 5 1524758592.392325
 5 5 5 5 5 5 23 5 5 5 5 5 1524758592.398598
 5 5 5 5 5 5 23 5 5 5 5 5 1524758592.404456
 5 5 5 5 5 5 23 5 5 5 5 5 1524758592.410815
 5 5 5 5 5 5 23 5 5 5 5 5 1524758592.417820
 5 5 5 5 5 5 23 5 5 5 5 5 1524758592.423695
 5 5 5 5 5 5 23 5 5 5 5 5 1524758592.429941
 5 5 5 5 5 5 23 5 5 5 5 5 1524758592.436200
 5 5 5 5 5 5 23 5 5 5 5 5 1524758592.442942
 5 5 5 5 5 5 23 5 5 5 5 5 1524758592.449200
 5 5 5 5 5 5 23 5 5 5 5 5 1524758592.455076
 5 5 5 5 5 5 23 5 5 5 5 5 1524758592.461322
 5 5 5 5 5 5 23 5 5 5 5 5 1524758592.467204
 5 5 5 5 5 5 23 5 5 5 5 5 1524758592.473818
 5 5 5 5 5 5 23 5 5 5 5 5 1524758592.479950
 5 5 5 5 5 5 23 5 5 5 5 5 1524758592.485827
 5 5 5 5 5 5 23 5 5 5 5 5 1524758592.491943
 5 5 5 5 5 5 23 5 5 5 5 5 1524758592.497825
 5 5 5 5 5 5 23 5 5 5 5 5 1524758592.504449
 5 5 5 5 5 5 23 5 5 5 5 5 1524758592.510694
 5 5 5 5 5 5 23 5 5 5 5 5 1524758592.516593
 5 5 5 5 5 5 23 5 5 5 5 5 1524758592.522816
 5 5 5 5 5 5 23 5 5 5 5 5 1524758592.528947
 5 5 5 5 5 5 23 5 5 5 5 5 1524758592.535704
 5 5 5 5 5 5 23 5 5 5 5 5 1524758592.541698
 5 5 5 5 5 5 23 5 5 5 5 5 1524758592.547946
 5 5 5 5 5 5 23 5 5 5 5 5 1524758592.553679
 5 5 5 5 5 5 23 5 5 5 5 5 1524758592.559930
 5 5 5 5 5 5 23 5 5 5 5 5 1524758592.566428
 5 5 5 5 5 5 23 5 5 5 5 5 1524758592.572697
 5 5 5 5 5 5 23 5 5 5 5 5 1524758592.578594
 5 5 5 5 5 5 23 5 5 5 5 5 1524758592.584445
 5 5 5 5 5 5 23 5 5 5 5 5 1524758592.590825
 5 5 5 5 5 5 23 5 5 5 5 5 1524758592.597444
 5 5 5 5 5 5 23 5 5 5 5 5 1524758592.603695
 5 5 5 5 5 5 23 5 5 5 5 5 1524758592.609948
 5 5 5 5 5 5 23 5 5 5 5 5 1524758592.615697
 5 5 5 5 5 5 23 5 5 5 5 5 1524758592.621944
 5 5 5 5 5 5 23 5 5 5 5 5 1524758592.628945
 5 5 5 5 5 5 23 5 5 5 5 5 1524758592.634815
 5 5 5 5 5 5 23 5 5 5 5 5 1524758592.641067
 5 5 5 5 5 5 23 5 5 5 5 5 1524758592.646941
 5 5 5 5 5 5 23 5 5 5 5 5 1524758592.654230
 5 5 5 5 5 5 23 5 5 5 5 5 1524758592.660442
 5 5 5 5 5 5 23 5 5 5 5 5 1524758592.666319
 5 5 5 5 5 5 23 5 5 5 5 5 1524758592.672589
 5 5 5 5 5 5 23 5 5 5 5 5 1524758592.678442
 5 5 5 5 5 5 23 5 5 5 5 5 1524758592.685692
 5 5 5 5 5 5 23 5 5 5 5 5 1524758592.691819
 5 5 5 5 5 5 23 5 5 5 5 5 1524758592.697689
 5 5 5 5 5 5 23 5 5 5 5 5 1524758592.703938
 5 5 5 5 5 5 23 5 5 5 5 5 1524758592.709832
 5 5 5 5 5 5 23 5 5 5 5 5 1524758592.716588
 5 5 5 5 5 5 23 5 5 5 5 5 1524758592.722693
 5 5 5 5 5 5 23 5 5 5 5 5 1524758592.728691
 5 5 5 5 5 5 23 5 5 5 5 5 1524758592.734949
 5 5 5 5 5 5 23 5 5 5 5 5 1524758592.741313
 5 5 5 5 5 5 23 5 5 5 5 5 1524758592.748057
 5 5 5 5 5 5 23 5 5 5 5 5 1524758592.754309
 5 5 5 5 5 5 23 5 5 5 5 5 1524758592.760317
 5 5 5 5 5 5 23 5 5 5 5 5 1524758592.766186
 5 5 5 5 5 5 23 5 5 5 5 5 1524758592.772640
 5 5 5 5 5 5 23 5 5 5 5 5 1524758592.779190
 5 5 5 5 5 5 23 5 5 5 5 5 1524758592.785315
 5 5 5 5 5 5 23 5 5 5 5 5 1524758592.791179
 5 5 5 5 5 5 23 5 5 5 5 5 1524758592.797065
 5 5 5 5 5 5 23 5 5 5 5 5 1524758592.803311
 5 5 5 5 5 5 23 5 5 5 5 5 1524758592.809938
 5 5 5 5 5 5 23 5 5 5 5 5 1524758592.816061
 5 5 5 5 5 5 23 5 5 5 5 5 1524758592.822312
 5 5 5 5 5 5 23 5 5 5 5 5 1524758592.828188
 5 5 5 5 5 5 23 5 5 5 5 5 1524758592.835535
 5 5 5 5 5 5 23 5 5 5 5 5 1524758592.841309
 5 5 5 5 5 5 23 5 5 5 5 5 1524758592.847184
 5 5 5 5 5 5 23 5 5 5 5 5 1524758592.853435
 5 5 5 5 5 5 23 5 5 5 5 5 1524758592.859307
 5 5 5 5 5 5 23 5 5 5 5 5 1524758592.866585
 5 5 5 5 5 5 23 5 5 5 5 5 1524758592.872809
 5 5 5 5 5 5 23 5 5 5 5 5 1524758592.878683
 5 5 5 5 5 5 23 5 5 5 5 5 1524758592.884803
 5 5 5 5 5 5 23 5 5 5 5 5 1524758592.890683
 5 5 5 5 5 5 23 5 5 5 5 5 1524758592.897587
 5 5 5 5 5 5 23 5 5 5 5 5 1524758592.903679
 5 5 5 5 5 5 23 5 5 5 5 5 1524758592.909590
 5 5 5 5 5 5 23 5 5 5 5 5 1524758592.915792
 5 5 5 5 5 5 23 5 5 5 5 5 1524758592.922060
 5 5 5 5 5 5 20 5 5 5 5 5 1524758592.928059
 5 5 5 5 5 5 23 5 5 5 5 5 1524758592.934572
 5 5 5 5 5 5 23 5 5 5 5 5 1524758592.940433
 5 5 5 5 5 5 23 5 5 5 5 5 1524758592.946684
 5 5 5 5 5 5 23 5 5 5 5 5 1524758592.952569
 5 5 5 5 5 5 23 5 5 5 5 5 1524758592.959304
 5 5 5 5 5 5 23 5 5 5 5 5 1524758592.965578
 5 5 5 5 5 5 23 5 5 5 5 5 1524758592.971430
 5 5 5 5 5 5 23 5 5 5 5 5 1524758592.977686
 5 5 5 5 5 5 23 5 5 5 5 5 1524758592.983930
 5 5 5 5 5 5 23 5 5 5 5 5 1524758592.990679
 5 5 5 5 5 5 23 5 5 5 5 5 1524758592.996930
 5 5 5 5 5 5 23 5 5 5 5 5 1524758593.002807
 5 5 5 5 5 5 23 5 5 5 5 5 1524758593.008675
 5 5 5 5 5 5 23 5 5 5 5 5 1524758593.015056
 5 5 5 5 5 5 23 5 5 5 5 5 1524758593.021809
 5 5 5 5 5 5 23 5 5 5 5 5 1524758593.028053
 5 5 5 5 5 5 23 5 5 5 5 5 1524758593.034430
 5 5 5 5 5 5 23 5 5 5 5 5 1524758593.040299
 5 5 5 5 5 5 23 5 5 5 5 5 1524758593.046570
 5 5 5 5 5 5 23 5 5 5 5 5 1524758593.053307
 5 5 5 5 5 5 23 5 5 5 5 5 1524758593.059179
 5 5 5 5 5 5 23 5 5 5 5 5 1524758593.065427
 5 5 5 5 5 5 23 5 5 5 5 5 1524758593.071161
 5 5 5 5 5 5 23 5 5 5 5 5 1524758593.077433
 5 5 5 5 5 5 23 5 5 5 5 5 1524758593.084169
 5 5 5 5 5 5 23 5 5 5 5 5 1524758593.090176
 5 5 5 5 5 5 23 5 5 5 5 5 1524758593.096430
 5 5 5 5 5 5 23 5 5 5 5 5 1524758593.102300
 5 5 5 5 5 5 23 5 5 5 5 5 1524758593.108930
 5 5 5 5 5 5 23 5 5 5 5 5 1524758593.115299
 5 5 5 5 5 5 23 5 5 5 5 5 1524758593.121176
 5 5 5 5 5 5 23 5 5 5 5 5 1524758593.127429
 5 5 5 5 5 5 23 5 5 5 5 5 1524758593.133302
 5 5 5 5 5 5 23 5 5 5 5 5 1524758593.139925
 5 5 5 5 5 5 23 5 5 5 5 5 1524758593.146178
 5 5 5 5 5 5 23 5 5 5 5 5 1524758593.152052
 5 5 5 5 5 5 23 5 5 5 5 5 1524758593.158173
 5 5 5 5 5 5 23 5 5 5 5 5 1524758593.164332
 5 5 5 5 5 5 23 5 5 5 5 5 1524758593.171304
 5 5 5 5 5 5 23 5 5 5 5 5 1524758593.177576
 5 5 5 5 5 5 23 5 5 5 5 5 1524758593.183424
 5 5 5 5 5 5 23 5 5 5 5 5 1524758593.189567
 5 5 5 5 5 5 23 5 5 5 5 5 1524758593.195423
 5 5 5 5 5 5 23 5 5 5 5 5 1524758593.202179
 5 5 5 5 5 5 23 5 5 5 5 5 1524758593.208429
 5 5 5 5 5 5 23 5 5 5 5 5 1524758593.214298
 5 5 5 5 5 5 23 5 5 5 5 5 1524758593.220658
 5 5 5 5 5 5 23 5 5 5 5 5 1524758593.226908
 5 5 5 5 5 5 23 5 5 5 5 5 1524758593.233407
 5 5 5 5 5 5 23 5 5 5 5 5 1524758593.239684
 5 5 5 5 5 5 23 5 5 5 5 5 1524758593.245675
 5 5 5 5 5 5 23 5 5 5 5 5 1524758593.251546
 5 5 5 5 5 5 23 5 5 5 5 5 1524758593.257797
 5 5 5 5 5 5 23 5 5 5 5 5 1524758593.264575
 5 5 5 5 5 5 23 5 5 5 5 5 1524758593.270798
 5 5 5 5 5 5 23 5 5 5 5 5 1524758593.277043
 5 5 5 5 5 5 23 5 5 5 5 5 1524758593.283049
 5 5 5 5 5 5 23 5 5 5 5 5 1524758593.289048
 5 5 5 5 5 5 23 5 5 5 5 5 1524758593.296044
 5 5 5 5 5 5 23 5 5 5 5 5 1524758593.301919
 5 5 5 5 5 5 23 5 5 5 5 5 1524758593.307922
 5 5 5 5 5 5 23 5 5 5 5 5 1524758593.314171
 5 5 5 5 5 5 23 5 5 5 5 5 1524758593.320923
 5 5 5 5 5 5 23 5 5 5 5 5 1524758593.327046
 5 5 5 5 5 5 23 5 5 5 5 5 1524758593.333297
 5 5 5 5 5 5 23 5 5 5 5 5 1524758593.339169
 5 5 5 5 5 5 23 5 5 5 5 5 1524758593.345421
 5 5 5 5 5 5 23 5 5 5 5 5 1524758593.352237
 5 5 5 5 5 5 23 5 5 5 5 5 1524758593.358044
 5 5 5 5 5 5 23 5 5 5 5 5 1524758593.364420
 5 5 5 5 5 5 23 5 5 5 5 5 1524758593.370294
 5 5 5 5 5 5 23 5 5 5 5 5 1524758593.376293
 5 5 5 5 5 5 23 5 5 5 5 5 1524758593.383034
 5 5 5 5 5 5 23 5 5 5 5 5 1524758593.388918
 5 5 5 5 5 5 23 5 5 5 5 5 1524758593.395167
 5 5 5 5 5 5 23 5 5 5 5 5 1524758593.401044
 5 5 5 5 5 5 23 5 5 5 5 5 1524758593.407169
 5 5 5 5 5 5 23 5 5 5 5 5 1524758593.414163
 5 5 5 5 5 5 23 5 5 5 5 5 1524758593.420041
 5 5 5 5 5 5 23 5 5 5 5 5 1524758593.426290
 5 5 5 5 5 5 23 5 5 5 5 5 1524758593.432166
 5 5 5 5 5 5 23 5 5 5 5 5 1524758593.438319
 5 5 5 5 5 5 23 5 5 5 5 5 1524758593.445416
 5 5 5 5 5 5 23 5 5 5 5 5 1524758593.451288
 5 5 5 5 5 5 23 5 5 5 5 5 1524758593.457407
 5 5 5 5 5 5 20 5 5 5 5 5 1524758593.463540
 5 5 5 5 5 5 23 5 5 5 5 5 1524758593.469414
 5 5 5 5 5 5 23 5 5 5 5 5 1524758593.476660
 5 5 5 5 5 5 23 5 5 5 5 5 1524758593.482538
 5 5 5 5 5 5 23 5 5 5 5 5 1524758593.488649
 5 5 5 5 5 5 23 5 5 5 5 5 1524758593.494539
 5 5 5 5 5 5 23 5 5 5 5 5 1524758593.500274
 5 5 5 5 5 5 23 5 5 5 5 5 1524758593.507317
 5 5 5 5 5 5 23 5 5 5 5 5 1524758593.513165
 5 5 5 5 5 5 23 5 5 5 5 5 1524758593.519415
 5 5 5 5 5 5 23 5 5 5 5 5 1524758593.525287
 5 5 5 5 5 5 23 5 5 5 5 5 1524758593.531289
 5 5 5 5 5 5 23 5 5 5 5 5 1524758593.538540
 5 5 5 5 5 5 23 5 5 5 5 5 1524758593.544964
 5 5 5 5 5 5 23 5 5 5 5 5 1524758593.550779
 5 5 5 5 5 5 23 5 5 5 5 5 1524758593.556913
 5 5 5 5 5 5 23 5 5 5 5 5 1524758593.562788
 5 5 5 5 5 5 20 5 5 5 5 5 1524758593.570031
 5 5 5 5 5 5 23 5 5 5 5 5 1524758593.576414
 5 5 5 5 5 5 23 5 5 5 5 5 1524758593.582270
 5 5 5 5 5 5 23 5 5 5 5 5 1524758593.588533
 5 5 5 5 5 5 23 5 5 5 5 5 1524758593.595786
 5 5 5 5 5 5 23 5 5 5 5 5 1524758593.601660
 5 5 5 5 5 5 23 5 5 5 5 5 1524758593.607912
 5 5 5 5 5 5 23 5 5 5 5 5 1524758593.613784
 5 5 5 5 5 5 23 5 5 5 5 5 1524758593.620036
 5 5 5 5 5 5 23 5 5 5 5 5 1524758593.626776
 5 5 5 5 5 5 23 5 5 5 5 5 1524758593.632661
 5 5 5 5 5 5 23 5 5 5 5 5 1524758593.638913
 5 5 5 5 5 5 23 5 5 5 5 5 1524758593.644782
 5 5 5 5 5 5 23 5 5 5 5 5 1524758593.650910
 5 5 5 5 5 5 23 5 5 5 5 5 1524758593.658041
 5 5 5 5 5 5 23 5 5 5 5 5 1524758593.663908
 5 5 5 5 5 5 23 5 5 5 5 5 1524758593.670161
 5 5 5 5 5 5 23 5 5 5 5 5 1524758593.676017
 5 5 5 5 5 5 23 5 5 5 5 5 1524758593.682269
 5 5 5 5 5 5 23 5 5 5 5 5 1524758593.689392
 5 5 5 5 5 5 23 5 5 5 5 5 1524758593.695285
 5 5 5 5 5 5 23 5 5 5 5 5 1524758593.701406
 5 5 5 5 5 5 23 5 5 5 5 5 1524758593.707610
 5 5 5 5 5 5 23 5 5 5 5 5 1524758593.713407
 5 5 5 5 5 5 23 5 5 5 5 5 1524758593.720532
 5 5 5 5 5 5 23 5 5 5 5 5 1524758593.726409
 5 5 5 5 5 5 23 5 5 5 5 5 1524758593.732533
 5 5 5 5 5 5 23 5 5 5 5 5 1524758593.738409
 5 5 5 5 5 5 23 5 5 5 5 5 1524758593.744410
 5 5 5 5 5 5 23 5 5 5 5 5 1524758593.751654
 5 5 5 5 5 5 23 5 5 5 5 5 1524758593.758035
 5 5 5 5 5 5 23 5 5 5 5 5 1524758593.763904
 5 5 5 5 5 5 23 5 5 5 5 5 1524758593.770280
 5 5 5 5 5 5 23 5 5 5 5 5 1524758593.776905
 5 5 5 5 5 5 23 5 5 5 5 5 1524758593.783154
 5 5 5 5 5 5 23 5 5 5 5 5 1524758593.789533
 5 5 5 5 5 5 23 5 5 5 5 5 1524758593.795406
 5 5 5 5 5 5 23 5 5 5 5 5 1524758593.801649
 5 5 5 5 5 5 23 5 5 5 5 5 1524758593.807532
 5 5 5 5 5 5 23 5 5 5 5 5 1524758593.813906
 5 5 5 5 5 5 23 5 5 5 5 5 1524758593.820027
 5 5 5 5 5 5 23 5 5 5 5 5 1524758593.825905
 5 5 5 5 5 5 23 5 5 5 5 5 1524758593.832033
 5 5 5 5 5 5 23 5 5 5 5 5 1524758593.838541
 5 5 5 5 5 5 23 5 5 5 5 5 1524758593.844396
 5 5 5 5 5 5 23 5 5 5 5 5 1524758593.850653
 5 5 5 5 5 5 20 5 5 5 5 5 1524758593.856527
 5 5 5 5 5 5 23 5 5 5 5 5 1524758593.862648
 5 5 5 5 5 5 23 5 5 5 5 5 1524758593.869532
 5 5 5 5 5 5 23 5 5 5 5 5 1524758593.875278
 5 5 5 5 5 5 23 5 5 5 5 5 1524758593.881526
 5 5 5 5 5 5 23 5 5 5 5 5 1524758593.887401
 5 5 5 5 5 5 23 5 5 5 5 5 1524758593.893649
 5 5 5 5 5 5 23 5 5 5 5 5 1524758593.900650
 5 5 5 5 5 5 23 5 5 5 5 5 1524758593.906525
 5 5 5 5 5 5 23 5 5 5 5 5 1524758593.912777
 5 5 5 5 5 5 23 5 5 5 5 5 1524758593.918649
 5 5 5 5 5 5 23 5 5 5 5 5 1524758593.924648
 5 5 5 5 5 5 23 5 5 5 5 5 1524758593.931899
 5 5 5 5 5 5 23 5 5 5 5 5 1524758593.937772
 5 5 5 5 5 5 23 5 5 5 5 5 1524758593.943769
 5 5 5 5 5 5 23 5 5 5 5 5 1524758593.950026
 5 5 5 5 5 5 23 5 5 5 5 5 1524758593.955898
 5 5 5 5 5 5 23 5 5 5 5 5 1524758593.963142
 5 5 5 5 5 5 23 5 5 5 5 5 1524758593.969025
 5 5 5 5 5 5 23 5 5 5 5 5 1524758593.975133
 5 5 5 5 5 5 23 5 5 5 5 5 1524758593.980892
 5 5 5 5 5 5 23 5 5 5 5 5 1524758593.986773
 5 5 5 5 5 5 23 5 5 5 5 5 1524758593.993757
 5 5 5 5 5 5 23 5 5 5 5 5 1524758593.999770
 5 5 5 5 5 5 23 5 5 5 5 5 1524758594.006025
 5 5 5 5 5 5 23 5 5 5 5 5 1524758594.012271
 5 5 5 5 5 5 23 5 5 5 5 5 1524758594.018149
 5 5 5 5 5 5 23 5 5 5 5 5 1524758594.025269
 5 5 5 5 5 5 23 5 5 5 5 5 1524758594.031396
 5 5 5 5 5 5 23 5 5 5 5 5 1524758594.037271
 5 5 5 5 5 5 23 5 5 5 5 5 1524758594.043389
 5 5 5 5 5 5 23 5 5 5 5 5 1524758594.049274
 5 5 5 5 5 5 23 5 5 5 5 5 1524758594.056146
 5 5 5 5 5 5 23 5 5 5 5 5 1524758594.062021
 5 5 5 5 5 5 23 5 5 5 5 5 1524758594.067896
 5 5 5 5 5 5 23 5 5 5 5 5 1524758594.074137
 5 5 5 5 5 5 23 5 5 5 5 5 1524758594.080770
 5 5 5 5 5 5 23 5 5 5 5 5 1524758594.087020
 5 5 5 5 5 5 23 5 5 5 5 5 1524758594.093394
 5 5 5 5 5 5 23 5 5 5 5 5 1524758594.099268
 5 5 5 5 5 5 23 5 5 5 5 5 1524758594.105515
 5 5 5 5 5 5 23 5 5 5 5 5 1524758594.112534
 5 5 5 5 5 5 23 5 5 5 5 5 1524758594.118396
 5 5 5 5 5 5 23 5 5 5 5 5 1524758594.124518
 5 5 5 5 5 5 23 5 5 5 5 5 1524758594.130392
 5 5 5 5 5 5 23 5 5 5 5 5 1524758594.136640
 5 5 5 5 5 5 23 5 5 5 5 5 1524758594.143399
 5 5 5 5 5 5 23 5 5 5 5 5 1524758594.149268
 5 5 5 5 5 5 23 5 5 5 5 5 1524758594.155643
 5 5 5 5 5 5 23 5 5 5 5 5 1524758594.161375
 5 5 5 5 5 5 23 5 5 5 5 5 1524758594.167376
 5 5 5 5 5 5 23 5 5 5 5 5 1524758594.174511
 5 5 5 5 5 5 23 5 5 5 5 5 1524758594.180391
 5 5 5 5 5 5 23 5 5 5 5 5 1524758594.186519
 5 5 5 5 5 5 23 5 5 5 5 5 1524758594.192392
 5 5 5 5 5 5 23 5 5 5 5 5 1524758594.198633
 5 5 5 5 5 5 23 5 5 5 5 5 1524758594.205641
 5 5 5 5 5 5 23 5 5 5 5 5 1524758594.211514
 5 5 5 5 5 5 23 5 5 5 5 5 1524758594.217639
 5 5 5 5 5 5 23 5 5 5 5 5 1524758594.223639
 5 5 5 5 5 5 23 5 5 5 5 5 1524758594.229666
 5 5 5 5 5 5 23 5 5 5 5 5 1524758594.236637
 5 5 5 5 5 5 23 5 5 5 5 5 1524758594.242514
 5 5 5 5 5 5 23 5 5 5 5 5 1524758594.248765
 5 5 5 5 5 5 23 5 5 5 5 5 1524758594.254638
 5 5 5 5 5 5 23 5 5 5 5 5 1524758594.260513
 5 5 5 5 5 5 23 5 5 5 5 5 1524758594.267636
 5 5 5 5 5 5 23 5 5 5 5 5 1524758594.273510
 5 5 5 5 5 5 23 5 5 5 5 5 1524758594.279638
 5 5 5 5 5 5 23 5 5 5 5 5 1524758594.285888
 5 5 5 5 5 5 23 5 5 5 5 5 1524758594.291766
 5 5 5 5 5 5 23 5 5 5 5 5 1524758594.298884
 5 5 5 5 5 5 23 5 5 5 5 5 1524758594.305017
 5 5 5 5 5 5 23 5 5 5 5 5 1524758594.310890
 5 5 5 5 5 5 23 5 5 5 5 5 1524758594.317134
 5 5 5 5 5 5 23 5 5 5 5 5 1524758594.323400
 5 5 5 5 5 5 23 5 5 5 5 5 1524758594.329515
 5 5 5 5 5 5 23 5 5 5 5 5 1524758594.335389
 5 5 5 5 5 5 23 5 5 5 5 5 1524758594.341262
 5 5 5 5 5 5 23 5 5 5 5 5 1524758594.347514
 5 5 5 5 5 5 23 5 5 5 5 5 1524758594.353636
 5 5 5 5 5 5 23 5 5 5 5 5 1524758594.359885
 5 5 5 5 5 5 23 5 5 5 5 5 1524758594.365762
 5 5 5 5 5 5 23 5 5 5 5 5 1524758594.371631
 5 5 5 5 5 5 23 5 5 5 5 5 1524758594.377760
 5 5 5 5 5 5 23 5 5 5 5 5 1524758594.383766
 5 5 5 5 5 5 23 5 5 5 5 5 1524758594.390011
 5 5 5 5 5 5 23 5 5 5 5 5 1524758594.396168
 5 5 5 5 5 5 23 5 5 5 5 5 1524758594.402012
 5 5 5 5 5 5 23 5 5 5 5 5 1524758594.408134
 5 5 5 5 5 5 23 5 5 5 5 5 1524758594.415009
 5 5 5 5 5 5 23 5 5 5 5 5 1524758594.421388
 5 5 5 5 5 5 23 5 5 5 5 5 1524758594.427633
 5 5 5 5 5 5 23 5 5 5 5 5 1524758594.433505
 5 5 5 5 5 5 23 5 5 5 5 5 1524758594.439757
 5 5 5 5 5 5 23 5 5 5 5 5 1524758594.446633
 5 5 5 5 5 5 23 5 5 5 5 5 1524758594.452508
 5 5 5 5 5 5 23 5 5 5 5 5 1524758594.458631
 5 5