 804 92 6 5 86 126 166 5 151 127 5 5 1525764780.030149
 806 92 6 5 86 126 166 5 151 127 4 5 1525764780.081392
 805 94 6 5 86 126 165 5 151 127 5 5 1525764780.130515
 807 85 6 5 86 126 165 5 151 127 4 5 1525764780.182139
 804 93 6 5 86 126 166 5 151 127 5 5 1525764780.231639
 798 87 5 5 86 126 165 5 151 127 5 5 1525764780.283510
 807 93 6 5 86 126 165 5 151 127 4 5 1525764780.333008
 806 85 6 5 86 126 165 5 151 127 5 5 1525764780.382758
 806 94 6 5 86 126 165 5 151 127 5 5 1525764780.432131
 806 93 6 5 86 126 165 5 151 127 4 5 1525764780.484254
 806 87 6 5 86 126 166 5 151 127 5 5 1525764780.534759
 804 87 6 5 86 126 165 5 151 127 4 5 1525764780.583875
 807 79 4 5 86 126 165 5 151 127 5 5 1525764780.633873
 804 86 5 5 86 126 165 5 151 127 4 5 1525764780.683247
 804 87 6 5 86 126 165 5 151 127 5 5 1525764780.734496
 806 92 6 5 86 126 165 5 151 127 5 5 1525764780.785493
 804 93 6 5 86 126 166 5 151 127 5 5 1525764780.834368
 804 86 6 5 86 126 166 5 151 127 5 5 1525764780.884990
 804 86 5 5 86 126 166 5 151 127 5 5 1525764780.936489
 806 87 6 5 86 126 166 5 151 127 5 5 1525764781.036236
 807 85 5 5 86 126 166 5 151 127 6 5 1525764781.086484
 798 93 6 5 86 126 165 5 151 127 6 5 1525764781.135610
 799 92 6 5 86 126 165 5 151 127 5 5 1525764781.237852
 807 86 5 5 86 126 166 5 151 127 6 5 1525764781.286603
 806 84 5 5 86 126 165 5 151 127 6 5 1525764781.337849
 804 87 6 5 86 126 165 5 151 127 5 5 1525764781.388473
 804 84 5 5 86 126 166 5 151 127 5 5 1525764781.437222
 804 94 6 5 86 126 165 5 151 127 5 5 1525764781.488346
 807 87 6 5 86 126 165 5 151 127 5 5 1525764781.538842
 805 92 6 5 86 126 165 5 151 127 6 5 1525764781.589592
 807 87 5 5 86 126 166 5 151 127 5 5 1525764781.639964
 806 84 5 5 86 126 165 5 151 127 5 5 1525764781.740461
 805 87 6 5 86 126 165 5 151 127 5 5 1525764781.789084
 804 86 6 5 86 126 166 5 151 127 5 5 1525764781.840208
 798 94 6 5 86 126 165 5 151 127 5 5 1525764781.890707
 804 87 6 5 86 126 165 5 151 127 5 5 1525764781.991579
 805 84 5 5 86 126 165 5 151 127 5 5 1525764782.040326
 805 87 6 5 86 126 165 5 151 127 5 5 1525764782.091575
 804 84 5 5 86 126 165 5 151 127 5 5 1525764782.142699
 805 93 6 5 86 126 165 5 151 127 5 5 1525764782.190947
 805 92 6 5 86 126 166 5 151 127 5 5 1525764782.242069
 798 86 6 5 86 126 165 5 151 127 5 5 1525764782.292942
 807 87 6 5 86 126 166 5 151 127 4 5 1525764782.393817
 805 86 6 5 86 126 165 5 151 127 4 5 1525764782.443063
 807 93 6 5 86 126 165 5 151 127 5 5 1525764782.494685
 804 87 6 5 86 126 165 5 151 127 5 5 1525764782.543568
 805 94 6 5 86 126 165 5 151 127 5 5 1525764782.595057
 804 84 5 5 86 126 165 5 151 127 5 5 1525764782.643933
 806 93 6 5 86 126 165 5 151 127 5 5 1525764782.694053
 804 86 5 5 86 126 165 5 151 127 5 5 1525764782.745678
 805 85 5 5 86 126 165 5 151 127 5 5 1525764782.794051
 806 86 5 5 86 126 165 5 151 127 4 5 1525764782.845673
 791 85 5 5 86 126 165 5 151 127 5 5 1525764782.896797
 804 92 6 5 86 126 165 5 151 127 4 5 1525764782.945670
 798 87 6 5 86 126 166 5 151 127 5 5 1525764782.996167
 804 87 6 5 86 126 165 5 151 127 5 5 1525764783.047669
 806 86 5 5 86 126 165 5 151 127 5 5 1525764783.096541
 806 85 5 5 86 126 165 5 151 127 5 5 1525764783.147914
 805 87 6 5 86 126 165 5 151 127 6 5 1525764783.196288
 812 85 5 5 86 126 165 5 151 127 5 5 1525764783.248035
 799 92 6 5 86 126 165 5 151 127 5 5 1525764783.297536
 806 87 6 5 86 126 165 5 151 127 5 5 1525764783.348531
 807 85 5 5 86 126 165 5 151 127 5 5 1525764783.449529
 805 85 5 5 86 126 166 5 151 127 5 5 1525764783.498155
 807 87 6 5 86 126 165 5 151 127 5 5 1525764783.549524
 804 85 5 5 86 126 166 5 151 127 5 5 1525764783.598151
 805 93 6 5 86 126 166 5 151 127 4 5 1525764783.649276
 807 86 5 5 86 126 165 5 151 127 5 5 1525764783.699521
 799 93 6 5 87 126 165 5 151 127 4 5 1525764783.750144
 806 84 5 5 86 126 165 5 151 127 4 5 1525764783.800768
 797 86 6 5 86 126 166 5 151 127 7 5 1525764783.851643
 804 86 6 5 86 126 165 5 151 127 6 5 1525764783.951640
 804 86 5 5 86 126 166 5 151 127 5 5 1525764784.000518
 799 94 6 5 86 126 165 5 151 127 5 5 1525764784.051384
 806 87 6 5 86 126 165 5 151 127 5 5 1525764784.102509
 805 95 6 5 86 126 166 5 151 127 5 5 1525764784.153383
 815 78 4 5 86 126 165 5 151 127 5 5 1525764784.201881
 806 87 6 5 86 126 165 5 151 127 4 5 1525764784.253752
 804 84 5 5 86 126 165 5 151 127 5 5 1525764784.303751
 806 93 6 5 86 126 165 5 151 127 5 5 1525764784.353126
 806 87 6 5 86 126 165 5 151 127 5 5 1525764784.404626
 806 95 7 5 86 126 166 5 151 124 5 5 1525764784.453746
 807 87 6 5 86 126 166 5 151 127 5 5 1525764784.503745
 807 84 5 5 86 126 165 5 151 127 6 5 1525764784.554619
 805 86 6 5 86 126 165 5 151 127 6 5 1525764784.605490
 807 86 6 5 86 126 165 5 151 127 5 5 1525764784.705615
 805 94 6 5 86 126 165 5 151 127 6 5 1525764784.754737
 796 85 5 5 86 126 165 5 151 127 6 5 1525764784.805484
 804 87 5 5 86 126 165 5 151 127 5 5 1525764784.906607
 807 87 6 5 86 126 165 5 151 127 5 5 1525764784.955607
 805 85 5 5 86 126 165 5 151 127 5 5 1525764785.005601
 799 87 6 5 86 126 166 5 151 127 5 5 1525764785.056228
 804 87 6 5 86 126 165 5 151 127 4 5 1525764785.106618
 807 84 5 5 86 126 165 5 151 127 7 5 1525764785.157847
 805 92 6 5 86 126 166 5 151 127 6 5 1525764785.208221
 807 84 5 5 86 126 165 5 151 127 5 5 1525764785.258969
 804 86 5 5 86 126 165 5 151 127 6 5 1525764785.308966
 805 86 6 5 86 126 165 5 151 127 5 5 1525764785.357840
 804 87 6 5 86 126 165 5 151 127 5 5 1525764785.408138
 799 92 6 5 86 126 165 5 151 127 5 5 1525764785.459337
 806 87 5 5 86 126 165 5 151 127 5 5 1525764785.510211
 797 93 6 5 86 126 166 5 151 127 5 5 1525764785.558585
 804 86 5 5 86 126 165 5 151 127 5 5 1525764785.609207
 806 86 6 5 86 126 165 5 151 127 7 5 1525764785.660205
 805 86 6 5 86 126 166 5 151 127 6 5 1525764785.711077
 813 85 5 5 86 126 165 5 151 127 6 5 1525764785.760333
 806 93 6 5 86 126 166 5 151 127 6 5 1525764785.811700
 798 94 6 5 86 126 166 5 151 127 6 5 1525764785.911823
 804 85 5 5 86 126 165 5 151 127 6 5 1525764785.960321
 807 87 6 5 86 126 165 5 151 127 6 5 1525764786.011320
 806 85 5 5 86 126 165 5 151 127 5 5 1525764786.062318
 804 86 5 5 86 126 165 5 151 127 5 5 1525764786.163188
 799 87 6 5 86 126 165 5 151 127 5 5 1525764786.212063
 807 87 6 5 86 126 165 5 151 127 6 5 1525764786.263313
 807 87 5 5 86 126 165 5 151 127 5 5 1525764786.364180
 798 86 5 5 86 126 166 5 151 127 5 5 1525764786.464306
 807 93 6 5 86 126 165 5 151 127 4 5 1525764786.513301
 806 84 5 5 86 126 165 5 151 127 5 5 1525764786.565424
 805 95 6 5 86 126 165 5 151 127 5 5 1525764786.614424
 805 87 6 5 86 126 166 5 151 127 6 5 1525764786.665921
 805 92 6 5 86 126 165 5 151 127 5 5 1525764786.716296
 807 87 6 5 86 126 166 5 151 124 6 5 1525764786.766794
 796 85 6 5 86 126 166 5 151 127 4 5 1525764786.815418
 807 87 6 5 86 126 165 5 151 127 5 5 1525764786.866789
 804 92 6 5 86 126 165 5 151 127 5 5 1525764786.915540
 805 92 6 5 86 126 165 5 151 127 6 5 1525764786.966163
 805 94 6 5 86 126 166 5 151 127 7 5 1525764787.017660
 805 85 5 5 86 126 165 5 151 127 6 5 1525764787.068036
 807 92 6 5 86 126 165 5 151 127 5 5 1525764787.117032
 807 85 5 5 86 126 165 5 151 127 5 5 1525764787.168037
 804 85 5 5 86 126 166 5 151 127 5 5 1525764787.217101
 805 85 5 5 86 126 166 5 151 127 5 5 1525764787.268901
 799 92 6 5 86 126 165 5 151 127 5 5 1525764787.317652
 807 86 6 5 86 126 166 5 151 127 7 5 1525764787.419021
 807 85 5 5 86 126 166 5 151 127 5 5 1525764787.470144
 804 92 6 5 86 126 166 5 151 127 4 5 1525764787.669763
 805 87 6 5 86 126 166 5 151 124 5 5 1525764787.771259
 805 86 5 5 86 126 165 5 151 127 5 5 1525764787.822139
 806 87 5 5 86 126 165 5 151 127 5 5 1525764787.870636
 804 85 6 5 86 126 165 5 151 127 5 5 1525764787.922130
 807 86 5 5 86 126 165 5 151 127 5 5 1525764788.022502
 804 94 6 5 86 126 166 5 151 127 5 5 1525764788.073124
 804 87 5 5 86 126 166 5 151 127 5 5 1525764788.123747
 805 86 5 5 86 126 166 5 151 127 5 5 1525764788.173623
 807 92 6 5 86 126 166 5 151 127 5 5 1525764788.272245
 805 85 5 5 86 126 165 5 151 127 6 5 1525764788.323740
 804 93 6 5 86 126 166 5 151 127 5 5 1525764788.373618
 806 87 5 5 86 126 165 5 151 127 5 5 1525764788.424113
 807 84 5 5 86 126 165 5 151 127 6 5 1525764788.474485
 806 84 5 5 86 126 166 5 151 127 7 5 1525764788.524359
 807 87 6 5 86 126 165 5 151 127 7 5 1525764788.574608
 806 84 5 5 86 126 165 5 151 127 6 5 1525764788.625107
 807 92 6 5 86 126 165 5 151 127 6 5 1525764788.675480
 812 86 6 5 86 126 165 5 151 124 6 5 1525764788.725852
 805 95 6 5 86 126 166 5 151 127 5 5 1525764788.776227
 805 87 5 5 86 126 166 5 151 127 5 5 1525764788.824990
 804 85 6 5 86 126 166 5 151 127 12 5 1525764788.927345
 804 92 6 5 86 126 166 5 151 124 7 5 1525764788.977844
 804 87 6 5 86 126 166 5 151 127 7 5 1525764789.028092
 797 92 6 5 86 126 165 5 151 127 7 5 1525764789.078591
 799 92 6 5 86 126 165 5 151 127 6 5 1525764789.178588
 807 87 6 5 86 126 166 5 151 127 7 5 1525764789.227211
 805 86 5 5 86 126 166 5 151 127 6 5 1525764789.329458
 798 85 6 5 86 126 166 5 151 127 6 5 1525764789.429828
 804 87 6 5 86 126 166 5 151 127 5 5 1525764789.480450
 805 86 6 5 86 126 166 5 151 127 5 5 1525764789.530951
 807 86 5 5 86 126 165 5 151 127 5 5 1525764789.681321
 805 87 6 5 86 126 165 5 151 127 5 5 1525764789.731697
 806 87 6 5 86 126 166 5 151 124 6 5 1525764789.780691
 807 92 6 5 86 126 165 5 151 127 4 5 1525764789.831315
 797 85 5 5 86 126 165 5 151 127 7 5 1525764789.881689
 807 87 6 5 86 126 165 5 151 127 6 5 1525764789.930938
 805 86 6 5 86 126 165 5 151 127 6 5 1525764789.981435
 807 85 5 5 86 126 166 5 151 127 13 5 1525764790.031810
 806 86 5 5 86 126 165 5 151 127 7 5 1525764790.082056
 805 86 5 5 86 126 166 5 151 127 6 5 1525764790.132429
 805 87 6 5 86 126 165 5 151 127 5 5 1525764790.183562
 807 86 5 5 86 126 165 5 151 127 5 5 1525764790.282926
 806 87 5 5 86 126 165 5 151 127 6 5 1525764790.383546
 805 87 6 5 86 126 166 5 151 127 7 5 1525764790.434545
 805 85 5 5 86 126 165 5 151 127 6 5 1525764790.484542
 799 93 6 5 86 126 166 5 151 127 4 5 1525764790.535542
 812 86 6 5 86 126 166 5 151 124 6 5 1525764790.585918
 804 95 6 5 86 126 165 5 151 127 5 5 1525764790.636538
 812 84 4 5 86 126 165 5 151 127 5 5 1525764790.685411
 807 87 6 5 86 126 166 5 151 127 5 5 1525764790.735787
 804 87 5 5 86 126 166 5 151 127 5 5 1525764790.787284
 807 92 6 5 86 126 165 5 151 127 6 5 1525764790.836278
 807 86 5 5 86 126 165 5 151 127 6 5 1525764790.887154
 805 94 6 5 86 126 165 5 151 127 5 5 1525764790.937528
 805 87 6 5 86 126 166 5 151 127 6 5 1525764790.987900
 797 86 6 5 86 126 165 5 151 127 5 5 1525764791.038527
 812 85 5 5 86 126 165 5 151 127 5 5 1525764791.088899
 806 86 5 5 86 126 165 5 151 127 5 5 1525764791.136897
 804 86 6 5 86 126 165 5 151 127 5 5 1525764791.187645
 806 93 6 5 86 126 166 5 151 127 5 5 1525764791.237517
 806 92 6 5 86 126 166 5 151 127 6 5 1525764791.287767
 804 95 6 5 86 126 165 5 151 127 6 5 1525764791.338015
 806 92 6 5 86 126 165 5 151 124 6 5 1525764791.388889
 807 85 5 5 86 126 166 5 151 127 4 5 1525764791.489884
 806 92 6 5 86 126 165 5 151 127 4 5 1525764791.540383
 806 86 5 5 86 126 165 5 151 127 7 5 1525764791.592898
 798 87 6 5 86 126 165 5 151 127 5 5 1525764791.690755
 797 92 6 5 86 126 166 5 151 127 5 5 1525764791.741875
 807 85 5 5 86 126 165 5 151 127 5 5 1525764791.791874
 796 87 5 5 86 126 165 5 151 127 5 5 1525764791.841249
 804 86 5 5 86 126 165 5 151 127 6 5 1525764791.891119
 805 84 5 5 86 126 165 5 151 127 4 5 1525764791.942243
 807 87 5 5 86 126 166 5 151 127 6 5 1525764791.991241
 796 92 6 5 86 126 165 5 151 127 5 5 1525764792.042119
 805 92 6 5 86 126 165 5 151 127 4 5 1525764792.091739
 799 92 6 5 86 126 165 5 151 127 6 5 1525764792.143362
 814 85 5 5 86 126 165 5 151 127 5 5 1525764792.193235
 805 87 6 5 86 126 165 5 151 127 5 5 1525764792.242984
 805 86 5 5 86 126 165 5 151 127 5 5 1525764792.292984
 804 87 6 5 86 126 165 5 151 127 4 5 1525764792.343483
 806 93 6 5 86 126 166 5 151 127 5 5 1525764792.393854
 805 86 5 5 86 126 166 5 151 127 5 5 1525764792.444353
 804 93 6 5 86 126 165 5 151 127 5 5 1525764792.494850
 807 87 5 5 86 126 165 5 151 127 5 5 1525764792.545474
 806 92 6 5 86 126 166 5 151 127 5 5 1525764792.595846
 804 92 6 5 86 126 165 5 151 127 5 5 1525764792.695095
 804 94 6 5 86 126 165 5 151 127 4 5 1525764792.797341
 805 86 5 5 86 126 166 5 151 127 5 5 1525764792.897087
 805 84 5 5 86 126 165 5 151 127 4 5 1525764792.947710
 796 87 6 5 86 126 165 5 151 127 4 5 1525764792.996584
 804 85 5 5 86 126 165 5 151 127 4 5 1525764793.047964
 807 87 6 5 86 126 165 5 151 127 6 5 1525764793.099204
 807 86 5 5 86 126 165 5 151 127 5 5 1525764793.148579
 804 94 6 5 86 126 165 5 151 127 4 5 1525764793.198579
 806 84 5 5 86 126 165 5 151 127 5 5 1525764793.249075
 804 93 6 5 86 126 165 5 151 127 4 5 1525764793.299325
 815 85 5 5 86 126 165 5 151 127 4 5 1525764793.350447
 804 93 6 5 86 126 165 5 151 127 5 5 1525764793.399320
 806 84 5 5 86 126 166 5 151 127 4 5 1525764793.449694
 804 95 6 5 86 126 165 5 151 127 4 5 1525764793.500068
 804 92 6 5 86 126 165 5 151 127 4 5 1525764793.549939
 804 92 6 5 86 126 165 5 151 127 4 5 1525764793.600187
 805 86 5 5 86 126 166 5 151 127 4 5 1525764793.650061
 804 87 6 5 86 126 165 5 151 127 4 5 1525764793.700309
 805 87 6 5 86 126 165 5 151 127 4 5 1525764793.754184
 813 87 5 5 86 126 166 5 151 127 4 5 1525764793.801433
 806 93 6 5 86 126 165 5 151 127 4 5 1525764793.852054
 798 87 6 5 86 126 165 5 151 127 4 5 1525764793.902737
 807 86 5 5 86 126 165 5 151 127 4 5 1525764793.952301
 807 86 5 5 86 126 166 5 151 127 4 5 1525764794.002299
 806 85 5 5 86 126 165 5 151 127 4 5 1525764794.052921
 806 87 5 5 86 126 166 5 151 127 5 5 1525764794.102795
 805 86 5 5 86 126 166 5 151 127 4 5 1525764794.155542
 804 92 6 5 86 126 165 5 151 127 7 5 1525764794.204167
 804 87 6 5 86 126 165 5 151 127 4 5 1525764794.254541
 804 92 6 5 86 126 165 5 151 127 4 5 1525764794.304915
 807 85 5 5 86 126 166 5 151 127 4 5 1525764794.355413
 807 87 5 5 86 126 166 5 151 127 4 5 1525764794.405911
 807 92 6 5 86 126 166 5 151 127 4 5 1525764794.555281
 804 86 5 5 86 126 165 5 151 127 4 5 1525764794.605530
 804 93 6 5 86 126 165 5 151 127 4 5 1525764794.655027
 806 87 5 5 86 126 166 5 151 127 4 5 1525764794.705776
 807 87 6 5 86 126 165 5 151 127 4 5 1525764794.757147
 806 84 5 5 86 126 165 5 151 127 4 5 1525764794.806398
 807 86 5 5 86 126 165 5 151 127 5 5 1525764794.907395
 797 92 6 5 86 126 166 5 151 127 4 5 1525764794.956393
 806 86 5 5 86 126 165 5 151 127 4 5 1525764795.007445
 806 87 6 5 86 126 165 5 151 127 4 5 1525764795.057763
 806 84 5 5 86 126 165 5 151 127 5 5 1525764795.108011
 806 92 6 5 86 126 165 5 151 127 4 5 1525764795.161120
 807 85 5 5 86 126 166 5 151 127 4 5 1525764795.210134
 806 92 6 5 86 126 165 5 151 127 4 5 1525764795.259881
 807 87 5 5 86 126 166 5 151 127 4 5 1525764795.310633
 805 95 6 5 86 126 165 5 151 127 4 5 1525764795.359003
 807 85 5 5 86 126 165 5 151 127 4 5 1525764795.409503
 804 93 6 5 86 126 165 5 151 127 4 5 1525764795.459375
 805 85 5 5 86 126 165 5 151 127 4 5 1525764795.509624
 812 93 6 5 86 126 166 5 151 124 4 5 1525764795.559625
 807 87 6 5 86 126 165 5 151 127 5 5 1525764795.610247
 805 92 6 5 86 126 165 5 151 127 4 5 1525764795.710450
 806 92 6 5 86 126 165 5 151 127 5 5 1525764795.760868
 806 85 5 5 86 126 165 5 151 127 4 5 1525764795.812237
 807 92 6 5 86 126 165 5 151 127 5 5 1525764795.862737
 807 86 5 5 86 126 165 5 151 127 5 5 1525764795.911360
 806 93 6 5 86 126 165 5 151 127 5 5 1525764795.963483
 805 86 6 5 86 126 165 5 151 127 5 5 1525764796.012355
 805 87 5 5 86 126 166 5 151 127 5 5 1525764796.112728
 806 85 5 5 86 126 165 5 151 127 5 5 1525764796.163477
 805 85 5 5 86 126 165 5 151 127 4 5 1525764796.212850
 797 87 5 5 86 126 165 5 151 127 5 5 1525764796.263730
 804 86 5 5 86 126 165 5 151 127 5 5 1525764796.314346
 806 93 6 5 86 126 165 5 151 127 4 5 1525764796.414122
 806 85 5 5 86 126 165 5 151 127 5 5 1525764796.516212
 806 87 5 5 86 126 165 5 151 127 4 5 1525764796.566215
 815 85 4 5 86 126 165 5 151 127 6 5 1525764796.616607
 806 87 5 5 86 126 165 5 151 127 5 5 1525764796.667334
 806 92 6 5 86 126 165 5 151 127 4 5 1525764796.715959
 799 93 6 5 86 126 165 5 151 127 4 5 1525764796.815832
 814 85 5 5 86 126 166 5 151 124 4 5 1525764796.867080
 807 87 6 5 86 126 166 5 151 127 4 5 1525764796.917701
 807 92 6 5 86 126 165 5 151 127 4 5 1525764797.017200
 807 86 5 5 86 126 166 5 151 127 5 5 1525764797.068573
 799 94 6 5 86 126 166 5 151 127 5 5 1525764797.119003
 806 87 5 5 86 126 165 5 151 127 4 5 1525764797.168697
 797 84 5 5 86 126 165 5 151 127 4 5 1525764797.218193
 807 84 5 5 86 126 165 5 151 127 4 5 1525764797.270317
 806 93 6 5 86 126 165 5 151 127 4 5 1525764797.419060
 806 86 5 5 86 126 166 5 151 127 5 5 1525764797.470309
 804 94 6 5 86 126 165 5 151 127 5 5 1525764797.521436
 806 86 5 5 86 126 166 5 151 127 4 5 1525764797.579518
 804 92 6 5 86 126 166 5 151 127 5 5 1525764797.625817
 804 92 6 5 86 126 166 5 151 127 4 5 1525764797.720677
 807 92 6 5 86 126 166 5 151 127 5 5 1525764797.772422
 797 92 6 5 86 126 165 5 151 127 4 5 1525764797.822421
 805 93 6 5 86 126 165 5 151 127 5 5 1525764797.873671
 804 92 6 5 86 126 165 5 151 127 5 5 1525764797.923043
 806 85 5 5 86 126 166 5 151 127 4 5 1525764797.972041
 805 85 5 5 86 126 165 5 151 127 4 5 1525764798.072543
 807 92 6 5 86 126 165 5 151 127 4 5 1525764798.123039
 806 86 5 5 86 126 165 5 151 127 4 5 1525764798.174535
 799 87 5 5 86 126 165 5 151 127 4 5 1525764798.275033
 807 86 5 5 86 126 165 5 151 127 4 5 1525764798.324406
 804 86 5 5 86 126 165 5 151 127 5 5 1525764798.374404
 806 86 5 5 86 126 165 5 151 127 4 5 1525764798.425401
 805 87 5 5 86 126 165 5 151 127 4 5 1525764798.476273
 806 87 5 5 86 126 166 5 151 127 5 5 1525764798.526024
 806 92 6 5 86 126 165 5 151 127 4 5 1525764798.576897
 797 93 6 5 86 126 165 5 151 127 4 5 1525764798.625520
 804 86 5 5 86 126 166 5 151 127 4 5 1525764798.676893
 806 86 5 5 86 126 165 5 151 127 4 5 1525764798.727519
 813 86 5 5 86 126 166 5 151 127 4 5 1525764798.778014
 806 87 5 5 86 126 165 5 151 127 4 5 1525764798.827135
 806 87 5 5 86 126 166 5 151 127 5 5 1525764798.877386
 806 87 5 5 86 126 165 5 151 127 4 5 1525764798.928391
 798 93 6 5 86 126 165 5 151 127 4 5 1525764798.977528
 807 85 5 5 86 126 166 5 151 127 4 5 1525764799.027253
 806 87 5 5 86 126 165 5 151 127 4 5 1525764799.078005
 814 84 5 5 86 126 165 5 151 124 5 5 1525764799.129502
 805 86 5 5 86 126 165 5 151 127 4 5 1525764799.230627
 799 94 6 5 86 126 165 5 151 127 4 5 1525764799.282370
 806 86 5 5 86 126 165 5 151 127 4 5 1525764799.330995
 804 94 6 5 86 126 166 5 151 127 4 5 1525764799.379244
 806 87 5 5 86 126 166 5 151 127 4 5 1525764799.430116
 798 84 5 5 86 126 165 5 151 127 4 5 1525764799.480741
 806 85 5 5 86 126 165 5 151 127 4 5 1525764799.532114
 807 87 5 5 86 126 165 5 151 127 4 5 1525764799.582238
 807 86 5 5 86 126 166 5 151 127 4 5 1525764799.631362
 804 94 6 5 86 126 165 5 151 127 4 5 1525764799.681485
 806 87 6 5 86 126 165 5 151 127 4 5 1525764799.732733
 804 92 6 5 86 126 165 5 151 127 4 5 1525764799.781104
 812 84 4 5 86 126 166 5 151 127 4 5 1525764799.833730
 807 92 6 5 86 126 166 5 151 127 5 5 1525764799.882475
 804 87 6 5 86 126 166 5 151 127 4 5 1525764799.934228
 806 93 6 5 86 126 165 5 151 127 4 5 1525764799.982224
 791 92 6 5 86 126 165 5 151 127 4 5 1525764800.083471
 804 86 5 5 86 126 165 5 151 127 4 5 1525764800.133719
 807 86 5 5 86 126 166 5 151 127 4 5 1525764800.183219
 804 87 5 5 86 126 166 5 151 127 4 5 1525764800.234842
 806 92 6 5 86 126 165 5 151 127 4 5 1525764800.284088
 806 86 5 5 86 126 166 5 151 127 4 5 1525764800.335214
 798 93 6 5 86 126 165 5 151 127 4 5 1525764800.385211
 805 87 5 5 86 126 165 5 151 127 4 5 1525764800.435207
 806 87 5 5 86 126 165 5 151 127 4 5 1525764800.487086
 805 85 5 5 86 126 165 5 151 127 4 5 1525764800.537206
 806 85 5 5 86 126 165 5 151 127 4 5 1525764800.586704
 805 86 5 5 86 126 165 5 151 127 4 5 1525764800.637702
 798 87 5 5 86 126 165 5 151 127 4 5 1525764800.686075
 806 92 6 5 86 126 165 5 151 127 4 5 1525764800.736823
 797 92 6 5 86 126 165 5 151 127 4 5 1525764800.787587
 807 87 5 5 86 126 165 5 151 127 7 5 1525764800.837566
 804 86 5 5 86 126 165 5 151 127 4 5 1525764800.887069
 814 86 5 5 86 126 165 5 151 124 4 5 1525764800.938940
 806 84 5 5 86 126 165 5 151 127 4 5 1525764801.037688
 806 86 5 5 86 126 165 5 151 127 4 5 1525764801.089187
 798 94 6 5 86 126 165 5 151 127 4 5 1525764801.139061
 804 85 5 5 86 126 165 5 151 127 4 5 1525764801.189525
 804 87 5 5 86 126 165 5 151 127 4 5 1525764801.240813
 820 78 4 5 86 126 166 5 151 127 5 5 1525764801.290178
 806 92 6 5 86 126 166 5 151 127 4 5 1525764801.340303
 805 93 6 5 86 126 165 5 151 127 4 5 1525764801.442176
 806 87 5 5 86 126 165 5 151 127 4 5 1525764801.490297
 796 92 6 5 86 126 165 5 151 127 4 5 1525764801.541798
 805 84 5 5 86 126 166 5 151 127 4 5 1525764801.592796
 807 92 6 5 86 126 166 5 151 127 4 5 1525764801.741540
 806 85 5 5 86 126 166 5 151 127 4 5 1525764801.793164
 804 95 6 5 86 126 166 5 151 127 4 5 1525764801.843037
 804 84 5 5 86 126 165 5 151 127 4 5 1525764801.892159
 805 94 6 5 86 126 165 5 151 127 4 5 1525764801.943785
 804 92 6 5 86 126 165 5 151 127 4 5 1525764802.042778
 807 86 6 5 86 126 165 5 151 127 4 5 1525764802.093028
 814 84 5 5 86 126 166 5 151 127 4 5 1525764802.143903
 805 92 6 5 86 126 165 5 151 127 4 5 1525764802.195775
 804 94 6 5 86 126 165 5 151 127 4 5 1525764802.244145
 807 87 5 5 86 126 166 5 151 127 5 5 1525764802.295777
 804 92 5 5 86 126 165 5 151 127 4 5 1525764802.344271
 805 85 5 5 86 126 166 5 151 127 5 5 1525764802.395769
 807 92 6 5 86 126 165 5 151 127 5 5 1525764802.446644
 805 84 5 5 86 126 165 5 151 127 5 5 1525764802.495642
 798 93 6 5 86 126 165 5 151 127 4 5 1525764802.545387
 804 92 6 5 86 126 165 5 151 127 5 5 1525764802.597389
 806 85 5 5 86 126 165 5 151 127 5 5 1525764802.696257
 804 86 5 5 86 126 165 5 151 127 5 5 1525764802.796756
 807 87 6 5 86 126 165 5 151 127 5 5 1525764802.897307
 797 94 6 5 86 126 165 5 151 127 4 5 1525764802.949375
 806 87 5 5 86 126 165 5 151 127 5 5 1525764803.048120
 805 84 5 5 86 126 165 5 151 127 4 5 1525764803.099869
 806 85 5 5 86 126 165 5 151 127 5 5 1525764803.149741
 807 87 5 5 86 126 165 5 151 127 4 5 1525764803.200114
 807 85 5 5 86 126 165 5 151 127 4 5 1525764803.250488
 804 94 6 5 86 126 165 5 151 127 5 5 1525764803.300361
 807 86 5 5 86 126 165 5 151 127 5 5 1525764803.350235
 805 92 6 5 86 126 166 5 151 127 4 5 1525764803.400609
 805 87 5 5 86 126 166 5 151 127 5 5 1525764803.451106
 806 87 6 5 86 126 165 5 151 127 7 5 1525764803.501605
 805 85 5 5 86 126 166 5 151 127 4 5 1525764803.551853
 790 87 6 5 86 126 165 5 151 127 5 5 1525764803.602351
 806 87 5 5 86 126 166 5 151 127 4 5 1525764803.652474
 797 92 6 5 86 126 166 5 151 127 5 5 1525764803.702848
 807 85 5 5 86 126 165 5 151 127 4 5 1525764803.753096
 807 87 5 5 86 126 165 5 151 127 5 5 1525764803.803471
 806 84 5 5 86 126 165 5 151 127 4 5 1525764803.853968
 805 92 6 5 86 126 165 5 151 127 6 5 1525764803.904592
 805 94 5 5 86 126 165 5 151 127 6 5 1525764804.004591
 804 86 5 5 86 126 165 5 151 127 5 5 1525764804.053712
 805 93 5 5 86 126 165 5 151 127 5 5 1525764804.103587
 806 84 4 5 86 126 165 5 151 127 5 5 1525764804.154083
 806 87 4 5 86 126 165 5 151 127 4 5 1525764804.204332
 804 85 5 5 86 126 165 5 151 127 4 5 1525764804.254579
 806 87 5 5 86 126 166 5 151 127 5 5 1525764804.306080
 805 84 5 5 86 126 165 5 151 127 5 5 1525764804.356451
 799 87 6 5 86 126 165 5 151 127 5 5 1525764804.406824
 813 84 4 5 86 126 165 5 151 127 4 5 1525764804.456698
 807 85 5 5 86 126 165 5 151 127 4 5 1525764804.507071
 807 84 5 5 86 126 165 5 151 127 4 5 1525764804.557445
 807 85 5 5 86 126 166 5 151 127 4 5 1525764804.607692
 806 84 5 5 86 126 165 5 151 127 5 5 1525764804.657691
 806 86 5 5 86 126 166 5 151 127 4 5 1525764804.708063
 804 86 5 5 86 126 165 5 151 127 4 5 1525764804.757940
 798 87 5 5 86 126 165 5 151 127 4 5 1525764804.808312
 804 85 5 5 86 126 166 5 151 127 4 5 1525764804.858184
 805 85 5 5 86 126 165 5 151 127 4 5 1525764804.908432
 806 84 4 5 86 126 165 5 151 127 4 5 1525764804.958807
 806 86 5 5 86 126 165 5 151 127 4 5 1525764805.009180
 806 87 5 5 86 126 165 5 151 127 4 5 1525764805.059678
 798 86 5 5 86 126 165 5 151 127 4 5 1525764805.109926
 806 86 5 5 86 126 165 5 151 127 5 5 1525764805.160923
 804 86 5 5 86 126 166 5 151 127 5 5 1525764805.211172
 807 87 4 5 86 126 165 5 151 127 4 5 1525764805.261547
 804 85 5 5 86 126 165 5 151 127 5 5 1525764805.311920
 807 85 4 5 86 126 165 5 151 127 6 5 1525764805.411916
 804 85 5 5 86 126 165 5 151 127 5 5 1525764805.462413
 807 86 4 5 86 126 166 5 151 127 4 5 1525764805.512913
 804 87 5 5 86 126 165 5 151 127 5 5 1525764805.562786
 812 86 4 5 86 126 165 5 151 124 4 5 1525764805.613033
 806 86 5 5 86 126 165 5 151 127 4 5 1525764805.662906
 804 85 4 5 86 126 165 5 151 127 5 5 1525764805.713156
 804 86 5 5 86 126 165 5 151 127 5 5 1525764805.763529
 806 84 4 5 86 126 165 5 151 127 5 5 1525764805.813902
 797 86 5 5 86 126 165 5 151 127 5 5 1525764805.864526
 807 84 4 5 86 126 166 5 151 127 5 5 1525764805.914899
 807 87 4 5 86 126 165 5 151 127 5 5 1525764805.964772
 806 86 4 5 86 126 165 5 151 127 4 5 1525764806.015020
 805 87 5 5 86 126 165 5 151 127 6 5 1525764806.065645
 807 78 7 5 86 126 165 5 151 127 5 5 1525764806.115891
 805 93 5 5 86 126 165 5 151 127 5 5 1525764806.165890
 805 85 5 5 86 126 166 5 151 127 5 5 1525764806.216262
 806 87 5 5 86 126 165 5 151 127 5 5 1525764806.266639
 806 87 4 5 86 126 165 5 151 127 5 5 1525764806.317010
 805 86 4 5 86 126 165 5 151 127 5 5 1525764806.367259
 806 87 5 5 86 126 166 5 151 127 5 5 1525764806.467382
 805 85 5 5 86 126 166 5 151 127 4 5 1525764806.516004
 804 92 5 5 86 126 166 5 151 127 5 5 1525764806.566128
 799 85 5 5 86 126 166 5 151 127 7 5 1525764806.616627
 806 85 5 5 86 126 165 5 151 127 4 5 1525764806.667249
 805 87 4 5 86 126 165 5 151 127 4 5 1525764806.717623
 799 85 4 5 86 126 166 5 151 127 5 5 1525764806.767994
 807 87 4 5 86 126 165 5 151 127 5 5 1525764806.818620
 798 84 5 5 86 126 165 5 151 127 5 5 1525764806.868993
 805 85 4 5 86 126 165 5 151 127 4 5 1525764806.919489
 799 86 5 5 86 126 165 5 151 127 4 5 1525764806.969863
 807 84 4 5 86 126 165 5 151 127 5 5 1525764807.020364
 804 87 4 5 86 126 165 5 151 127 4 5 1525764807.070985
 807 84 5 5 86 126 166 5 151 124 4 5 1525764807.170981
 805 87 5 5 86 126 165 5 151 127 6 5 1525764807.221356
 798 87 5 5 86 126 165 5 151 127 5 5 1525764807.271603
 806 85 5 5 86 126 165 5 151 127 5 5 1525764807.322100
 799 86 5 5 86 126 165 5 151 127 4 5 1525764807.372475
 807 87 4 5 86 126 165 5 151 127 5 5 1525764807.472347
 804 84 5 5 86 126 165 5 151 127 4 5 1525764807.522845
 807 86 4 5 86 126 166 5 151 127 5 5 1525764807.572719
 804 86 5 5 86 126 165 5 151 127 5 5 1525764807.622848
 799 86 5 5 86 126 166 5 151 127 5 5 1525764807.723837
 807 85 4 5 86 126 165 5 151 127 5 5 1525764807.772712
 806 79 4 5 86 126 166 5 151 127 5 5 1525764807.822709
 806 86 4 5 86 126 165 5 151 127 5 5 1525764807.873207
 805 86 5 5 86 126 165 5 151 127 6 5 1525764807.923456
 806 84 4 5 86 126 165 5 151 127 5 5 1525764807.973830
 799 92 5 5 86 126 166 5 151 127 5 5 1525764808.024076
 804 84 4 5 86 126 165 5 151 127 5 5 1525764808.074578
 807 86 5 5 86 126 165 5 151 127 7 5 1525764808.124949
 806 86 4 5 86 126 165 5 151 127 6 5 1525764808.175197
 807 86 4 5 86 126 165 5 151 127 5 5 1525764808.225322
 805 87 4 5 86 126 165 5 151 127 5 5 1525764808.275694
 805 93 5 5 86 126 166 5 151 127 6 5 1525764808.326192
 797 85 4 5 86 126 165 5 151 127 5 5 1525764808.376692
 805 93 5 5 86 126 165 5 151 127 5 5 1525764808.426939
 806 85 5 5 86 126 166 5 151 127 5 5 1525764808.477315
 804 87 5 5 86 126 165 5 151 127 6 5 1525764808.527586
 804 85 4 5 86 126 165 5 151 127 6 5 1525764808.577938
 807 84 4 5 86 126 165 5 151 127 5 5 1525764808.628182
 807 84 4 5 86 126 165 5 151 127 5 5 1525764808.678563
 799 93 5 5 86 126 165 5 151 127 6 5 1525764808.728928
 790 87 4 5 86 126 165 5 151 127 5 5 1525764808.779179
 804 92 5 5 86 126 165 5 151 127 6 5 1525764808.829425
 805 87 4 5 86 126 166 5 151 127 6 5 1525764808.880049
 804 85 4 5 86 126 165 5 151 127 6 5 1525764808.930297
 807 84 4 5 86 126 165 5 151 127 5 5 1525764808.980671
 804 85 4 5 86 126 165 5 151 127 5 5 1525764809.031043
 799 92 5 5 86 126 165 5 151 127 5 5 1525764809.130915
 796 87 4 5 86 126 165 5 151 127 5 5 1525764809.181414
 807 84 4 5 86 126 165 5 151 127 4 5 1525764809.231287
 805 85 4 5 86 126 165 5 151 127 5 5 1525764809.281786
 806 85 4 5 86 126 166 5 151 127 4 5 1525764809.332158
 805 85 4 5 86 126 165 5 151 127 6 5 1525764809.382531
 799 84 4 5 86 126 166 5 151 127 7 5 1525764809.432907
 807 86 5 5 86 126 166 5 151 127 6 5 1525764809.483403
 799 87 4 5 86 126 165 5 151 127 7 5 1525764809.583275
 807 85 4 5 86 126 166 5 151 127 6 5 1525764809.684022
 805 84 4 5 86 126 166 5 151 127 6 5 1525764809.733020
 805 92 5 5 86 126 166 5 151 127 6 5 1525764809.782894
 799 93 5 5 86 126 165 5 151 127 6 5 1525764809.885017
 804 84 4 5 86 126 165 5 151 127 6 5 1525764809.934015
 799 85 5 5 86 126 165 5 151 127 6 5 1525764809.984136
 806 87 4 5 86 126 165 5 151 127 6 5 1525764810.034635
 806 86 5 5 86 126 165 5 151 127 6 5 1525764810.085009
 804 85 4 5 86 126 165 5 151 127 5 5 1525764810.135636
 804 93 5 5 86 126 165 5 151 127 5 5 1525764810.186130
 806 86 4 5 86 126 165 5 151 127 5 5 1525764810.236753
 805 92 5 5 86 126 165 5 151 127 5 5 1525764810.287126
 807 87 4 5 86 126 166 5 151 127 6 5 1525764810.337626
 813 87 5 5 86 126 166 5 151 124 4 5 1525764810.387875
 807 84 4 5 86 126 165 5 151 127 5 5 1525764810.438247
 807 92 5 5 86 126 165 5 151 127 5 5 1525764810.488622
 805 95 5 5 86 126 166 5 151 127 5 5 1525764810.588491
 805 87 5 5 86 126 165 5 151 127 5 5 1525764810.689112
 804 92 5 5 86 126 165 5 151 127 6 5 1525764810.789735
 806 86 4 5 86 126 165 5 151 127 5 5 1525764810.840485
 805 92 5 5 86 126 165 5 151 127 6 5 1525764810.940480
 799 95 5 5 86 126 166 5 151 127 6 5 1525764810.989606
 806 86 4 5 86 126 165 5 151 127 5 5 1525764811.039851
 805 85 4 5 86 126 165 5 151 127 5 5 1525764811.090474
 807 84 4 5 86 126 165 5 151 127 7 5 1525764811.140973
 806 87 4 5 86 126 165 5 151 127 6 5 1525764811.191471
 806 87 5 5 86 126 165 5 151 127 6 5 1525764811.241470
 806 87 4 5 86 126 165 5 151 127 6 5 1525764811.291968
 805 92 5 5 86 126 165 5 151 127 5 5 1525764811.342342
 805 87 5 5 86 126 165 5 151 127 5 5 1525764811.392839
 806 86 4 5 86 126 166 5 151 127 6 5 1525764811.443212
 806 86 4 5 86 126 165 5 151 127 5 5 1525764811.493588
 805 85 4 5 86 126 165 5 151 127 5 5 1525764811.543836
 806 87 5 5 86 126 165 5 151 127 5 5 1525764811.594379
 807 92 5 5 86 126 166 5 151 127 5 5 1525764811.644629
 804 86 4 5 86 126 165 5 151 127 5 5 1525764811.744452
 804 84 4 5 86 126 165 5 151 127 6 5 1525764811.794951
 804 86 4 5 86 126 165 5 151 127 5 5 1525764811.845449
 807 85 4 5 86 126 166 5 151 127 6 5 1525764811.895948
 805 85 4 5 86 126 165 5 151 127 5 5 1525764811.995945
 798 94 5 5 86 126 165 5 151 127 6 5 1525764812.044442
 807 86 5 5 86 126 165 5 151 127 6 5 1525764812.146690
 805 87 4 5 86 126 165 5 151 127 5 5 1525764812.195313
 804 85 4 5 86 126 165 5 151 127 6 5 1525764812.297434
 804 86 5 5 86 126 165 5 151 127 6 5 1525764812.346568
 806 84 5 5 86 126 165 5 151 127 4 5 1525764812.396563
 805 87 5 5 86 126 165 5 151 127 5 5 1525764812.446561
 807 76 7 5 86 126 165 5 151 127 4 5 1525764812.496802
 805 84 5 5 86 126 165 5 151 127 5 5 1525764812.547558
 805 86 4 5 86 126 166 5 151 127 6 5 1525764812.597923
 807 86 5 5 86 126 166 5 151 127 4 5 1525764812.647798
 804 85 5 5 86 126 165 5 151 127 6 5 1525764812.698046
 805 87 6 5 86 126 166 5 151 127 7 5 1525764812.748044
 806 85 5 5 86 126 166 5 151 127 7 5 1525764812.798291
 805 79 4 5 86 126 165 5 151 127 6 5 1525764812.900416
 805 84 5 5 86 126 165 5 151 127 4 5 1525764813.001035
 797 84 5 5 86 126 165 5 151 127 6 5 1525764813.051786
 807 86 5 5 86 127 166 5 151 127 6 5 1525764813.102158
 807 84 5 5 86 126 165 5 151 127 4 5 1525764813.201904
 804 85 4 5 86 126 165 5 151 127 5 5 1525764813.250655
 806 84 5 5 86 126 165 5 151 127 5 5 1525764813.352899
 807 84 5 5 86 126 165 5 151 127 5 5 1525764813.401896
 799 86 5 5 86 126 165 5 151 127 4 5 1525764813.451770
 805 87 5 5 86 126 166 5 151 127 4 5 1525764813.502394
 804 86 5 5 86 126 165 5 151 127 5 5 1525764813.552767
 806 79 4 5 86 126 165 5 151 127 5 5 1525764813.603265
 807 84 5 5 86 126 165 5 151 127 5 5 1525764813.653639
 804 84 5 5 86 126 165 5 151 127 5 5 1525764813.703512
 806 86 5 5 86 126 165 5 151 127 5 5 1525764813.753761
 807 86 5 5 86 126 165 5 151 127 5 5 1525764813.804384
 798 87 5 5 86 126 165 5 151 127 5 5 1525764813.854757
 806 87 5 5 86 126 165 5 151 127 5 5 1525764813.905255
 804 87 4 5 86 126 165 5 151 127 5 5 1525764813.955629
 807 84 4 5 86 126 166 5 151 127 5 5 1525764814.006127
 805 86 4 5 86 126 165 5 151 127 5 5 1525764814.056499
 806 85 5 5 86 126 165 5 151 127 5 5 1525764814.106998
 805 87 5 5 86 126 165 5 151 127 6 5 1525764814.157247
 799 87 5 5 86 126 165 5 151 127 5 5 1525764814.207497
 805 85 5 5 86 126 165 5 151 127 5 5 1525764814.257243
 805 85 5 5 86 126 165 5 151 127 4 5 1525764814.307620
 806 87 5 5 86 126 165 5 151 127 5 5 1525764814.357866
 807 86 5 5 86 126 165 5 151 127 5 5 1525764814.408237
 806 87 4 5 86 126 165 5 151 127 6 5 1525764814.458737
 805 87 5 5 86 126 165 5 151 127 5 5 1525764814.509111
 804 84 5 5 86 126 165 5 151 127 4 5 1525764814.559482
 804 85 4 5 86 126 165 5 151 127 4 5 1525764814.659607
 807 84 5 5 86 126 166 5 151 127 5 5 1525764814.710478
 805 85 4 5 86 126 165 5 151 127 5 5 1525764814.810350
 805 93 6 5 86 126 166 5 151 127 5 5 1525764814.910970
 804 85 5 5 86 126 166 5 151 127 5 5 1525764814.961469
 807 87 5 5 86 126 165 5 151 127 5 5 1525764815.011967
 804 85 5 5 86 126 166 5 151 127 4 5 1525764815.111963
 806 87 5 5 86 126 165 5 151 127 4 5 1525764815.162588
 806 85 4 5 86 126 165 5 151 127 5 5 1525764815.210711
 806 84 5 5 86 126 165 5 151 127 4 5 1525764815.261209
 799 87 5 5 86 126 165 5 151 127 5 5 1525764815.311583
 806 84 5 5 86 126 165 5 151 127 4 5 1525764815.361834
 805 87 4 5 86 126 165 5 151 127 5 5 1525764815.412204
 807 79 4 5 86 126 165 5 151 127 5 5 1525764815.462579
 806 87 5 5 86 126 165 5 151 127 4 5 1525764815.512951
 807 84 5 5 86 126 165 5 151 127 4 5 1525764815.563324
 805 85 5 5 86 126 166 5 151 124 5 5 1525764815.613697
 805 85 5 5 86 126 165 5 151 127 4 5 1525764815.664196
 798 84 5 5 86 126 165 5 151 127 4 5 1525764815.714444
 806 86 4 5 86 126 165 5 151 127 5 5 1525764815.764819
 806 87 5 5 86 126 165 5 151 127 5 5 1525764815.815066
 812 76 7 5 86 126 165 5 151 127 5 5 1525764815.865439
 805 84 5 5 86 126 165 5 151 127 4 5 1525764815.915938
 807 84 5 5 86 126 165 5 151 127 4 5 1525764815.966436
 799 84 5 5 86 126 165 5 151 127 5 5 1525764816.016684
 806 85 5 5 86 126 165 5 151 127 5 5 1525764816.067056
 807 79 4 5 86 126 165 5 151 127 5 5 1525764816.116930
 805 87 5 5 86 126 165 5 151 127 4 5 1525764816.167428
 806 85 4 5 86 126 166 5 151 127 4 5 1525764816.217926
 807 84 5 5 86 126 165 5 151 124 4 5 1525764816.267800
 805 87 5 5 86 126 165 5 151 127 4 5 1525764816.318173
 798 86 5 5 86 126 165 5 151 127 4 5 1525764816.368672
 807 84 5 5 86 126 165 5 151 127 4 5 1525764816.419045
 805 76 4 5 86 126 165 5 151 127 4 5 1525764816.519166
 804 86 5 5 86 126 165 5 151 127 4 5 1525764816.619790
 806 85 5 5 86 126 165 5 151 127 5 5 1525764816.670286
 807 84 5 5 86 126 165 5 151 127 6 5 1525764816.720035
 804 85 5 5 86 126 165 5 151 127 5 5 1525764816.770533
 804 87 5 5 86 126 165 5 151 127 6 5 1525764816.820906
 805 86 5 5 86 126 165 5 151 127 6 5 1525764816.871406
 799 85 5 5 86 126 165 5 151 127 5 5 1525764816.921655
 805 86 5 5 86 126 165 5 151 127 4 5 1525764816.972153
 806 87 6 5 86 126 166 5 151 127 5 5 1525764817.072024
 805 87 5 5 86 126 165 5 151 127 6 5 1525764817.121022
 799 85 5 5 86 126 166 5 151 127 5 5 1525764817.171020
 805 84 5 5 86 126 165 5 151 127 5 5 1525764817.221394
 807 87 5 5 86 126 165 5 151 127 6 5 1525764817.271766
 798 87 5 5 86 126 165 5 151 127 5 5 1525764817.322390
 806 87 6 5 86 126 165 5 151 127 5 5 1525764817.372762
 806 86 5 5 86 126 166 5 151 127 6 5 1525764817.423261
 805 87 6 5 86 126 165 5 151 127 5 5 1525764817.473760
 804 87 5 5 86 126 166 5 151 127 5 5 1525764817.524258
 804 86 5 5 86 126 165 5 151 127 5 5 1525764817.574757
 804 84 5 5 86 126 165 5 151 127 5 5 1525764817.624633
 806 85 5 5 86 126 165 5 151 127 5 5 1525764817.674877
 798 87 5 5 86 126 165 5 151 127 7 5 1525764817.725500
 805 86 5 5 86 126 165 5 151 127 5 5 1525764817.775873
 806 87 6 5 86 126 165 5 151 127 5 5 1525764817.826373
 798 92 6 5 86 126 165 5 151 127 6 5 1525764817.876746
 807 87 6 5 86 126 165 5 151 127 6 5 1525764817.926744
 805 87 5 5 86 126 165 5 151 127 5 5 1525764817.977117
 812 85 5 5 86 126 165 5 151 127 7 5 1525764818.027619
 798 87 5 5 86 126 165 5 151 127 5 5 1525764818.127614
 805 87 5 5 86 126 165 5 151 127 5 5 1525764818.176361
 807 85 5 5 86 126 165 5 151 127 6 5 1525764818.278357
 804 85 5 5 86 126 165 5 151 127 6 5 1525764818.328731
 806 85 4 5 86 126 165 5 151 127 5 5 1525764818.379104
 805 87 6 5 86 126 165 5 151 127 5 5 1525764818.429232
 805 84 5 5 86 126 165 5 151 127 5 5 1525764818.479476
 797 87 5 5 86 126 166 5 151 127 5 5 1525764818.529723
 807 85 5 5 86 126 165 5 151 127 5 5 1525764818.579972
 798 93 6 5 86 126 165 5 151 127 5 5 1525764818.630095
 807 85 5 5 86 126 165 5 151 127 5 5 1525764818.680468
 806 84 5 5 86 126 165 5 151 127 4 5 1525764818.730718
 805 84 4 5 86 126 165 5 151 127 6 5 1525764818.780715
 807 86 5 5 86 126 166 5 151 127 5 5 1525764818.831089
 807 84 5 5 86 126 165 5 151 127 6 5 1525764818.881462
 807 86 5 5 86 126 166 5 151 127 5 5 1525764818.931835
 814 85 5 5 86 126 166 5 151 127 4 5 1525764818.982334
 813 87 6 5 86 126 166 5 151 127 4 5 1525764819.032584
 820 84 5 5 86 126 166 5 151 124 4 5 1525764819.083081
 820 92 6 5 86 126 165 5 151 127 5 5 1525764819.133328
 821 85 6 5 86 126 165 5 151 127 4 5 1525764819.183578
 813 92 6 5 86 126 166 5 151 127 4 5 1525764819.283452
 815 86 6 5 86 126 165 5 151 127 5 5 1525764819.334073
 813 85 5 5 86 126 165 5 151 127 5 5 1525764819.384445
 820 87 6 5 86 126 166 5 151 127 4 5 1525764819.434820
 807 87 5 5 86 126 165 5 151 127 6 5 1525764819.485066
 814 86 5 5 86 126 166 5 151 127 5 5 1525764819.584939
 807 86 5 5 86 126 166 5 151 127 5 5 1525764819.635687
 813 86 6 5 86 126 166 5 151 127 6 5 1525764819.686060
 806 87 5 5 86 126 165 5 151 127 5 5 1525764819.736059
 813 87 5 5 86 126 166 5 151 127 4 5 1525764819.786307
 812 85 5 5 86 126 165 5 151 127 5 5 1525764819.836179
 804 86 5 5 86 126 165 5 151 127 4 5 1525764819.886429
 806 86 5 5 86 126 165 5 151 127 5 5 1525764819.936302
 812 86 5 5 86 126 166 5 151 127 6 5 1525764819.986557
 807 87 6 5 86 126 166 5 151 127 5 5 1525764820.037046
 812 86 6 5 86 126 166 5 151 127 5 5 1525764820.087297
 807 87 5 5 86 126 166 5 151 127 5 5 1525764820.137795
 812 84 5 5 86 126 166 5 151 127 5 5 1525764820.188044
 812 85 5 5 86 126 165 5 151 127 5 5 1525764820.239042
 814 86 5 5 86 126 165 5 151 127 5 5 1525764820.338913
 812 94 6 5 86 126 166 5 151 127 7 5 1525764820.389666
 813 85 5 5 86 126 166 5 151 127 6 5 1525764820.439909
 814 87 6 5 86 126 165 5 151 127 5 5 1525764820.490408
 804 86 6 5 86 126 165 5 151 127 4 5 1525764820.590404
 814 84 5 5 86 126 165 5 151 127 4 5 1525764820.639029
 812 86 5 5 86 126 166 5 151 127 5 5 1525764820.741150
 806 93 6 5 86 126 166 5 151 127 7 5 1525764820.789773
 814 84 5 5 86 126 166 5 151 127 5 5 1525764820.840021
 812 85 5 5 86 126 165 5 151 127 7 5 1525764820.890769
 814 77 4 5 86 126 165 5 151 127 5 5 1525764820.941268
 813 92 5 5 86 126 165 5 151 127 4 5 1525764820.991767
 814 87 6 5 86 126 165 5 151 127 4 5 1525764821.042141
 815 93 6 5 86 127 166 5 151 124 7 5 1525764821.092764
 812 92 6 5 86 126 165 5 151 127 5 5 1525764821.143136
 813 92 6 5 86 126 165 5 151 127 4 5 1525764821.193760
 815 87 5 5 86 126 166 5 151 127 7 5 1525764821.244133
 812 85 5 5 86 126 165 5 151 127 4 5 1525764821.344257
 814 86 6 5 86 126 165 5 151 127 7 5 1525764821.394878
 807 92 7 5 86 126 166 5 151 127 4 5 1525764821.495000
 812 93 7 5 86 126 166 5 151 127 4 5 1525764821.544248
 815 85 6 5 86 126 166 5 151 127 4 5 1525764821.594245
 814 93 6 5 86 126 166 5 151 127 4 5 1525764821.644119
 813 85 6 5 86 126 166 5 151 127 4 5 1525764821.694493
 807 92 12 5 86 126 165 5 151 127 4 5 1525764821.796739
 812 94 7 5 86 126 166 5 151 127 7 5 1525764821.845616
 806 94 7 5 86 126 166 5 151 127 4 5 1525764821.895614
 813 87 6 5 86 126 165 5 151 127 4 5 1525764821.997733
 812 87 6 5 86 126 165 5 151 127 4 5 1525764822.046734
 807 87 7 5 86 126 166 5 151 127 4 5 1525764822.096606
 804 93 7 5 86 126 166 5 151 127 4 5 1525764822.198726
 814 87 7 5 86 126 166 5 151 127 5 5 1525764822.249474
 815 86 6 5 86 126 165 5 151 127 4 5 1525764822.349469
 812 87 7 5 86 126 166 5 151 127 4 5 1525764822.450092
 814 85 6 5 86 126 165 5 151 127 4 5 1525764822.498592
 813 86 6 5 86 126 166 5 151 127 4 5 1525764822.600838
 806 87 7 5 86 126 166 5 151 127 5 5 1525764822.649711
 813 87 6 5 86 126 166 5 151 127 5 5 1525764822.699709
 812 87 6 5 86 126 165 5 151 127 5 5 1525764822.750082
 812 79 5 5 86 126 166 5 151 127 4 5 1525764822.800331
 807 87 7 5 86 126 166 5 151 127 5 5 1525764822.850703
 812 85 6 5 86 126 165 5 151 127 4 5 1525764822.900828
 814 94 7 5 86 126 166 5 151 124 5 5 1525764822.951200
 812 86 6 5 86 126 166 5 151 127 4 5 1525764823.001449
 815 85 6 5 86 126 166 5 151 127 4 5 1525764823.051321
 814 92 6 5 86 126 165 5 151 127 4 5 1525764823.153693
 813 85 5 5 86 126 166 5 151 127 5 5 1525764823.202317
 807 94 7 5 86 126 166 5 151 127 5 5 1525764823.252315
 806 93 7 5 86 126 165 5 151 127 5 5 1525764823.302814
 815 86 6 5 86 126 166 5 151 127 5 5 1525764823.404934
 813 92 6 5 86 126 165 5 151 127 5 5 1525764823.453685
 814 87 6 5 86 126 165 5 151 127 5 5 1525764823.503683
 807 93 6 5 86 126 165 5 151 127 5 5 1525764823.554181
 807 85 6 5 86 126 165 5 151 127 5 5 1525764823.604427
 806 94 7 5 86 126 165 5 151 127 5 5 1525764823.654802
 805 93 7 5 86 126 166 5 151 127 5 5 1525764823.705050
 804 86 5 5 86 126 165 5 151 127 5 5 1525764823.755558
 814 85 6 5 86 126 166 5 151 127 4 5 1525764823.805796
 807 87 6 5 86 126 165 5 151 127 5 5 1525764823.856169
 814 85 6 5 86 126 166 5 151 127 6 5 1525764823.906418
 806 92 6 5 86 126 165 5 151 127 4 5 1525764823.956792
 806 87 6 5 86 126 165 5 151 127 5 5 1525764824.007290
 807 92 6 5 86 126 165 5 151 127 4 5 1525764824.057664
 813 87 6 5 86 126 165 5 151 127 5 5 1525764824.108035
 823 84 5 5 86 126 166 5 151 127 5 5 1525764824.158535
 815 86 6 5 86 126 166 5 151 127 5 5 1525764824.208408
 805 87 6 5 86 126 166 5 151 127 5 5 1525764824.258783
 813 87 6 5 86 126 166 5 151 124 4 5 1525764824.309280
 804 92 6 5 86 126 165 5 151 127 5 5 1525764824.359657
 807 87 6 5 86 126 165 5 151 127 5 5 1525764824.410151
 807 84 6 5 86 126 165 5 151 127 4 5 1525764824.460275
 814 85 6 5 86 126 166 5 151 127 7 5 1525764824.510398
 815 79 5 5 86 126 165 5 151 127 4 5 1525764824.560896
 812 92 6 5 86 126 166 5 151 127 4 5 1525764824.611269
 815 85 6 5 86 126 165 5 151 127 4 5 1525764824.661768
 804 93 6 5 86 126 165 5 151 127 4 5 1525764824.712016
 813 85 6 5 86 126 166 5 151 127 4 5 1525764824.762515
 805 92 7 5 86 126 166 5 151 124 6 5 1525764824.812763
 813 87 6 5 86 126 166 5 151 127 4 5 1525764824.912635
 812 85 5 5 86 126 165 5 151 127 6 5 1525764824.963507
 812 85 6 5 86 126 165 5 151 127 4 5 1525764825.063632
 812 86 6 5 86 126 165 5 151 127 5 5 1525764825.164003
 814 85 6 5 86 126 166 5 151 127 4 5 1525764825.214499
 814 87 6 5 86 126 165 5 151 127 4 5 1525764825.314623
 812 87 6 5 86 126 166 5 151 127 4 5 1525764825.363246
 812 92 6 5 86 126 165 5 151 127 4 5 1525764825.415868
 814 84 6 5 86 126 166 5 151 127 5 5 1525764825.515863
 814 84 6 5 86 126 165 5 151 127 4 5 1525764825.566488
 814 86 6 5 86 126 165 5 151 127 4 5 1525764825.616861
 820 85 6 5 86 126 166 5 151 124 4 5 1525764825.667109
 807 87 14 5 86 126 165 5 151 127 4 5 1525764825.766980
 806 87 14 5 86 126 166 5 151 127 4 5 1525764825.815607
 805 87 14 5 86 126 166 5 151 127 4 5 1525764825.868227
 814 87 13 5 86 126 165 5 151 127 4 5 1525764825.968224
 807 84 13 5 86 126 165 5 151 127 4 5 1525764826.016972
 814 84 13 5 86 126 166 5 151 124 4 5 1525764826.066972
 807 92 13 5 86 126 166 5 151 127 4 5 1525764826.117596
 807 92 13 5 86 126 165 5 151 127 7 5 1525764826.167843
 806 87 13 5 86 126 165 5 151 127 4 5 1525764826.218340
 812 87 13 5 86 126 165 5 151 127 4 5 1525764826.268590
 812 84 7 5 86 126 165 5 151 127 7 5 1525764826.319088
 815 87 12 5 86 126 166 5 151 127 4 5 1525764826.369336
 805 86 13 5 86 126 165 5 151 127 4 5 1525764826.419835
 805 87 13 5 86 126 166 5 151 124 4 5 1525764826.469956
 806 85 13 5 86 126 165 5 151 127 4 5 1525764826.520456
 805 87 12 5 86 126 166 5 151 127 4 5 1525764826.570703
 812 86 12 5 86 126 165 5 151 127 7 5 1525764826.621326
 812 86 12 5 86 126 165 5 151 127 7 5 1525764826.671701
 815 79 7 5 86 126 165 5 151 127 4 5 1525764826.721575
 806 86 12 5 86 126 165 5 151 127 5 5 1525764826.772073
 814 87 7 5 86 126 165 5 151 127 4 5 1525764826.822696
 798 86 12 5 86 126 165 5 151 127 4 5 1525764826.873068
 813 86 12 5 86 126 166 5 151 127 4 5 1525764826.923568
 805 92 12 5 86 126 165 5 151 127 4 5 1525764826.973940
 812 87 12 5 86 126 165 5 151 127 4 5 1525764827.073936
 813 85 7 5 86 126 165 5 151 127 4 5 1525764827.122435
 813 84 7 5 86 126 165 5 151 127 5 5 1525764827.224683
 804 84 7 5 86 126 165 5 151 127 4 5 1525764827.273307
 805 94 12 5 86 126 166 5 151 127 5 5 1525764827.375302
 815 87 7 5 86 126 166 5 151 124 4 5 1525764827.424558
 813 87 12 5 86 126 166 5 151 127 4 5 1525764827.474674
 807 84 7 5 86 126 166 5 151 127 4 5 1525764827.525047
 806 86 12 5 86 126 165 5 151 127 4 5 1525764827.575545
 806 86 12 5 86 126 165 5 151 127 4 5 1525764827.625918
 813 87 7 5 86 126 165 5 151 127 4 5 1525764827.675919
 806 87 7 5 86 126 166 5 151 127 4 5 1525764827.726415
 813 86 7 5 86 126 165 5 151 127 4 5 1525764827.776788
 813 85 7 5 86 126 166 5 151 124 4 5 1525764827.827286
 812 85 12 5 86 126 165 5 151 127 4 5 1525764827.877661
 807 85 7 5 86 126 165 5 151 127 7 5 1525764827.928159
 804 84 12 5 86 126 166 5 151 127 7 5 1525764827.978531
 804 85 12 5 86 126 166 5 151 127 4 5 1525764828.029033
 804 86 7 5 86 126 166 5 151 127 4 5 1525764828.079528
 814 87 7 5 86 126 166 5 151 127 5 5 1525764828.129901
 812 84 7 5 86 126 166 5 151 127 6 5 1525764828.180025
 806 84 12 5 86 126 166 5 151 127 4 5 1525764828.280020
 812 86 12 5 86 126 165 5 151 127 5 5 1525764828.330520
 807 87 12 5 86 126 166 5 151 127 4 5 1525764828.380393
 812 85 12 5 86 126 165 5 151 127 5 5 1525764828.430765
 804 86 7 5 86 126 166 5 151 127 5 5 1525764828.481139
 812 87 7 5 86 126 165 5 151 127 4 5 1525764828.531762
 807 85 12 5 86 126 165 5 151 127 4 5 1525764828.582010
 812 84 7 5 86 126 165 5 151 127 5 5 1525764828.682133
 805 87 12 5 86 126 166 5 151 127 4 5 1525764828.732755
 807 84 7 5 86 126 166 5 151 127 5 5 1525764828.782629
 805 87 12 5 86 126 166 5 151 127 5 5 1525764828.833128
 812 85 7 5 86 127 166 5 151 124 5 5 1525764828.883627
 814 87 12 5 86 126 166 5 151 127 5 5 1525764828.934124
 814 87 7 5 86 126 165 5 151 127 4 5 1525764828.981997
 812 86 7 5 86 126 166 5 151 127 5 5 1525764829.032622
 807 85 12 5 86 126 165 5 151 127 4 5 1525764829.083121
 807 93 12 5 86 126 166 5 151 127 5 5 1525764829.133619
 815 85 12 5 86 126 166 5 151 124 4 5 1525764829.183990
 813 85 12 5 86 126 166 5 151 127 4 5 1525764829.234489
 814 86 7 5 86 126 166 5 151 127 4 5 1525764829.284738
 813 85 12 5 86 126 165 5 151 127 5 5 1525764829.334986
 814 87 7 5 86 126 165 5 151 127 5 5 1525764829.385360
 806 87 7 5 86 126 166 5 151 127 5 5 1525764829.435733
 806 86 12 5 86 126 166 5 151 127 4 5 1525764829.485606
 804 94 13 5 86 126 166 5 151 127 5 5 1525764829.535607
 815 84 7 5 86 126 166 5 151 124 5 5 1525764829.585976
 813 87 12 5 86 126 166 5 151 127 4 5 1525764829.636475
 812 84 7 5 86 126 165 5 151 127 4 5 1525764829.686849
 812 87 12 5 86 126 166 5 151 127 5 5 1525764829.737222
 806 86 12 5 86 126 165 5 151 127 5 5 1525764829.787469
 805 84 12 5 86 126 166 5 151 127 5 5 1525764829.837844
 806 86 12 5 86 126 165 5 151 127 6 5 1525764829.888217
 807 92 12 5 86 126 165 5 151 127 5 5 1525764829.938592
 814 85 12 5 86 126 166 5 151 127 5 5 1525764829.988964
 807 87 12 5 86 126 166 5 151 127 5 5 1525764830.039459
 813 87 7 5 86 126 166 5 151 127 6 5 1525764830.089961
 806 86 12 5 86 126 165 5 151 127 5 5 1525764830.140209
 805 87 12 5 86 126 165 5 151 127 5 5 1525764830.190458
 796 87 7 5 86 126 165 5 151 127 6 5 1525764830.240334
 807 85 12 5 86 126 166 5 151 127 6 5 1525764830.290705
 813 84 7 5 86 126 165 5 151 127 5 5 1525764830.341326
 815 84 7 5 86 126 166 5 151 127 5 5 1525764830.391578
 806 86 12 5 86 126 165 5 151 127 4 5 1525764830.441449
 812 86 7 5 86 126 165 5 151 127 5 5 1525764830.491821
 804 92 12 5 86 126 166 5 151 127 5 5 1525764830.542320
 813 93 12 5 86 126 166 5 151 124 4 5 1525764830.592692
 812 84 7 5 86 126 165 5 151 127 6 5 1525764830.692689
 812 86 7 5 86 126 165 5 151 127 5 5 1525764830.793061
 805 92 12 5 86 126 165 5 151 124 5 5 1525764830.893683
 807 86 12 5 86 126 166 5 151 127 5 5 1525764830.942564
 814 87 7 5 86 126 166 5 151 127 4 5 1525764831.044802
 806 87 12 5 86 126 166 5 151 127 5 5 1525764831.093676
 799 84 7 5 86 126 165 5 151 127 5 5 1525764831.143675
 805 92 12 5 86 126 165 5 151 127 4 5 1525764831.194049
 807 85 7 5 86 126 165 5 151 127 4 5 1525764831.244296
 807 94 12 5 86 126 165 5 151 127 4 5 1525764831.294670
 812 86 12 5 86 126 166 5 151 124 4 5 1525764831.345167
 807 86 13 5 1135 133 164 5 149 126 6 5 1525764831.395669
 812 84 7 5 86 126 165 5 151 127 4 5 1525764831.446040
 812 87 12 5 86 126 165 5 151 127 4 5 1525764831.496914
 815 84 7 5 86 126 165 5 151 127 4 5 1525764831.547287
 806 93 12 5 86 126 165 5 151 127 4 5 1525764831.596284
 807 86 7 5 86 126 165 5 151 127 4 5 1525764831.646790
 812 85 7 5 86 126 165 5 151 127 5 5 1525764831.748407
 814 87 12 5 86 126 165 5 151 127 5 5 1525764831.798777
 798 85 7 5 86 126 165 5 151 127 4 5 1525764831.899025
 804 93 12 5 86 126 166 5 151 127 4 5 1525764831.999273
 806 92 12 5 86 126 165 5 151 127 4 5 1525764832.049896
 805 94 12 5 86 126 165 5 151 127 4 5 1525764832.100140
 806 84 7 5 86 126 166 5 151 127 5 5 1525764832.150391
 812 92 12 5 86 126 166 5 151 127 4 5 1525764832.198641
 813 86 7 5 86 126 165 5 151 127 4 5 1525764832.301260
 805 92 12 5 86 126 165 5 151 127 4 5 1525764832.349885
 796 93 12 5 86 126 165 5 151 127 5 5 1525764832.399758
 806 87 7 5 86 126 165 5 151 127 5 5 1525764832.451632
 807 87 7 5 86 126 166 5 151 127 4 5 1525764832.502130
 813 86 7 5 86 126 166 5 151 127 4 5 1525764832.552003
 805 87 7 5 86 126 165 5 151 127 4 5 1525764832.601006
 813 92 12 5 86 126 166 5 151 124 4 5 1525764832.651125
 805 86 7 5 86 126 165 5 151 127 4 5 1525764832.753000
 804 93 12 5 86 126 166 5 151 127 4 5 1525764832.803831
 815 86 7 5 86 126 166 5 151 127 4 5 1525764832.952778
 806 87 7 5 86 126 166 5 151 127 4 5 1525764833.004866
 807 92 12 5 86 126 165 5 151 127 4 5 1525764833.054363
 806 87 12 5 86 126 166 5 151 127 4 5 1525764833.105729
 804 94 12 5 86 126 165 5 151 127 4 5 1525764833.154745
 815 85 7 5 86 126 165 5 151 127 4 5 1525764833.205107
 821 86 7 5 86 126 166 5 151 127 4 5 1525764833.255604
 812 85 7 5 86 126 165 5 151 127 4 5 1525764833.305104
 805 93 12 5 86 126 166 5 151 127 4 5 1525764833.355976
 804 95 12 5 86 126 166 5 151 127 4 5 1525764833.456149
 815 86 6 5 86 126 166 5 151 127 5 5 1525764833.506599
 804 94 12 5 86 126 166 5 151 127 4 5 1525764833.556925
 815 84 7 5 86 126 166 5 151 127 4 5 1525764833.607717
 813 92 12 5 86 126 165 5 151 127 4 5 1525764833.657591
 814 85 7 5 86 126 165 5 151 127 5 5 1525764833.707592
 805 85 7 5 86 126 165 5 151 127 4 5 1525764833.756963
 805 95 12 5 86 126 166 5 151 127 4 5 1525764833.859333
 807 87 7 5 86 126 165 5 151 127 5 5 1525764833.909209
 813 92 12 5 86 126 165 5 151 127 4 5 1525764833.958205
 798 87 7 5 86 126 165 5 151 127 5 5 1525764834.008082
 807 87 7 5 86 126 166 5 151 127 5 5 1525764834.110200
 805 94 12 5 86 126 165 5 151 127 5 5 1525764834.159823
 806 93 12 5 86 126 166 5 151 127 4 5 1525764834.209321
 814 86 7 5 86 126 165 5 151 127 5 5 1525764834.311443
 807 92 7 5 86 126 165 5 151 127 4 5 1525764834.361191
 813 87 7 5 86 126 165 5 151 127 4 5 1525764834.410441
 798 87 7 5 86 126 165 5 151 127 4 5 1525764834.512813
 807 93 12 5 86 126 166 5 151 127 5 5 1525764834.561435
 807 87 7 5 86 126 166 5 151 127 5 5 1525764834.612309
 806 87 7 5 86 126 165 5 151 127 4 5 1525764834.662057
 813 86 7 5 86 126 165 5 151 127 5 5 1525764834.712436
 805 86 7 5 86 126 166 5 151 127 5 5 1525764834.763807
 812 87 7 5 86 126 166 5 151 127 5 5 1525764834.813677
 804 87 7 5 86 126 166 5 151 127 5 5 1525764834.863425
 806 93 12 5 86 126 166 5 151 127 5 5 1525764834.912924
 806 94 12 5 86 126 165 5 151 127 5 5 1525764834.963173
 815 87 7 5 86 126 165 5 151 124 5 5 1525764835.015295
 806 87 7 5 86 126 165 5 151 127 5 5 1525764835.063794
 806 92 7 5 86 126 166 5 151 127 5 5 1525764835.166166
 812 92 7 5 86 126 165 5 151 127 6 5 1525764835.216163
 812 92 12 5 86 126 166 5 151 124 5 5 1525764835.265661
 804 94 12 5 86 126 166 5 151 127 6 5 1525764835.316159
 812 84 7 5 86 126 165 5 151 127 5 5 1525764835.367035
 812 87 7 5 86 126 165 5 151 127 5 5 1525764835.416282
 812 85 7 5 86 126 166 5 151 127 5 5 1525764835.468910
 805 92 7 5 86 126 166 5 151 127 5 5 1525764835.515906
 814 86 7 5 86 126 165 5 151 127 5 5 1525764835.567402
 807 86 7 5 86 126 165 5 151 127 5 5 1525764835.616653
 806 92 7 5 86 126 165 5 151 127 5 5 1525764835.667399
 807 94 7 5 86 126 165 5 151 127 5 5 1525764835.716900
 815 84 6 5 86 126 166 5 151 127 5 5 1525764835.768024
 807 92 7 5 86 126 166 5 151 127 6 5 1525764835.817895
 820 84 6 5 86 126 166 5 151 127 4 5 1525764835.867896
 807 93 7 5 86 126 166 5 151 127 5 5 1525764835.918020
 807 87 7 5 86 126 166 5 151 127 5 5 1525764835.968141
 804 95 12 5 86 126 165 5 151 127 4 5 1525764836.020137
 807 87 7 5 86 126 165 5 151 127 5 5 1525764836.069758
 799 84 6 5 86 126 165 5 151 127 5 5 1525764836.119509
 813 86 7 5 86 126 165 5 151 127 4 5 1525764836.169511
 814 93 7 5 86 126 165 5 151 127 5 5 1525764836.221633
 807 95 12 5 86 126 165 5 151 127 5 5 1525764836.321884
 799 92 7 5 86 126 165 5 151 127 5 5 1525764836.371005
 804 92 12 5 86 126 166 5 151 127 6 5 1525764836.420376
 812 86 7 5 86 126 165 5 151 127 5 5 1525764836.471627
 813 93 7 5 86 126 165 5 151 127 5 5 1525764836.522988
 812 87 7 5 86 126 166 5 151 127 5 5 1525764836.572119
 812 93 7 5 86 126 166 5 151 124 5 5 1525764836.622243
 807 93 7 5 86 126 165 5 151 127 5 5 1525764836.672988
 804 87 7 5 86 126 165 5 151 127 5 5 1525764836.722616
 805 92 7 5 86 126 166 5 151 127 4 5 1525764836.772364
 813 85 6 5 86 126 166 5 151 127 5 5 1525764836.872987
 806 92 7 5 86 126 166 5 151 127 5 5 1525764836.924607
 813 87 6 5 86 126 165 5 151 127 4 5 1525764836.974111
 805 87 7 5 86 126 165 5 151 127 4 5 1525764837.023481
 807 93 7 5 86 126 166 5 151 127 5 5 1525764837.074607
 807 93 7 5 86 126 166 5 151 127 5 5 1525764837.124350
 807 93 7 5 86 126 165 5 151 127 4 5 1525764837.175348
 812 86 7 5 86 126 165 5 151 127 5 5 1525764837.275221
 805 92 7 5 86 126 166 5 151 127 5 5 1525764837.324970
 813 87 7 5 86 126 166 5 151 127 4 5 1525764837.376094
 804 93 7 5 86 126 166 5 151 127 5 5 1525764837.426603
 806 85 7 5 86 126 166 5 151 127 5 5 1525764837.478217
 807 87 7 5 86 126 165 5 151 127 4 5 1525764837.577711
 815 84 6 5 86 126 166 5 151 127 5 5 1525764837.626960
 805 93 7 5 86 126 165 5 151 127 5 5 1525764837.679332
 812 85 6 5 86 126 165 5 151 127 5 5 1525764837.727710
 805 94 7 5 86 126 165 5 151 127 5 5 1525764837.778384
 805 87 7 5 86 126 166 5 151 127 5 5 1525764837.829079
 807 94 7 5 86 126 165 5 151 127 5 5 1525764837.878082
 813 85 6 5 86 126 165 5 151 127 5 5 1525764837.928200
 815 87 6 5 86 126 166 5 151 127 5 5 1525764837.980074
 814 85 6 5 86 126 165 5 151 127 5 5 1525764838.029696
 807 93 7 5 86 126 165 5 151 127 5 5 1525764838.081446
 813 86 7 5 86 126 166 5 151 127 5 5 1525764838.130071
 806 95 7 5 86 126 166 5 151 127 5 5 1525764838.181592
 807 86 6 5 86 126 165 5 151 127 5 5 1525764838.232069
 807 94 7 5 86 126 166 5 151 127 5 5 1525764838.282315
 813 85 7 5 86 126 166 5 151 127 5 5 1525764838.332185
 813 93 7 5 86 126 166 5 151 127 5 5 1525764838.380936
 813 87 7 5 86 126 166 5 151 127 5 5 1525764838.432058
 807 93 7 5 86 126 165 5 151 127 4 5 1525764838.533180
 806 95 12 5 86 126 166 5 151 127 4 5 1525764838.583804
 812 87 7 5 86 126 165 5 151 127 4 5 1525764838.633052
 815 86 6 5 86 126 165 5 151 127 4 5 1525764838.734559
 812 92 7 5 86 126 165 5 151 127 4 5 1525764838.784422
 806 93 7 5 86 126 165 5 151 127 5 5 1525764838.882916
 804 92 7 5 86 126 165 5 151 127 5 5 1525764838.934046
 805 86 7 5 86 126 165 5 151 127 5 5 1525764838.983783
 813 85 6 5 86 126 165 5 151 127 4 5 1525764839.034534
 812 86 7 5 86 126 165 5 151 127 5 5 1525764839.134532
 806 84 6 5 86 126 165 5 151 127 4 5 1525764839.236654
 807 93 7 5 86 126 166 5 151 127 4 5 1525764839.285649
 806 92 7 5 86 126 165 5 151 127 4 5 1525764839.336149
 806 87 7 5 86 126 165 5 151 127 5 5 1525764839.386272
 814 87 7 5 86 126 165 5 151 127 5 5 1525764839.437649
 813 87 6 5 86 126 165 5 151 127 5 5 1525764839.537290
 805 87 7 5 86 126 166 5 151 127 5 5 1525764839.587141
 807 94 7 5 86 126 166 5 151 127 5 5 1525764839.639263
 806 92 7 5 86 126 165 5 151 127 5 5 1525764839.687766
 815 87 6 5 86 126 166 5 151 127 5 5 1525764839.738761
 813 85 6 5 86 126 165 5 151 127 4 5 1525764839.790008
 807 92 7 5 86 126 166 5 151 127 5 5 1525764839.839761
 805 93 7 5 86 126 165 5 151 127 5 5 1525764839.938629
 820 85 6 5 86 126 165 5 151 127 5 5 1525764839.990880
 807 94 12 5 86 126 165 5 151 127 4 5 1525764840.041259
 812 85 6 5 86 126 165 5 151 127 5 5 1525764840.089376
 812 87 7 5 86 126 165 5 151 127 4 5 1525764840.140247
 814 86 7 5 86 126 165 5 151 127 4 5 1525764840.191373
 812 84 6 5 86 126 166 5 151 127 4 5 1525764840.242369
 814 85 6 5 86 126 166 5 151 127 4 5 1525764840.291742
 806 94 7 5 86 126 165 5 151 127 5 5 1525764840.342491
 806 87 7 5 86 126 166 5 151 127 5 5 1525764840.392998
 805 95 12 5 86 126 165 5 151 127 5 5 1525764840.442489
 814 85 6 5 86 126 166 5 151 127 5 5 1525764840.492110
 812 93 7 5 86 126 165 5 151 127 5 5 1525764840.543484
 814 86 7 5 86 126 166 5 151 127 5 5 1525764840.593857
 812 95 12 5 86 126 165 5 151 124 5 5 1525764840.644105
 806 92 7 5 86 126 165 5 151 127 5 5 1525764840.793388
 813 92 7 5 86 126 166 5 151 127 5 5 1525764840.844974
 814 85 6 5 86 126 166 5 151 127 5 5 1525764840.895347
 812 92 7 5 86 126 166 5 151 127 4 5 1525764840.945626
 807 93 7 5 86 126 166 5 151 127 4 5 1525764840.996091
 804 87 7 5 86 126 165 5 151 127 4 5 1525764841.044841
 805 92 7 5 86 126 165 5 151 127 5 5 1525764841.094969
 806 92 7 5 86 126 166 5 151 127 4 5 1525764841.146595
 807 87 6 5 86 126 166 5 151 127 5 5 1525764841.196836
 807 87 7 5 86 126 165 5 151 127 5 5 1525764841.247337
 814 85 6 5 86 126 166 5 151 127 5 5 1525764841.297210
 806 87 7 5 86 126 165 5 151 127 4 5 1525764841.347080
 805 94 7 5 86 126 166 5 151 127 5 5 1525764841.448837
 807 93 7 5 86 126 165 5 151 127 5 5 1525764841.496711
 804 92 7 5 86 126 165 5 151 127 5 5 1525764841.547701
 812 86 6 5 86 126 166 5 151 127 5 5 1525764841.598585
 807 87 7 5 86 126 165 5 151 127 5 5 1525764841.647597
 812 86 6 5 86 126 165 5 151 127 6 5 1525764841.748821
 804 94 7 5 86 126 166 5 151 127 5 5 1525764841.799567
 804 95 7 5 86 126 166 5 151 127 5 5 1525764841.900438
 815 84 6 5 86 126 166 5 151 127 5 5 1525764841.949686
 807 92 7 5 86 126 166 5 151 127 5 5 1525764842.000809
 804 93 7 5 86 126 166 5 151 127 5 5 1525764842.100933
 804 95 7 5 86 126 165 5 151 127 6 5 1525764842.200433
 806 84 6 5 86 126 165 5 151 127 5 5 1525764842.251431
 813 87 7 5 86 126 165 5 151 127 5 5 1525764842.301429
 805 84 6 5 86 126 166 5 151 127 6 5 1525764842.403173
 814 85 6 5 86 126 165 5 151 127 5 5 1525764842.453176
 807 95 7 5 86 126 166 5 151 127 4 5 1525764842.503046
 813 92 7 5 86 126 166 5 151 124 5 5 1525764842.553419
 806 92 7 5 86 126 165 5 151 127 6 5 1525764842.602293
 807 87 7 5 86 126 165 5 151 127 5 5 1525764842.653164
 815 92 7 5 86 126 166 5 151 127 5 5 1525764842.704912
 814 87 7 5 86 126 166 5 151 127 12 5 1525764842.753162
 807 86 7 5 86 126 165 5 151 127 6 5 1525764842.804406
 807 93 7 5 86 126 166 5 151 124 13 5 1525764842.854782
 804 92 7 5 86 126 165 5 151 127 6 5 1525764842.905028
 796 85 6 5 86 126 165 5 151 127 5 5 1525764842.955427
 807 94 7 5 86 126 166 5 151 127 4 5 1525764843.005651
 813 86 6 5 86 126 165 5 151 127 5 5 1525764843.056148
 814 87 6 5 86 126 166 5 151 127 7 5 1525764843.106398
 807 87 7 5 86 126 166 5 151 127 5 5 1525764843.156270
 804 87 7 5 86 126 166 5 151 127 6 5 1525764843.205520
 806 92 7 5 86 126 165 5 151 127 6 5 1525764843.256893
 820 87 6 5 86 126 166 5 151 127 6 5 1525764843.356264
 814 87 6 5 86 126 165 5 151 127 6 5 1525764843.457516
 815 87 7 5 86 126 166 5 151 124 6 5 1525764843.508384
 812 92 7 5 86 126 165 5 151 127 6 5 1525764843.557258
 806 93 7 5 86 126 165 5 151 127 6 5 1525764843.609008
 806 93 7 5 86 126 166 5 151 127 6 5 1525764843.657631
 806 94 7 5 86 126 165 5 151 127 4 5 1525764843.708628
 814 86 6 5 86 126 165 5 151 127 6 5 1525764843.759504
 807 86 6 5 86 126 165 5 151 127 6 5 1525764843.809874
 807 87 7 5 86 126 165 5 151 127 6 5 1525764843.860124
 812 86 6 5 86 126 166 5 151 124 6 5 1525764843.910496
 806 94 7 5 86 126 165 5 151 127 6 5 1525764843.961494
 807 87 7 5 86 126 165 5 151 127 5 5 1525764844.010992
 806 95 7 5 86 126 165 5 151 127 7 5 1525764844.061241
 814 86 6 5 86 126 166 5 151 127 7 5 1525764844.110322
 807 84 6 5 86 126 166 5 151 127 6 5 1525764844.162989
 814 85 6 5 86 126 165 5 151 127 6 5 1525764844.211612
 806 93 7 5 86 126 166 5 151 127 7 5 1525764844.262734
 815 86 7 5 86 126 166 5 151 124 7 5 1525764844.314482
 807 95 7 5 86 126 166 5 151 127 6 5 1525764844.362356
 807 87 7 5 86 126 166 5 151 127 6 5 1525764844.413853
 807 92 7 5 86 126 165 5 151 127 5 5 1525764844.462277
 815 85 6 5 86 126 166 5 151 127 7 5 1525764844.513479
 812 84 6 5 86 126 165 5 151 127 6 5 1525764844.563724
 813 86 6 5 86 126 166 5 151 127 6 5 1525764844.613221
 806 95 7 5 86 126 166 5 151 127 6 5 1525764844.664605
 806 93 7 5 86 126 166 5 151 124 5 5 1525764844.713594
 807 92 12 5 86 126 166 5 151 127 4 5 1525764844.763592
 805 92 7 5 86 126 166 5 151 127 6 5 1525764844.814966
 812 92 7 5 86 126 166 5 151 127 5 5 1525764844.865465
 814 87 6 5 86 126 166 5 151 127 6 5 1525764844.915214
 812 85 6 5 86 126 166 5 151 127 6 5 1525764844.965711
 807 92 7 5 86 126 165 5 151 127 6 5 1525764845.016335
 807 92 7 5 86 126 165 5 151 127 5 5 1525764845.066830
 813 94 7 5 86 126 166 5 151 124 5 5 1525764845.116205
 806 94 7 5 86 126 166 5 151 127 7 5 1525764845.165951
 813 85 6 5 86 126 165 5 151 127 4 5 1525764845.216327
 806 87 6 5 86 126 165 5 151 127 6 5 1525764845.266698
 807 87 6 5 86 126 165 5 151 127 6 5 1525764845.317322
 815 86 6 5 86 126 166 5 151 127 6 5 1525764845.367697
 806 92 7 5 86 126 166 5 151 127 6 5 1525764845.418194
 806 94 7 5 86 126 165 5 151 127 5 5 1525764845.468570
 806 94 7 5 86 126 166 5 151 127 6 5 1525764845.519440
 812 87 6 5 86 126 166 5 151 127 6 5 1525764845.569815
 815 84 6 5 86 126 166 5 151 127 6 5 1525764845.620188
 813 92 7 5 86 126 166 5 151 127 5 5 1525764845.720186
 812 93 7 5 86 126 165 5 151 127 5 5 1525764845.821181
 807 87 7 5 86 126 165 5 151 127 5 5 1525764845.869933
 812 87 6 5 86 126 165 5 151 127 6 5 1525764845.919995
 813 86 6 5 86 126 166 5 151 127 6 5 1525764845.970178
 804 87 7 5 86 126 165 5 151 127 5 5 1525764846.021425
 814 86 6 5 86 126 165 5 151 127 5 5 1525764846.072581
 804 92 7 5 86 126 165 5 151 127 5 5 1525764846.121798
 807 87 6 5 86 126 165 5 151 127 5 5 1525764846.171170
 806 95 7 5 86 126 165 5 151 127 5 5 1525764846.222043
 804 84 6 5 86 126 166 5 151 127 5 5 1525764846.272298
 807 92 7 5 86 126 165 5 151 127 5 5 1525764846.323165
 813 87 6 5 86 126 166 5 151 127 5 5 1525764846.373665
 806 93 7 5 86 126 166 5 151 127 5 5 1525764846.422412
 812 87 7 5 86 126 166 5 151 127 7 5 1525764846.474534
 804 94 7 5 86 126 165 5 151 127 6 5 1525764846.523530
 806 87 7 5 86 126 166 5 151 127 5 5 1525764846.574158
 805 87 7 5 86 126 165 5 151 127 6 5 1525764846.625028
 806 93 7 5 86 126 165 5 151 127 5 5 1525764846.724397
 814 86 6 5 86 126 165 5 151 127 6 5 1525764846.775778
 807 94 7 5 86 126 165 5 151 127 5 5 1525764846.826146
 804 92 12 5 86 126 165 5 151 127 6 5 1525764846.924894
 805 93 7 5 86 126 165 5 151 127 5 5 1525764846.976022
 812 92 7 5 86 126 166 5 151 127 5 5 1525764847.025391
 812 87 7 5 86 126 165 5 151 127 4 5 1525764847.077013
 804 85 6 5 86 126 165 5 151 127 5 5 1525764847.127266
 812 87 6 5 86 126 165 5 151 127 5 5 1525764847.178010
 804 94 7 5 86 126 166 5 151 127 4 5 1525764847.276882
 805 93 7 5 86 126 166 5 151 127 6 5 1525764847.328256
 806 86 6 5 86 126 165 5 151 127 5 5 1525764847.378253
 805 87 7 5 86 126 165 5 151 127 7 5 1525764847.428878
 815 86 6 5 86 126 166 5 151 127 12 5 1525764847.479879
 806 87 7 5 86 126 165 5 151 127 4 5 1525764847.529001
 806 86 6 5 86 126 166 5 151 124 7 5 1525764847.578374
 807 92 7 5 86 126 166 5 151 127 6 5 1525764847.629371
 805 93 7 5 86 126 166 5 151 127 5 5 1525764847.679995
 804 92 7 5 86 126 165 5 151 127 6 5 1525764847.730241
 814 86 6 5 86 126 166 5 151 127 7 5 1525764847.780365
 796 87 6 5 86 126 166 5 151 127 7 5 1525764847.830114
 812 87 6 5 86 126 165 5 151 127 4 5 1525764847.880112
 806 87 6 5 86 126 165 5 151 127 5 5 1525764847.930485
 806 94 7 5 86 126 165 5 151 127 6 5 1525764847.980857
 806 93 7 5 86 126 166 5 151 127 12 5 1525764848.031107
 805 92 7 5 86 126 166 5 151 127 6 5 1525764848.081355
 814 85 6 5 86 126 165 5 151 127 7 5 1525764848.131104
 799 86 6 5 86 126 165 5 151 127 6 5 1525764848.181226
 814 85 6 5 86 126 166 5 151 127 6 5 1525764848.232107
 804 86 6 5 86 126 165 5 151 127 5 5 1525764848.283600
 805 94 7 5 86 126 165 5 151 127 6 5 1525764848.382475
 806 87 6 5 86 126 165 5 151 127 5 5 1525764848.433719
 805 92 7 5 86 126 165 5 151 127 7 5 1525764848.483966
 806 84 6 5 86 126 165 5 151 127 5 5 1525764848.532839
 806 93 7 5 86 126 166 5 151 127 5 5 1525764848.585214
 806 84 6 5 86 126 165 5 151 127 5 5 1525764848.633337
 804 94 7 5 86 126 166 5 151 127 5 5 1525764848.684085
 806 87 6 5 86 126 165 5 151 127 6 5 1525764848.735962
 804 94 7 5 86 126 166 5 151 127 5 5 1525764848.784708
 813 85 6 5 86 126 165 5 151 127 5 5 1525764848.835704
 812 84 6 5 86 126 165 5 151 127 4 5 1525764848.887714
 813 86 6 5 86 126 166 5 151 127 6 5 1525764848.936208
 806 93 7 5 86 126 166 5 151 124 5 5 1525764848.985199
 807 92 7 5 86 126 166 5 151 127 5 5 1525764849.037700
 804 92 7 5 86 126 166 5 151 127 5 5 1525764849.087949
 813 94 7 5 86 126 166 5 151 124 7 5 1525764849.138319
 806 94 7 5 86 126 166 5 151 127 5 5 1525764849.186944
 813 87 6 5 86 126 165 5 151 127 6 5 1525764849.237191
 812 93 7 5 86 126 166 5 151 127 5 5 1525764849.288317
 807 87 6 5 86 126 165 5 151 127 6 5 1525764849.337941
 805 93 7 5 86 126 165 5 151 127 6 5 1525764849.389451
 815 86 5 5 86 126 165 5 151 127 4 5 1525764849.490938
 804 87 6 5 86 126 165 5 151 127 5 5 1525764849.538307
 805 86 6 5 86 126 165 5 151 127 6 5 1525764849.588179
 807 86 6 5 86 126 165 5 151 127 5 5 1525764849.638677
 805 92 6 5 86 126 166 5 151 127 5 5 1525764849.689050
 807 93 7 5 86 126 165 5 151 127 5 5 1525764849.791174
 805 93 7 5 86 126 165 5 151 127 5 5 1525764849.839795
 805 93 7 5 86 126 165 5 151 127 5 5 1525764849.889793
 812 92 7 5 86 126 166 5 151 124 7 5 1525764849.942421
 806 87 6 5 86 126 166 5 151 127 5 5 1525764849.990791
 814 87 6 5 86 126 165 5 151 127 5 5 1525764850.041653
 804 92 7 5 86 126 166 5 151 127 6 5 1525764850.091915
 807 92 7 5 86 126 165 5 151 127 5 5 1525764850.142922
 804 92 7 5 86 126 165 5 151 127 7 5 1525764850.193286
 805 84 6 5 86 126 166 5 151 127 5 5 1525764850.242411
 814 84 6 5 86 126 165 5 151 127 5 5 1525764850.293032
 806 87 6 5 86 126 165 5 151 127 5 5 1525764850.342158
 814 84 6 5 86 126 166 5 151 127 5 5 1525764850.392403
 805 93 7 5 86 126 166 5 151 127 5 5 1525764850.443027
 805 95 7 5 86 126 166 5 151 127 5 5 1525764850.543774
 806 87 6 5 86 126 165 5 151 127 4 5 1525764850.594152
 805 92 7 5 86 126 165 5 151 127 5 5 1525764850.644522
 814 85 6 5 86 126 166 5 151 127 5 5 1525764850.694896
 815 86 6 5 86 126 166 5 151 127 5 5 1525764850.744892
 812 85 6 5 86 126 165 5 151 127 5 5 1525764850.794641
 805 93 7 5 86 126 166 5 151 127 5 5 1525764850.845271
 807 85 6 5 86 126 165 5 151 127 5 5 1525764850.897013
 807 95 7 5 86 126 166 5 151 127 5 5 1525764850.946509
 820 84 5 5 86 126 166 5 151 127 5 5 1525764850.996511
 813 92 7 5 86 126 166 5 151 127 5 5 1525764851.047884
 812 93 7 5 86 126 166 5 151 127 5 5 1525764851.148380
 807 93 7 5 86 126 165 5 151 127 4 5 1525764851.198879
 813 85 6 5 86 126 165 5 151 127 5 5 1525764851.248626
 804 93 7 5 86 126 166 5 151 127 4 5 1525764851.297872
 807 94 7 5 86 126 165 5 151 127 5 5 1525764851.348622
 813 85 6 5 86 126 165 5 151 127 5 5 1525764851.399246
 807 93 7 5 86 126 165 5 151 127 5 5 1525764851.448493
 805 93 7 5 86 126 166 5 151 127 5 5 1525764851.548619
 805 93 7 5 86 126 166 5 151 127 5 5 1525764851.600738
 807 92 6 5 86 126 166 5 151 127 4 5 1525764851.701246
 820 85 5 5 86 126 166 5 151 127 5 5 1525764851.750358
 805 87 6 5 86 126 166 5 151 127 5 5 1525764851.851853
 812 86 6 5 86 126 166 5 151 127 5 5 1525764851.901506
 807 93 7 5 86 126 166 5 151 127 5 5 1525764851.951979
 815 84 6 5 86 126 165 5 151 127 5 5 1525764852.002974
 806 93 7 5 86 126 166 5 151 127 5 5 1525764852.051473
 814 86 6 5 86 126 166 5 151 127 5 5 1525764852.102723
 812 86 6 5 86 126 166 5 151 127 5 5 1525764852.154343
 813 87 6 5 86 126 165 5 151 127 6 5 1525764852.202216
 813 86 6 5 86 126 165 5 151 127 5 5 1525764852.253843
 813 92 6 5 86 126 166 5 151 127 5 5 1525764852.304218
 804 92 7 5 86 126 165 5 151 127 4 5 1525764852.354467
 804 93 7 5 86 126 166 5 151 127 4 5 1525764852.403087
 812 86 6 5 86 126 165 5 151 127 4 5 1525764852.454211
 813 86 6 5 86 126 165 5 151 127 4 5 1525764852.504456
 815 84 6 5 86 126 165 5 151 127 5 5 1525764852.554709
 804 92 7 5 86 126 166 5 151 127 5 5 1525764852.605002
 813 86 6 5 86 126 166 5 151 127 4 5 1525764852.655328
 806 95 7 5 86 126 166 5 151 127 4 5 1525764852.706077
 805 87 6 5 86 126 165 5 151 127 5 5 1525764852.754952
 805 93 7 5 86 126 165 5 151 127 5 5 1525764852.805199
 814 84 6 5 86 126 165 5 151 127 5 5 1525764852.857156
 807 87 6 5 86 126 166 5 151 127 4 5 1525764852.906589
 814 86 6 5 86 126 166 5 151 127 5 5 1525764852.956822
 812 86 6 5 86 126 165 5 151 127 5 5 1525764853.056942
 807 95 7 5 86 126 165 5 151 127 5 5 1525764853.108186
 807 86 6 5 86 126 166 5 151 127 5 5 1525764853.158186
 812 84 5 5 86 126 166 5 151 127 4 5 1525764853.259181
 812 93 7 5 86 126 166 5 151 127 4 5 1525764853.308564
 804 95 7 5 86 126 166 5 151 127 4 5 1525764853.409927
 805 94 7 5 86 126 166 5 151 127 4 5 1525764853.458172
 804 94 7 5 86 126 166 5 151 124 5 5 1525764853.509175
 814 85 6 5 86 126 166 5 151 127 5 5 1525764853.560795
 806 87 6 5 86 126 165 5 151 127 5 5 1525764853.609169
 812 86 6 5 86 126 165 5 151 127 5 5 1525764853.660916
 806 93 7 5 86 126 165 5 151 127 5 5 1525764853.709793
 806 93 7 5 86 126 166 5 151 127 5 5 1525764853.759667
 805 92 6 5 86 126 165 5 151 127 5 5 1525764853.812168
 805 87 6 5 86 126 165 5 151 127 5 5 1525764853.911163
 813 85 6 5 86 126 165 5 151 127 5 5 1525764853.961034
 806 86 6 5 86 126 165 5 151 127 5 5 1525764854.011162
 807 87 6 5 86 126 165 5 151 127 4 5 1525764854.062204
 796 87 6 5 86 126 166 5 151 127 5 5 1525764854.112909
 806 93 7 5 86 126 166 5 151 127 4 5 1525764854.163278
 806 87 6 5 86 126 165 5 151 127 4 5 1525764854.212651
 812 92 6 5 86 126 166 5 151 127 4 5 1525764854.262523
 807 87 6 5 86 126 165 5 151 127 4 5 1525764854.314895
 815 86 6 5 86 126 165 5 151 124 5 5 1525764854.363771
 805 92 6 5 86 126 165 5 151 127 4 5 1525764854.414268
 807 85 6 5 86 126 165 5 151 127 4 5 1525764854.463391
 804 92 7 5 86 126 165 5 151 127 5 5 1525764854.514889
 807 94 7 5 86 126 165 5 151 127 5 5 1525764854.565387
 813 86 6 5 86 126 166 5 151 127 5 5 1525764854.616135
 812 84 5 5 86 126 165 5 151 127 5 5 1525764854.716507
 805 93 7 5 86 126 166 5 151 127 4 5 1525764854.765758
 812 86 6 5 86 126 165 5 151 127 5 5 1525764854.817003
 807 94 7 5 86 126 165 5 151 127 4 5 1525764854.866002
 806 92 6 5 86 126 166 5 151 127 4 5 1525764854.917376
 796 87 6 5 86 126 166 5 151 127 5 5 1525764854.966626
 815 85 6 5 86 126 166 5 151 127 5 5 1525764855.017997
 807 87 6 5 86 126 165 5 151 127 5 5 1525764855.068623
 815 85 6 5 86 126 165 5 151 127 4 5 1525764855.118745
 807 92 6 5 86 126 165 5 151 127 4 5 1525764855.168117
 812 86 6 5 86 126 166 5 151 124 5 5 1525764855.219366
 807 95 7 5 86 126 165 5 151 127 5 5 1525764855.267864
 805 84 6 5 86 126 166 5 151 127 5 5 1525764855.318362
