 245 164 5 5 1118 1118 183 5 1118 140 183 5 1525967787.320572
 239 166 5 5 1118 1118 183 5 1118 140 182 5 1525967787.566800
 125 166 5 5 1118 1118 182 5 806 135 182 5 1525967787.971663
 167 167 5 5 1118 1118 183 5 1118 140 182 5 1525967788.747759
 164 172 5 5 1118 1118 183 5 1063 140 182 5 1525967789.406111
 133 167 5 5 1118 1118 182 5 519 135 182 5 1525967789.904970
 244 167 5 5 1118 1118 182 5 1118 135 182 5 1525967790.132589
 262 172 5 5 1118 1118 182 5 1118 135 182 5 1525967790.444077
 167 172 5 5 1118 1118 182 5 1118 135 181 5 1525967790.531698
 134 167 5 5 1118 1118 182 5 1119 135 181 5 1525967790.549326
 244 156 5 5 1118 1118 182 5 1118 135 181 5 1525967790.718068
 237 172 5 5 1118 1118 182 5 1118 135 182 5 1525967792.212643
 253 165 5 5 1118 1118 182 5 1118 135 181 5 1525967792.255641
 1093 836 478 5 1118 1118 1118 5 1118 141 189 5 1525967792.531882
 247 84 5 5 1118 1118 181 5 1118 135 181 5 1525967792.646629
 252 159 5 5 1118 1118 182 5 1118 135 181 5 1525967793.134862
 244 173 5 5 1118 1118 182 5 1118 135 182 5 1525967794.587313
 541 164 5 5 1118 1118 182 5 1118 135 182 5 1525967794.733433
 247 119 5 5 1118 1118 182 5 1118 135 181 5 1525967795.087545
 239 172 5 5 1118 1118 182 5 1118 135 181 5 1525967795.116917
 127 166 5 5 1118 1118 182 5 829 135 181 5 1525967795.735650
 237 166 5 5 1118 1118 182 5 1118 135 181 5 1525967796.038140
 246 164 5 5 1118 1118 182 5 1118 135 181 5 1525967796.659869
 244 172 5 5 1118 1118 182 5 1118 135 181 5 1525967797.044606
 244 86 5 5 1118 1118 182 5 1118 135 181 5 1525967797.703084
 253 167 5 5 1118 1118 182 5 1118 135 181 5 1525967797.722914
 244 165 5 5 1118 1118 182 5 1118 135 181 5 1525967797.994447
 133 127 5 5 1118 1118 182 5 870 135 181 5 1525967798.199316
 159 165 5 5 1118 1118 182 5 1118 135 181 5 1525967798.608803
 231 165 5 5 1118 1118 182 5 1118 135 181 5 1525967798.630430
 252 84 5 5 1118 1118 182 5 1118 135 181 5 1525967798.766548
 133 173 5 5 1119 1119 182 5 718 135 181 5 1525967799.314529
 135 103 5 5 1118 1118 182 5 1118 135 181 5 1525967799.695265
 260 173 5 5 1118 1118 182 5 1118 135 181 5 1525967800.212373
 245 167 5 5 1118 1118 182 5 1118 135 181 5 1525967800.948848
 246 492 5 5 1119 1119 182 5 1101 135 181 5 1525967801.155467
 247 165 5 5 1118 1118 182 5 1118 135 181 5 1525967801.384083
 262 166 5 5 1118 1118 182 5 1118 135 181 5 1525967801.500454
 246 166 5 5 1118 1118 182 5 1118 135 181 5 1525967802.060062
 775 101 5 5 1118 1118 182 5 1118 135 181 5 1525967802.199806
 118 174 5 5 1118 1118 181 5 439 134 181 5 1525967802.240182
 237 166 5 5 1118 1118 182 5 1118 135 181 5 1525967802.692418
 247 174 5 5 1118 1118 182 5 1118 135 182 5 1525967803.682758
 261 165 5 5 1118 1118 182 5 1118 135 181 5 1525967804.095868
 141 159 5 5 1119 1119 182 5 868 135 182 5 1525967805.331953
 253 167 5 5 1118 1118 183 5 1118 140 182 5 1525967805.750438
 230 167 5 5 1118 1118 182 5 1118 135 182 5 1525967805.960430
 247 172 5 5 1118 1118 182 5 1118 135 182 5 1525967806.519162
 183 173 5 5 1118 1118 182 5 1118 135 182 5 1525967806.822653
 247 175 5 5 1118 1118 182 5 1118 135 182 5 1525967807.404387
 126 84 5 5 1118 1118 182 5 1118 135 181 5 1525967808.208607
 261 164 5 5 1118 1118 182 5 1118 135 181 5 1525967808.516967
 253 175 5 5 1118 1118 182 5 1118 135 181 5 1525967808.743712
 247 166 5 5 1118 1118 182 5 1118 135 181 5 1525967809.340821
 140 166 5 5 1119 1119 182 5 909 135 181 5 1525967809.427689
 255 173 5 5 1118 1118 182 5 1118 135 181 5 1525967809.541437
 253 165 5 5 1118 1118 182 5 1118 135 181 5 1525967809.897047
 151 167 5 5 1118 1118 182 5 1118 135 181 5 1525967809.943922
 238 164 5 5 1118 1118 182 5 1118 135 181 5 1525967810.147539
 237 166 5 5 1118 1118 182 5 1118 135 181 5 1525967810.186538
 239 101 5 5 1118 1118 182 5 1118 135 181 5 1525967810.463151
 252 165 5 5 1118 1118 182 5 1118 135 181 5 1525967810.504778
 149 167 5 5 1118 1118 181 5 1118 134 181 5 1525967810.692270
 247 164 5 5 1118 1118 181 5 1118 135 181 5 1525967810.716959
 229 175 5 5 1118 1118 182 5 1118 135 181 5 1525967811.132758
 231 175 5 5 1118 1118 181 5 1118 135 181 5 1525967811.181630
 252 167 5 5 1118 1118 182 5 1118 135 181 5 1525967812.197597
 252 159 5 5 1118 1118 182 5 1118 135 181 5 1525967812.276598
 124 167 5 5 1118 1118 182 5 278 134 181 5 1525967812.658206
 252 174 5 5 1118 1118 182 5 1118 135 181 5 1525967812.774327
 255 175 5 5 1118 1118 182 5 1118 135 181 5 1525967812.962071
 150 174 5 5 1118 1118 182 5 1118 135 181 5 1525967813.164572
 238 127 5 5 1118 1118 182 5 1118 135 181 5 1525967813.519801
 254 86 5 5 1118 1118 182 5 212 135 181 5 1525967814.528644
 127 174 5 5 1119 1119 182 5 1004 135 181 5 1525967814.611641
 164 101 5 5 1118 1118 182 5 1118 135 181 5 1525967814.722387
 254 165 5 5 1118 1118 182 5 1118 135 181 5 1525967815.003627
 237 109 5 5 1118 1118 182 5 1118 135 181 5 1525967815.245744
 133 174 5 5 1119 1119 182 5 911 135 181 5 1525967815.546485
 244 164 5 5 1118 1118 182 5 1118 135 181 5 1525967816.482076
 125 110 5 5 1118 1118 182 5 1118 135 181 5 1525967816.558450
 127 175 5 5 1119 1119 181 5 367 134 181 5 1525967816.581453
 255 174 5 5 1118 1118 182 5 1118 135 182 5 1525967817.541540
 166 172 5 5 1118 1118 182 5 1118 135 181 5 1525967817.613540
 157 165 5 5 1118 1118 182 5 1118 135 181 5 1525967817.890279
 239 167 5 5 1118 1118 182 5 1118 135 181 5 1525967818.271389
 246 164 5 5 1118 1118 182 5 1118 135 182 5 1525967819.046989
 118 173 5 5 1118 1118 182 5 223 135 181 5 1525967819.307481
 247 127 5 5 1118 1118 182 5 1118 135 181 5 1525967819.876459
 245 174 5 5 1118 1118 182 5 1118 135 181 5 1525967820.041956
 239 173 5 5 1118 1118 182 5 1118 135 181 5 1525967820.077706
 142 172 5 5 1118 1118 182 5 919 134 181 5 1525967820.240200
 175 175 5 5 1118 1118 182 5 1118 135 181 5 1525967820.387195
 244 165 5 5 1118 1118 181 5 1118 135 181 5 1525967820.453817
 119 173 5 5 1118 1118 181 5 199 134 180 5 1525967820.828681
 231 166 5 5 1118 1118 182 5 1118 135 181 5 1525967821.630279
 157 172 5 5 1118 1118 182 5 1028 135 182 5 1525967822.495626
 244 167 5 5 1118 1118 182 5 1118 135 181 5 1525967822.505877
 116 172 5 5 1118 1118 182 5 238 135 181 5 1525967822.637247
 247 174 5 5 1118 1118 182 5 1118 135 181 5 1525967823.339472
 244 151 5 5 1118 1118 182 5 1118 135 181 5 1525967823.697712
 245 173 5 5 1118 1118 182 5 1118 135 181 5 1525967823.986596
 252 166 5 5 1118 1118 182 5 1118 135 181 5 1525967824.386435
 253 173 5 5 1118 1118 182 5 1118 135 181 5 1525967824.487567
 238 165 5 5 1118 1118 182 5 1118 135 181 5 1525967825.013165
 132 175 5 5 1118 1118 182 5 453 135 181 5 1525967825.564895
 149 101 5 5 1118 1118 182 5 1118 135 181 5 1525967825.645147
 246 165 5 5 1118 1118 182 5 1118 135 181 5 1525967826.046754
 245 165 5 5 1118 1118 182 5 1118 135 181 5 1525967828.090938
 182 165 5 5 1118 1118 182 5 1118 135 181 5 1525967828.254930
 252 166 5 5 1118 1118 182 5 1118 135 181 5 1525967828.815411
 252 84 5 5 1118 1118 182 5 646 135 181 5 1525967829.011780
 206 109 5 5 1118 1118 182 5 1118 135 181 5 1525967829.149526
 127 172 5 5 1119 1119 182 5 780 135 181 5 1525967829.930130
 149 167 5 5 1118 1118 182 5 910 135 181 5 1525967830.323985
 141 173 5 5 1119 1119 182 5 861 135 181 5 1525967830.419734
 141 167 5 5 1118 1118 182 5 524 134 181 5 1525967830.601856
 254 172 5 5 1118 1118 182 5 1118 135 181 5 1525967830.654852
 255 165 5 5 1118 1118 182 5 1118 135 181 5 1525967830.823638
 255 166 5 5 1118 1118 182 5 1118 135 181 5 1525967830.849722
 148 167 5 5 1118 1118 182 5 1014 134 181 5 1525967831.131958
 180 172 5 5 1118 1118 182 5 1118 135 181 5 1525967831.884579
 246 110 5 5 1118 1118 182 5 1118 135 181 5 1525967831.934090
 254 175 5 5 1118 1118 182 5 1118 135 181 5 1525967832.265919
 236 166 5 5 1118 1118 182 5 1118 135 181 5 1525967832.570041
 246 172 5 5 1118 1118 182 5 1118 135 181 5 1525967832.747405
 141 167 5 5 1118 1119 182 5 735 134 181 5 1525967833.026649
 254 172 5 5 1118 1118 182 5 1118 135 181 5 1525967833.188766
 252 172 5 5 1118 1118 182 5 1118 135 181 5 1525967833.335009
 167 167 5 5 1118 1118 182 5 1118 135 181 5 1525967833.849742
 254 166 5 5 1118 1118 182 5 1118 135 181 5 1525967833.869992
 325 173 5 5 1118 1118 182 5 1118 135 181 5 1525967834.196730
 237 117 5 5 1118 1118 181 5 1118 135 181 5 1525967834.214111
 247 111 5 5 1118 1118 181 5 1118 135 181 5 1525967834.471656
 237 92 5 5 1118 1118 181 5 1118 135 180 5 1525967834.687218
 253 94 5 5 1118 1118 181 5 1118 135 180 5 1525967834.784088
 263 101 5 5 1118 1118 182 5 1118 135 181 5 1525967835.642565
 246 164 5 5 1118 1118 182 5 1118 135 181 5 1525967835.701432
 260 172 5 5 1118 1118 182 5 1118 135 181 5 1525967836.248415
 247 164 5 5 1118 1118 182 5 1118 135 181 5 1525967836.608901
 238 164 5 5 1118 1118 182 5 1118 135 181 5 1525967837.154635
 247 167 5 5 1118 1118 182 5 1118 135 181 5 1525967837.347005
 238 172 5 5 1118 1118 182 5 1118 135 181 5 1525967837.521118
 149 164 5 5 1118 1118 182 5 925 135 181 5 1525967837.557620
 245 175 5 5 1118 1118 182 5 1118 135 181 5 1525967837.581747
 108 172 5 5 1118 1118 181 5 183 134 180 5 1525967838.285469
 246 164 5 5 1118 1118 182 5 1118 135 181 5 1525967838.719455
 237 111 5 5 1118 1118 182 5 1118 135 181 5 1525967838.899597
 117 87 5 5 1118 1118 181 5 1118 135 181 5 1525967839.013319
 238 173 5 5 1118 1118 182 5 1118 135 181 5 1525967839.466809
 165 174 5 5 1118 1118 182 5 1079 135 181 5 1525967840.481144
 244 109 5 5 1118 1118 182 5 1118 135 181 5 1525967840.911380
 125 86 5 5 1118 1118 181 5 1118 135 181 5 1525967841.039500
 239 117 5 5 1118 1118 182 5 1118 135 181 5 1525967842.034346
 118 110 5 5 1119 1119 182 5 479 135 181 5 1525967842.235838
 222 100 5 5 1118 1118 182 5 1118 135 181 5 1525967842.403959
 244 101 5 5 1118 1118 182 5 1118 135 181 5 1525967843.351172
 245 111 5 5 1118 1118 182 5 1118 135 181 5 1525967843.885656
 253 166 5 5 1118 1118 182 5 1118 135 182 5 1525967844.503760
 238 164 5 5 1118 1118 182 5 1118 135 181 5 1525967844.853246
 237 165 5 5 1118 1118 182 5 1118 135 181 5 1525967845.229735
 239 167 5 5 1118 1118 182 5 1118 135 182 5 1525967846.519593
 237 164 5 5 1118 1118 182 5 1118 135 181 5 1525967846.526448
 252 167 5 5 1118 1118 182 5 1118 135 181 5 1525967846.907311
 254 92 5 5 1118 1118 182 5 1118 135 181 5 1525967846.984678
 149 166 5 5 1118 1118 182 5 1118 135 181 5 1525967847.135674
 237 165 5 5 1118 1118 182 5 1118 135 181 5 1525967847.432910
 246 167 5 5 1118 1118 182 5 1118 135 182 5 1525967848.379382
 244 173 5 5 1118 1118 182 5 1118 135 181 5 1525967848.422753
 165 165 5 5 1118 1118 182 5 1118 135 181 5 1525967848.611751
 143 164 5 5 1118 1118 182 5 719 135 181 5 1525967848.707746
 245 166 5 5 1118 1118 182 5 1118 135 181 5 1525967848.848862
 180 172 5 5 1118 1118 182 5 1118 135 181 5 1525967849.288722
 151 101 5 5 1118 1118 182 5 1118 135 181 5 1525967850.187587
 239 166 5 5 1118 1118 182 5 1118 135 181 5 1525967850.363690
 247 172 5 5 1118 1118 182 5 1118 135 181 5 1525967850.590184
 245 167 5 5 1118 1118 182 5 1118 135 181 5 1525967850.837558
 239 165 5 5 1118 1118 182 5 1118 135 181 5 1525967850.890298
 236 164 5 5 1118 1118 182 5 1118 135 181 5 1525967850.995790
 228 93 5 5 1118 1118 181 5 1118 135 181 5 1525967851.091036
 236 116 5 5 1118 1118 181 5 1118 135 181 5 1525967851.369279
 236 164 5 5 1118 1118 182 5 1118 135 181 5 1525967851.533649
 166 175 5 5 1118 1118 182 5 1118 135 181 5 1525967852.027380
 245 164 5 5 1118 1118 182 5 1118 135 181 5 1525967852.057379
 253 167 5 5 1118 1118 182 5 1118 135 181 5 1525967852.087253
 126 167 5 5 1118 1118 182 5 695 134 181 5 1525967852.694233
 119 158 5 5 1118 1118 181 5 647 134 181 5 1525967852.712735
 244 84 5 5 1118 1118 181 5 775 134 180 5 1525967852.824854
 247 167 5 5 1118 1118 182 5 1118 135 181 5 1525967853.067470
 246 165 5 5 1118 1118 182 5 1118 135 181 5 1525967853.094220
 246 167 5 5 1118 1118 182 5 1118 135 181 5 1525967853.987944
 236 94 5 5 1118 1118 182 5 1118 135 181 5 1525967854.693416
 244 172 5 5 1118 1118 182 5 1118 135 182 5 1525967856.306242
 246 133 5 5 1118 1118 182 5 1118 140 182 5 1525967856.914217
 150 166 5 5 1118 1118 182 5 1111 135 181 5 1525967857.114089
 134 173 5 5 1119 1119 182 5 893 135 181 5 1525967857.128834
 246 172 5 5 1118 1118 182 5 1118 135 181 5 1525967857.517950
 133 109 5 5 1118 1118 182 5 1118 135 181 5 1525967857.886808
 253 173 5 5 1118 1118 182 5 1118 135 181 5 1525967858.155051
 223 159 5 5 1118 1118 182 5 1118 135 181 5 1525967858.537896
 117 95 5 5 1118 1118 181 5 478 134 181 5 1525967858.631478
 174 165 5 5 1118 1118 182 5 1118 135 181 5 1525967859.099643
 246 172 5 5 1118 1118 182 5 1118 135 181 5 1525967859.121143
 252 174 5 5 1118 1118 182 5 1118 135 181 5 1525967859.167266
 247 172 5 5 1118 1118 182 5 1118 135 181 5 1525967859.449631
 135 109 5 5 1118 1118 181 5 982 134 180 5 1525967859.463751
 244 175 5 5 1118 1118 182 5 1118 135 181 5 1525967859.758246
 253 164 5 5 1118 1118 182 5 1118 135 181 5 1525967860.357728
 245 119 5 5 1118 1118 182 5 1118 135 181 5 1525967860.657339
 236 172 5 5 1118 1118 182 5 1118 135 181 5 1525967860.809835
 247 164 5 5 1118 1118 182 5 1118 135 181 5 1525967861.652306
 151 172 5 5 1118 1118 182 5 1062 135 181 5 1525967861.697055
 132 166 5 5 1118 1118 182 5 652 135 181 5 1525967862.377284
 199 167 5 5 1118 1118 182 5 1118 135 181 5 1525967862.419280
 252 172 5 5 1118 1118 182 5 1118 135 181 5 1525967862.556402
 142 167 5 5 1118 1118 182 5 758 134 181 5 1525967862.691522
 127 101 5 5 1118 1118 182 5 1118 135 181 5 1525967863.191879
 237 164 5 5 1118 1118 182 5 1118 135 181 5 1525967863.213134
 117 164 5 5 1118 1118 181 5 893 134 180 5 1525967863.400498
 133 174 5 5 1119 1119 182 5 766 134 180 5 1525967863.679863
 141 316 5 5 1119 1119 182 5 510 135 181 5 1525967864.360714
 303 238 5 5 1118 1118 182 5 1118 135 181 5 1525967864.520961
 253 174 5 5 1118 1118 182 5 1118 135 181 5 1525967864.694830
 245 175 5 5 1118 1118 182 5 1118 135 181 5 1525967865.012818
 158 173 5 5 1118 1118 182 5 1118 135 181 5 1525967865.868541
 245 173 5 5 1118 1118 182 5 1118 135 181 5 1525967866.353023
 244 166 5 5 1118 1118 182 5 1118 135 181 5 1525967866.417022
 246 172 5 5 1118 1118 182 5 1118 135 181 5 1525967866.469646
 181 173 5 5 1118 1118 182 5 1103 135 181 5 1525967866.664514
 134 173 5 5 1119 1119 181 5 910 134 181 5 1525967866.733386
 247 174 5 5 1118 1118 183 5 1118 140 182 5 1525967868.864687
 118 164 5 5 1118 1118 182 5 381 135 181 5 1525967869.040934
 156 85 5 5 1118 1118 182 5 685 135 181 5 1525967869.170056
 246 166 5 5 1118 1118 182 5 1118 135 181 5 1525967869.409173
 254 164 5 5 1118 1118 182 5 1118 135 181 5 1525967869.844280
 246 172 5 5 1118 1118 182 5 1118 135 181 5 1525967869.897656
 247 94 5 5 1118 1118 182 5 1118 135 181 5 1525967871.605346
 244 167 5 5 1118 1118 182 5 1118 135 181 5 1525967872.168702
 157 167 5 5 1118 1118 182 5 999 135 181 5 1525967872.427569
 245 174 5 5 1118 1118 182 5 1118 135 181 5 1525967872.559896
 158 167 5 5 1118 1118 182 5 1118 135 181 5 1525967872.794309
 173 164 5 5 1118 1118 182 5 1118 135 181 5 1525967873.060673
 246 119 5 5 1118 1118 182 5 1118 135 181 5 1525967874.061265
 159 166 5 5 1118 1118 182 5 1118 135 182 5 1525967875.415594
 246 164 5 5 1118 1118 182 5 1118 140 182 5 1525967876.005948
 236 93 5 5 1118 1118 182 5 1118 135 181 5 1525967876.145835
 237 108 5 5 1118 1118 182 5 1118 135 181 5 1525967876.495683
 244 166 5 5 1118 1118 182 5 1118 135 182 5 1525967877.027667
 134 103 5 5 1118 1118 182 5 1118 135 181 5 1525967878.124630
 245 158 5 5 1118 1118 182 5 1118 135 181 5 1525967878.164130
 247 100 5 5 1118 1118 182 5 1118 135 181 5 1525967878.372123
 254 165 5 5 1118 1118 182 5 1118 135 182 5 1525967879.946690
 244 164 5 5 1118 1118 183 5 1118 140 183 5 1525967881.751369
 254 119 5 5 1118 1118 183 5 1118 140 182 5 1525967882.076869
 173 173 5 5 1118 1118 182 5 1118 135 182 5 1525967882.407485
 239 93 5 5 1118 1118 182 5 1118 135 182 5 1525967882.683223
 150 167 5 5 1118 1118 183 5 910 140 182 5 1525967885.096892
 246 173 5 5 1118 1118 183 5 1118 140 182 5 1525967885.446256
 237 165 5 5 1118 1118 183 5 1118 140 182 5 1525967885.985488
 252 165 5 5 1118 1118 182 5 1118 135 182 5 1525967886.106234
 252 111 5 5 1118 1118 182 5 1118 140 182 5 1525967887.066203
 133 167 5 5 1119 1119 182 5 799 135 182 5 1525967887.300194
 125 172 5 5 1118 1118 182 5 247 135 181 5 1525967888.016920
 239 158 5 5 1118 1118 182 5 1118 135 181 5 1525967888.175290
 245 165 5 5 1118 1118 182 5 1118 135 182 5 1525967889.019649
 127 164 5 5 1118 1118 182 5 340 135 181 5 1525967889.613367
 247 127 5 5 1118 1118 182 5 1118 140 182 5 1525967890.144473
 244 172 5 5 1118 1118 182 5 1118 135 181 5 1525967890.154475
 247 167 5 5 1118 1118 182 5 1118 135 181 5 1525967890.171347
 134 167 5 5 1118 1118 182 5 493 134 181 5 1525967890.306595
 246 165 5 5 1118 1118 182 5 1118 135 181 5 1525967890.352966
 237 167 5 5 1118 1118 182 5 1118 135 181 5 1525967890.517961
 127 125 5 5 1119 1119 181 5 1036 135 181 5 1525967890.792454
 140 173 5 5 1119 1119 181 5 765 134 181 5 1525967890.916573
 134 172 5 5 1118 1118 182 5 485 134 181 5 1525967891.433683
 141 165 5 5 1118 1118 182 5 1118 135 181 5 1525967891.997161
 174 165 5 5 1118 1118 182 5 1118 135 181 5 1525967892.037414
 140 191 5 5 1119 1119 182 5 974 135 181 5 1525967892.395026
 535 173 5 5 1118 1118 182 5 1118 135 181 5 1525967892.880885
 141 117 5 5 1118 1118 182 5 1118 135 181 5 1525967893.214747
 247 175 5 5 1118 1118 182 5 1118 135 181 5 1525967893.622854
 246 102 5 5 1118 1118 182 5 1118 135 181 5 1525967893.795724
 175 167 5 5 1118 1118 182 5 1116 135 181 5 1525967894.384583
 142 127 5 5 1118 1118 182 5 1109 135 181 5 1525967894.658822
 247 172 5 5 1118 1118 182 5 1118 135 181 5 1525967894.889689
 253 174 5 5 1118 1118 182 5 1118 135 181 5 1525967895.087808
 148 165 5 5 1118 1118 182 5 1006 135 181 5 1525967895.302926
 236 164 5 5 1118 1118 182 5 1118 135 181 5 1525967895.883155
 165 173 5 5 1119 1119 182 5 893 135 181 5 1525967896.241144
 175 110 5 5 1118 1118 182 5 1118 135 181 5 1525967896.316265
 244 173 5 5 1118 1118 182 5 1118 135 181 5 1525967896.514384
 237 165 5 5 1118 1118 182 5 1118 135 181 5 1525967897.037527
 127 95 5 5 1118 1118 182 5 1118 135 181 5 1525967898.638190
 245 173 5 5 1118 1118 182 5 1118 135 181 5 1525967898.712073
 247 173 5 5 1118 1118 182 5 1118 135 181 5 1525967898.897803
 151 173 5 5 1118 1118 182 5 788 135 181 5 1525967899.504658
 255 165 5 5 1118 1118 182 5 1118 135 181 5 1525967899.528786
 253 173 5 5 1118 1118 182 5 1118 135 181 5 1525967899.586529
 244 101 5 5 1118 1118 181 5 1118 135 181 5 1525967899.602772
 255 125 5 5 1118 1118 182 5 1118 135 181 5 1525967899.887647
 238 172 5 5 1118 1118 182 5 1118 135 181 5 1525967901.094107
 149 167 5 5 1118 1118 182 5 1076 135 181 5 1525967901.486343
 238 166 5 5 1118 1118 183 5 1118 140 182 5 1525967902.913792
 140 261 5 5 1118 1118 182 5 670 135 182 5 1525967903.111911
 149 167 5 5 1118 1118 182 5 332 135 182 5 1525967903.807022
 247 86 5 5 1118 1118 182 5 1118 135 182 5 1525967904.097504
 246 173 5 5 1118 1118 182 5 1118 135 181 5 1525967904.237876
 237 165 5 5 1118 1118 182 5 1118 135 181 5 1525967904.272249
 245 173 5 5 1118 1118 182 5 1118 135 181 5 1525967904.395868
 116 701 605 5 1119 1119 1119 5 190 140 188 5 1525967904.832731
 244 125 5 5 1118 1118 182 5 1118 135 181 5 1525967905.506455
 158 158 5 5 1118 1118 182 5 1118 135 181 5 1525967905.867943
 199 421 5 5 1118 1118 182 5 1111 135 181 5 1525967906.252015
 244 173 5 5 1118 1118 182 5 1118 135 182 5 1525967906.829166
 237 157 5 5 1118 1118 182 5 1118 135 181 5 1525967906.894534
 239 175 5 5 1118 1118 182 5 1118 135 181 5 1525967906.966782
 244 174 5 5 1118 1118 182 5 1118 135 181 5 1525967907.262711
 236 166 5 5 1118 1118 182 5 1118 135 181 5 1525967907.928998
 140 174 5 5 1118 1118 182 5 948 135 181 5 1525967907.935128
 252 180 5 5 1118 1118 182 5 1118 135 181 5 1525967908.123869
 156 175 5 5 1119 1119 182 5 980 135 181 5 1525967908.188618
 253 167 5 5 1118 1118 182 5 1118 135 181 5 1525967908.446234
 143 172 5 5 1118 1118 182 5 1093 135 181 5 1525967908.598604
 117 167 5 5 1118 1118 181 5 247 134 180 5 1525967908.689600
 148 175 5 5 1118 1118 182 5 1085 135 181 5 1525967909.101460
 238 92 5 5 1118 1118 181 5 1118 135 181 5 1525967909.161331
 140 165 5 5 1118 1118 182 5 638 134 181 5 1525967909.602193
 126 92 5 5 1118 1118 182 5 1118 135 181 5 1525967909.901183
 134 174 5 5 1118 1118 181 5 597 134 181 5 1525967909.940932
 134 180 5 5 1118 1118 181 5 311 134 180 5 1525967909.946802
 261 165 5 5 1118 1118 182 5 1118 135 181 5 1525967910.204298
 244 164 5 5 1118 1118 182 5 1118 135 181 5 1525967910.517914
 255 173 5 5 1118 1118 182 5 1118 135 181 5 1525967910.553415
 229 118 5 5 1118 1118 181 5 1118 135 180 5 1525967910.601907
 237 111 5 5 1118 1118 181 5 1118 135 180 5 1525967911.005522
 108 175 5 5 1118 1118 181 5 175 134 180 5 1525967911.395509
 255 116 5 5 1118 1118 181 5 1118 135 181 5 1525967911.542878
 254 166 5 5 1118 1118 182 5 1118 135 181 5 1525967911.746369
 247 164 5 5 1118 1118 182 5 1118 135 181 5 1525967912.017613
 156 164 5 5 1118 1118 181 5 1092 134 180 5 1525967912.026610
 245 174 5 5 1118 1118 182 5 1118 135 181 5 1525967912.750962
 134 174 5 5 1118 1118 182 5 997 135 181 5 1525967912.777608
 253 172 5 5 1118 1118 182 5 1118 135 181 5 1525967912.828213
 252 166 5 5 1118 1118 182 5 1118 135 181 5 1525967913.593183
 124 172 5 5 1118 1118 181 5 404 134 181 5 1525967913.648812
 239 166 5 5 1118 1118 182 5 1118 135 181 5 1525967913.667686
 247 165 5 5 1118 1118 183 5 1118 135 181 5 1525967913.686437
 253 165 5 5 1118 1118 182 5 1118 135 181 5 1525967913.916557
 183 165 5 5 1118 1118 182 5 1118 135 181 5 1525967914.318037
 239 94 5 5 1118 1118 182 5 1118 135 181 5 1525967914.456780
 311 127 5 5 1118 1118 182 5 1118 135 181 5 1525967914.711272
 247 167 5 5 1118 1118 182 5 1118 135 181 5 1525967914.919514
 158 167 5 5 1118 1118 182 5 951 135 181 5 1525967915.358000
 236 167 5 5 1118 1118 182 5 1118 135 181 5 1525967915.780985
 213 140 5 5 1118 1118 182 5 1118 135 181 5 1525967916.453337
 141 172 5 5 1119 1119 182 5 750 135 181 5 1525967916.796451
 245 118 5 5 1118 1118 182 5 1118 135 181 5 1525967918.149405
 244 93 5 5 1118 1118 182 5 1118 135 181 5 1525967918.571268
 239 101 5 5 1118 1118 182 5 1118 135 181 5 1525967918.688139
 261 173 5 5 1118 1118 182 5 1118 135 181 5 1525967918.866006
 238 84 5 5 1118 1118 182 5 1071 135 181 5 1525967919.308617
 254 87 5 5 1118 1118 182 5 1118 135 181 5 1525967919.825101
 262 86 5 5 1118 1118 181 5 191 134 180 5 1525967919.867724
 159 167 5 5 1118 1118 182 5 1117 135 181 5 1525967920.380090
 245 167 5 5 1118 1118 182 5 1118 135 181 5 1525967920.496452
 237 102 5 5 1118 1118 182 5 1118 135 181 5 1525967920.727192
 245 167 5 5 1118 1118 182 5 1118 135 181 5 1525967920.741320
 124 167 5 5 1118 1118 181 5 358 134 181 5 1525967921.295799
 204 167 5 5 1118 1118 182 5 1118 135 181 5 1525967922.183395
 246 166 5 5 1118 1118 182 5 1118 135 181 5 1525967922.293018
 167 172 5 5 1118 1118 182 5 1118 135 181 5 1525967923.407357
 132 117 5 5 1118 1118 182 5 1118 135 181 5 1525967923.474603
 245 175 5 5 1118 1118 182 5 1118 135 181 5 1525967923.712345
 253 167 5 5 1118 1118 182 5 1118 135 181 5 1525967923.812715
 133 173 5 5 1119 1119 182 5 719 134 181 5 1525967923.844340
 246 173 5 5 1118 1118 182 5 1118 135 181 5 1525967924.054332
 246 87 5 5 1118 1118 181 5 1118 135 180 5 1525967924.094832
 247 167 5 5 1118 1118 182 5 1118 135 181 5 1525967924.348197
 133 102 5 5 1118 1118 181 5 885 134 180 5 1525967924.408320
 239 165 5 5 1118 1118 181 5 1118 135 181 5 1525967924.436694
 118 108 5 5 1118 1118 181 5 1118 135 180 5 1525967924.827681
 247 167 5 5 1118 1118 182 5 1118 135 181 5 1525967925.401042
 244 175 5 5 1118 1118 182 5 1118 135 181 5 1525967925.474287
 238 165 5 5 1118 1118 182 5 1118 135 181 5 1525967925.738029
 173 173 5 5 1118 1118 182 5 1118 135 181 5 1525967926.166510
 239 167 5 5 1118 1118 182 5 1118 135 181 5 1525967926.428379
 247 167 5 5 1118 1118 182 5 1118 135 181 5 1525967926.909986
 117 102 5 5 1118 1118 182 5 495 135 181 5 1525967928.806548
 246 173 5 5 1118 1118 182 5 1118 135 181 5 1525967928.860421
 148 134 5 5 1118 1118 182 5 1070 135 181 5 1525967929.078290
 239 167 5 5 1118 1118 182 5 1118 135 181 5 1525967929.129912
 183 174 5 5 1118 1118 182 5 1118 135 181 5 1525967929.819764
 172 174 5 5 1118 1118 182 5 1118 135 181 5 1525967930.390494
 118 101 5 5 1118 1118 182 5 1068 135 181 5 1525967930.621361
 254 166 5 5 1118 1118 182 5 1118 135 181 5 1525967931.524956
 166 92 5 5 1118 1118 182 5 1118 135 181 5 1525967931.751199
 254 111 5 5 1118 1118 182 5 1118 135 181 5 1525967932.192436
 127 76 5 5 1119 1119 182 5 478 135 181 5 1525967932.527922
 247 166 5 5 1118 1118 182 5 1118 135 181 5 1525967932.989279
 239 172 5 5 1118 1118 182 5 1118 135 181 5 1525967933.397143
 124 87 5 5 1118 1118 182 5 1118 135 181 5 1525967933.592139
 183 86 5 5 1118 1118 181 5 1118 135 181 5 1525967933.727756
 135 167 5 5 1118 1118 182 5 828 135 181 5 1525967935.161608
 238 92 5 5 1118 1118 182 5 1118 135 181 5 1525967935.392703
 159 167 5 5 1118 1118 182 5 1118 135 182 5 1525967936.247571
 244 165 5 5 1118 1118 182 5 1118 135 182 5 1525967936.866654
 245 166 5 5 1118 1118 182 5 1118 135 181 5 1525967936.995520
 231 165 5 5 1118 1118 182 5 1118 135 181 5 1525967937.564629
 244 94 5 5 1118 1118 182 5 1118 135 181 5 1525967937.694538
 132 166 5 5 1118 1118 182 5 748 134 181 5 1525967937.763996
 214 165 5 5 1118 1118 182 5 1118 135 181 5 1525967938.299476
 237 172 5 5 1118 1118 182 5 1118 135 181 5 1525967938.674092
 228 166 5 5 1118 1118 182 5 1118 135 181 5 1525967938.856708
 244 84 5 5 1118 1118 182 5 686 135 181 5 1525967939.494312
 246 164 5 5 1118 1118 182 5 1118 135 181 5 1525967939.649809
 117 172 5 5 1118 1118 181 5 174 134 180 5 1525967939.748304
 244 174 5 5 1118 1118 182 5 1118 135 181 5 1525967940.365783
 239 133 5 5 1118 1118 182 5 1118 135 181 5 1525967940.832772
 253 172 5 5 1118 1118 182 5 1118 135 182 5 1525967941.551119
 118 164 5 5 1118 1118 182 5 238 135 181 5 1525967942.218347
 126 119 5 5 1119 1119 182 5 574 135 181 5 1525967942.376606
 231 172 5 5 1118 1118 182 5 1118 135 181 5 1525967942.457340
 165 102 5 5 1118 1118 182 5 1118 135 181 5 1525967942.574337
 215 94 5 5 1118 1118 181 5 1118 135 181 5 1525967942.655209
 239 164 5 5 1118 1118 182 5 1118 135 181 5 1525967943.072321
 245 95 5 5 1118 1118 182 5 1118 135 181 5 1525967943.507559
 245 149 5 5 1118 1118 182 5 1118 135 181 5 1525967943.555301
 255 295 5 5 1118 1118 182 5 1118 135 181 5 1525967944.518899
 254 172 5 5 1118 1118 182 5 1118 135 181 5 1525967944.949754
 197 166 5 5 1118 1118 182 5 1118 135 181 5 1525967945.211871
 236 101 5 5 1118 1118 181 5 1118 135 181 5 1525967945.246369
 244 116 5 5 1118 1118 182 5 1118 135 181 5 1525967946.262710
 255 175 5 5 1118 1118 182 5 1118 135 181 5 1525967946.330958
 246 167 5 5 1118 1118 182 5 1118 135 181 5 1525967946.944686
 124 111 5 5 1119 1119 182 5 959 135 181 5 1525967947.255803
 246 101 5 5 1118 1118 181 5 1118 135 181 5 1525967947.308559
 126 127 5 5 1119 1119 182 5 766 135 181 5 1525967948.173147
 118 166 5 5 1118 1118 182 5 597 134 181 5 1525967948.389641
 244 102 5 5 1118 1118 182 5 1118 135 181 5 1525967949.131366
 246 166 5 5 1118 1118 182 5 1118 135 181 5 1525967949.174863
 252 173 5 5 1118 1118 182 5 1118 135 182 5 1525967950.482192
 252 167 5 5 1118 1118 182 5 1118 135 181 5 1525967950.787308
 189 95 5 5 1118 1118 182 5 1118 135 181 5 1525967950.865430
 150 102 5 5 1118 1118 182 5 1118 135 182 5 1525967952.570249
 245 108 5 5 1118 1118 182 5 1118 135 182 5 1525967953.151729
 191 174 5 5 1118 1118 182 5 1118 135 182 5 1525967953.722965
 247 172 5 5 1118 1118 182 5 1118 135 181 5 1525967953.743088
 253 165 5 5 1118 1118 182 5 1118 135 181 5 1525967953.921087
 252 166 5 5 1118 1118 182 5 1118 135 181 5 1525967954.246571
 245 119 5 5 1118 1118 182 5 1118 135 181 5 1525967954.461312
 246 172 5 5 1118 1118 182 5 1118 135 182 5 1525967955.299281
 165 167 5 5 1118 1118 182 5 1094 135 181 5 1525967955.690893
 164 485 5 5 1119 1119 182 5 847 135 182 5 1525967956.107129
 252 87 5 5 1118 1118 182 5 1118 135 181 5 1525967956.431496
 245 117 5 5 1118 1118 182 5 1118 135 181 5 1525967956.556113
 140 133 5 5 1118 1118 182 5 956 135 181 5 1525967956.615486
 247 173 5 5 1118 1118 182 5 1118 135 181 5 1525967958.126311
 246 164 5 5 1118 1118 182 5 1118 135 181 5 1525967958.420176
 151 175 5 5 1118 1118 182 5 949 135 181 5 1525967958.597044
 247 165 5 5 1118 1118 182 5 1118 135 181 5 1525967958.903909
 237 166 5 5 1118 1118 182 5 1118 135 181 5 1525967959.262024
 236 118 5 5 1118 1118 182 5 1118 135 181 5 1525967959.401896
 126 165 5 5 1118 1118 181 5 471 134 181 5 1525967959.441892
 245 165 5 5 1118 1118 182 5 1118 135 181 5 1525967959.766631
 253 173 5 5 1118 1118 182 5 1118 135 182 5 1525967960.878595
 252 166 5 5 1118 1118 182 5 1118 140 182 5 1525967961.719574
 260 175 5 5 1118 1118 182 5 1118 135 182 5 1525967961.826700
 143 172 5 5 1119 1119 183 5 853 135 182 5 1525967963.138517
 246 165 5 5 1118 1118 182 5 1118 135 182 5 1525967963.321637
 244 167 5 5 1118 1118 182 5 1118 135 181 5 1525967963.368640
 116 164 5 5 1118 1118 182 5 478 135 181 5 1525967963.653129
 110 173 5 5 1119 1119 182 5 335 135 181 5 1525967964.750837
 735 167 5 5 1118 1118 182 5 1118 140 182 5 1525967964.803087
 253 158 5 5 1118 1118 182 5 1118 135 181 5 1525967964.896832
 135 164 5 5 1118 1118 182 5 750 135 181 5 1525967965.147449
 245 166 5 5 1118 1118 182 5 1118 135 181 5 1525967965.305705
 253 174 5 5 1118 1118 182 5 1118 135 182 5 1525967966.661400
 142 175 5 5 1119 1119 182 5 1070 135 181 5 1525967966.679606
 244 167 5 5 1118 1118 182 5 1118 135 181 5 1525967966.936139
 118 173 5 5 1118 1118 181 5 180 134 180 5 1525967966.993139
 150 167 5 5 1118 1118 182 5 1118 135 181 5 1525967967.194885
 255 132 5 5 1118 1118 182 5 1118 135 181 5 1525967967.378754
 246 159 5 5 1118 1118 182 5 1118 135 181 5 1525967967.404628
 255 180 5 5 1118 1118 182 5 1118 135 181 5 1525967967.712239
 252 165 5 5 1118 1118 182 5 1118 135 181 5 1525967968.383220
 244 166 5 5 1118 1118 182 5 1118 135 181 5 1525967968.394718
 239 109 5 5 1118 1118 181 5 1118 135 181 5 1525967968.558958
 254 175 5 5 1118 1118 182 5 1118 135 181 5 1525967968.639335
 253 159 5 5 1118 1118 182 5 1118 135 181 5 1525967969.405061
 167 125 5 5 1118 1118 182 5 1118 135 181 5 1525967969.789220
 247 173 5 5 1118 1118 182 5 1118 135 181 5 1525967970.334277
 135 173 5 5 1119 1119 182 5 895 135 181 5 1525967970.510894
 245 111 5 5 1118 1118 182 5 1118 135 181 5 1525967970.558517
 229 167 5 5 1118 1118 182 5 1118 135 181 5 1525967970.740891
 231 166 5 5 1118 1118 182 5 1118 135 181 5 1525967970.846882
 246 174 5 5 1118 1118 182 5 1118 135 181 5 1525967971.276244
 132 172 5 5 1118 1118 182 5 606 134 181 5 1525967972.134964
 182 164 5 5 1118 1118 182 5 1118 135 181 5 1525967972.348590
 118 165 5 5 1118 1118 182 5 437 134 181 5 1525967972.903565
 244 124 5 5 1118 1118 182 5 1118 135 181 5 1525967973.395781
 236 124 5 5 1118 1118 182 5 1118 135 181 5 1525967973.510793
 143 93 5 5 1118 1118 181 5 1118 135 181 5 1525967973.525166
 239 110 5 5 1118 1118 181 5 1118 135 180 5 1525967973.621039
 238 164 5 5 1118 1118 182 5 1118 135 181 5 1525967973.912278
 174 166 5 5 1118 1118 182 5 1118 135 181 5 1525967974.767125
 238 117 5 5 1118 1118 182 5 1118 135 181 5 1525967974.902623
 365 140 5 5 1118 1118 182 5 1118 140 182 5 1525967976.189703
 182 164 5 5 1118 1118 183 5 1118 140 182 5 1525967977.172045
 126 125 5 5 1119 1119 182 5 878 135 181 5 1525967977.773148
 143 174 5 5 1119 1119 182 5 604 135 181 5 1525967977.994524
 236 86 5 5 1118 1118 182 5 1118 135 173 5 1525967978.157136
 117 173 5 5 1118 1118 182 5 278 135 181 5 1525967978.499753
 119 110 5 5 1118 1118 181 5 182 134 180 5 1525967978.710994
 254 172 5 5 1118 1118 182 5 1118 135 181 5 1525967978.791997
 244 174 5 5 1118 1118 182 5 1118 135 181 5 1525967979.818708
 228 101 5 5 1118 1118 182 5 1118 135 181 5 1525967979.953330
 245 165 5 5 1118 1118 182 5 1118 135 181 5 1525967980.082079
 140 166 5 5 1118 1118 182 5 790 134 181 5 1525967980.191820
 247 165 5 5 1118 1118 182 5 1118 135 181 5 1525967980.311817
 245 175 5 5 1118 1118 182 5 1118 135 181 5 1525967981.205909
 127 117 5 5 1118 1118 182 5 790 135 181 5 1525967981.545783
 255 110 5 5 1118 1118 182 5 1118 135 181 5 1525967981.708018
 190 93 5 5 1118 1118 182 5 1118 135 181 5 1525967982.267000
 150 172 5 5 1118 1118 182 5 1118 135 181 5 1525967982.454993
 246 95 5 5 1118 1118 182 5 1118 135 181 5 1525967982.626114
 239 132 5 5 1118 1118 182 5 1118 135 181 5 1525967982.690359
 247 165 5 5 1118 1118 182 5 1118 135 181 5 1525967983.436458
 158 101 5 5 1118 1118 182 5 1118 135 181 5 1525967983.506834
 244 175 5 5 1118 1118 182 5 1118 135 181 5 1525967983.548329
 382 183 5 5 1118 1118 182 5 1118 135 181 5 1525967983.850697
 239 93 5 5 1118 1118 181 5 1118 135 181 5 1525967983.952946
 246 164 5 5 1118 1118 182 5 1118 135 181 5 1525967984.001691
 245 166 5 5 1118 1118 181 5 1118 135 181 5 1525967984.054689
 253 165 5 5 1118 1118 182 5 1118 135 181 5 1525967984.347681
 183 324 5 5 1119 1119 182 5 927 135 181 5 1525967984.646419
 164 166 5 5 1118 1118 182 5 1061 135 181 5 1525967984.874911
 119 173 5 5 1118 1118 181 5 223 134 180 5 1525967985.028781
 236 165 5 5 1118 1118 181 5 1118 135 181 5 1525967985.063909
 172 167 5 5 1118 1118 182 5 1118 135 181 5 1525967985.309895
 196 165 5 5 1118 1118 182 5 1118 135 181 5 1525967985.823509
 245 165 5 5 1118 1118 182 5 1118 135 181 5 1525967986.138118
 239 125 5 5 1118 1118 182 5 1118 135 181 5 1525967986.144123
 132 164 5 5 1118 1118 181 5 813 134 181 5 1525967986.395359
 247 103 5 5 1118 1118 182 5 1118 135 181 5 1525967986.800768
 150 103 5 5 1118 1118 182 5 1118 135 181 5 1525967987.432949
 252 172 5 5 1118 1118 182 5 1118 135 181 5 1525967987.846063
 253 166 5 5 1118 1118 182 5 1118 135 181 5 1525967988.197557
 236 108 5 5 1118 1118 182 5 1118 135 181 5 1525967988.852527
 254 174 5 5 1118 1118 182 5 1118 135 181 5 1525967989.311389
 126 101 5 5 1118 1118 182 5 894 135 181 5 1525967989.673000
 238 86 5 5 1118 1118 182 5 430 135 181 5 1525967989.729754
 247 172 5 5 1118 1118 182 5 1118 135 181 5 1525967990.014239
 244 167 5 5 1118 1118 182 5 1118 135 181 5 1525967990.251235
 239 108 5 5 1118 1118 182 5 1118 135 181 5 1525967990.717464
 269 164 5 5 1118 1118 182 5 1118 135 182 5 1525967991.480587
 252 165 5 5 1118 1118 182 5 1118 135 181 5 1525967991.632583
 111 175 5 5 1118 1118 182 5 231 135 181 5 1525967991.849426
 191 133 5 5 1118 1118 182 5 1118 135 181 5 1525967992.162789
 252 173 5 5 1118 1118 182 5 1118 135 181 5 1525967992.219288
 246 167 5 5 1118 1118 182 5 1118 135 181 5 1525967992.545279
 247 174 5 5 1118 1118 182 5 1118 135 182 5 1525967993.427122
 236 165 5 5 1118 1118 182 5 1118 135 182 5 1525967994.000356
 132 167 5 5 1118 1118 182 5 716 135 182 5 1525967994.804703
 148 92 5 5 1118 1118 182 5 1118 135 181 5 1525967994.918700
 149 150 5 5 1118 1118 182 5 1116 135 181 5 1525967994.927703
 182 124 5 5 1118 1118 182 5 1118 135 181 5 1525967994.976072
 164 174 5 5 1118 1118 182 5 1118 135 181 5 1525967995.621425
 255 110 5 5 1118 1118 182 5 1118 135 181 5 1525967996.796509
 236 103 5 5 1118 1118 182 5 1118 135 181 5 1525967996.902509
 181 167 5 5 1118 1118 182 5 1118 135 181 5 1525967997.013379
 188 167 5 5 1118 1118 182 5 1118 135 181 5 1525967997.543114
 150 87 5 5 1118 1118 182 5 1118 135 181 5 1525967997.748229
 244 125 5 5 1118 1118 182 5 1118 135 181 5 1525967997.994843
 230 165 5 5 1118 1118 182 5 1118 135 181 5 1525967998.488328
 246 92 5 5 1118 1118 182 5 1118 135 181 5 1525967998.555450
 244 173 5 5 1118 1118 182 5 1118 135 181 5 1525967998.728945
 127 167 5 5 1118 1118 182 5 543 134 181 5 1525967999.040809
 239 166 5 5 1118 1118 182 5 1118 135 181 5 1525967999.132680
 245 174 5 5 1118 1118 182 5 1118 135 181 5 1525967999.155060
 237 172 5 5 1118 1118 182 5 1118 135 181 5 1525967999.557046
 244 156 5 5 1118 1118 182 5 1118 135 181 5 1525967999.758790
 245 118 5 5 1118 1118 181 5 1118 135 181 5 1525967999.816034
 231 167 5 5 1118 1118 182 5 1118 135 181 5 1525968000.140522
 172 166 5 5 1118 1118 182 5 1118 135 181 5 1525968000.236770
 238 165 5 5 1118 1118 181 5 1118 135 180 5 1525968000.343392
 244 111 5 5 1118 1118 181 5 1118 135 181 5 1525968000.891996
 247 175 5 5 1118 1118 181 5 1118 135 180 5 1525968000.928370
 239 164 5 5 1118 1118 181 5 1118 134 181 5 1525968001.178486
 190 165 5 5 1118 1118 182 5 1118 135 181 5 1525968001.887839
 238 124 5 5 1118 1118 182 5 1118 135 181 5 1525968002.144455
 244 101 5 5 1118 1118 182 5 1118 135 181 5 1525968002.182585
 244 86 5 5 1118 1118 182 5 1118 135 181 5 1525968003.231169
 182 165 5 5 1118 1118 182 5 1118 135 181 5 1525968003.361168
 167 167 5 5 1118 1118 182 5 1118 135 181 5 1525968003.628154
 150 165 5 5 1118 1118 182 5 1118 135 181 5 1525968003.847273
 135 172 5 5 1119 1119 182 5 887 135 181 5 1525968004.045014
 135 165 5 5 1118 1118 182 5 886 135 181 5 1525968004.740869
 173 111 5 5 1118 1118 182 5 1118 135 181 5 1525968005.511467
 156 172 5 5 1118 1118 183 5 1118 135 182 5 1525968006.347690
 253 165 5 5 1118 1118 182 5 1118 135 182 5 1525968006.371942
 245 95 5 5 1118 1118 182 5 1118 140 182 5 1525968008.133255
 127 127 5 5 1118 1118 182 5 550 135 181 5 1525968008.241750
 254 167 5 5 1118 1118 182 5 1118 135 181 5 1525968008.250418
 247 109 5 5 1118 1118 182 5 1118 135 181 5 1525968008.395746
 135 174 5 5 1119 1119 182 5 908 135 181 5 1525968008.803609
 245 166 5 5 1118 1118 182 5 1118 135 181 5 1525968008.893870
 244 118 5 5 1118 1118 182 5 1118 135 181 5 1525968009.021354
 110 85 5 5 1119 1119 181 5 606 134 181 5 1525968009.249593
 254 166 5 5 1118 1118 182 5 1118 135 181 5 1525968009.519457
 149 173 5 5 1119 1119 182 5 879 135 181 5 1525968009.930819
 182 164 5 5 1118 1118 182 5 1118 135 181 5 1525968010.062314
 244 173 5 5 1118 1118 182 5 1118 135 181 5 1525968010.387055
 246 175 5 5 1118 1118 182 5 1118 135 181 5 1525968010.590297
 143 172 5 5 1118 1118 182 5 1118 135 181 5 1525968011.012914
 239 167 5 5 1118 1118 182 5 1118 135 181 5 1525968011.299527
 255 108 5 5 1118 1118 182 5 1118 135 181 5 1525968011.311643
 236 125 5 5 1118 1118 182 5 1118 135 181 5 1525968011.888250
 230 124 5 5 1118 1118 182 5 1118 135 181 5 1525968012.943590
 134 166 5 5 1118 1118 182 5 1020 135 182 5 1525968013.705692
 252 284 5 5 1118 1118 182 5 1118 135 182 5 1525968013.757594
 142 173 5 5 1118 1118 182 5 1069 135 181 5 1525968013.789254
 245 173 5 5 1118 1118 182 5 1118 135 181 5 1525968014.261299
 237 165 5 5 1118 1118 182 5 1118 135 181 5 1525968014.385417
 165 125 5 5 1118 1118 182 5 1118 135 181 5 1525968014.685661
 133 398 5 5 1119 1119 182 5 685 135 181 5 1525968015.100021
 244 167 5 5 1118 1118 182 5 1118 135 182 5 1525968016.457223
