    0    0    4    41526051288.263776
    0    0    4    41526051288.267648
    0    0    4    41526051288.271522
    0    0    4    41526051288.276150
    0    0    4    41526051288.280157
    0    0    4    41526051288.284156
    0    0    4    41526051288.288151
    0    0    4    41526051288.292901
    0    0    4    41526051288.296902
    0    0    4    41526051288.301178
    0    0    4    41526051288.305022
    0    0    4    41526051288.308896
    0    0    4    41526051288.312770
    0    0    4    41526051288.316649
    0    0    4    41526051288.320521
    0    0    4    41526051288.324400
    0    0    4    41526051288.328645
    0    0    4    41526051288.332650
    0    0    4    41526051288.336651
    0    0    4    41526051288.340646
    0    0    4    41526051288.344520
    0    0    4    41526051288.348395
    0    0    4    41526051288.352269
    0    0    4    41526051288.357267
    0    0    4    41526051288.361152
    0    0    4    41526051288.365028
    0    0    4    41526051288.368892
    0    0    4    41526051288.372768
    0    0    4    41526051288.376646
    0    0    4    41526051288.380519
    0    0    4    41526051288.384397
    0    0    4    41526051288.389022
    0    0    4    41526051288.393025
    0    0    4    41526051288.397028
    0    0    4    41526051288.400893
    0    0    4    41526051288.404769
    0    0    4    41526051288.408701
    0    0    4    41526051288.412517
    0    0    4    41526051288.416452
    0    0    4    41526051288.421527
    0    0    4    41526051288.425522
    0    0    4    41526051288.429390
    0    0    4    41526051288.433266
    0    0    4    41526051288.437142
    0    0    4    41526051288.441018
    0    0    4    41526051288.444889
    0    0    4    41526051288.450019
    0    0    4    41526051288.454021
    0    0    4    41526051288.458021
    0    0    4    41526051288.461892
    0    0    4    41526051288.465766
    0    0    4    41526051288.469641
    0    0    4    41526051288.473515
    0    0    4    41526051288.477435
    0    0    4    41526051288.482267
    0    0    4    41526051288.486273
    0    0    4    41526051288.490138
    0    0    4    41526051288.494013
    0    0    4    41526051288.497889
    0    0    4    41526051288.501766
    0    0    4    41526051288.505641
    0    0    4    41526051288.510768
    0    0    4    41526051288.514771
    0    0    4    41526051288.518789
    0    0    4    41526051288.522641
    0    0    4    41526051288.526515
    0    0    4    41526051288.530387
    0    0    4    41526051288.534265
    0    0    4    41526051288.538190
    0    0    4    41526051288.543017
    0    0    4    41526051288.547025
    0    0    4    41526051288.551011
    0    0    4    41526051288.554892
    0    0    4    41526051288.558763
    0    0    4    41526051288.562639
    0    0    4    41526051288.566512
    0    0    4    41526051288.571665
    0    0    4    41526051288.575642
    0    0    4    41526051288.579659
    0    0    4    41526051288.583510
    0    0    4    41526051288.587387
    0    0    4    41526051288.591259
    0    0    4    41526051288.595136
    0    0    4    41526051288.599016
    0    0    4    41526051288.604016
    0    0    4    41526051288.608017
    0    0    4    41526051288.611883
    0    0    4    41526051288.615759
    0    0    4    41526051288.619638
    0    0    4    41526051288.623511
    0    0    4    41526051288.627386
    0    0    4    41526051288.632646
    0    0    4    41526051288.636515
    0    0    4    41526051288.640516
    0    0    4    41526051288.644507
    0    0    4    41526051288.648385
    0    0    4    41526051288.652259
    0    0    4    41526051288.656134
    0    0    4    41526051288.660060
    0    0    4    41526051288.665014
    0    0    4    41526051288.668892
    0    0    4    41526051288.672882
    0    0    4    41526051288.676759
    0    0    4    41526051288.680635
    0    0    4    41526051288.684509
    0    0    4    41526051288.688383
    0    0    4    41526051288.693597
    0    0    4    41526051288.697513
    0    0    4    41526051288.701516
    0    0    4    41526051288.705379
    0    0    4    41526051288.709259
    0    0    4    41526051288.713131
    0    0    4    41526051288.717009
    0    0    4    41526051288.720889
    0    0    4    41526051288.725885
    0    0    4    41526051288.729888
    0    0    4    41526051288.733755
    0    0    4    41526051288.737632
    0    0    4    41526051288.741507
    0    0    4    41526051288.745381
    0    0    4    41526051288.749256
    0    0    4    41526051288.754384
    0    0    4    41526051288.758388
    0    0    4    41526051288.762395
    0    0    4    41526051288.766254
    0    0    4    41526051288.770130
    0    0    4    41526051288.773879
    0    0    4    41526051288.777755
    0    0    4    41526051288.781688
    0    0    4    41526051288.786633
    0    0    4    41526051288.790636
    0    0    4    41526051288.794629
    0    0    4    41526051288.798504
    0    0    4    41526051288.802379
    0    0    4    41526051288.806378
    0    0    4    41526051288.810259
    0    0    4    41526051288.815382
    0    0    4    41526051288.819383
    0    0    4    41526051288.823386
    0    0    4    41526051288.827253
    0    0    4    41526051288.831129
    0    0    4    41526051288.835002
    0    0    4    41526051288.838879
    0    0    4    41526051288.842816
    0    0    4    41526051288.847632
    0    0    4    41526051288.851634
    0    0    4    41526051288.855500
    0    0    4    41526051288.859376
    0    0    4    41526051288.863254
    0    0    4    41526051288.867127
    0    0    4    41526051288.871002
    0    0    4    41526051288.876131
    0    0    4    41526051288.880136
    0    0    4    41526051288.884135
    0    0    4    41526051288.888001
    0    0    4    41526051288.891876
    0    0    4    41526051288.895752
    0    0    4    41526051288.899629
    0    0    4    41526051288.903536
    0    0    4    41526051288.908260
    0    0    4    41526051288.912260
    0    0    4    41526051288.916248
    0    0    4    41526051288.920125
    0    0    4    41526051288.923999
    0    0    4    41526051288.927999
    0    0    4    41526051288.931880
    0    0    4    41526051288.937002
    0    0    4    41526051288.941003
    0    0    4    41526051288.945007
    0    0    4    41526051288.948876
    0    0    4    41526051288.952750
    0    0    4    41526051288.956625
    0    0    4    41526051288.960499
    0    0    4    41526051288.964505
    0    0    4    41526051288.969508
    0    0    4    41526051288.973502
    0    0    4    41526051288.977371
    0    0    4    41526051288.981248
    0    0    4    41526051288.985122
    0    0    4    41526051288.988998
    0    0    4    41526051288.992873
    0    0    4    41526051288.998000
    0    0    4    41526051289.002001
    0    0    4    41526051289.006022
    0    0    4    41526051289.009873
    0    0    4    41526051289.013747
    0    0    4    41526051289.017623
    0    0    4    41526051289.021497
    0    0    4    41526051289.025419
    0    0    4    41526051289.030376
    0    0    4    41526051289.034378
    0    0    4    41526051289.038245
    0    0    4    41526051289.042121
    0    0    4    41526051289.045996
    0    0    4    41526051289.049871
    0    0    4    41526051289.053746
    0    0    4    41526051289.058747
    0    0    4    41526051289.062752
    0    0    4    41526051289.066752
    0    0    4    41526051289.070620
    0    0    4    41526051289.074497
    0    0    4    41526051289.078244
    0    0    4    41526051289.082175
    0    0    4    41526051289.086004
    0    0    4    41526051289.090999
    0    0    4    41526051289.095001
    0    0    4    41526051289.098867
    0    0    4    41526051289.102743
    0    0    4    41526051289.106621
    0    0    4    41526051289.110494
    0    0    4    41526051289.114367
    0    0    4    41526051289.119371
    0    0    4    41526051289.123374
    0    0    4    41526051289.127377
    0    0    4    41526051289.131241
    0    0    4    41526051289.135117
    0    0    4    41526051289.138993
    0    0    4    41526051289.142867
    0    0    4    41526051289.146806
    0    0    4    41526051289.151749
    0    0    4    41526051289.155747
    0    0    4    41526051289.159676
    0    0    4    41526051289.163491
    0    0    4    41526051289.167367
    0    0    4    41526051289.171242
    0    0    4    41526051289.175116
    0    0    4    41526051289.180245
    0    0    4    41526051289.184245
    0    0    4    41526051289.188251
    0    0    4    41526051289.192116
    0    0    4    41526051289.195991
    0    0    4    41526051289.199866
    0    0    4    41526051289.203741
    0    0    4    41526051289.207768
    0    0    4    41526051289.212643
    0    0    4    41526051289.216364
    0    0    4    41526051289.220429
    0    0    4    41526051289.224369
    0    0    4    41526051289.228372
    0    0    4    41526051289.232373
    0    0    4    41526051289.236375
    0    0    4    41526051289.241369
    0    0    4    41526051289.245374
    0    0    4    41526051289.249372
    0    0    4    41526051289.253373
    0    0    4    41526051289.257369
    0    0    4    41526051289.261366
    0    0    4    41526051289.265119
    0    0    4    41526051289.269154
    0    0    4    41526051289.274122
    0    0    4    41526051289.278120
    0    0    4    41526051289.282236
    0    0    4    41526051289.286115
    0    0    4    41526051289.289989
    0    0    4    41526051289.293863
    0    0    4    41526051289.297738
    0    0    4    41526051289.302867
    0    0    4    41526051289.306871
    0    0    4    41526051289.310869
    0    0    4    41526051289.314738
    0    0    4    41526051289.318613
    0    0    4    41526051289.322485
    0    0    4    41526051289.326368
    0    0    4    41526051289.330368
    0    0    4    41526051289.335285
    0    0    4    41526051289.339240
    0    0    4    41526051289.343241
    0    0    4    41526051289.347244
    0    0    4    41526051289.351239
    0    0    4    41526051289.355241
    0    0    4    41526051289.359246
    0    0    4    41526051289.364238
    0    0    4    41526051289.368240
    0    0    4    41526051289.372241
    0    0    4    41526051289.376240
    0    0    4    41526051289.380246
    0    0    4    41526051289.384616
    0    0    4    41526051289.388493
    0    0    4    41526051289.392364
    0    0    4    41526051289.396365
    0    0    4    41526051289.400364
    0    0    4    41526051289.404491
    0    0    4    41526051289.408365
    0    0    4    41526051289.412239
    0    0    4    41526051289.416365
    0    0    4    41526051289.420364
    0    0    4    41526051289.425365
    0    0    4    41526051289.429365
    0    0    4    41526051289.433367
    0    0    4    41526051289.437362
    0    0    4    41526051289.441365
    0    0    4    41526051289.445360
    0    0    4    41526051289.449367
    0    0    4    41526051289.454512
    0    0    4    41526051289.460237
    0    0    4    41526051289.464237
    0    0    4    41526051289.468231
    0    0    4    41526051289.472237
    0    0    4    41526051289.476238
    0    0    4    41526051289.480236
    0    0    4    41526051289.485312
    0    0    4    41526051289.489237
    0    0    4    41526051289.493242
    0    0    4    41526051289.497240
    0    0    4    41526051289.501236
    0    0    4    41526051289.505235
    0    0    4    41526051289.509235
    0    0    4    41526051289.513236
    0    0    4    41526051289.518238
    0    0    4    41526051289.522238
    0    0    4    41526051289.526236
    0    0    4    41526051289.530237
    0    0    4    41526051289.534234
    0    0    4    41526051289.538235
    0    0    4    41526051289.542237
    0    0    4    41526051289.547109
    0    0    4    41526051289.551107
    0    0    4    41526051289.555114
    0    0    4    41526051289.558990
    0    0    4    41526051289.562990
    0    0    4    41526051289.566986
    0    0    4    41526051289.570984
    0    0    4    41526051289.574984
    0    0    4    41526051289.579984
    0    0    4    41526051289.583986
    0    0    4    41526051289.587984
    0    0    4    41526051289.591983
    0    0    4    41526051289.595987
    0    0    4    41526051289.599981
    0    0    4    41526051289.603980
    0    0    4    41526051289.608624
    0    0    4    41526051289.612486
    0    0    4    41526051289.616484
    0    0    4    41526051289.620484
    0    0    4    41526051289.624483
    0    0    4    41526051289.628480
    0    0    4    41526051289.632481
    0    0    4    41526051289.636480
    0    0    4    41526051289.641481
    0    0    4    41526051289.645482
    0    0    4    41526051289.649478
    0    0    4    41526051289.653475
    0    0    4    41526051289.657349
    0    0    4    41526051289.661225
    0    0    4    41526051289.665102
    0    0    4    41526051289.669353
    0    0    4    41526051289.673357
    0    0    4    41526051289.677357
    0    0    4    41526051289.681226
    0    0    4    41526051289.685101
    0    0    4    41526051289.688973
    0    0    4    41526051289.692849
    0    0    4    41526051289.696867
    0    0    4    41526051289.701982
    0    0    4    41526051289.705980
    0    0    4    41526051289.709944
    0    0    4    41526051289.713724
    0    0    4    41526051289.717602
    0    0    4    41526051289.721474
    0    0    4    41526051289.725351
    0    0    4    41526051289.730260
    0    0    4    41526051289.734231
    0    0    4    41526051289.738232
    0    0    4    41526051289.742100
    0    0    4    41526051289.745972
    0    0    4    41526051289.749847
    0    0    4    41526051289.753723
    0    0    4    41526051289.757666
    0    0    4    41526051289.762476
    0    0    4    41526051289.766479
    0    0    4    41526051289.770469
    0    0    4    41526051289.774348
    0    0    4    41526051289.778220
    0    0    4    41526051289.782096
    0    0    4    41526051289.785968
    0    0    4    41526051289.790977
    0    0    4    41526051289.794979
    0    0    4    41526051289.798980
    0    0    4    41526051289.802848
    0    0    4    41526051289.806720
    0    0    4    41526051289.810596
    0    0    4    41526051289.814470
    0    0    4    41526051289.818476
    0    0    4    41526051289.823602
    0    0    4    41526051289.827599
    0    0    4    41526051289.831691
    0    0    4    41526051289.835471
    0    0    4    41526051289.839344
    0    0    4    41526051289.843342
    0    0    4    41526051289.847220
    0    0    4    41526051289.852223
    0    0    4    41526051289.856228
    0    0    4    41526051289.860227
    0    0    4    41526051289.864095
    0    0    4    41526051289.867966
    0    0    4    41526051289.871842
    0    0    4    41526051289.875717
    0    0    4    41526051289.879599
    0    0    4    41526051289.884602
    0    0    4    41526051289.888597
    0    0    4    41526051289.892591
    0    0    4    41526051289.896467
    0    0    4    41526051289.900342
    0    0    4    41526051289.904217
    0    0    4    41526051289.908091
    0    0    4    41526051289.913100
    0    0    4    41526051289.917103
    0    0    4    41526051289.921100
    0    0    4    41526051289.925096
    0    0    4    41526051289.928966
    0    0    4    41526051289.932839
    0    0    4    41526051289.936716
    0    0    4    41526051289.940741
    0    0    4    41526051289.945849
    0    0    4    41526051289.949848
    0    0    4    41526051289.953714
    0    0    4    41526051289.957592
    0    0    4    41526051289.961467
    0    0    4    41526051289.965340
    0    0    4    41526051289.969216
    0    0    4    41526051289.974260
    0    0    4    41526051289.978224
    0    0    4    41526051289.982221
    0    0    4    41526051289.986091
    0    0    4    41526051289.989964
    0    0    4    41526051289.993837
    0    0    4    41526051289.997713
    0    0    4    41526051290.001593
    0    0    4    41526051290.006591
    0    0    4    41526051290.010611
    0    0    4    41526051290.014585
    0    0    4    41526051290.018464
    0    0    4    41526051290.022336
    0    0    4    41526051290.026213
    0    0    4    41526051290.030088
    0    0    4    41526051290.035180
    0    0    4    41526051290.039094
    0    0    4    41526051290.043095
    0    0    4    41526051290.046964
    0    0    4    41526051290.050837
    0    0    4    41526051290.054712
    0    0    4    41526051290.058587
    0    0    4    41526051290.062593
    0    0    4    41526051290.067598
    0    0    4    41526051290.071595
    0    0    4    41526051290.075583
    0    0    4    41526051290.079461
    0    0    4    41526051290.083335
    0    0    4    41526051290.087210
    0    0    4    41526051290.091085
    0    0    4    41526051290.095964
    0    0    4    41526051290.099967
    0    0    4    41526051290.103971
    0    0    4    41526051290.107965
    0    0    4    41526051290.111837
    0    0    4    41526051290.115708
    0    0    4    41526051290.119586
    0    0    4    41526051290.123589
    0    0    4    41526051290.128598
    0    0    4    41526051290.132592
    0    0    4    41526051290.136583
    0    0    4    41526051290.140459
    0    0    4    41526051290.144333
    0    0    4    41526051290.148207
    0    0    4    41526051290.152082
    0    0    4    41526051290.156963
    0    0    4    41526051290.160965
    0    0    4    41526051290.164965
    0    0    4    41526051290.168835
    0    0    4    41526051290.172708
    0    0    4    41526051290.176583
    0    0    4    41526051290.180457
    0    0    4    41526051290.184464
    0    0    4    41526051290.189468
    0    0    4    41526051290.193469
    0    0    4    41526051290.197481
    0    0    4    41526051290.201333
    0    0    4    41526051290.205207
    0    0    4    41526051290.209081
    0    0    4    41526051290.212956
    0    0    4    41526051290.216960
    0    0    4    41526051290.221967
    0    0    4    41526051290.225965
    0    0    4    41526051290.229961
    0    0    4    41526051290.233829
    0    0    4    41526051290.237706
    0    0    4    41526051290.241581
    0    0    4    41526051290.245512
    0    0    4    41526051290.250335
    0    0    4    41526051290.254336
    0    0    4    41526051290.258329
    0    0    4    41526051290.262206
    0    0    4    41526051290.266078
    0    0    4    41526051290.269955
    0    0    4    41526051290.273830
    0    0    4    41526051290.278834
    0    0    4    41526051290.282838
    0    0    4    41526051290.286838
    0    0    4    41526051290.290706
    0    0    4    41526051290.294581
    0    0    4    41526051290.298454
    0    0    4    41526051290.302329
    0    0    4    41526051290.306275
    0    0    4    41526051290.311082
    0    0    4    41526051290.315085
    0    0    4    41526051290.319201
    0    0    4    41526051290.323078
    0    0    4    41526051290.326954
    0    0    4    41526051290.330845
    0    0    4    41526051290.334703
    0    0    4    41526051290.339705
    0    0    4    41526051290.343709
    0    0    4    41526051290.347710
    0    0    4    41526051290.351586
    0    0    4    41526051290.355451
    0    0    4    41526051290.359328
    0    0    4    41526051290.363202
    0    0    4    41526051290.367134
    0    0    4    41526051290.372207
    0    0    4    41526051290.376205
    0    0    4    41526051290.380076
    0    0    4    41526051290.383951
    0    0    4    41526051290.387825
    0    0    4    41526051290.391700
    0    0    4    41526051290.395577
    0    0    4    41526051290.400592
    0    0    4    41526051290.404597
    0    0    4    41526051290.408595
    0    0    4    41526051290.412454
    0    0    4    41526051290.416324
    0    0    4    41526051290.420199
    0    0    4    41526051290.424074
    0    0    4    41526051290.428086
    0    0    4    41526051290.433083
    0    0    4    41526051290.437078
    0    0    4    41526051290.441034
    0    0    4    41526051290.444824
    0    0    4    41526051290.448698
    0    0    4    41526051290.452573
    0    0    4    41526051290.456449
    0    0    4    41526051290.461449
    0    0    4    41526051290.465459
    0    0    4    41526051290.469456
    0    0    4    41526051290.473325
    0    0    4    41526051290.477198
    0    0    4    41526051290.481072
    0    0    4    41526051290.484946
    0    0    4    41526051290.489002
    0    0    4    41526051290.494081
    0    0    4    41526051290.498076
    0    0    4    41526051290.502044
    0    0    4    41526051290.505822
    0    0    4    41526051290.509695
    0    0    4    41526051290.513572
    0    0    4    41526051290.517447
    0    0    4    41526051290.522370
    0    0    4    41526051290.526328
    0    0    4    41526051290.530330
    0    0    4    41526051290.534199
    0    0    4    41526051290.538069
    0    0    4    41526051290.541947
    0    0    4    41526051290.545821
    0    0    4    41526051290.549838
    0    0    4    41526051290.554829
    0    0    4    41526051290.558824
    0    0    4    41526051290.562692
    0    0    4    41526051290.566572
    0    0    4    41526051290.570447
    0    0    4    41526051290.574318
    0    0    4    41526051290.578196
    0    0    4    41526051290.583073
    0    0    4    41526051290.587077
    0    0    4    41526051290.591078
    0    0    4    41526051290.594946
    0    0    4    41526051290.598817
    0    0    4    41526051290.602694
    0    0    4    41526051290.606570
    0    0    4    41526051290.610590
    0    0    4    41526051290.615448
    0    0    4    41526051290.619450
    0    0    4    41526051290.623441
    0    0    4    41526051290.627318
    0    0    4    41526051290.631192
    0    0    4    41526051290.635066
    0    0    4    41526051290.638942
    0    0    4    41526051290.643946
    0    0    4    41526051290.647952
    0    0    4    41526051290.651952
    0    0    4    41526051290.655818
    0    0    4    41526051290.659690
    0    0    4    41526051290.663567
    0    0    4    41526051290.667443
    0    0    4    41526051290.671380
    0    0    4    41526051290.676194
    0    0    4    41526051290.680198
    0    0    4    41526051290.684188
    0    0    4    41526051290.688066
    0    0    4    41526051290.691940
    0    0    4    41526051290.695814
    0    0    4    41526051290.699692
    0    0    4    41526051290.704693
    0    0    4    41526051290.708697
    0    0    4    41526051290.712698
    0    0    4    41526051290.716583
    0    0    4    41526051290.720439
    0    0    4    41526051290.724189
    0    0    4    41526051290.728063
    0    0    4    41526051290.732082
    0    0    4    41526051290.737074
    0    0    4    41526051290.741067
    0    0    4    41526051290.744937
    0    0    4    41526051290.748813
    0    0    4    41526051290.752691
    0    0    4    41526051290.756564
    0    0    4    41526051290.760438
    0    0    4    41526051290.765517
    0    0    4    41526051290.769448
    0    0    4    41526051290.773447
    0    0    4    41526051290.777316
    0    0    4    41526051290.781185
    0    0    4    41526051290.785063
    0    0    4    41526051290.788937
    0    0    4    41526051290.792996
    0    0    4    41526051290.797946
    0    0    4    41526051290.801941
    0    0    4    41526051290.805811
    0    0    4    41526051290.809688
    0    0    4    41526051290.813562
    0    0    4    41526051290.817436
    0    0    4    41526051290.821314
    0    0    4    41526051290.826188
    0    0    4    41526051290.830194
    0    0    4    41526051290.834195
    0    0    4    41526051290.838063
    0    0    4    41526051290.841936
    0    0    4    41526051290.845809
    0    0    4    41526051290.849688
    0    0    4    41526051290.853814
    0    0    4    41526051290.858940
    0    0    4    41526051290.862941
    0    0    4    41526051290.866808
    0    0    4    41526051290.870688
    0    0    4    41526051290.874560
    0    0    4    41526051290.878436
    0    0    4    41526051290.882309
    0    0    4    41526051290.887187
    0    0    4    41526051290.891191
    0    0    4    41526051290.895190
    0    0    4    41526051290.899062
    0    0    4    41526051290.902933
    0    0    4    41526051290.906809
    0    0    4    41526051290.910684
    0    0    4    41526051290.914723
    0    0    4    41526051290.919817
    0    0    4    41526051290.923812
    0    0    4    41526051290.927685
    0    0    4    41526051290.931560
    0    0    4    41526051290.935434
    0    0    4    41526051290.939307
    0    0    4    41526051290.943181
    0    0    4    41526051290.948060
    0    0    4    41526051290.952064
    0    0    4    41526051290.956062
    0    0    4    41526051290.959934
    0    0    4    41526051290.963806
    0    0    4    41526051290.967683
    0    0    4    41526051290.971558
    0    0    4    41526051290.975622
    0    0    4    41526051290.980435
    0    0    4    41526051290.984438
    0    0    4    41526051290.988429
    0    0    4    41526051290.992306
    0    0    4    41526051290.996179
    0    0    4    41526051291.000054
    0    0    4    41526051291.003930
    0    0    4    41526051291.008935
    0    0    4    41526051291.012939
    0    0    4    41526051291.016933
    0    0    4    41526051291.020806
    0    0    4    41526051291.024682
    0    0    4    41526051291.028561
    0    0    4    41526051291.032429
    0    0    4    41526051291.036501
    0    0    4    41526051291.041434
    0    0    4    41526051291.045436
    0    0    4    41526051291.049426
    0    0    4    41526051291.053303
    0    0    4    41526051291.057177
    0    0    4    41526051291.061051
    0    0    4    41526051291.064927
    0    0    4    41526051291.069931
    0    0    4    41526051291.073938
    0    0    4    41526051291.077935
    0    0    4    41526051291.081805
    0    0    4    41526051291.085678
    0    0    4    41526051291.089559
    0    0    4    41526051291.093428
    0    0    4    41526051291.097433
    0    0    4    41526051291.102581
    0    0    4    41526051291.106577
    0    0    4    41526051291.110425
    0    0    4    41526051291.114301
    0    0    4    41526051291.118174
    0    0    4    41526051291.122052
    0    0    4    41526051291.125927
    0    0    4    41526051291.130930
    0    0    4    41526051291.134935
    0    0    4    41526051291.138937
    0    0    4    41526051291.142802
    0    0    4    41526051291.146676
    0    0    4    41526051291.150559
    0    0    4    41526051291.154423
    0    0    4    41526051291.158432
    0    0    4    41526051291.163437
    0    0    4    41526051291.167429
    0    0    4    41526051291.171422
    0    0    4    41526051291.175298
    0    0    4    41526051291.179172
    0    0    4    41526051291.183048
    0    0    4    41526051291.186923
    0    0    4    41526051291.191933
    0    0    4    41526051291.195932
    0    0    4    41526051291.199933
    0    0    4    41526051291.203929
    0    0    4    41526051291.207803
    0    0    4    41526051291.211673
    0    0    4    41526051291.215557
    0    0    4    41526051291.219567
    0    0    4    41526051291.224178
    0    0    4    41526051291.228180
    0    0    4    41526051291.232182
    0    0    4    41526051291.236047
    0    0    4    41526051291.239921
    0    0    4    41526051291.243848
    0    0    4    41526051291.247672
    0    0    4    41526051291.252575
    0    0    4    41526051291.256580
    0    0    4    41526051291.260577
    0    0    4    41526051291.264423
    0    0    4    41526051291.268296
    0    0    4    41526051291.272171
    0    0    4    41526051291.276046
    0    0    4    41526051291.280080
    0    0    4    41526051291.285053
    0    0    4    41526051291.289050
    0    0    4    41526051291.292921
    0    0    4    41526051291.296795
    0    0    4    41526051291.300670
    0    0    4    41526051291.304546
    0    0    4    41526051291.308420
    0    0    4    41526051291.313423
    0    0    4    41526051291.317429
    0    0    4    41526051291.321427
    0    0    4    41526051291.325299
    0    0    4    41526051291.329169
    0    0    4    41526051291.333044
    0    0    4    41526051291.336917
    0    0    4    41526051291.340985
    0    0    4    41526051291.345926
    0    0    4    41526051291.349927
    0    0    4    41526051291.353920
    0    0    4    41526051291.357794
    0    0    4    41526051291.361669
    0    0    4    41526051291.365543
    0    0    4    41526051291.369418
    0    0    4    41526051291.374423
    0    0    4    41526051291.378428
    0    0    4    41526051291.382428
    0    0    4    41526051291.386295
    0    0    4    41526051291.390166
    0    0    4    41526051291.394042
    0    0    4    41526051291.397916
    0    0    4    41526051291.401956
    0    0    4    41526051291.407051
    0    0    4    41526051291.411047
    0    0    4    41526051291.414917
    0    0    4    41526051291.418791
    0    0    4    41526051291.422666
    0    0    4    41526051291.426667
    0    0    4    41526051291.430543
    0    0    4    41526051291.435545
    0    0    4    41526051291.439569
    0    0    4    41526051291.443422
    0    0    4    41526051291.447289
    0    0    4    41526051291.451165
    0    0    4    41526051291.455040
    0    0    4    41526051291.458914
    0    0    4    41526051291.462948
    0    0    4    41526051291.468049
    0    0    4    41526051291.472044
    0    0    4    41526051291.475916
    0    0    4    41526051291.479790
    0    0    4    41526051291.483665
    0    0    4    41526051291.487540
    0    0    4    41526051291.491413
    0    0    4    41526051291.496292
    0    0    4    41526051291.500167
    0    0    4    41526051291.504167
    0    0    4    41526051291.508039
    0    0    4    41526051291.511913
    0    0    4    41526051291.515788
    0    0    4    41526051291.519664
    0    0    4    41526051291.523724
    0    0    4    41526051291.528543
    0    0    4    41526051291.532544
    0    0    4    41526051291.536535
    0    0    4    41526051291.540413
    0    0    4    41526051291.544287
    0    0    4    41526051291.548162
    0    0    4    41526051291.552036
    0    0    4    41526051291.557043
    0    0    4    41526051291.561046
    0    0    4    41526051291.565045
    0    0    4    41526051291.568913
    0    0    4    41526051291.572786
    0    0    4    41526051291.576663
    0    0    4    41526051291.580535
    0    0    4    41526051291.584476
    0    0    4    41526051291.589173
    0    0    4    41526051291.593170
    0    0    4    41526051291.597157
    0    0    4    41526051291.601036
    0    0    4    41526051291.604908
    0    0    4    41526051291.608783
    0    0    4    41526051291.612661
    0    0    4    41526051291.617539
    0    0    4    41526051291.621541
    0    0    4    41526051291.625543
    0    0    4    41526051291.629411
    0    0    4    41526051291.633284
    0    0    4    41526051291.637160
    0    0    4    41526051291.641033
    0    0    4    41526051291.645074
    0    0    4    41526051291.650047
    0    0    4    41526051291.654037
    0    0    4    41526051291.658035
    0    0    4    41526051291.661907
    0    0    4    41526051291.665781
    0    0    4    41526051291.669782
    0    0    4    41526051291.673658
    0    0    4    41526051291.678536
    0    0    4    41526051291.682540
    0    0    4    41526051291.686540
    0    0    4    41526051291.690409
    0    0    4    41526051291.694282
    0    0    4    41526051291.698157
    0    0    4    41526051291.702031
    0    0    4    41526051291.706054
    0    0    4    41526051291.711041
    0    0    4    41526051291.715039
    0    0    4    41526051291.718904
    0    0    4    41526051291.722781
    0    0    4    41526051291.726656
    0    0    4    41526051291.730531
    0    0    4    41526051291.734406
    0    0    4    41526051291.739410
    0    0    4    41526051291.743417
    0    0    4    41526051291.747413
    0    0    4    41526051291.751282
    0    0    4    41526051291.755154
    0    0    4    41526051291.759030
    0    0    4    41526051291.762903
    0    0    4    41526051291.766930
    0    0    4    41526051291.772037
    0    0    4    41526051291.776035
    0    0    4    41526051291.779906
    0    0    4    41526051291.783780
    0    0    4    41526051291.787655
    0    0    4    41526051291.791527
    0    0    4    41526051291.795404
    0    0    4    41526051291.800299
    0    0    4    41526051291.804156
    0    0    4    41526051291.808155
    0    0    4    41526051291.812030
    0    0    4    41526051291.815903
    0    0    4    41526051291.819776
    0    0    4    41526051291.823653
    0    0    4    41526051291.827657
    0    0    4    41526051291.832661
    0    0    4    41526051291.836657
    0    0    4    41526051291.840653
    0    0    4    41526051291.844526
    0    0    4    41526051291.848401
    0    0    4    41526051291.852274
    0    0    4    41526051291.856151
    0    0    4    41526051291.861065
    0    0    4    41526051291.865035
    0    0    4    41526051291.869035
    0    0    4    41526051291.872902
    0    0    4    41526051291.876775
    0    0    4    41526051291.880654
    0    0    4    41526051291.884526
    0    0    4    41526051291.888531
    0    0    4    41526051291.893659
    0    0    4    41526051291.897655
    0    0    4    41526051291.901628
    0    0    4    41526051291.905401
    0    0    4    41526051291.909274
    0    0    4    41526051291.913149
    0    0    4    41526051291.917024
    0    0    4    41526051291.922025
    0    0    4    41526051291.926029
    0    0    4    41526051291.930033
    0    0    4    41526051291.933901
    0    0    4    41526051291.937775
    0    0    4    41526051291.941649
    0    0    4    41526051291.945525
    0    0    4    41526051291.949475
    0    0    4    41526051291.954408
    0    0    4    41526051291.958403
    0    0    4    41526051291.962270
    0    0    4    41526051291.966148
    0    0    4    41526051291.970021
    0    0    4    41526051291.973896
    0    0    4    41526051291.977774
    0    0    4    41526051291.982852
    0    0    4    41526051291.986782
    0    0    4    41526051291.990782
    0    0    4    41526051291.994649
    0    0    4    41526051291.998522
    0    0    4    41526051292.002397
    0    0    4    41526051292.006271
    0    0    4    41526051292.010211
    0    0    4    41526051292.015156
    0    0    4    41526051292.019151
    0    0    4    41526051292.023018
    0    0    4    41526051292.026897
    0    0    4    41526051292.030771
    0    0    4    41526051292.034645
    0    0    4    41526051292.038518
    0    0    4    41526051292.043524
    0    0    4    41526051292.047532
    0    0    4    41526051292.051526
    0    0    4    41526051292.055272
    0    0    4    41526051292.059143
    0    0    4    41526051292.063019
    0    0    4    41526051292.066894
    0    0    4    41526051292.070901
    0    0    4    41526051292.076028
    0    0    4    41526051292.080024
    0    0    4    41526051292.083893
    0    0    4    41526051292.087769
    0    0    4    41526051292.091646
    0    0    4    41526051292.095518
    0    0    4    41526051292.099394
    0    0    4    41526051292.104400
    0    0    4    41526051292.108404
    0    0    4    41526051292.112403
    0    0    4    41526051292.116395
    0    0    4    41526051292.120268
    0    0    4    41526051292.124143
    0    0    4    41526051292.128016
    0    0    4    41526051292.132038
    0    0    4    41526051292.137155
    0    0    4    41526051292.141144
    0    0    4    41526051292.145015
    0    0    4    41526051292.148893
    0    0    4    41526051292.152766
    0    0    4    41526051292.156517
    0    0    4    41526051292.160390
    0    0    4    41526051292.165395
    0    0    4    41526051292.169400
    0    0    4    41526051292.173400
    0    0    4    41526051292.177268
    0    0    4    41526051292.181140
    0    0    4    41526051292.185014
    0    0    4    41526051292.188891
    0    0    4    41526051292.192908
    0    0    4    41526051292.198026
    0    0    4    41526051292.202021
    0    0    4    41526051292.205966
    0    0    4    41526051292.209765
    0    0    4    41526051292.213640
    0    0    4    41526051292.217514
    0    0    4    41526051292.221389
    0    0    4    41526051292.226296
    0    0    4    41526051292.230139
    0    0    4    41526051292.234148
    0    0    4    41526051292.238136
    0    0    4    41526051292.242017
    0    0    4    41526051292.245889
    0    0    4    41526051292.249762
    0    0    4    41526051292.253643
    0    0    4    41526051292.258890
    0    0    4    41526051292.263147
    0    0    4    41526051292.267518
    0    0    4    41526051292.271526
    0    0    4    41526051292.275387
    0    0    4    41526051292.279261
    0    0    4    41526051292.283137
    0    0    4    41526051292.287515
    0    0    4    41526051292.291519
    0    0    4    41526051292.295521
    0    0    4    41526051292.299387
    0    0    4    41526051292.303261
    0    0    4    41526051292.307138
    0    0    4    41526051292.311012
    0    0    4    41526051292.315039
    0    0    4    41526051292.320144
    0    0    4    41526051292.324139
    0    0    4    41526051292.328032
    0    0    4    41526051292.331884
    0    0    4    41526051292.335759
    0    0    4    41526051292.339636
    0    0    4    41526051292.343511
    0    0    4    41526051292.348510
    0    0    4    41526051292.352520
    0    0    4    41526051292.356519
    0    0    4    41526051292.360387
    0    0    4    41526051292.364259
    0    0    4    41526051292.368134
    0    0    4    41526051292.372009
    0    0    4    41526051292.376050
    0    0    4    41526051292.381145
    0    0    4    41526051292.385137
    0    0    4    41526051292.389046
    0    0    4    41526051292.392883
    0    0    4    41526051292.396757
    0    0    4    41526051292.400635
    0    0    4    41526051292.404510
    0    0    4    41526051292.409509
    0    0    4    41526051292.413518
    0    0    4    41526051292.417515
    0    0    4    41526051292.421385
    0    0    4    41526051292.425255
    0    0    4    41526051292.429132
    0    0    4    41526051292.433007
    0    0    4    41526051292.437029
    0    0    4    41526051292.442142
    0    0    4    41526051292.446135
    0    0    4    41526051292.450045
    0    0    4    41526051292.453882
    0    0    4    41526051292.457756
    0    0    4    41526051292.461632
    0    0    4    41526051292.465506
    0    0    4    41526051292.470508
    0    0    4    41526051292.474515
    0    0    4    41526051292.478515
    0    0    4    41526051292.482383
    0    0    4    41526051292.486264
    0    0    4    41526051292.490131
    0    0    4    41526051292.494004
    0    0    4    41526051292.498032
    0    0    4    41526051292.503143
    0    0    4    41526051292.507131
    0    0    4    41526051292.511029
    0    0    4    41526051292.514879
    0    0    4    41526051292.518754
    0    0    4    41526051292.522629
    0    0    4    41526051292.526503
    0    0    4    41526051292.531504
    0    0    4    41526051292.535514
    0    0    4    41526051292.539511
    0    0    4    41526051292.543381
    0    0    4    41526051292.547253
    0    0    4    41526051292.551130
    0    0    4    41526051292.555003
    0    0    4    41526051292.559050
    0    0    4    41526051292.564007
    0    0    4    41526051292.568009
    0    0    4    41526051292.572078
    0    0    4    41526051292.575877
    0    0    4    41526051292.579750
    0    0    4    41526051292.583628
    0    0    4    41526051292.587629
    0    0    4    41526051292.592515
    0    0    4    41526051292.596512
    0    0    4    41526051292.600512
    0    0    4    41526051292.604379
    0    0    4    41526051292.608251
    0    0    4    41526051292.612125
    0    0    4    41526051292.616001
    0    0    4    41526051292.620023
    0    0    4    41526051292.625135
    0    0    4    41526051292.629128
    0    0    4    41526051292.633029
    0    0    4    41526051292.636876
    0    0    4    41526051292.640749
    0    0    4    41526051292.644625
    0    0    4    41526051292.648501
    0    0    4    41526051292.653505
    0    0    4    41526051292.657509
    0    0    4    41526051292.661504
    0    0    4    41526051292.665251
    0    0    4    41526051292.669127
    0    0    4    41526051292.672999
    0    0    4    41526051292.676874
    0    0    4    41526051292.680902
    0    0    4    41526051292.686008
    0    0    4    41526051292.690004
    0    0    4    41526051292.694079
    0    0    4    41526051292.697872
    0    0    4    41526051292.701747
    0    0    4    41526051292.705626
    0    0    4    41526051292.709502
    0    0    4    41526051292.714502
    0    0    4    41526051292.718506
    0    0    4    41526051292.722505
    0    0    4    41526051292.726374
    0    0    4    41526051292.730248
    0    0    4    41526051292.734124
    0    0    4    41526051292.737997
    0    0    4    41526051292.742023
    0    0    4    41526051292.747130
    0    0    4    41526051292.751125
    0    0    4    41526051292.755023
    0    0    4    41526051292.758997
    0    0    4    41526051292.762877
    0    0    4    41526051292.766870
    0    0    4    41526051292.770746
    0    0    4    41526051292.775876
    0    0    4    41526051292.779881
    0    0    4    41526051292.783876
    0    0    4    41526051292.787746
    0    0    4    41526051292.791622
    0    0    4    41526051292.795495
    0    0    4    41526051292.799368
    0    0    4    41526051292.803318
    0    0    4    41526051292.808262
    0    0    4    41526051292.812252
    0    0    4    41526051292.816241
    0    0    4    41526051292.820119
    0    0    4    41526051292.823992
    0    0    4    41526051292.827869
    0    0    4    41526051292.831858
    0    0    4    41526051292.836792
    0    0    4    41526051292.840753
    0    0    4    41526051292.844752
    0    0    4    41526051292.848619
    0    0    4    41526051292.852493
    0    0    4    41526051292.856373
    0    0    4    41526051292.860242
    0    0    4    41526051292.864276
    0    0    4    41526051292.869378
    0    0    4    41526051292.873371
    0    0    4    41526051292.877278
    0    0    4    41526051292.881118
    0    0    4    41526051292.884991
    0    0    4    41526051292.888866
    0    0    4    41526051292.892742
    0    0    4    41526051292.897647
    0    0    4    41526051292.901621
    0    0    4    41526051292.905622
    0    0    4    41526051292.909494
    0    0    4    41526051292.913370
    0    0    4    41526051292.917241
    0    0    4    41526051292.921114
    0    0    4    41526051292.925138
    0    0    4    41526051292.930248
    0    0    4    41526051292.934247
    0    0    4    41526051292.938311
    0    0    4    41526051292.942116
    0    0    4    41526051292.945989
    0    0    4    41526051292.949864
    0    0    4    41526051292.953739
    0    0    4    41526051292.958745
    0    0    4    41526051292.962747
    0    0    4    41526051292.966749
    0    0    4    41526051292.970615
    0    0    4    41526051292.974489
    0    0    4    41526051292.978364
    0    0    4    41526051292.982238
    0    0    4    41526051292.986249
    0    0    4    41526051292.991373
    0    0    4    41526051292.995368
    0    0    4    41526051292.999330
    0    0    4    41526051293.003176
    0    0    4    41526051293.006987
    0    0    4    41526051293.010862
    0    0    4    41526051293.014736
    0    0    4    41526051293.019739
    0    0    4    41526051293.023746
    0    0    4    41526051293.027749
    0    0    4    41526051293.031613
    0    0    4    41526051293.035487
    0    0    4    41526051293.039360
