    4    4    4    41526054864.375628
  229  516  517  5161526054864.379503
    4    4    4    41526054864.383379
    4    4  516  5171526054864.387383
    4    4    4    41526054864.391794
    4    4    4    41526054864.396002
  229  516  517  5161526054864.399878
    4    4    4    41526054864.405017
  230  516  517  5161526054864.408876
    4    4    4    41526054864.413502
    4    4  516  5161526054864.417375
    4    4    4    41526054864.421381
    4    4    4    41526054864.425384
  230  516  516  5161526054864.429262
    4    4    4    41526054864.433887
    4  516  516  5161526054864.437884
    4    4    4    41526054864.442885
    4    4    4    41526054864.446883
    4    4    4    41526054864.451627
    4    4    4    41526054864.455635
  229  516  517  5161526054864.459625
    4    4    4    41526054864.463506
    4    4  517  5161526054864.467507
    4    4    4    41526054864.473375
    4    4    4  5161526054864.477374
    4    4    4    41526054864.481382
    4    4    4    41526054864.485374
  230  516  517  5161526054864.489378
    4    4    4    41526054864.494001
    4  517  516  5161526054864.498002
    4    4    4    41526054864.503006
    4    4    4    41526054864.507009
    4    4    4    41526054864.511706
    4    4    4    41526054864.515748
  229  517  516  5161526054864.519633
    4    4    4    41526054864.523630
    4    4    4  5161526054864.527503
    4    4    4    41526054864.532401
    4    4    4    41526054864.537255
    4    4    4    41526054864.541127
    4    4    4    41526054864.545006
  230  517  517  5161526054864.548879
    4    4    4    41526054864.553627
    4    4    4    41526054864.557500
    4    4    4    41526054864.562624
    4    4    4    41526054864.566630
  229  517  516  5161526054864.570622
    4    4    4    41526054864.575255
  229  516  517  5161526054864.579124
    4    4    4    41526054864.582996
    4    4    4    41526054864.586872
  229  516  516  5161526054864.590879
    4    4    4    41526054864.596001
  229  517  516  5161526054864.600004
    4    4    4    41526054864.604000
    4    4    4  5161526054864.607999
    4    4    4    41526054864.612872
    4    4    4    41526054864.616747
  229  516  516  5161526054864.620748
    4    4    4    41526054864.625880
  229  516  517  5161526054864.629871
    4    4    4    41526054864.634622
    4    4  517  5171526054864.638618
    4    4    4    41526054864.642495
    4    4    4    41526054864.646369
  229  516  517  5161526054864.650504
    4    4    4    41526054864.656476
  229  516  516  5161526054864.660376
    4    4    4    41526054864.664376
    4    4    4  5161526054864.668373
    4    4    4    41526054864.673005
    4    4    4    41526054864.676868
  229  517  516  5161526054864.680998
    4    4    4    41526054864.685872
  229  517  516  5161526054864.689869
    4    4    4    41526054864.694496
    4    4    4  5161526054864.698373
    4    4    4    41526054864.702244
    4    4    4    41526054864.706119
  230  516  516  5161526054864.709993
    4    4    4    41526054864.714746
  230  517  517  5161526054864.719749
    4    4    4    41526054864.723742
    4    4    4    41526054864.727749
  229  516  516  5161526054864.731618
    4    4    4    41526054864.736240
  229  517  516  5161526054864.740121
    4    4    4    41526054864.745250
    4  119  516  5161526054864.749246
    4    4    4    41526054864.753498
    4    4    4    41526054864.757494
  230  516  516  5161526054864.761488
    4    4    4    41526054864.765365
    4    4  516  5161526054864.769246
    4    4    4    41526054864.773626
    4    4    4    41526054864.777870
  229  517  516  5161526054864.781744
    4    4    4    41526054864.785615
    4  516  516  5161526054864.789617
    4    4    4    41526054864.793747
    4    4    4    41526054864.797746
  230  516  517  5161526054864.801744
    4    4    4    41526054864.806741
  229  517  516  5161526054864.810622
    4    4    4    41526054864.815364
    4    4  516  5161526054864.819363
    4    4    4    41526054864.823248
    4    4    4    41526054864.827238
  229  517  516  5161526054864.831125
    4    4    4    41526054864.835867
  229  517  516  5171526054864.840873
    4    4    4    41526054864.844863
    4    4    4    41526054864.848869
    4    4    4    41526054864.853675
    4    4    4    41526054864.857617
  229  517  516  5161526054864.861490
    4    4    4    41526054864.866613
  229  517  516  5171526054864.870619
    4    4    4    41526054864.875366
    4    4    4  5161526054864.879369
    4    4    4    41526054864.883368
    4    4    4    41526054864.887235
  230  517  517  5171526054864.891109
    4    4    4    41526054864.895868
  229  516  516  5161526054864.900865
    4    4    4    41526054864.904872
    4    4    4    41526054864.908860
  229  516  516  5161526054864.913574
    4    4    4    41526054864.917367
  230  517  516  5161526054864.921237
    4    4    4    41526054864.925240
    4  517  516  5161526054864.930244
    4    4    4    41526054864.934239
    4    4    4    41526054864.938247
  229  517  516  5171526054864.942233
    4    4    4    41526054864.946110
    4    4  517  5161526054864.949985
    4    4    4    41526054864.954110
    4    4    4    41526054864.959517
    4    4    4    41526054864.963488
    4    4    4    41526054864.967483
  230  516  517  5161526054864.971487
    4    4    4    41526054864.975356
    4    4    4    41526054864.979232
  229  517  516  5161526054864.983107
    4    4    4    41526054864.987241
  229  517  517  5171526054864.992240
    4    4    4    41526054864.996239
    4    4  516  5161526054865.000230
    4    4    4    41526054865.004106
    4    4    4    41526054865.007981
  229  517  516  5171526054865.011857
    4    4    4    41526054865.015865
    4    4    4  5161526054865.020240
    4    4    4    41526054865.024238
    4    4    4    41526054865.028232
  229  516  516  5161526054865.032235
    4    4    4    41526054865.036104
    4    4    4  5171526054865.039979
    4    4    4    41526054865.043857
    4    4    4    41526054865.047859
  230  517  517  5161526054865.052863
    4    4    4    41526054865.056865
    4  517  516  5161526054865.060855
    4    4    4    41526054865.064854
    4    4    4    41526054865.068731
  229  517  516  5161526054865.072605
    4    4    4    41526054865.076486
  229  517  516  5161526054865.081607
    4    4    4    41526054865.085607
    4    4    4    41526054865.089605
  230  517  516  5161526054865.093607
    4    4    4    41526054865.097486
    4  517  516  5161526054865.101354
    4    4    4    41526054865.105228
    4    4    4    41526054865.109246
  229  516  517  5161526054865.114112
    4    4    4    41526054865.118108
  229  517  516  5161526054865.122111
    4    4    4    41526054865.126229
    4    4    4    41526054865.130107
    4    4    4    41526054865.133978
    4    4    4    41526054865.137857
  230  517  516  5161526054865.142981
    4    4    4    41526054865.146984
    4    4  516  5171526054865.150978
    4    4    4    41526054865.154982
    4    4    4    41526054865.158859
  230  517  516  5161526054865.162725
    4    4    4    41526054865.166601
    4    4    4    41526054865.170641
    4    4    4    41526054865.175358
    4    4    4    41526054865.179361
  229  517  516  5161526054865.183233
    4    4    4    41526054865.187233
    4    4  516  5161526054865.191226
    4    4    4    41526054865.195101
    4    4    4    41526054865.198980
  230  517  517  5161526054865.204104
    4    4    4    41526054865.208107
  229  517  516  5161526054865.212104
    4    4    4    41526054865.215982
    4    4    4    41526054865.219978
  230  517  517  5161526054865.223974
    4    4    4    41526054865.227857
  229  517  516  5161526054865.232977
    4    4    4    41526054865.236976
    4    4    4    41526054865.240974
    4    4    4    41526054865.244975
    4    4    4    41526054865.248984
  229  517  516  5161526054865.252975
    4    4    4    41526054865.256850
    4    4    4    41526054865.260858
    4    4    4    41526054865.265229
    4    4    4    41526054865.269228
  229  517  516  5161526054865.273227
    4    4    4    41526054865.277222
    4    4    4  5171526054865.281224
    4    4    4    41526054865.285352
    4    4    4    41526054865.289227
  229  517  516  5161526054865.294229
    4    4    4    41526054865.298229
    4  516  516  5161526054865.302233
    4    4    4    41526054865.306227
    4    4    4    41526054865.310231
  229  517  516  5171526054865.314227
    4    4    4    41526054865.318227
    4  517  516  5161526054865.322387
    4    4    4    41526054865.327346
    4    4    4    41526054865.331351
    4    4    4    41526054865.335354
    4    4    4    41526054865.339353
  229  517  516  5161526054865.343359
    4    4    4    41526054865.347372
    4    4    4    41526054865.351347
    4    4    4    41526054865.355846
    4    4    4    41526054865.359853
  229  517  516  5161526054865.363852
    4    4    4    41526054865.367854
    4    4    4  5161526054865.371848
    4    4    4    41526054865.375847
    4    4    4    41526054865.379850
  229  517  516  5161526054865.383849
    4    4    4    41526054865.388723
    4  517  516  5161526054865.392721
    4    4    4    41526054865.396719
    4    4    4    41526054865.400721
  229  516  516  5171526054865.404721
    4    4    4    41526054865.408720
    4  516  516  5161526054865.412721
    4    4    4    41526054865.417225
    4    4    4    41526054865.421221
  229  517  516  5161526054865.425218
    4    4    4    41526054865.429217
  229  517  516  5161526054865.433216
    4    4    4    41526054865.437219
    4    4    4    41526054865.441218
  230  517  516  5161526054865.445223
    4    4    4    41526054865.450218
  229  517  516  5171526054865.454227
    4    4    4    41526054865.458223
    4    4    4  5161526054865.462218
    4    4    4    41526054865.466219
    4    4    4  5161526054865.470216
    4    4    4    41526054865.476346
    4    4    4    41526054865.480348
  230  517  516  5161526054865.484343
    4    4    4    41526054865.488346
    4    4    4  5161526054865.492346
    4    4    4    41526054865.496349
    4    4    4    41526054865.500342
  229  517  516  5171526054865.504347
    4    4    4    41526054865.509344
    4  517  516  5171526054865.513352
    4    4    4    41526054865.517346
    4    4    4    41526054865.521464
  229  517  516  5171526054865.525468
    4    4    4    41526054865.529468
    4  516  516  5161526054865.533465
    4    4    4    41526054865.537637
    4    4    4  5171526054865.542599
    4    4    4    41526054865.546589
    4    4    4    41526054865.550589
  229  517  516  5161526054865.554600
    4    4    4    41526054865.558588
    4    4    4    41526054865.562590
    4    4    4    41526054865.566469
    4    4    4    41526054865.571595
  230  517  516  5161526054865.575592
    4    4    4    41526054865.579473
    4  517  516  5161526054865.583470
    4    4    4    41526054865.587464
    4    4  517  5171526054865.593220
    4    4    4    41526054865.597211
    4    4    4    41526054865.601219
  229  516  516  5171526054865.605465
    4    4    4    41526054865.609343
  230  516  516  5161526054865.615463
    4    4    4    41526054865.627959
    4    4    4    41526054865.631967
  229  516  516  5161526054865.635836
    4    4    4    41526054865.639710
    4    4  516  5171526054865.643585
    4    4    4    41526054865.647462
    4    4    4    41526054865.651334
  230  517  516  5161526054865.655210
    4    4    4    41526054865.659082
    4    4    4    41526054865.662960
    4    4    4    41526054865.666833
    4    4    4    41526054865.670708
  229  517  516  5171526054865.674583
    4    4    4    41526054865.678461
    4    4    4    41526054865.682332
  229  517  516  5171526054865.686208
    4    4    4    41526054865.690082
    4    4  516  5171526054865.693956
    4    4    4    41526054865.697833
    4    4    4    41526054865.701836
  229  516  516  5171526054865.705836
    4    4    4    41526054865.709845
    4    4  516  5161526054865.713837
    4    4    4    41526054865.718841
    4    4    4    41526054865.722843
  230  516  517  5171526054865.726842
    4    4    4    41526054865.730712
  230  517  516  5161526054865.734712
    4    4    4    41526054865.738969
    4    4    4    41526054865.742963
  230  517  517  5171526054865.746958
    4    4    4    41526054865.750956
  230  517  517  5171526054865.754835
    4    4    4    41526054865.758708
    4    4    4    41526054865.762584
  229  517  516  5161526054865.766595
    4    4    4    41526054865.771086
  229  517  516  5171526054865.775080
    4    4    4    41526054865.778969
    4    4    4    41526054865.782839
  230  517  516  5161526054865.786832
    4    4    4    41526054865.790835
    4  516  516  5171526054865.794832
    4    4    4    41526054865.799082
    4    4    4    41526054865.803083
  229  517  516  5161526054865.806963
    4    4    4    41526054865.810964
  229  517  516  5161526054865.814960
    4    4    4    41526054865.818839
    4    4    4  5171526054865.823961
    4    4    4    41526054865.828083
    4    4    4    41526054865.832084
  230  517  516  5161526054865.837212
    4    4    4    41526054865.841208
  230  517  516  5161526054865.845204
    4    4    4    41526054865.849212
    4    4    4    41526054865.853209
  229  517  516  5161526054865.857207
    4    4    4    41526054865.862084
  229  517  516  5161526054865.866085
    4    4    4    41526054865.870077
    4    4    4    41526054865.874079
    4    4    4    41526054865.878086
    4    4    4    41526054865.882085
  230  517  516  5161526054865.886078
    4    4    4    41526054865.891080
    4  517  517  5171526054865.895076
    4    4    4    41526054865.899085
    4    4    4    41526054865.903083
  229  517  516  5171526054865.906960
    4    4    4    41526054865.910834
    4    4  516  5161526054865.914833
    4    4    4    41526054865.918956
    4    4    4    41526054865.923951
  230  517  517  5161526054865.927952
    4    4    4    41526054865.931953
  230  517  517  5161526054865.935960
    4    4    4    41526054865.939829
    4    4    4    41526054865.943827
  230  516  516  5161526054865.947705
    4    4    4    41526054865.952830
  230  517  517  5171526054865.956708
    4    4    4    41526054865.960710
    4    4    4  5161526054865.964706
    4    4    4    41526054865.968589
    4    4    4    41526054865.972593
  229  517  516  5171526054865.976591
    4    4    4    41526054865.980775
    4  517  516  5171526054865.985700
    4    4    4    41526054865.989699
    4    4    4    41526054865.993701
  229  516  516  5171526054865.997588
    4    4    4    41526054866.001594
    4  335  516  5171526054866.005595
    4    4    4    41526054866.009593
    4    4    4    41526054866.014626
    4    4    4    41526054866.018593
    4    4    4    41526054866.022591
  229  517  516  5161526054866.026598
    4    4    4    41526054866.030455
    4    4    4    41526054866.034454
  229  516  516  5171526054866.038329
    4    4    4    41526054866.042457
  229  517  516  5171526054866.047454
    4    4    4    41526054866.051454
    4    4  517  5161526054866.055446
    4    4    4    41526054866.059451
    4    4    4    41526054866.063454
  229  517  516  5171526054866.067452
    4    4    4    41526054866.071447
    4    4  516  5171526054866.075700
    4    4    4    41526054866.079700
    4    4    4    41526054866.083698
  230  517  516  5161526054866.087699
    4    4    4    41526054866.091591
    4    4    4  5171526054866.095454
    4    4    4    41526054866.099454
    4    4    4    41526054866.103451
  230  517  516  5161526054866.108461
    4    4    4    41526054866.112450
    4  516  517  5171526054866.116452
    4    4    4    41526054866.120453
    4    4    4    41526054866.124446
  229  517  516  5161526054866.128452
    4    4    4    41526054866.132448
  229  516  516  5171526054866.136700
    4    4    4    41526054866.140694
    4    4    4    41526054866.144694
  230  516  516  5161526054866.148698
    4    4    4    41526054866.152702
    4  516  517  5171526054866.156592
    4    4    4    41526054866.160447
    4    4    4    41526054866.164447
    4    4    4    41526054866.169442
    4    4    4    41526054866.173448
  229  516  516  5171526054866.177452
    4    4    4    41526054866.181443
    4    4    4    41526054866.185447
    4    4    4    41526054866.189343
    4    4    4    41526054866.193320
  229  517  516  5171526054866.197697
    4    4    4    41526054866.201593
    4    4    4    41526054866.205453
    4  516  516  5171526054866.209510
    4    4    4    41526054866.213443
  229  517  516  5171526054866.217447
    4    4    4    41526054866.221324
    4    4  517  5161526054866.225322
    4    4    4    41526054866.230314
    4    4    4    41526054866.234316
  229  517  516  5171526054866.238316
    4    4    4    41526054866.242314
    4    4    4  5171526054866.246322
    4    4    4    41526054866.250323
    4    4    4    41526054866.254321
  229  517  516  5171526054866.259191
    4    4    4    41526054866.263201
    4  517  516  5161526054866.267191
    4    4    4    41526054866.271070
    4    4    4    41526054866.274946
  230  517  516  5171526054866.278946
    4    4    4    41526054866.282819
  229  516  516  5171526054866.287845
    4    4    4    41526054866.291694
    4    4    4    41526054866.295699
  229  517  516  5171526054866.299693
    4    4    4    41526054866.303590
  229  517  516  5171526054866.307580
    4    4    4    41526054866.311574
    4    4    4    41526054866.315608
    4    4    4    41526054866.320585
    4    4    4    41526054866.324447
  229  517  516  5161526054866.328437
    4    4    4    41526054866.332446
    4    4    4    41526054866.336319
    4    4    4    41526054866.340320
    4    4    4    41526054866.344319
  229  517  516  5161526054866.349317
    4    4    4    41526054866.353322
    4    4  516  5171526054866.357317
    4    4    4    41526054866.361320
    4    4    4    41526054866.365310
  230  516  516  5171526054866.369316
    4    4    4    41526054866.373319
    4    4  517  5171526054866.377320
    4    4    4    41526054866.382436
    4    4    4    41526054866.386318
  230  517  517  5161526054866.390317
    4    4    4    41526054866.394318
  230  516  516  5161526054866.398317
    4    4    4    41526054866.402319
    4    4    4    41526054866.406315
  229  517  516  5171526054866.411184
    4    4    4    41526054866.415185
  229  516  516  5171526054866.419184
    4    4    4    41526054866.423067
    4    4    4  5171526054866.427065
    4    4    4    41526054866.431062
    4    4    4    41526054866.435060
  230  516  516  5171526054866.439062
    4    4    4    41526054866.443942
    4  517  516  5171526054866.447815
    4    4    4    41526054866.451818
    4    4    4    41526054866.455815
  229  516  516  5171526054866.459809
    4    4    4    41526054866.463811
    4    4  516  5161526054866.467812
    4    4    4    41526054866.472688
    4    4    4    41526054866.476682
  229  516  516  5171526054866.480689
    4    4    4    41526054866.484686
  229  516  516  5171526054866.488680
    4    4    4    41526054866.492687
    4    4    4    41526054866.496689
  230  516  517  5161526054866.501811
    4    4    4    41526054866.505807
  230  516  516  5171526054866.509816
    4    4    4    41526054866.513814
    4    4    4  5171526054866.517684
    4    4    4    41526054866.521681
    4    4    4    41526054866.525687
  229  516  517  5171526054866.529711
    4    4    4    41526054866.534806
  229  517  516  5161526054866.538812
    4    4    4    41526054866.542806
    4    4    4    41526054866.546805
  229  516  517  5161526054866.550804
    4    4    4    41526054866.554809
  229  516  517  5161526054866.558806
    4    4    4    41526054866.563060
    4    4    4    41526054866.567058
  229  516  517  5171526054866.570940
    4    4    4    41526054866.574938
  229  516  517  5161526054866.578817
    4    4    4    41526054866.582686
    4    4    4    41526054866.586687
  230  517  516  5171526054866.590682
    4    4    4    41526054866.595805
  229  516  517  5171526054866.599686
    4    4    4    41526054866.603680
    4    4    4    41526054866.607563
    4    4    4    41526054866.611436
    4    4    4    41526054866.615435
  230  517  516  5161526054866.619434
    4    4    4    41526054866.623678
    4    4    4    41526054866.627682
    4    4    4    41526054866.631686
    4    4    4    41526054866.635685
  229  516  516  5171526054866.639580
    4    4    4    41526054866.643585
    4    4    4    41526054866.647433
  230  516  516  5161526054866.651429
    4    4    4    41526054866.656426
  230  516  516  5171526054866.660434
    4    4    4    41526054866.664431
    4    4    4  5171526054866.668428
    4    4    4    41526054866.672434
    4    4    4    41526054866.676308
  229  516  517  5171526054866.680306
    4    4    4    41526054866.684580
    4    4    4  5171526054866.688578
    4    4    4    41526054866.692572
    4    4    4    41526054866.696591
  230  517  516  5171526054866.700575
    4    4    4    41526054866.704429
    4    4    4    41526054866.708311
    4    4    4    41526054866.712316
    4    4    4    41526054866.717423
  230  517  516  5161526054866.721433
    4    4    4    41526054866.725424
    4  516  516  5161526054866.729432
    4    4    4    41526054866.733432
    4    4    4    41526054866.737303
  230  516  517  5171526054866.741302
    4    4    4    41526054866.746306
  230  516  516  5171526054866.750305
    4    4    4    41526054866.754306
    4    4    4    41526054866.758306
    4    4    4    41526054866.762303
    4    4    4    41526054866.766306
  229  516  516  5171526054866.770298
    4    4    4    41526054866.775305
    4    4  516  5171526054866.779305
    4    4    4    41526054866.783181
    4    4    4    41526054866.787178
  229  517  516  5171526054866.791180
    4    4    4    41526054866.795057
    4    4    4  5161526054866.798937
    4    4    4    41526054866.802926
    4    4    4    41526054866.807922
  229  516  516  5171526054866.811919
    4    4    4    41526054866.815800
    4  516  516  5171526054866.819799
    4    4    4    41526054866.823801
    4    4    4    41526054866.827795
  229  516  516  5171526054866.831678
    4    4    4    41526054866.836675
  229  516  517  5171526054866.840670
    4    4    4    41526054866.844681
    4    4    4    41526054866.848674
    4  516  517  5161526054866.852669
    4    4    4    41526054866.856672
  230  517  516  5161526054866.860675
    4    4    4    41526054866.864673
    4    4  517  5171526054866.869566
    4    4    4    41526054866.873546
    4    4    4    41526054866.877544
  230  516  516  5161526054866.881570
    4    4    4    41526054866.885568
    4    4    4  5171526054866.889426
    4    4    4    41526054866.893296
    4    4    4    41526054866.897675
  229  516  516  5171526054866.901561
    4    4    4    41526054866.905545
    4    4    4  5171526054866.909546
    4    4    4    41526054866.913428
    4    4    4    41526054866.917293
  230  516  516  5171526054866.921166
    4    4    4    41526054866.925173
    4    4  516  5171526054866.930044
    4    4    4    41526054866.934051
    4    4    4    41526054866.938050
  230  517  516  5171526054866.942053
    4    4    4    41526054866.945924
    4    4    4  5171526054866.949917
    4    4    4    41526054866.953923
    4    4    4    41526054866.958172
  229  516  517  5171526054866.962165
    4    4    4    41526054866.966174
    4    4    4  5171526054866.970049
    4    4    4    41526054866.974049
    4    4    4    41526054866.977922
  229  516  517  5171526054866.981916
    4    4    4    41526054866.985919
  229  516  516  5171526054866.990914
    4    4    4    41526054866.994923
    4    4    4    41526054866.998914
  229  516  517  5161526054867.002924
    4    4    4    41526054867.006921
    4  516  516  5161526054867.010923
    4    4    4    41526054867.014916
    4    4    4  5171526054867.020041
    4    4    4    41526054867.024040
    4    4    4    41526054867.028046
  229  516  516  5161526054867.032043
    4    4    4    41526054867.036037
    4    4    4  2311526054867.040048
    4    4    4    41526054867.044044
    4    4    4    41526054867.049289
  229  516  517  5171526054867.053291
    4    4    4    41526054867.057288
  229  516  517  5171526054867.061294
    4    4    4    41526054867.065171
    4    4    4    41526054867.069046
  229  516  516  5161526054867.073037
    4    4    4    41526054867.077170
  230  517  517  5161526054867.082036
    4    4    4    41526054867.086046
    4    4    4    41526054867.090037
    4    4    4    41526054867.093920
    4    4    4    41526054867.097668
  229  516  517  5161526054867.101669
    4    4    4    41526054867.105662
    4    4  516  5161526054867.110912
    4    4    4    41526054867.114915
    4    4    4    41526054867.118965
  230  516  516  5171526054867.122911
    4    4    4    41526054867.126918
    4    4  517  5161526054867.130918
    4    4    4    41526054867.134911
    4    4    4    41526054867.138914
  230  517  516  5161526054867.143908
    4    4    4    41526054867.147909
  229  516  517  5161526054867.151921
    4    4    4    41526054867.155792
    4    4    4    41526054867.159784
  229  517  516  5161526054867.163665
    4    4    4    41526054867.167664
  229  516  517  5171526054867.172285
    4    4    4    41526054867.176168
    4    4    4    41526054867.180161
  229  517  516  5171526054867.184168
    4    4    4    41526054867.188165
  229  516  517  5161526054867.192038
    4    4    4    41526054867.195917
    4    4    4  5161526054867.201091
    4    4    4    41526054867.205039
    4    4    4    41526054867.209034
  230  517  516  5171526054867.213033
    4    4    4    41526054867.216914
    4    4    4    41526054867.220917
    4    4    4    41526054867.224915
    4    4    4    41526054867.228908
  229  516  516  5161526054867.233286
    4    4    4    41526054867.237166
    4    4    4  5161526054867.241161
    4    4    4    41526054867.245039
    4    4    4    41526054867.249034
  229  516  516  5161526054867.252907
    4    4    4    41526054867.256782
    4    4    4    41526054867.260793
    4    4    4    41526054867.265663
    4    4    4    41526054867.269656
  230  516  517  5171526054867.273658
    4    4    4    41526054867.277532
    4    4    4  5161526054867.281404
    4    4    4    41526054867.285280
    4    4    4    41526054867.289161
  230  517  517  5171526054867.294349
    4    4    4    41526054867.298287
    4  516  517  5161526054867.302278
    4    4    4    41526054867.306281
    4    4    4    41526054867.310166
  229  517  516  5161526054867.314027
    4    4    4    41526054867.317904
    4    4  517  5161526054867.321911
    4    4    4    41526054867.326904
    4    4    4    41526054867.330778
  229  516  516  5161526054867.334653
    4    4    4    41526054867.338665
  230  516  516  5161526054867.342661
    4    4    4    41526054867.346538
    4    4    4    41526054867.350659
  230  516  517  5161526054867.355780
    4    4    4    41526054867.359660
  230  516  516  5161526054867.363656
    4    4    4    41526054867.367656
    4    4    4    41526054867.371658
    4    4    4    41526054867.375530
    4    4    4    41526054867.379400
  229  516  517  5161526054867.383534
    4    4    4    41526054867.388410
    4    4  517  5161526054867.392401
    4    4    4    41526054867.396407
    4    4    4    41526054867.400277
  229  516  517  5161526054867.404151
    4    4    4    41526054867.408025
    4    4    4  5161526054867.412037
    4    4    4    41526054867.417029
    4    4    4    41526054867.421027
  229  516  516  5161526054867.425033
    4    4    4    41526054867.429026
    4  516  516  5161526054867.432900
    4    4    4    41526054867.436774
    4    4    4    41526054867.440648
  229  516  517  5161526054867.444653
    4    4    4    41526054867.449657
  229  517  516  5161526054867.453649
    4    4    4    41526054867.457657
    4    4    4    41526054867.461526
  229  516  516  5161526054867.465399
    4    4    4    41526054867.469274
  229  516  516  5161526054867.473403
    4    4    4    41526054867.478153
    4    4    4  5171526054867.482281
    4    4    4    41526054867.486280
    4    4    4    41526054867.490156
  230  516  517  5161526054867.494022
    4    4    4    41526054867.497897
    4    4    4    41526054867.501782
  230  516  517  5161526054867.505779
    4    4    4    41526054867.510777
  230  517  517  5171526054867.514586
    4    4    4    41526054867.518524
    4    4    4  5171526054867.522525
    4    4    4    41526054867.526398
    4    4    4    41526054867.530272
  229  516  516  5161526054867.534405
    4    4    4    41526054867.539273
    4    4  517  5161526054867.543281
    4    4    4    41526054867.547272
    4    4    4    41526054867.551156
  230  516  517  5171526054867.555021
    4    4    4    41526054867.558895
    4    4    4  5171526054867.562771
    4    4    4    41526054867.566775
    4    4    4    41526054867.571775
  229  517  517  5161526054867.575769
    4    4    4    41526054867.579779
    4  516  517  5171526054867.583649
    4    4    4    41526054867.587519
    4    4    4    41526054867.591393
  229  516  517  5161526054867.595525
    4    4    4    41526054867.600274
  229  516  517  5161526054867.604278
    4    4    4    41526054867.608277
    4    4    4    41526054867.612154
  229  516  517  5161526054867.616020
    4    4    4    41526054867.619895
    4  516  517  5161526054867.623893
    4    4    4    41526054867.627899
    4    4    4    41526054867.632896
    4    4    4    41526054867.636893
    4    4    4    41526054867.640901
  229  517  516  5161526054867.644769
    4    4    4    41526054867.648644
    4    4    4    41526054867.652517
  230  516  517  5161526054867.656524
    4    4    4    41526054867.661398
  230  516  517  5161526054867.665393
    4    4    4    41526054867.669394
    4    4    4  5161526054867.673391
    4    4    4    41526054867.677269
    4    4    4    41526054867.681141
  230  517  516  5171526054867.685016
    4    4    4    41526054867.689022
    4  516  517  5161526054867.694156
    4    4    4    41526054867.698141
    4    4    4    41526054867.702149
  230  516  517  5171526054867.706017
    4    4    4    41526054867.709891
    4    4    4  5161526054867.713764
    4    4    4    41526054867.717899
    4    4    4    41526054867.722898
  229  516  516  5171526054867.726649
    4    4    4    41526054867.730646
  229  516  516  5161526054867.734639
    4    4    4    41526054867.738513
    4    4    4    41526054867.742389
  230  516  517  5171526054867.746265
    4    4    4    41526054867.750269
  229  516  516  5161526054867.755273
    4    4    4    41526054867.759149
    4    4    4    41526054867.763221
  229  516  517  5171526054867.767014
    4    4    4    41526054867.770889
    4  516  516  5161526054867.774763
    4    4    4    41526054867.778770
    4    4    4    41526054867.783640
    4    4    4    41526054867.787647
    4    4    4    41526054867.791648
  229  516  517  5161526054867.795640
    4    4    4    41526054867.799511
    4    4    4    41526054867.803387
  229  516  517  5161526054867.807261
    4    4    4    41526054867.811269
  230  516  517  5171526054867.816268
    4    4    4    41526054867.820263
    4    4    4  5161526054867.824271
    4    4    4    41526054867.828140
    4    4    4    41526054867.831887
  229  516  516  5161526054867.835761
    4    4    4    41526054867.839777
    4    4  517  5171526054867.844766
    4    4    4    41526054867.848768
    4    4    4    41526054867.852761
  230  517  517  5171526054867.856764
    4    4    4    41526054867.860635
    4    4    4  5161526054867.864511
    4    4    4    41526054867.868386
    4    4    4    41526054867.872390
  229  516  516  5161526054867.877391
    4    4    4    41526054867.881270
    4  516  517  5161526054867.885142
    4    4    4    41526054867.889009
    4    4    4    41526054867.892883
  230  516  516  5171526054867.896760
    4    4    4    41526054867.900773
  230  516  517  5171526054867.905766
    4    4    4    41526054867.909763
    4    4    4    41526054867.913767
  229  517  516  5161526054867.917769
    4    4    4    41526054867.921633
    4  516  516  5161526054867.925509
    4    4    4    41526054867.929385
    4    4    4    41526054867.933388
    4    4    4    41526054867.938394
    4    4    4    41526054867.942285
  229  517  516  5161526054867.946266
    4    4    4    41526054867.950133
    4    4    4    41526054867.954009
  229  517  516  5161526054867.957883
    4    4    4    41526054867.962011
  230  517  517  5171526054867.966887
    4    4    4    41526054867.970890
    4    4    4  5161526054867.974882
    4    4    4    41526054867.978883
    4    4    4    41526054867.982757
  229  516  516  5171526054867.986634
    4    4    4    41526054867.990509
    4    4  517  5161526054867.994511
    4    4    4    41526054867.999511
    4    4    4    41526054868.003506
  229  517  516  5161526054868.007506
    4    4    4    41526054868.011385
    4    4    4  5161526054868.015255
    4    4    4    41526054868.019129
    4    4    4    41526054868.023259
  229  516  516  5161526054868.028258
    4    4    4    41526054868.032263
  229  516  516  5161526054868.036264
    4    4    4    41526054868.040133
    4    4    4    41526054868.044003
  229  517  516  5161526054868.047918
    4    4    4    41526054868.051757
    4    4  516  5161526054868.055758
    4    4    4    41526054868.060759
    4    4    4    41526054868.064764
  230  516  516  5161526054868.068758
    4    4    4    41526054868.072630
  229  516  516  5161526054868.076504
    4    4    4    41526054868.080378
    4    4    4    41526054868.084507
  229  516  516  5171526054868.089254
    4    4    4    41526054868.093263
  229  516  517  5161526054868.097259
    4    4    4    41526054868.101254
    4    4    4    41526054868.105128
    4    4    4    41526054868.109005
    4    4    4    41526054868.112877
  229  517  517  5171526054868.117008
    4    4    4    41526054868.122138
    4    4  517  5161526054868.126127
    4    4    4    41526054868.130135
    4    4    4    41526054868.134005
  230  516  517  5171526054868.137876
    4    4    4    41526054868.141749
    4    4    4  5171526054868.145756
    4    4    4    41526054868.150756
    4    4    4    41526054868.154750
  230  516  517  5161526054868.158749
    4    4    4    41526054868.162750
    4  517  516  5161526054868.166623
    4    4    4    41526054868.170501
    4    4    4    41526054868.174374
  230  517  517  5171526054868.178380
    4    4    4    41526054868.183381
  229  517  516  5161526054868.187273
    4    4    4    41526054868.191259
    4    4    4    41526054868.195124
  230  516  516  5161526054868.199001
    4    4    4    41526054868.202874
    4  516  517  5161526054868.207004
    4    4    4    41526054868.211253
    4    4    4    41526054868.215759
    4    4    4    41526054868.219752
    4    4    4    41526054868.223753
  230  516  516  5161526054868.227622
    4    4    4    41526054868.231501
    4    4    4    41526054868.235372
  230  517  517  5171526054868.239378
    4    4    4    41526054868.244382
  230  517  516  5161526054868.248259
    4    4    4    41526054868.252256
    4    4    4    41526054868.256123
    4    4    4    41526054868.259999
    4    4    4    41526054868.263872
  230  517  517  5161526054868.268004
    4    4    4    41526054868.273000
    4    4  517  5161526054868.276996
    4    4    4    41526054868.281006
    4    4    4    41526054868.284880
  230  516  517  5161526054868.288747
    4    4    4    41526054868.292623
    4    4    4  5161526054868.296496
    4    4    4    41526054868.300502
    4    4    4    41526054868.305504
  230  517  517  5161526054868.309496
    4    4    4    41526054868.313505
    4  517  516  5161526054868.317373
    4    4    4    41526054868.321245
    4    4    4    41526054868.325121
  230  516  517  5171526054868.329251
    4    4    4    41526054868.334249
  229  517  516  5161526054868.338244
    4    4    4    41526054868.342244
    4    4    4    41526054868.346255
    4  517  517  5171526054868.350117
    4    4    4    41526054868.353995
  230  517  517  5161526054868.357869
    4    4    4    41526054868.361874
    4    4    4  5161526054868.366875
    4    4    4    41526054868.370868
    4    4    4    41526054868.374869
  229  517  517  5161526054868.378744
    4    4    4    41526054868.382618
    4    4    4    41526054868.386493
    4  516  517  5171526054868.390623
    4    4    4    41526054868.395620
  230  516  517  5171526054868.399618
    4    4    4    41526054868.403618
    4    4  517  5161526054868.407617
    4    4    4    41526054868.411492
    4    4    4    41526054868.415365
  229  517  516  5161526054868.419240
    4    4    4    41526054868.423247
  229  516  516  5161526054868.428249
    4    4    4    41526054868.432249
    4    4    4    41526054868.436249
  229  517  516  5161526054868.440120
    4    4    4    41526054868.443992
    4    4  516  5161526054868.447866
    4    4    4    41526054868.451998
    4    4    4    41526054868.456994
    4    4    4    41526054868.460995
    4    4    4    41526054868.464998
  229  517  516  5161526054868.468998
    4    4    4    41526054868.472989
    4    4    4    41526054868.476867
  230  517  517  5171526054868.480739
    4    4    4    41526054868.484744
  229  517  516  5161526054868.489746
    4    4    4    41526054868.493741
    4    4    4  5161526054868.497746
    4    4    4    41526054868.501615
    4    4    4    41526054868.505490
  229  517  516  5161526054868.509364
    4    4    4    41526054868.513494
    4  517  517  5161526054868.518368
    4    4    4    41526054868.522372
    4    4    4    41526054868.526362
  230  517  516  5161526054868.530363
    4    4    4    41526054868.534238
    4    4  516  5161526054868.538111
    4    4    4    41526054868.541987
    4    4    4    41526054868.545991
  229  516  516  5161526054868.550994
    4    4    4    41526054868.554996
  229  517  516  5161526054868.558987
    4    4    4    41526054868.562864
    4    4    4    41526054868.566737
  230  516  517  5161526054868.570612
    4    4    4    41526054868.574740
  229  516  517  5161526054868.579617
    4    4    4    41526054868.583617
    4    4    4    41526054868.587610
    4    4    4    41526054868.591612
    4    4    4    41526054868.595486
  229  516  516  5161526054868.599360
    4    4    4    41526054868.603236
    4    4    4  5161526054868.607241
    4    4    4    41526054868.612241
    4    4    4    41526054868.616237
  230  517  517  5171526054868.620243
    4    4    4    41526054868.624110
    4    4    4    41526054868.627983
    4    4    4    41526054868.631862
    4    4    4    41526054868.635990
  229  516  516  5161526054868.640739
    4    4    4    41526054868.644736
    4    4  517  5171526054868.648735
    4    4    4    41526054868.652736
    4    4    4    41526054868.656609
  229  517  516  5161526054868.660482
    4    4    4    41526054868.664359
    4    4  516  5161526054868.668364
    4    4    4    41526054868.673368
    4    4    4    41526054868.677359
  230  517  517  5161526054868.681366
    4    4    4    41526054868.685236
    4    4  517  5171526054868.689108
    4    4    4    41526054868.692983
    4    4    4    41526054868.696990
  229  517  516  5161526054868.701987
    4    4    4    41526054868.705992
  230  516  516  5161526054868.709989
    4    4    4    41526054868.713990
    4    4    4    41526054868.717856
  229  517  516  5161526054868.721731
    4    4    4    41526054868.725608
    4  517  517  5171526054868.729610
    4    4    4    41526054868.734609
    4    4    4    41526054868.738609
    4    4    4    41526054868.742612
    4    4    4    41526054868.746484
  229  516  516  5161526054868.750356
    4    4    4    41526054868.754230
    4    4    4    41526054868.758362
    4    4    4    41526054868.763236
    4    4    4    41526054868.767229
  230  516  517  5161526054868.771236
    4    4    4    41526054868.775365
    4    4  517  5161526054868.779230
    4    4    4    41526054868.783106
    4    4    4    41526054868.786978
  230  517  517  5171526054868.790983
    4    4    4    41526054868.795985
    4  517  516  5161526054868.799978
    4    4    4    41526054868.803987
    4    4    4    41526054868.807860
  229  517  516  5161526054868.811729
    4    4    4    41526054868.815605
    4    4  516  5161526054868.819610
    4    4    4    41526054868.824481
    4    4    4    41526054868.828485
  230  517  517  5161526054868.832477
    4    4    4    41526054868.836481
  230  516  517  5171526054868.840352
    4    4    4    41526054868.844228
    4    4    4    41526054868.848102
  229  517  516  5161526054868.852108
    4    4    4    41526054868.856986
  230  516  517  5161526054868.860980
    4    4    4    41526054868.864985
    4    4    4    41526054868.868856
  229  517  516  5171526054868.872728
    4    4    4    41526054868.876601
  229  516  516  5161526054868.880609
    4    4    4    41526054868.885481
    4    4    4  5161526054868.889478
    4    4    4    41526054868.893483
    4    4    4    41526054868.897486
  229  516  516  5171526054868.901352
    4    4    4    41526054868.905225
    4    4    4    41526054868.909101
    4    4    4    41526054868.913104
    4    4    4    41526054868.917985
  229  517  516  5161526054868.921976
    4    4    4    41526054868.925984
    4    4    4  5161526054868.929852
    4    4    4    41526054868.933724
    4    4    4    41526054868.937600
  230  517  517  5171526054868.941604
    4    4    4    41526054868.946478
    4  517  516  5161526054868.950476
    4    4    4    41526054868.954476
    4    4    4    41526054868.958485
  229  516  516  5161526054868.962348
    4    4    4    41526054868.966223
    4    4    4  5161526054868.970098
    4    4    4    41526054868.974104
    4    4    4    41526054868.979105
  230  517  517  5161526054868.983099
    4    4    4    41526054868.986972
    4  516  517  5161526054868.990856
    4    4    4    41526054868.994723
    4    4    4    41526054868.998599
  230  517  517  5171526054869.002729
    4    4    4    41526054869.007600
  229  516  517  5171526054869.011596
    4    4    4    41526054869.015605
    4    4    4    41526054869.019606
  230  516  516  5161526054869.023471
    4    4    4    41526054869.027346
  229  517  516  5171526054869.031223
    4    4    4    41526054869.035227
    4    4    4  5161526054869.040226
    4    4    4    41526054869.044237
    4    4    4    41526054869.048229
  230  517  516  5161526054869.052174
    4    4    4    41526054869.055969
    4    4    4    41526054869.059846
  229  517  516  5161526054869.063853
    4    4    4    41526054869.068849
  230  516  516  5161526054869.072853
    4    4    4    41526054869.076848
    4    4  517  5161526054869.080846
    4    4    4    41526054869.084721
    4    4    4    41526054869.088594
  230  517  517  5161526054869.092559
    4    4    4    41526054869.096473
    4  516  516  5171526054869.101479
    4    4    4    41526054869.105371
    4    4    4    41526054869.109350
  230  516  516  5161526054869.113347
    4    4    4    41526054869.117220
    4    4  517  5161526054869.121091
    4    4    4    41526054869.125223
    4    4    4    41526054869.129974
  230  517  516  5161526054869.133969
    4    4    4    41526054869.137976
  230  517  516  5171526054869.141977
    4    4    4    41526054869.145843
    4    4    4    41526054869.149718
  230  516  517  5161526054869.153593
    4    4    4    41526054869.157595
  229  516  517  5161526054869.162475
    4    4    4    41526054869.166350
    4    4    4    41526054869.170351
  230  516  517  5171526054869.174216
    4    4    4    41526054869.178091
    4  516  516  5171526054869.181966
    4    4    4    41526054869.185972
    4    4    4  5161526054869.190969
    4    4    4    41526054869.195101
    4    4    4    41526054869.199097
  230  517  517  5161526054869.203099
    4    4    4    41526054869.206965
    4    4    4    41526054869.210840
    4    4    4    41526054869.214714
    4    4    4    41526054869.218719
  230  517  517  5171526054869.223720
    4    4    4    41526054869.227597
    4    4  517  5161526054869.231588
    4    4    4    41526054869.235466
    4    4    4    41526054869.239338
  230  517  517  5171526054869.243214
    4    4    4    41526054869.247221
    4  517  517  5161526054869.252218
    4    4    4    41526054869.256214
    4    4    4    41526054869.260220
  229  516  516  5161526054869.264223
    4    4    4    41526054869.268087
    4    4  516  5161526054869.271963
    4    4    4    41526054869.275837
    4    4    4    41526054869.279844
  229  516  516  5161526054869.284843
    4    4    4    41526054869.288839
  229  517  516  5161526054869.292845
    4    4    4    41526054869.296723
    4    4    4    41526054869.300588
  230  516  516  5171526054869.304462
    4    4    4    41526054869.308470
  229  517  516  5161526054869.313340
    4    4    4    41526054869.317337
    4    4    4    41526054869.321335
    4    4    4    41526054869.325337
    4    4    4    41526054869.329211
  229  517  517  5171526054869.333085
    4    4    4    41526054869.336962
    4    4    4  5161526054869.340966
    4    4    4    41526054869.345968
    4    4    4    41526054869.349961
  230  517  516  5171526054869.353962
    4    4    4    41526054869.357838
  229  516  516  5161526054869.362965
    4    4    4    41526054869.366836
    4    4    4    41526054869.370841
  229  516  516  5161526054869.374843
    4    4    4    41526054869.379843
  229  516  516  5161526054869.383837
    4    4    4    41526054869.387842
    4    4    4    41526054869.391711
    4    4    4    41526054869.395586
    4    4    4    41526054869.399462
  229  516  516  5161526054869.404602
    4    4    4    41526054869.408462
    4    4  517  5161526054869.412456
    4    4    4    41526054869.416463
    4    4    4    41526054869.420340
  229  516  517  5161526054869.424208
    4    4    4    41526054869.428081
    4    4    4    41526054869.432093
    4    4    4    41526054869.436337
    4    4    4    41526054869.440344
  229  517  517  5161526054869.444338
    4    4    4    41526054869.448333
    4    4    4  5161526054869.452333
    4    4    4    41526054869.456210
    4    4    4    41526054869.460081
  229  516  516  5161526054869.464087
    4    4    4    41526054869.468965
    4    4  516  5161526054869.472956
    4    4    4    41526054869.476964
    4    4    4    41526054869.480834
  230  517  516  5171526054869.484707
    4    4    4    41526054869.488582
    4    4    4  5161526054869.492710
    4    4    4    41526054869.497601
    4    4    4    41526054869.501599
  230  516  517  5171526054869.505596
    4    4    4    41526054869.509607
    4  517  517  5171526054869.513332
    4    4    4    41526054869.517278
    4    4    4    41526054869.521081
  230  516  517  5161526054869.525085
    4    4    4    41526054869.529961
  230  516  517  5161526054869.533956
    4    4    4    41526054869.537964
    4    4    4    41526054869.541832
  230  517  517  5171526054869.545703
    4    4    4    41526054869.549578
    4  517  516  5161526054869.553595
    4    4    4    41526054869.558594
    4    4    4    41526054869.562596
    4    4    4    41526054869.566594
    4    4    4    41526054869.570583
  231  516  516  5161526054869.574452
    4    4    4    41526054869.578329
    4    4    4    41526054869.582202
  229  516  516  5161526054869.586208
    4    4    4    41526054869.591207
  229  517  516  5161526054869.595205
    4    4    4    41526054869.599212
    4    4    4  5161526054869.603080
    4    4    4    41526054869.606951
    4    4    4    41526054869.610826
  230  517  516  5161526054869.614834
    4    4    4    41526054869.619830
    4    4  517  5161526054869.623837
    4    4    4    41526054869.627835
    4    4    4    41526054869.631836
  229  517  516  5161526054869.635701
    4    4    4    41526054869.639580
    4    4    4  5161526054869.643450
    4    4    4    41526054869.647456
    4    4    4    41526054869.652456
  229  517  516  5161526054869.656336
    4    4    4    41526054869.660333
    4  516  517  5161526054869.664200
    4    4    4    41526054869.668076
    4    4    4    41526054869.671951
  229  517  516  5161526054869.675956
    4    4    4    41526054869.681080
  229  516  517  5161526054869.685076
    4    4    4    41526054869.689076
    4    4    4    41526054869.692958
  229  516  516  5171526054869.696824
    4    4    4    41526054869.700698
    4  517  517  5171526054869.704576
    4    4    4    41526054869.708593
    4    4    4  5171526054869.713593
    4    4    4    41526054869.717580
    4    4    4    41526054869.721595
  229  517  516  5161526054869.725449
    4    4    4    41526054869.729322
    4    4    4    41526054869.733196
  230  517  517  5161526054869.737327
    4    4    4    41526054869.742201
  229  516  516  5161526054869.746207
    4    4    4    41526054869.750205
    4    4  517  5161526054869.754198
    4    4    4    41526054869.758070
    4    4    4    41526054869.761947
  229  516  516  5161526054869.765822
    4    4    4    41526054869.769825
    4  517  516  5161526054869.774827
    4    4    4    41526054869.778708
    4    4    4    41526054869.782703
  229  517  516  5161526054869.786590
    4    4    4    41526054869.790447
    4    4    4  5171526054869.794320
    4    4    4    41526054869.798450
    4    4    4    41526054869.803326
  230  517  517  5161526054869.807327
    4    4    4    41526054869.811319
  229  517  517  5161526054869.815321
    4    4    4    41526054869.819195
    4    4    4    41526054869.823070
  230  516  517  5171526054869.826820
    4    4    4    41526054869.830825
  231  517  516  5161526054869.835824
    4    4    4    41526054869.839820
    4    4    4    41526054869.843825
  229  516  516  5161526054869.847695
    4    4    4    41526054869.851576
  230  517  516  5171526054869.855442
    4    4    4    41526054869.859596
    4    4    4  2071526054869.864321
    4    4    4    41526054869.868319
    4    4    4    41526054869.872320
  229  516  516  5161526054869.876318
    4    4    4    41526054869.880194
    4    4    4    41526054869.884070
    4  518  485  4871526054869.887944
    4    4    4    41526054869.891949
  230  517  517  5161526054869.896946
    4    4    4    41526054869.900825
    4    4    4  5171526054869.904824
    4    4    4    41526054869.908691
    4    4    4    41526054869.912574
  229  517  517  5161526054869.916440
    4    4    4    41526054869.920591
    4    4  517  5161526054869.925319
    4    4    4    41526054869.929316
    4    4    4    41526054869.933190
  229  516  516  5161526054869.937192
    4    4    4    41526054869.941066
    4    4    4  5161526054869.944977
    4    4    4    41526054869.948818
    4    4    4    41526054869.952820
  230  516  516  5161526054869.957697
    4    4    4    41526054869.961690
    4  516  517  5161526054869.965695
    4    4    4    41526054869.969578
    4    4    4    41526054869.973440
  229  517  516  5161526054869.977314
    4    4    4    41526054869.981442
  229  516  516  5161526054869.986318
    4    4    4    41526054869.990321
    4    4    4    41526054869.994313
  229  516  516  5161526054869.998326
    4    4    4    41526054870.002189
    4  516  516  5161526054870.006075
    4    4    4    41526054870.009938
    4    4    4    41526054870.013942
    4    4    4    41526054870.018944
    4    4    4    41526054870.022946
  229  517  516  5161526054870.026937
    4    4    4    41526054870.030815
    4    4    4    41526054870.034575
  229  517  516  5161526054870.038436
    4    4    4    41526054870.042447
  230  516  517  5161526054870.047588
    4    4    4    41526054870.051590
    4    4    4  5171526054870.055597
    4    4    4    41526054870.059578
    4    4    4    41526054870.063436
  230  516  516  5171526054870.067313
    4    4    4    41526054870.071186
    4    4  517  5161526054870.075191
    4    4    4    41526054870.080189
    4    4    4    41526054870.084185
  229  516  517  5161526054870.088195
    4    4    4    41526054870.092063
    4    4  517  5161526054870.095935
    4    4    4    41526054870.099810
    4    4    4    41526054870.103943
  230  517  517  5161526054870.108815
    4    4    4    41526054870.112811
  229  516  516  5161526054870.116809
    4    4    4    41526054870.120812
    4    4    4    41526054870.124683
  229  517  516  5161526054870.128571
    4    4    4    41526054870.132435
    4    4  516  5161526054870.136439
    4    4    4    41526054870.141312
    4    4    4    41526054870.145318
  230  516  516  5171526054870.149315
    4    4    4    41526054870.153313
  229  517  516  5161526054870.157186
    4    4    4    41526054870.161058
    4    4    4    41526054870.165065
  230  516  517  5171526054870.170188
    4    4    4    41526054870.174185
  229  516  517  5171526054870.178190
    4    4    4    41526054870.182184
    4    4    4  5171526054870.186058
    4    4    4    41526054870.189932
    4    4    4    41526054870.193809
  229  516  516  5171526054870.197810
    4    4    4    41526054870.202688
    4    4  516  5171526054870.206689
    4    4    4    41526054870.210682
    4    4    4    41526054870.214571
  229  516  516  5171526054870.218430
    4    4    4    41526054870.222305
    4    4    4  5161526054870.226437
    4    4    4    41526054870.231311
    4    4    4    41526054870.235312
  229  516  516  5161526054870.239308
    4    4    4    41526054870.243312
    4  516  516  5161526054870.247307
    4    4    4    41526054870.251309
    4    4    4    41526054870.255181
  229  516  517  5171526054870.259185
    4    4    4    41526054870.264182
  230  517  517  5161526054870.268181
    4    4    4    41526054870.272187
    4    4    4    41526054870.276059
    4  438  406  4071526054870.279930
    4    4    4    41526054870.283805
  229  516  516  5161526054870.287938
    4    4    4    41526054870.292932
    4    4    4  5161526054870.296802
    4    4    4    41526054870.300680
    4    4    4    41526054870.304629
  229  516  516  5161526054870.308584
    4    4    4    41526054870.312583
    4    4    4    41526054870.316426
    4    4    4    41526054870.320432
    4    4    4    41526054870.325313
  229  516  517  5161526054870.329302
    4    4    4    41526054870.333304
    4    4  517  5161526054870.337180
    4    4    4    41526054870.341052
    4    4    4    41526054870.344926
  229  516  517  5161526054870.349056
    4    4    4    41526054870.354058
  230  517  516  5161526054870.358054
    4    4    4    41526054870.362052
    4    4    4    41526054870.366052
  230  516  516  5171526054870.369926
    4    4    4    41526054870.373799
    4    4  516  5161526054870.377677
    4    4    4    41526054870.381680
    4    4    4    41526054870.386680
    4    4    4    41526054870.390685
    4    4    4    41526054870.394680
  230  517  517  5171526054870.398568
    4    4    4    41526054870.402425
    4    4    4    41526054870.406299
  230  517  517  5161526054870.410429
    4    4    4    41526054870.415431
  230  516  517  5161526054870.419433
    4    4    4    41526054870.423425
    4    4    4  5161526054870.427311
    4    4    4    41526054870.431175
    4    4    4    41526054870.435049
  230  516  516  5161526054870.438924
    4    4    4    41526054870.442929
    4    4  517  5161526054870.447931
    4    4    4    41526054870.451806
    4    4    4    41526054870.455807
  231  517  517  5161526054870.459675
    4    4    4    41526054870.463558
    4    4    4  5171526054870.467424
    4    4    4    41526054870.471574
    4    4    4    41526054870.476578
  229  517  516  5161526054870.480577
    4    4    4    41526054870.484559
    4  517  517  5161526054870.488546
    4    4    4    41526054870.492423
    4    4    4    41526054870.496296
  229  517  516  5171526054870.500172
    4    4    4    41526054870.504176
  229  517  517  5161526054870.509176
    4    4    4    41526054870.513171
    4    4    4    41526054870.517173
  229  517  516  5161526054870.521049
    4    4    4    41526054870.524920
    4  516  516  5161526054870.528796
    4    4    4    41526054870.532928
    4    4    4  5161526054870.537925
    4    4    4    41526054870.541922
    4    4    4    41526054870.545932
  229  516  517  5161526054870.549921
    4    4    4    41526054870.553796
    4    4    4    41526054870.557669
    4    4    4    41526054870.561545
    4    4    4    41526054870.565570
  229  517  516  5161526054870.570572
    4    4    4    41526054870.574679
    4    4  517  5161526054870.578674
    4    4    4    41526054870.582563
    4    4    4    41526054870.586418
  230  517  516  5161526054870.590294
    4    4    4    41526054870.594301
  230  517  517  5161526054870.599298
    4    4    4    41526054870.603303
    4    4    4    41526054870.607174
  230  517  517  5161526054870.611176
    4    4    4    41526054870.615044
    4  517  517  5161526054870.618919
    4    4    4    41526054870.622793
    4    4    4    41526054870.626797
    4  516  517  5171526054870.631795
    4    4    4    41526054870.635792
  229  516  516  5161526054870.639792
    4    4    4    41526054870.643669
    4    4    4    41526054870.647542
  229  517  516  5161526054870.651417
    4    4    4    41526054870.655547
  230  517  517  5161526054870.660296
    4    4    4    41526054870.664299
    4    4    4    41526054870.668167
    4    4    4    41526054870.672168
    4    4    4    41526054870.676041
  230  516  516  5161526054870.679915
    4    4    4    41526054870.683791
    4    4    4  5161526054870.687795
    4    4    4    41526054870.692796
    4    4    4    41526054870.696791
  229  517  516  5161526054870.700798
    4    4    4    41526054870.704666
    4    4    4    41526054870.708541
    4    4    4    41526054870.712414
    4    4    4    41526054870.716545
  230  517  517  5161526054870.721289
    4    4    4    41526054870.725300
    4    4  516  5161526054870.729173
    4    4    4    41526054870.733164
    4    4    4    41526054870.737038
  229  516  516  5161526054870.740913
    4    4    4    41526054870.744789
    4    4  517  5161526054870.748794
    4    4    4    41526054870.753791
    4    4    4    41526054870.757794
  229  517  516  5161526054870.761792
    4    4    4    41526054870.765665
    4    4  516  5161526054870.769538
    4    4    4    41526054870.773411
    4    4    4    41526054870.777544
  229  517  516  5161526054870.782291
    4    4    4    41526054870.786296
  229  517  516  5161526054870.790163
    4    4    4    41526054870.794163
    4    4    4    41526054870.798037
  229  516  516  5161526054870.801910
    4    4    4    41526054870.805786
    4    4  516  5161526054870.809790
    4    4    4    41526054870.814792
    4    4    4    41526054870.818788
    4  517  516  5161526054870.822793
    4    4    4    41526054870.826664
  230  517  517  5161526054870.830538
    4    4    4    41526054870.834411
    4    4    4    41526054870.838543
  230  516  517  5171526054870.843291
    4    4    4    41526054870.847161
  229  516  517  5161526054870.851168
    4    4    4    41526054870.855167
    4    4    4    41526054870.859036
    4  213  180  1831526054870.862910
    4    4    4    41526054870.866785
  230  516  517  5171526054870.870789
    4    4    4    41526054870.875792
    4    4    4  5171526054870.879790
    4    4    4    41526054870.883785
    4    4    4    41526054870.887661
  229  516  516  5161526054870.891533
    4    4    4    41526054870.895409
    4    4    4  5171526054870.899415
    4    4    4    41526054870.904412
    4    4    4    41526054870.908409
  229  516  517  5161526054870.912409
    4    4    4    41526054870.916415
    4    4  517  5161526054870.920283
    4    4    4    41526054870.924158
    4    4    4    41526054870.928916
  230  517  517  5161526054870.932906
    4    4    4    41526054870.937035
  230  517  517  5161526054870.940914
    4    4    4    41526054870.945794
    4    4    4    41526054870.949791
    4    4    4    41526054870.953794
    4    4    4    41526054870.957665
  230  516  517  5171526054870.961531
    4    4    4    41526054870.965405
    4    4  516  5161526054870.969412
    4    4    4    41526054870.974415
    4    4    4    41526054870.978288
  230  517  517  5161526054870.982307
    4    4    4    41526054870.986910
    4    4  517  5171526054870.990790
    4    4    4    41526054870.994656
    4    4    4    41526054870.999162
  229  517  516  5161526054871.003533
    4    4    4    41526054871.007535
  230  516  517  5161526054871.011537
    4    4    4    41526054871.015531
    4    4    4    41526054871.019920
    4    4    4    41526054871.023784
    4    4    4    41526054871.027657
  230  516  517  5171526054871.032285
    4    4    4    41526054871.036288
    4    4  517  5171526054871.041031
    4    4    4    41526054871.045036
    4    4    4    41526054871.048905
  229  516  516  5161526054871.052780
    4    4    4    41526054871.056654
  229  517  516  5161526054871.061535
    4    4    4    41526054871.065657
    4    4    4    41526054871.069660
  230  517  516  5161526054871.073656
    4    4    4    41526054871.077652
  229  516  516  5161526054871.082275
    4    4    4    41526054871.086154
    4    4    4    41526054871.090155
    4    4    4    41526054871.095164
    4    4    4    41526054871.100040
  230  517  516  5161526054871.104027
    4    4    4    41526054871.107949
  229  516  516  5161526054871.111777
    4    4    4    41526054871.115650
    4    4    4    41526054871.120152
  229  516  516  5161526054871.124033
    4    4    4    41526054871.129037
  229  517  516  5161526054871.133034
    4    4    4    41526054871.137030
    4    4  517  5161526054871.141527
    4    4    4    41526054871.145400
    4    4    4    41526054871.149278
  229  517  516  5161526054871.154473
    4    4    4    41526054871.158409
  229  516  516  5161526054871.163032
    4    4    4    41526054871.167031
    4    4    4  5161526054871.171032
    4    4    4    41526054871.175028
    4    4    4    41526054871.178907
  229  517  516  5161526054871.183654
    4    4    4    41526054871.188658
  229  517  516  5161526054871.192656
    4    4    4    41526054871.196652
    4    4    4    41526054871.200656
  230  516  517  5161526054871.204648
    4    4    4    41526054871.208522
  229  516  516  5161526054871.212525
    4    4    4    41526054871.216527
    4    4    4    41526054871.220912
    4    4    4    41526054871.224776
    4    4    4    41526054871.228772
  229  516  517  5161526054871.232649
    4    4    4    41526054871.236523
    4    4    4    41526054871.241023
    4    4    4    41526054871.245023
    4    4    4    41526054871.249525
  230  517  516  5161526054871.253526
    4    4    4    41526054871.257400
    4  516  517  5161526054871.262280
    4    4    4    41526054871.266146
    4    4    4    41526054871.270020
  229  517  516  5161526054871.274032
    4    4    4    41526054871.278150
  229  516  516  5161526054871.282906
    4    4    4    41526054871.286896
    4    4    4    41526054871.290904
  231  516  517  5171526054871.294770
    4    4    4    41526054871.298645
  229  517  516  5161526054871.303311
    4    4    4    41526054871.308149
    4    4  516  5161526054871.312151
    4    4    4    41526054871.316153
    4    4    4    41526054871.320029
  230  516  517  5161526054871.324647
    4    4    4    41526054871.328518
    4    4  516  5161526054871.332395
    4    4    4    41526054871.336403
    4    4    4    41526054871.341774
    4    4    4    41526054871.345767
    4    4    4    41526054871.349775
  229  516  516  5161526054871.353770
    4    4    4    41526054871.357644
    4    4    4    41526054871.361774
    4    4    4    41526054871.365777
    4    4    4    41526054871.370900
  229  516  517  5161526054871.374894
    4    4    4    41526054871.378893
  229  516  517  5161526054871.383650
    4    4    4    41526054871.387516
    4    4    4    41526054871.391392
  229  516  517  5161526054871.395272
    4    4    4    41526054871.400332
  229  516  517  5161526054871.405025
    4    4    4    41526054871.409024
    4  516  516  5171526054871.413020
    4    4    4    41526054871.416899
    4    4    4    41526054871.421567
  229  516  516  5171526054871.425268
    4    4    4    41526054871.429396
  229  516  517  5171526054871.434398
    4    4    4    41526054871.438398
    4    4    4  5171526054871.442402
    4    4    4    41526054871.446399
    4    4    4    41526054871.450395
  230  516  516  5171526054871.454268
    4    4    4    41526054871.458340
  229  516  516  5161526054871.464144
    4    4    4    41526054871.468146
    4    4    4    41526054871.472140
    4  517  517  5161526054871.476017
    4    4    4    41526054871.479890
  229  517  516  5171526054871.484513
    4    4    4    41526054871.488523
    4  517  516  5171526054871.493527
    4    4    4    41526054871.497520
    4    4    4    41526054871.502317
    4  500  468  4681526054871.506265
    4    4    4    41526054871.510138
  230  516  516  5171526054871.514011
    4    4    4    41526054871.518146
    4    4  516  5171526054871.523391
    4    4    4    41526054871.527397
    4    4    4    41526054871.531274
  229  516  517  5161526054871.535271
    4    4    4    41526054871.539523
