    0    0    4    41526051322.773239
    0    0    4    41526051322.777111
    0    0    4    41526051322.780987
    0    0    4    41526051322.784866
    0    0    4    41526051322.789246
    0    0    4    41526051322.793368
    0    0    4    41526051322.797237
    0    0    4    41526051322.801238
    0    0    4    41526051322.806118
    0    0    4    41526051322.810115
    0    0    4    41526051322.814109
    0    0    4    41526051322.817984
    0    0    4    41526051322.821858
    0    0    4    41526051322.825735
    0    0    4    41526051322.829611
    0    0    4    41526051322.833486
    0    0    4    41526051322.838238
    0    0    4    41526051322.842240
    0    0    4    41526051322.846243
    0    0    4    41526051322.850233
    0    0    4    41526051322.854109
    0    0    4    41526051322.857983
    0    0    4    41526051322.861858
    0    0    4    41526051322.866841
    0    0    4    41526051322.870742
    0    0    4    41526051322.874739
    0    0    4    41526051322.878607
    0    0    4    41526051322.882481
    0    0    4    41526051322.886357
    0    0    4    41526051322.890234
    0    0    4    41526051322.894109
    0    0    4    41526051322.898607
    0    0    4    41526051322.902612
    0    0    4    41526051322.906492
    0    0    4    41526051322.910359
    0    0    4    41526051322.914232
    0    0    4    41526051322.918104
    0    0    4    41526051322.921983
    0    0    4    41526051322.925863
    0    0    4    41526051322.930861
    0    0    4    41526051322.934862
    0    0    4    41526051322.938854
    0    0    4    41526051322.942735
    0    0    4    41526051322.946607
    0    0    4    41526051322.950479
    0    0    4    41526051322.954356
    0    0    4    41526051322.959484
    0    0    4    41526051322.963487
    0    0    4    41526051322.967486
    0    0    4    41526051322.971380
    0    0    4    41526051322.975230
    0    0    4    41526051322.979104
    0    0    4    41526051322.982979
    0    0    4    41526051322.986862
    0    0    4    41526051322.991857
    0    0    4    41526051322.995861
    0    0    4    41526051322.999726
    0    0    4    41526051323.003603
    0    0    4    41526051323.007478
    0    0    4    41526051323.011355
    0    0    4    41526051323.015227
    0    0    4    41526051323.020230
    0    0    4    41526051323.024234
    0    0    4    41526051323.028235
    0    0    4    41526051323.032101
    0    0    4    41526051323.035974
    0    0    4    41526051323.039853
    0    0    4    41526051323.043729
    0    0    4    41526051323.047606
    0    0    4    41526051323.052704
    0    0    4    41526051323.056608
    0    0    4    41526051323.060475
    0    0    4    41526051323.064350
    0    0    4    41526051323.068228
    0    0    4    41526051323.072101
    0    0    4    41526051323.075974
    0    0    4    41526051323.081108
    0    0    4    41526051323.085107
    0    0    4    41526051323.089106
    0    0    4    41526051323.092975
    0    0    4    41526051323.096851
    0    0    4    41526051323.100724
    0    0    4    41526051323.104601
    0    0    4    41526051323.108515
    0    0    4    41526051323.113484
    0    0    4    41526051323.117481
    0    0    4    41526051323.121347
    0    0    4    41526051323.125223
    0    0    4    41526051323.129100
    0    0    4    41526051323.132973
    0    0    4    41526051323.136848
    0    0    4    41526051323.141977
    0    0    4    41526051323.145979
    0    0    4    41526051323.149981
    0    0    4    41526051323.153847
    0    0    4    41526051323.157724
    0    0    4    41526051323.161600
    0    0    4    41526051323.165472
    0    0    4    41526051323.169393
    0    0    4    41526051323.174229
    0    0    4    41526051323.178230
    0    0    4    41526051323.182220
    0    0    4    41526051323.186098
    0    0    4    41526051323.189972
    0    0    4    41526051323.193847
    0    0    4    41526051323.197721
    0    0    4    41526051323.202850
    0    0    4    41526051323.206855
    0    0    4    41526051323.210856
    0    0    4    41526051323.214722
    0    0    4    41526051323.218600
    0    0    4    41526051323.222470
    0    0    4    41526051323.226347
    0    0    4    41526051323.230272
    0    0    4    41526051323.234974
    0    0    4    41526051323.238982
    0    0    4    41526051323.242968
    0    0    4    41526051323.246852
    0    0    4    41526051323.250720
    0    0    4    41526051323.254597
    0    0    4    41526051323.258471
    0    0    4    41526051323.263598
    0    0    4    41526051323.267600
    0    0    4    41526051323.271600
    0    0    4    41526051323.275466
    0    0    4    41526051323.279346
    0    0    4    41526051323.283218
    0    0    4    41526051323.287095
    0    0    4    41526051323.290975
    0    0    4    41526051323.295847
    0    0    4    41526051323.299852
    0    0    4    41526051323.303841
    0    0    4    41526051323.307722
    0    0    4    41526051323.311718
    0    0    4    41526051323.315595
    0    0    4    41526051323.319468
    0    0    4    41526051323.324594
    0    0    4    41526051323.328601
    0    0    4    41526051323.332599
    0    0    4    41526051323.336465
    0    0    4    41526051323.340342
    0    0    4    41526051323.344217
    0    0    4    41526051323.348093
    0    0    4    41526051323.352148
    0    0    4    41526051323.356976
    0    0    4    41526051323.360974
    0    0    4    41526051323.364964
    0    0    4    41526051323.368847
    0    0    4    41526051323.372718
    0    0    4    41526051323.376592
    0    0    4    41526051323.380465
    0    0    4    41526051323.385598
    0    0    4    41526051323.389596
    0    0    4    41526051323.393597
    0    0    4    41526051323.397462
    0    0    4    41526051323.401341
    0    0    4    41526051323.405215
    0    0    4    41526051323.409089
    0    0    4    41526051323.412972
    0    0    4    41526051323.417974
    0    0    4    41526051323.421971
    0    0    4    41526051323.425962
    0    0    4    41526051323.429844
    0    0    4    41526051323.433715
    0    0    4    41526051323.437590
    0    0    4    41526051323.441464
    0    0    4    41526051323.446603
    0    0    4    41526051323.450599
    0    0    4    41526051323.454598
    0    0    4    41526051323.458461
    0    0    4    41526051323.462339
    0    0    4    41526051323.466211
    0    0    4    41526051323.470089
    0    0    4    41526051323.473970
    0    0    4    41526051323.478973
    0    0    4    41526051323.482969
    0    0    4    41526051323.486835
    0    0    4    41526051323.490713
    0    0    4    41526051323.494588
    0    0    4    41526051323.498462
    0    0    4    41526051323.502336
    0    0    4    41526051323.507465
    0    0    4    41526051323.511468
    0    0    4    41526051323.515468
    0    0    4    41526051323.519334
    0    0    4    41526051323.523211
    0    0    4    41526051323.527084
    0    0    4    41526051323.530960
    0    0    4    41526051323.534843
    0    0    4    41526051323.539843
    0    0    4    41526051323.543840
    0    0    4    41526051323.547709
    0    0    4    41526051323.551585
    0    0    4    41526051323.555459
    0    0    4    41526051323.559334
    0    0    4    41526051323.563208
    0    0    4    41526051323.568214
    0    0    4    41526051323.572218
    0    0    4    41526051323.576217
    0    0    4    41526051323.580083
    0    0    4    41526051323.583959
    0    0    4    41526051323.587832
    0    0    4    41526051323.591708
    0    0    4    41526051323.595594
    0    0    4    41526051323.600590
    0    0    4    41526051323.604592
    0    0    4    41526051323.608457
    0    0    4    41526051323.612331
    0    0    4    41526051323.616208
    0    0    4    41526051323.620081
    0    0    4    41526051323.623956
    0    0    4    41526051323.628961
    0    0    4    41526051323.632965
    0    0    4    41526051323.636965
    0    0    4    41526051323.640833
    0    0    4    41526051323.644707
    0    0    4    41526051323.648582
    0    0    4    41526051323.652457
    0    0    4    41526051323.656379
    0    0    4    41526051323.661088
    0    0    4    41526051323.665091
    0    0    4    41526051323.668954
    0    0    4    41526051323.672831
    0    0    4    41526051323.676706
    0    0    4    41526051323.680580
    0    0    4    41526051323.684455
    0    0    4    41526051323.689461
    0    0    4    41526051323.693462
    0    0    4    41526051323.697464
    0    0    4    41526051323.701333
    0    0    4    41526051323.705206
    0    0    4    41526051323.709080
    0    0    4    41526051323.712955
    0    0    4    41526051323.716830
    0    0    4    41526051323.720833
    0    0    4    41526051323.725960
    0    0    4    41526051323.729957
    0    0    4    41526051323.733960
    0    0    4    41526051323.737957
    0    0    4    41526051323.742088
    0    0    4    41526051323.745959
    0    0    4    41526051323.751082
    0    0    4    41526051323.755084
    0    0    4    41526051323.759084
    0    0    4    41526051323.763083
    0    0    4    41526051323.767077
    0    0    4    41526051323.770951
    0    0    4    41526051323.774827
    0    0    4    41526051323.778707
    0    0    4    41526051323.783708
    0    0    4    41526051323.787708
    0    0    4    41526051323.791584
    0    0    4    41526051323.795451
    0    0    4    41526051323.799328
    0    0    4    41526051323.803200
    0    0    4    41526051323.807076
    0    0    4    41526051323.812079
    0    0    4    41526051323.816083
    0    0    4    41526051323.820083
    0    0    4    41526051323.824005
    0    0    4    41526051323.828079
    0    0    4    41526051323.832082
    0    0    4    41526051323.836082
    0    0    4    41526051323.840081
    0    0    4    41526051323.844959
    0    0    4    41526051323.848961
    0    0    4    41526051323.852953
    0    0    4    41526051323.856952
    0    0    4    41526051323.860961
    0    0    4    41526051323.864960
    0    0    4    41526051323.868951
    0    0    4    41526051323.873950
    0    0    4    41526051323.880081
    0    0    4    41526051323.884078
    0    0    4    41526051323.887953
    0    0    4    41526051323.891832
    0    0    4    41526051323.895828
    0    0    4    41526051323.899829
    0    0    4    41526051323.903951
    0    0    4    41526051323.907952
    0    0    4    41526051323.911952
    0    0    4    41526051323.915952
    0    0    4    41526051323.920079
    0    0    4    41526051323.924083
    0    0    4    41526051323.928079
    0    0    4    41526051323.932256
    0    0    4    41526051323.937203
    0    0    4    41526051323.941205
    0    0    4    41526051323.945205
    0    0    4    41526051323.951326
    0    0    4    41526051323.955323
    0    0    4    41526051323.959320
    0    0    4    41526051323.963341
    0    0    4    41526051323.967327
    0    0    4    41526051323.971327
    0    0    4    41526051323.975386
    0    0    4    41526051323.979324
    0    0    4    41526051323.983324
    0    0    4    41526051323.987329
    0    0    4    41526051323.991324
    0    0    4    41526051323.996598
    0    0    4    41526051324.000591
    0    0    4    41526051324.004594
    0    0    4    41526051324.008448
    0    0    4    41526051324.012452
    0    0    4    41526051324.016330
    0    0    4    41526051324.020329
    0    0    4    41526051324.024449
    0    0    4    41526051324.029450
    0    0    4    41526051324.033449
    0    0    4    41526051324.037446
    0    0    4    41526051324.041450
    0    0    4    41526051324.045448
    0    0    4    41526051324.049449
    0    0    4    41526051324.053449
    0    0    4    41526051324.058672
    0    0    4    41526051324.062591
    0    0    4    41526051324.066597
    0    0    4    41526051324.070599
    0    0    4    41526051324.074592
    0    0    4    41526051324.078594
    0    0    4    41526051324.082597
    0    0    4    41526051324.086594
    0    0    4    41526051324.091593
    0    0    4    41526051324.095593
    0    0    4    41526051324.099597
    0    0    4    41526051324.103593
    0    0    4    41526051324.107595
    0    0    4    41526051324.111606
    0    0    4    41526051324.115591
    0    0    4    41526051324.119819
    0    0    4    41526051324.123825
    0    0    4    41526051324.127823
    0    0    4    41526051324.131821
    0    0    4    41526051324.135824
    0    0    4    41526051324.139819
    0    0    4    41526051324.143691
    0    0    4    41526051324.148630
    0    0    4    41526051324.152591
    0    0    4    41526051324.156597
    0    0    4    41526051324.160575
    0    0    4    41526051324.164441
    0    0    4    41526051324.168315
    0    0    4    41526051324.172189
    0    0    4    41526051324.176067
    0    0    4    41526051324.180445
    0    0    4    41526051324.184447
    0    0    4    41526051324.188449
    0    0    4    41526051324.192316
    0    0    4    41526051324.196187
    0    0    4    41526051324.200061
    0    0    4    41526051324.203937
    0    0    4    41526051324.208940
    0    0    4    41526051324.213589
    0    0    4    41526051324.217691
    0    0    4    41526051324.221821
    0    0    4    41526051324.225815
    0    0    4    41526051324.229690
    0    0    4    41526051324.233565
    0    0    4    41526051324.237439
    0    0    4    41526051324.241944
    0    0    4    41526051324.245945
    0    0    4    41526051324.249819
    0    0    4    41526051324.253687
    0    0    4    41526051324.257561
    0    0    4    41526051324.261436
    0    0    4    41526051324.265311
    0    0    4    41526051324.269329
    0    0    4    41526051324.274318
    0    0    4    41526051324.278314
    0    0    4    41526051324.282308
    0    0    4    41526051324.286186
    0    0    4    41526051324.290062
    0    0    4    41526051324.293935
    0    0    4    41526051324.297809
    0    0    4    41526051324.302937
    0    0    4    41526051324.306943
    0    0    4    41526051324.310941
    0    0    4    41526051324.314685
    0    0    4    41526051324.318560
    0    0    4    41526051324.322433
    0    0    4    41526051324.326307
    0    0    4    41526051324.330317
    0    0    4    41526051324.335317
    0    0    4    41526051324.339313
    0    0    4    41526051324.343306
    0    0    4    41526051324.347184
    0    0    4    41526051324.351057
    0    0    4    41526051324.354935
    0    0    4    41526051324.358806
    0    0    4    41526051324.363936
    0    0    4    41526051324.367941
    0    0    4    41526051324.371940
    0    0    4    41526051324.375808
    0    0    4    41526051324.379684
    0    0    4    41526051324.383653
    0    0    4    41526051324.387432
    0    0    4    41526051324.391437
    0    0    4    41526051324.396585
    0    0    4    41526051324.400582
    0    0    4    41526051324.404433
    0    0    4    41526051324.408305
    0    0    4    41526051324.412181
    0    0    4    41526051324.415931
    0    0    4    41526051324.419805
    0    0    4    41526051324.424932
    0    0    4    41526051324.428939
    0    0    4    41526051324.432939
    0    0    4    41526051324.436806
    0    0    4    41526051324.440680
    0    0    4    41526051324.444556
    0    0    4    41526051324.448427
    0    0    4    41526051324.452361
    0    0    4    41526051324.457312
    0    0    4    41526051324.461308
    0    0    4    41526051324.465301
    0    0    4    41526051324.469181
    0    0    4    41526051324.473054
    0    0    4    41526051324.476929
    0    0    4    41526051324.480802
    0    0    4    41526051324.485836
    0    0    4    41526051324.489812
    0    0    4    41526051324.493807
    0    0    4    41526051324.497682
    0    0    4    41526051324.501565
    0    0    4    41526051324.505428
    0    0    4    41526051324.509301
    0    0    4    41526051324.513306
    0    0    4    41526051324.518184
    0    0    4    41526051324.522184
    0    0    4    41526051324.526175
    0    0    4    41526051324.530055
    0    0    4    41526051324.533925
    0    0    4    41526051324.537927
    0    0    4    41526051324.541800
    0    0    4    41526051324.546932
    0    0    4    41526051324.550936
    0    0    4    41526051324.554934
    0    0    4    41526051324.558803
    0    0    4    41526051324.562677
    0    0    4    41526051324.566562
    0    0    4    41526051324.570424
    0    0    4    41526051324.574437
    0    0    4    41526051324.579806
