    0    0    4    41526051526.407262
    0    0    4    41526051526.411387
    0    0    4    41526051526.415259
    0    0    4    41526051526.419636
    0    0    4    41526051526.424019
    0    0    4    41526051526.428016
    0    0    4    41526051526.432014
    0    0    4    41526051526.436636
    0    0    4    41526051526.440637
    0    0    4    41526051526.444890
    0    0    4    41526051526.448890
    0    0    4    41526051526.453139
    0    0    4    41526051526.457010
    0    0    4    41526051526.460883
    0    0    4    41526051526.465134
    0    0    4    41526051526.469135
    0    0    4    41526051526.474514
    0    0    4    41526051526.478513
    0    0    4    41526051526.482512
    0    0    4    41526051526.486511
    0    0    4    41526051526.490381
    0    0    4    41526051526.494635
    0    0    4    41526051526.498637
    0    0    4    41526051526.504267
    0    0    4    41526051526.508264
    0    0    4    41526051526.512758
    0    0    4    41526051526.516634
    0    0    4    41526051526.520510
    0    0    4    41526051526.524759
    0    0    4    41526051526.528630
    0    0    4    41526051526.533384
    0    0    4    41526051526.537389
    0    0    4    41526051526.541388
    0    0    4    41526051526.545759
    0    0    4    41526051526.549632
    0    0    4    41526051526.553632
    0    0    4    41526051526.557503
    0    0    4    41526051526.561513
    0    0    4    41526051526.567010
    0    0    4    41526051526.571012
    0    0    4    41526051526.575387
    0    0    4    41526051526.579254
    0    0    4    41526051526.583131
    0    0    4    41526051526.587505
    0    0    4    41526051526.591384
    0    0    4    41526051526.596881
    0    0    4    41526051526.600888
    0    0    4    41526051526.605388
    0    0    4    41526051526.609259
    0    0    4    41526051526.613127
    0    0    4    41526051526.617379
    0    0    4    41526051526.621257
    0    0    4    41526051526.626503
    0    0    4    41526051526.630510
    0    0    4    41526051526.634512
    0    0    4    41526051526.638887
    0    0    4    41526051526.642752
    0    0    4    41526051526.646631
    0    0    4    41526051526.650501
    0    0    4    41526051526.655834
    0    0    4    41526051526.659757
    0    0    4    41526051526.663756
    0    0    4    41526051526.667879
    0    0    4    41526051526.671751
    0    0    4    41526051526.676018
    0    0    4    41526051526.679751
    0    0    4    41526051526.683756
    0    0    4    41526051526.688887
    0    0    4    41526051526.692880
    0    0    4    41526051526.697254
    0    0    4    41526051526.701129
    0    0    4    41526051526.705000
    0    0    4    41526051526.708874
    0    0    4    41526051526.712881
    0    0    4    41526051526.717503
    0    0    4    41526051526.721506
    0    0    4    41526051526.725506
    0    0    4    41526051526.729371
    0    0    4    41526051526.733248
    0    0    4    41526051526.737374
    0    0    4    41526051526.741249
    0    0    4    41526051526.745381
    0    0    4    41526051526.750258
    0    0    4    41526051526.754251
    0    0    4    41526051526.758625
    0    0    4    41526051526.762500
    0    0    4    41526051526.766748
    0    0    4    41526051526.770626
    0    0    4    41526051526.775152
    0    0    4    41526051526.780128
    0    0    4    41526051526.784128
    0    0    4    41526051526.788511
    0    0    4    41526051526.792372
    0    0    4    41526051526.796374
    0    0    4    41526051526.800247
    0    0    4    41526051526.804253
    0    0    4    41526051526.809373
    0    0    4    41526051526.813378
    0    0    4    41526051526.817624
    0    0    4    41526051526.821499
    0    0    4    41526051526.825823
    0    0    4    41526051526.829622
    0    0    4    41526051526.833502
    0    0    4    41526051526.837876
    0    0    4    41526051526.842756
    0    0    4    41526051526.846750
    0    0    4    41526051526.850753
    0    0    4    41526051526.854621
    0    0    4    41526051526.858749
    0    0    4    41526051526.862620
    0    0    4    41526051526.867731
    0    0    4    41526051526.871627
    0    0    4    41526051526.875624
    0    0    4    41526051526.879995
    0    0    4    41526051526.883873
    0    0    4    41526051526.888119
    0    0    4    41526051526.891994
    0    0    4    41526051526.896515
    0    0    4    41526051526.901503
    0    0    4    41526051526.905499
    0    0    4    41526051526.909873
    0    0    4    41526051526.913744
    0    0    4    41526051526.917619
    0    0    4    41526051526.921494
    0    0    4    41526051526.925498
    0    0    4    41526051526.930876
    0    0    4    41526051526.934873
    0    0    4    41526051526.939374
    0    0    4    41526051526.943242
    0    0    4    41526051526.947619
    0    0    4    41526051526.951494
    0    0    4    41526051526.955368
    0    0    4    41526051526.960618
    0    0    4    41526051526.964626
    0    0    4    41526051526.969123
    0    0    4    41526051526.973124
    0    0    4    41526051526.977587
    0    0    4    41526051526.981366
    0    0    4    41526051526.985244
    0    0    4    41526051526.990244
    0    0    4    41526051526.994247
    0    0    4    41526051526.998592
    0    0    4    41526051527.002364
    0    0    4    41526051527.006240
    0    0    4    41526051527.010494
    0    0    4    41526051527.014723
    0    0    4    41526051527.018617
    0    0    4    41526051527.023370
    0    0    4    41526051527.027745
    0    0    4    41526051527.031746
    0    0    4    41526051527.035741
    0    0    4    41526051527.039616
    0    0    4    41526051527.043491
    0    0    4    41526051527.047742
    0    0    4    41526051527.052116
    0    0    4    41526051527.056121
    0    0    4    41526051527.060117
    0    0    4    41526051527.063987
    0    0    4    41526051527.068113
    0    0    4    41526051527.071989
    0    0    4    41526051527.076113
    0    0    4    41526051527.081252
    0    0    4    41526051527.085663
    0    0    4    41526051527.089615
    0    0    4    41526051527.093486
    0    0    4    41526051527.097739
    0    0    4    41526051527.101613
    0    0    4    41526051527.106069
    0    0    4    41526051527.109991
    0    0    4    41526051527.114870
    0    0    4    41526051527.119241
    0    0    4    41526051527.123113
    0    0    4    41526051527.126987
    0    0    4    41526051527.130860
    0    0    4    41526051527.134734
    0    0    4    41526051527.138863
    0    0    4    41526051527.143744
    0    0    4    41526051527.148244
    0    0    4    41526051527.152236
    0    0    4    41526051527.156573
    0    0    4    41526051527.160363
    0    0    4    41526051527.164234
    0    0    4    41526051527.168485
    0    0    4    41526051527.172652
    0    0    4    41526051527.176610
    0    0    4    41526051527.180615
    0    0    4    41526051527.184611
    0    0    4    41526051527.188484
    0    0    4    41526051527.192358
    0    0    4    41526051527.196234
    0    0    4    41526051527.200236
    0    0    4    41526051527.205241
    0    0    4    41526051527.209240
    0    0    4    41526051527.213241
    0    0    4    41526051527.217234
    0    0    4    41526051527.221110
    0    0    4    41526051527.224981
    0    0    4    41526051527.228858
    0    0    4    41526051527.232985
    0    0    4    41526051527.237019
    0    0    4    41526051527.240986
    0    0    4    41526051527.244986
    0    0    4    41526051527.248857
    0    0    4    41526051527.252732
    0    0    4    41526051527.256607
    0    0    4    41526051527.260532
    0    0    4    41526051527.265241
    0    0    4    41526051527.269237
    0    0    4    41526051527.273238
    0    0    4    41526051527.277174
    0    0    4    41526051527.280980
    0    0    4    41526051527.284858
    0    0    4    41526051527.288730
    0    0    4    41526051527.293623
    0    0    4    41526051527.297609
    0    0    4    41526051527.301611
    0    0    4    41526051527.305483
    0    0    4    41526051527.309356
    0    0    4    41526051527.313229
    0    0    4    41526051527.317103
    0    0    4    41526051527.320982
    0    0    4    41526051527.325107
    0    0    4    41526051527.329120
    0    0    4    41526051527.333112
    0    0    4    41526051527.337107
    0    0    4    41526051527.340980
    0    0    4    41526051527.344853
    0    0    4    41526051527.348729
    0    0    4    41526051527.352741
    0    0    4    41526051527.356606
    0    0    4    41526051527.361361
    0    0    4    41526051527.365357
    0    0    4    41526051527.369359
    0    0    4    41526051527.373355
    0    0    4    41526051527.377357
    0    0    4    41526051527.381352
    0    0    4    41526051527.385856
    0    0    4    41526051527.389858
    0    0    4    41526051527.393859
    0    0    4    41526051527.397856
    0    0    4    41526051527.401856
    0    0    4    41526051527.405859
    0    0    4    41526051527.409727
    0    0    4    41526051527.413856
    0    0    4    41526051527.418732
    0    0    4    41526051527.422732
    0    0    4    41526051527.426729
    0    0    4    41526051527.430601
    0    0    4    41526051527.434476
    0    0    4    41526051527.438351
    0    0    4    41526051527.442228
    0    0    4    41526051527.446601
    0    0    4    41526051527.450606
    0    0    4    41526051527.454604
    0    0    4    41526051527.458618
    0    0    4    41526051527.462603
    0    0    4    41526051527.466601
    0    0    4    41526051527.470603
    0    0    4    41526051527.474602
    0    0    4    41526051527.479599
    0    0    4    41526051527.483480
    0    0    4    41526051527.487482
    0    0    4    41526051527.491477
    0    0    4    41526051527.495479
    0    0    4    41526051527.499479
    0    0    4    41526051527.503474
    0    0    4    41526051527.507851
    0    0    4    41526051527.511853
    0    0    4    41526051527.517626
    0    0    4    41526051527.521481
    0    0    4    41526051527.525356
    0    0    4    41526051527.529355
    0    0    4    41526051527.533228
    0    0    4    41526051527.537349
    0    0    4    41526051527.541356
    0    0    4    41526051527.545228
    0    0    4    41526051527.549228
    0    0    4    41526051527.553227
    0    0    4    41526051527.557226
    0    0    4    41526051527.561225
    0    0    4    41526051527.565221
    0    0    4    41526051527.569601
    0    0    4    41526051527.573611
    0    0    4    41526051527.577608
    0    0    4    41526051527.581609
    0    0    4    41526051527.585600
    0    0    4    41526051527.591597
    0    0    4    41526051527.595599
    0    0    4    41526051527.599596
    0    0    4    41526051527.603600
    0    0    4    41526051527.609225
    0    0    4    41526051527.613222
    0    0    4    41526051527.617225
    0    0    4    41526051527.621222
    0    0    4    41526051527.625226
    0    0    4    41526051527.630098
    0    0    4    41526051527.634103
    0    0    4    41526051527.638099
    0    0    4    41526051527.642098
    0    0    4    41526051527.645977
    0    0    4    41526051527.649973
    0    0    4    41526051527.653972
    0    0    4    41526051527.658110
    0    0    4    41526051527.663098
    0    0    4    41526051527.667098
    0    0    4    41526051527.671219
    0    0    4    41526051527.675225
    0    0    4    41526051527.679222
    0    0    4    41526051527.683222
    0    0    4    41526051527.687219
    0    0    4    41526051527.691472
    0    0    4    41526051527.695479
    0    0    4    41526051527.699471
    0    0    4    41526051527.703343
    0    0    4    41526051527.707219
    0    0    4    41526051527.711223
    0    0    4    41526051527.715221
    0    0    4    41526051527.719220
    0    0    4    41526051527.724094
    0    0    4    41526051527.728095
    0    0    4    41526051527.732094
    0    0    4    41526051527.736097
    0    0    4    41526051527.740094
    0    0    4    41526051527.744099
    0    0    4    41526051527.748164
    0    0    4    41526051527.752975
    0    0    4    41526051527.756970
    0    0    4    41526051527.760967
    0    0    4    41526051527.764969
    0    0    4    41526051527.768970
    0    0    4    41526051527.772965
    0    0    4    41526051527.776968
    0    0    4    41526051527.781881
    0    0    4    41526051527.785846
    0    0    4    41526051527.789844
    0    0    4    41526051527.793846
    0    0    4    41526051527.797846
    0    0    4    41526051527.801848
    0    0    4    41526051527.805847
    0    0    4    41526051527.809845
    0    0    4    41526051527.814842
    0    0    4    41526051527.818847
    0    0    4    41526051527.822845
    0    0    4    41526051527.826840
    0    0    4    41526051527.830840
    0    0    4    41526051527.834712
    0    0    4    41526051527.838587
    0    0    4    41526051527.843608
    0    0    4    41526051527.847597
    0    0    4    41526051527.851717
    0    0    4    41526051527.855716
    0    0    4    41526051527.859588
    0    0    4    41526051527.863462
    0    0    4    41526051527.867335
    0    0    4    41526051527.871246
    0    0    4    41526051527.876088
    0    0    4    41526051527.880093
    0    0    4    41526051527.884092
    0    0    4    41526051527.888841
    0    0    4    41526051527.892840
    0    0    4    41526051527.896708
    0    0    4    41526051527.900710
    0    0    4    41526051527.905595
    0    0    4    41526051527.909589
    0    0    4    41526051527.913600
    0    0    4    41526051527.917593
    0    0    4    41526051527.921459
    0    0    4    41526051527.925332
    0    0    4    41526051527.929209
    0    0    4    41526051527.933214
    0    0    4    41526051527.938092
    0    0    4    41526051527.942090
    0    0    4    41526051527.945960
    0    0    4    41526051527.949970
    0    0    4    41526051527.953837
    0    0    4    41526051527.957957
    0    0    4    41526051527.961832
    0    0    4    41526051527.966375
    0    0    4    41526051527.971337
    0    0    4    41526051527.975774
