 36 85 5 5 101 1126 172 5 1126 132 175 5 1526051930.412219
 39 109 5 5 100 1126 175 5 1126 135 108 5 1526051930.434214
 38 124 5 5 100 1126 175 5 1126 135 174 5 1526051930.440076
 39 117 5 5 100 1126 175 5 1126 135 174 5 1526051930.453712
 36 60 5 5 100 1126 174 5 1126 135 173 5 1526051930.469333
 38 102 5 5 95 1126 174 5 1126 134 173 5 1526051930.482462
 36 191 5 5 100 1126 174 5 1126 134 173 5 1526051930.515337
 38 188 5 5 95 1126 174 5 1126 134 173 5 1526051930.526207
 36 85 5 5 95 1126 174 5 1126 134 173 5 1526051930.538577
 38 86 5 5 95 1126 174 5 1126 134 173 5 1526051930.547208
 38 63 5 5 95 1126 174 5 1126 134 158 5 1526051930.569455
 38 85 5 5 95 1126 174 5 1126 134 172 5 1526051930.589961
 37 103 5 5 95 1126 174 5 1126 134 172 5 1526051930.601079
 38 286 5 5 95 1126 174 5 1126 134 173 5 1526051930.644951
 39 613 5 5 95 1126 174 5 1126 134 173 5 1526051930.673753
 31 133 5 5 95 1126 174 5 1126 134 172 5 1526051930.681330
 39 55 5 5 95 1126 173 5 1126 133 172 5 1526051930.720835
 36 71 5 5 95 1126 174 5 1126 134 172 5 1526051930.758949
 39 261 5 5 95 1126 174 5 1126 134 172 5 1526051930.796327
 39 94 5 5 95 1126 174 5 1126 134 172 5 1526051930.836201
 37 69 5 5 95 1125 174 5 1125 134 172 5 1526051930.861322
 37 414 5 5 95 1126 174 5 1126 134 172 5 1526051930.868950
 37 142 5 5 95 1126 174 5 1126 134 172 5 1526051930.895596
 36 70 5 5 95 1126 173 5 1126 133 172 5 1526051930.904688
 36 286 5 5 95 1126 174 5 1126 134 172 5 1526051930.928069
 38 86 5 5 95 1126 174 5 1126 134 172 5 1526051930.940590
 39 61 5 5 95 1126 173 5 1126 133 172 5 1526051930.954190
 38 76 5 5 95 1126 173 5 1126 133 172 5 1526051930.992941
 38 70 5 5 95 1126 173 5 1126 133 172 5 1526051931.023941
 39 261 5 5 95 1126 174 5 1126 134 172 5 1526051931.034706
 36 100 5 5 95 1126 173 5 1126 133 172 5 1526051931.063588
 38 87 5 5 95 1126 174 5 1126 133 172 5 1526051931.116936
 36 52 5 5 95 1126 173 5 1126 133 172 5 1526051931.127703
 38 270 5 5 95 1126 174 5 1126 134 172 5 1526051931.171686
 37 77 5 5 95 1126 173 5 1126 133 172 5 1526051931.184055
 37 76 5 5 95 1126 173 5 1126 133 172 5 1526051931.194438
 38 151 5 5 95 1126 174 5 1126 134 172 5 1526051931.220587
 38 678 5 5 95 1126 174 5 1126 134 172 5 1526051931.261180
 39 84 5 5 95 1126 173 5 1126 133 172 5 1526051931.278579
 38 494 5 5 95 1126 174 5 1126 134 172 5 1526051931.285309
 39 188 5 5 95 1126 174 5 1126 134 172 5 1526051931.313582
 37 86 5 5 95 1126 173 5 1126 133 172 5 1526051931.346433
 37 60 5 5 95 1126 173 5 1126 133 172 5 1526051931.381930
 36 109 5 5 95 1126 173 5 1126 133 172 5 1526051931.403936
 36 54 5 5 95 1126 173 5 1126 133 172 5 1526051931.411575
 36 70 5 5 95 1126 173 5 1126 133 172 5 1526051931.439306
 37 204 5 5 95 1126 174 5 1126 134 172 5 1526051931.463304
 38 92 5 5 95 1126 173 5 1126 134 172 5 1526051931.470428
 37 85 5 5 95 1126 173 5 1126 133 172 5 1526051931.551672
 37 95 5 5 95 1126 173 5 1126 133 172 5 1526051931.569467
 38 54 5 5 95 1126 173 5 1126 133 172 5 1526051931.589424
 38 109 5 5 95 1126 173 5 1126 133 172 5 1526051931.600168
 38 68 5 5 95 1126 173 5 1126 133 172 5 1526051931.612540
 37 110 5 5 95 1126 173 5 1126 133 172 5 1526051931.624799
 38 76 5 5 95 1126 173 5 1126 133 172 5 1526051931.674918
 36 119 5 5 95 1126 173 5 1126 134 172 5 1526051931.684036
 38 103 5 5 95 1126 173 5 1126 133 172 5 1526051931.730292
 36 68 5 5 95 1126 173 5 1126 133 172 5 1526051931.744174
 36 415 5 5 95 1126 174 5 1126 134 172 5 1526051931.751793
 36 972 5 5 95 1126 174 5 1126 134 172 5 1526051931.757660
 38 189 5 5 95 1126 173 5 1126 133 172 5 1526051931.776545
 38 62 5 5 95 1126 173 5 1126 133 172 5 1526051931.797164
 37 85 5 5 95 1126 173 5 1126 133 172 5 1526051931.815913
 37 54 5 5 95 1126 173 5 1126 133 172 5 1526051931.849539
 37 102 5 5 95 1126 173 5 1126 133 172 5 1526051931.863538
 31 52 5 5 95 1126 173 5 1126 133 172 5 1526051931.880664
 39 119 5 5 95 1126 173 5 1126 133 172 5 1526051931.893161
 39 92 5 5 95 1126 173 5 1126 133 172 5 1526051931.920161
 38 85 5 5 95 1126 173 5 1126 133 172 5 1526051931.969659
 31 95 5 5 95 1126 173 5 1126 133 172 5 1526051932.002158
 39 165 5 5 95 1126 174 5 1126 133 172 5 1526051932.012902
 36 84 5 5 95 1126 173 5 1126 133 172 5 1526051932.020036
 38 70 5 5 95 1126 173 5 1126 134 172 5 1526051932.055784
 38 374 5 5 95 1126 174 5 1126 134 172 5 1526051932.074656
 36 278 5 5 95 1126 174 5 1126 134 172 5 1526051932.121389
 37 156 5 5 95 1126 174 5 1126 133 172 5 1526051932.150525
 36 61 5 5 95 1126 173 5 1126 133 172 5 1526051932.210150
 39 102 5 5 95 1126 173 5 1126 133 172 5 1526051932.253024
 38 110 5 5 95 1126 173 5 1126 133 172 5 1526051932.291523
 37 295 5 5 95 1126 174 5 1126 134 172 5 1526051932.330521
 37 62 5 5 95 1126 173 5 1126 133 172 5 1526051932.348287
 37 477 5 5 95 1126 174 5 1126 134 172 5 1526051932.383270
 36 77 5 5 95 1126 173 5 1126 133 172 5 1526051932.400574
 37 77 5 5 95 1126 173 5 1126 133 172 5 1526051932.444517
 36 79 5 5 95 1126 173 5 1126 133 172 5 1526051932.481767
 37 109 5 5 95 1126 174 5 1126 134 172 5 1526051932.504890
 38 141 5 5 95 1126 174 5 1126 134 172 5 1526051932.545016
 37 191 5 5 95 1126 174 5 1126 134 172 5 1526051932.562262
 36 133 5 5 95 1126 174 5 1126 134 172 5 1526051932.581893
 39 94 5 5 95 1126 173 5 1126 133 172 5 1526051932.599262
 37 103 5 5 95 1126 173 5 1126 134 172 5 1526051932.613015
 38 76 5 5 95 1126 173 5 1126 133 172 5 1526051932.620639
 37 117 5 5 95 1126 173 5 1126 134 172 5 1526051932.634760
 37 132 5 5 95 1126 174 5 1126 134 172 5 1526051932.647138
 38 871 5 5 95 1126 174 5 1126 134 173 5 1526051932.664512
 39 68 5 5 95 1126 173 5 1126 133 172 5 1526051932.677387
 39 222 5 5 95 1126 174 5 1126 134 172 5 1526051932.712641
 39 77 5 5 95 1126 173 5 1126 133 172 5 1526051932.718503
 39 68 5 5 95 1126 173 5 1126 133 172 5 1526051932.739509
 38 92 5 5 95 1126 173 5 1126 133 172 5 1526051932.753506
 36 94 5 5 95 1126 173 5 1126 133 172 5 1526051932.759375
 37 68 5 5 95 1126 173 5 1126 133 172 5 1526051932.776253
 38 110 5 5 95 1126 173 5 1126 133 172 5 1526051932.785376
 39 135 5 5 95 1126 173 5 1126 133 172 5 1526051932.794511
 38 68 5 5 95 1126 173 5 1126 133 172 5 1526051932.816754
 37 60 5 5 95 1126 173 5 1126 133 172 5 1526051932.866380
 38 287 5 5 95 1126 174 5 1126 134 172 5 1526051932.889381
 36 183 5 5 95 1126 174 5 1126 134 172 5 1526051932.938878
 38 85 5 5 95 1126 173 5 1126 133 172 5 1526051932.996749
 38 220 5 5 95 1126 174 5 1126 134 172 5 1526051933.012003
 39 343 5 5 95 1126 174 5 1126 134 172 5 1526051933.029247
 39 87 5 5 95 1126 173 5 1126 133 172 5 1526051933.037505
 39 95 5 5 95 1126 173 5 1126 133 172 5 1526051933.053371
 38 700 5 5 95 1126 174 5 1126 134 172 5 1526051933.072125
 37 53 5 5 95 1126 173 5 1126 133 172 5 1526051933.089368
 39 77 5 5 95 1126 173 5 1126 133 172 5 1526051933.119621
 38 63 5 5 95 1126 173 5 1126 133 172 5 1526051933.130250
 38 85 5 5 95 1126 173 5 1126 133 172 5 1526051933.136121
 37 70 5 5 95 1126 173 5 1126 133 172 5 1526051933.151867
 37 78 5 5 95 1126 173 5 1126 133 172 5 1526051933.175993
 39 422 5 5 95 1126 174 5 1126 134 172 5 1526051933.213241
 36 383 5 5 95 1126 174 5 1126 134 172 5 1526051933.219109
 38 95 5 5 95 1126 173 5 1126 133 172 5 1526051933.230118
 31 52 5 5 95 1126 173 5 1126 133 172 5 1526051933.243113
 39 550 5 5 95 1126 174 5 1126 134 172 5 1526051933.253378
 38 654 5 5 95 1126 174 5 1126 134 172 5 1526051933.272489
 38 173 5 5 95 1126 174 5 1126 133 172 5 1526051933.291867
 38 116 5 5 95 1126 173 5 1126 133 172 5 1526051933.315756
 37 76 5 5 95 1126 173 5 1126 133 172 5 1526051933.321491
 39 165 5 5 95 1126 174 5 1126 134 172 5 1526051933.333861
 39 167 5 5 95 1126 174 5 1126 133 172 5 1526051933.357984
 38 213 5 5 95 1126 173 5 1126 133 172 5 1526051933.409738
