 39 76 5 5 100 1126 175 5 1126 135 133 5 1526051891.687647
 37 60 5 5 100 1126 175 5 1126 135 174 5 1526051891.708152
 37 61 5 5 100 1126 175 5 1126 135 86 5 1526051891.734886
 36 100 5 5 100 1126 174 5 1126 134 173 5 1526051891.744006
 36 254 5 5 100 1126 174 5 1126 134 173 5 1526051891.796386
 38 86 5 5 95 1126 174 5 1126 134 108 5 1526051891.876383
 38 69 5 5 95 1126 174 5 1126 134 165 5 1526051891.893898
 36 1125 5 5 100 1126 175 5 1126 135 110 5 1526051891.931757
 39 70 5 5 95 1126 174 5 1126 134 109 5 1526051891.968505
 37 166 5 5 95 1126 174 5 1126 134 173 5 1526051892.043001
 38 87 5 5 95 1126 174 5 1126 134 172 5 1526051892.052247
 36 68 5 5 95 1126 174 5 1126 134 172 5 1526051892.103500
 36 159 5 5 95 1126 174 5 1127 134 172 5 1526051892.135999
 37 125 5 5 95 1126 174 5 1126 134 172 5 1526051892.183869
 36 52 5 5 95 1126 174 5 1126 134 172 5 1526051892.214744
 36 101 5 5 95 1126 174 5 1126 134 172 5 1526051892.237373
 38 118 5 5 95 1126 174 5 1126 134 172 5 1526051892.244865
 31 61 5 5 95 1126 173 5 1126 134 172 5 1526051892.264874
 37 76 5 5 95 1127 174 5 1127 133 159 5 1526051892.270746
 36 69 5 5 95 1126 173 5 1126 133 172 5 1526051892.278237
 38 245 5 5 95 1126 174 5 1126 134 172 5 1526051892.306741
 38 148 5 5 95 1126 174 5 1126 134 172 5 1526051892.315861
 37 92 5 5 95 1126 174 5 1126 133 172 5 1526051892.323497
 38 76 5 5 95 1126 174 5 1126 133 165 5 1526051892.332245
 36 102 5 5 95 1126 174 5 1126 134 172 5 1526051892.344616
 39 62 5 5 95 1126 173 5 1126 134 172 5 1526051892.368238
 37 332 5 5 95 1127 174 5 1127 134 172 5 1526051892.383992
 37 148 5 5 95 1126 174 5 1126 133 172 5 1526051892.404492
 37 85 5 5 95 1126 173 5 1126 133 172 5 1526051892.419743
 38 172 5 5 95 1126 174 5 1126 134 172 5 1526051892.425616
 38 71 5 5 95 1126 173 5 1126 133 172 5 1526051892.448246
 38 63 5 5 95 1126 173 5 1126 133 159 5 1526051892.455991
 36 77 5 5 95 1126 173 5 1126 133 172 5 1526051892.463489
 38 356 5 5 95 1126 174 5 1126 134 172 5 1526051892.482368
 39 78 5 5 95 1126 173 5 1126 133 172 5 1526051892.488238
 37 94 5 5 95 1126 173 5 1126 133 172 5 1526051892.529859
 36 71 5 5 95 1126 173 5 1126 133 172 5 1526051892.535729
 38 518 5 5 95 1126 174 5 1126 134 172 5 1526051892.544363
 37 86 5 5 95 1126 173 5 1126 133 108 5 1526051892.586109
 37 79 5 5 95 1126 173 5 1126 133 116 5 1526051892.601622
 39 126 5 5 95 1126 173 5 1126 133 172 5 1526051892.607486
 39 294 5 5 95 1126 174 5 1126 134 172 5 1526051892.626355
 39 143 5 5 95 1126 174 5 1126 133 172 5 1526051892.633000
 38 230 5 5 95 1126 174 5 1126 134 172 5 1526051892.710478
 36 359 5 5 95 1126 174 5 1126 134 172 5 1526051892.719600
 38 255 5 5 95 1126 174 5 1127 134 172 5 1526051892.766851
 36 1037 5 5 95 1127 174 5 1127 134 173 5 1526051892.772721
 38 356 5 5 95 1126 174 5 1126 134 172 5 1526051892.805604
 37 95 5 5 95 1126 173 5 1126 133 172 5 1526051892.851224
 37 541 5 5 95 1127 174 5 1127 134 172 5 1526051892.863595
 36 60 5 5 95 1126 173 5 1126 133 172 5 1526051892.874475
 37 111 5 5 95 1126 173 5 1126 133 172 5 1526051892.941097
 39 223 5 5 95 1126 173 5 1126 133 111 5 1526051892.986472
 36 668 5 5 95 1127 174 5 1127 134 172 5 1526051892.993965
 38 197 5 5 95 1126 174 5 1126 133 172 5 1526051893.060218
 37 124 5 5 95 1126 174 5 1126 134 172 5 1526051893.090220
 36 343 5 5 95 1126 174 5 1126 134 172 5 1526051893.113465
 38 116 5 5 95 1126 173 5 1126 134 172 5 1526051893.127344
 37 127 5 5 95 1126 174 5 1126 134 172 5 1526051893.146593
 39 100 5 5 95 1126 173 5 1126 133 172 5 1526051893.155716
 37 60 5 5 95 1126 173 5 1126 133 172 5 1526051893.162967
 37 140 5 5 95 1126 173 5 1126 133 172 5 1526051893.210336
 39 676 5 5 95 1126 174 5 1126 134 172 5 1526051893.248836
 38 134 5 5 95 1126 173 5 1126 134 172 5 1526051893.266606
 37 70 5 5 95 1126 173 5 1126 133 172 5 1526051893.285843
 36 60 5 5 95 1126 173 5 1126 133 172 5 1526051893.305084
 31 62 5 5 95 1126 173 5 1126 133 165 5 1526051893.343834
 38 372 5 5 95 1126 174 5 1126 134 172 5 1526051893.352953
 38 117 5 5 95 1126 174 5 1126 134 172 5 1526051893.372830
 36 110 5 5 95 1126 174 5 1126 133 172 5 1526051893.402456
 38 55 5 5 95 1126 173 5 1126 133 172 5 1526051893.408329
 39 94 5 5 95 1126 173 5 1126 133 172 5 1526051893.415459
 37 149 5 5 95 1126 174 5 1126 133 172 5 1526051893.442839
 37 86 5 5 95 1126 173 5 1126 133 172 5 1526051893.477456
 39 87 5 5 95 1126 173 5 1126 133 172 5 1526051893.496328
 36 95 5 5 95 1126 173 5 1126 133 172 5 1526051893.523328
 37 54 5 5 95 1126 173 5 1126 133 172 5 1526051893.541830
 37 93 5 5 95 1126 173 5 1126 133 167 5 1526051893.590577
 36 252 5 5 95 1126 174 5 1126 134 167 5 1526051893.606325
 38 1125 5 5 95 1126 174 5 1126 134 173 5 1526051893.617697
 36 84 5 5 95 1126 173 5 1126 133 172 5 1526051893.623595
 37 86 5 5 95 1126 173 5 1126 133 172 5 1526051893.640823
 39 103 5 5 95 1126 174 5 1126 133 141 5 1526051893.653192
 38 173 5 5 95 1126 174 5 1126 133 172 5 1526051893.671946
 36 62 5 5 95 1126 173 5 1126 133 172 5 1526051893.682691
 38 70 5 5 95 1126 173 5 1126 133 172 5 1526051893.692599
 38 207 5 5 95 1126 174 5 1126 134 172 5 1526051893.728198
 36 85 5 5 95 1126 173 5 1126 133 165 5 1526051893.738940
 37 166 5 5 95 1126 174 5 1126 133 172 5 1526051893.752946
 37 142 5 5 95 1126 174 5 1126 134 164 5 1526051893.762191
 38 93 5 5 95 1126 173 5 1126 133 172 5 1526051893.806693
 38 1125 5 5 95 1126 174 5 1126 134 172 5 1526051893.814186
 36 716 5 5 95 1127 174 5 1127 134 172 5 1526051893.837818
 37 54 5 5 95 1126 173 5 1126 133 172 5 1526051893.849809
 37 78 5 5 95 1126 173 5 1126 133 172 5 1526051893.884936
 38 261 5 5 95 1126 174 5 1126 134 172 5 1526051893.904948
 38 55 5 5 95 1126 173 5 1126 133 172 5 1526051893.912587
 36 86 5 5 95 1126 173 5 1126 133 101 5 1526051893.942067
 38 79 5 5 95 1126 173 5 1126 133 172 5 1526051894.027936
 39 60 5 5 95 1126 173 5 1126 133 172 5 1526051894.054806
 36 52 5 5 95 1126 173 5 1126 133 172 5 1526051894.090807
 36 84 5 5 95 1126 174 5 1126 133 167 5 1526051894.122931
 38 69 5 5 95 1126 173 5 1126 133 172 5 1526051894.172805
 37 125 5 5 95 1126 173 5 1126 134 172 5 1526051894.200427
 37 102 5 5 95 1126 173 5 1126 133 117 5 1526051894.206298
 37 204 5 5 95 1126 174 5 1126 134 172 5 1526051894.231565
 31 54 5 5 95 1126 173 5 1126 133 172 5 1526051894.261925
 37 134 5 5 95 1126 174 5 1126 133 172 5 1526051894.280436
 38 71 5 5 95 1126 173 5 1126 133 172 5 1526051894.389422
 38 110 5 5 95 1126 174 5 1126 134 172 5 1526051894.410674
 37 68 5 5 95 1126 174 5 1126 134 172 5 1526051894.474294
 38 175 5 5 95 1126 174 5 1126 134 172 5 1526051894.509295
 31 54 5 5 95 1126 173 5 1126 133 172 5 1526051894.544046
 36 79 5 5 95 1126 173 5 1126 134 172 5 1526051894.559669
 37 69 5 5 95 1126 173 5 1126 133 172 5 1526051894.567420
 36 655 5 5 95 1127 174 5 1127 134 173 5 1526051894.576421
 37 95 5 5 95 1126 173 5 1126 133 167 5 1526051894.587161
 38 101 5 5 95 1126 173 5 1126 133 172 5 1526051894.631039
 37 78 5 5 95 1126 173 5 1126 133 172 5 1526051894.648799
 38 661 5 5 95 1126 174 5 1126 134 172 5 1526051894.676411
 38 76 5 5 95 1126 173 5 1126 133 172 5 1526051894.692037
 36 150 5 5 95 1126 174 5 1126 134 172 5 1526051894.699791
 37 564 5 5 95 1126 174 5 1126 134 52 5 1526051894.740908
 31 229 5 5 95 1126 174 5 1126 133 172 5 1526051894.759832
 38 135 5 5 95 1126 174 5 1126 133 172 5 1526051894.816409
 31 85 5 5 95 1126 173 5 1126 133 172 5 1526051894.822277
 37 60 5 5 95 1126 173 5 1126 133 172 5 1526051894.846782
 37 53 5 5 95 1126 173 5 1126 133 172 5 1526051894.870032
 39 141 5 5 95 1126 174 5 1126 133 172 5 1526051894.932656
 37 111 5 5 95 1126 174 5 1126 133 172 5 1526051894.951784
 39 135 5 5 95 1126 174 5 1126 134 172 5 1526051895.095650
 36 62 5 5 95 1126 173 5 1126 133 135 5 1526051895.108267
 31 95 5 5 95 1126 173 5 1126 133 140 5 1526051895.122144
 39 116 5 5 95 1126 173 5 1126 133 95 5 1526051895.128152
 36 94 5 5 95 1126 174 5 1126 134 172 5 1526051895.161898
 39 245 5 5 95 1126 174 5 1126 134 167 5 1526051895.225520
 31 86 5 5 95 1126 173 5 1126 133 172 5 1526051895.236263
 36 63 5 5 95 1126 173 5 1126 134 165 5 1526051895.259899
 36 132 5 5 95 1126 174 5 1126 133 172 5 1526051895.275645
 38 335 5 5 95 1127 174 5 1127 134 157 5 1526051895.286385
 39 885 5 5 95 1126 174 5 1126 134 173 5 1526051895.292269
 36 174 5 5 95 1126 174 5 1126 133 167 5 1526051895.319015
 38 77 5 5 95 1126 173 5 1126 133 172 5 1526051895.326020
 37 95 5 5 95 1126 173 5 1126 133 172 5 1526051895.331894
 39 252 5 5 95 1126 174 5 1126 134 167 5 1526051895.369266
 31 71 5 5 95 1126 173 5 1126 133 158 5 1526051895.376758
 37 100 5 5 95 1126 173 5 1126 134 172 5 1526051895.410263
 30 127 5 5 95 1126 173 5 1126 133 172 5 1526051895.417758
 37 85 5 5 95 1126 173 5 1126 133 172 5 1526051895.425385
 36 253 5 5 95 1126 174 5 1126 133 172 5 1526051895.433641
 38 60 5 5 95 1126 173 5 1126 133 172 5 1526051895.439506
 38 150 5 5 95 1126 174 5 1126 133 172 5 1526051895.467513
 36 77 5 5 95 1126 173 5 1126 133 172 5 1526051895.558259
 37 294 5 5 95 1126 174 5 1126 133 172 5 1526051895.564377
 37 620 5 5 95 1127 174 5 1127 134 172 5 1526051895.611879
 37 94 5 5 95 1126 173 5 1126 133 172 5 1526051895.621001
 39 180 5 5 95 1126 173 5 1126 133 172 5 1526051895.633511
 38 118 5 5 95 1126 173 5 1126 133 172 5 1526051895.647501
 39 86 5 5 95 1126 173 5 1126 133 172 5 1526051895.675130
 37 55 5 5 95 1126 173 5 1126 133 172 5 1526051895.705379
 36 102 5 5 95 1126 173 5 1126 133 172 5 1526051895.714630
 37 47 5 5 95 1126 173 5 1126 133 172 5 1526051895.731879
 36 95 5 5 95 1126 173 5 1126 133 172 5 1526051895.739371
 38 110 5 5 95 1126 173 5 1126 133 172 5 1526051895.772875
 37 60 5 5 95 1126 173 5 1126 133 172 5 1526051895.829375
 36 100 5 5 95 1126 173 5 1126 133 172 5 1526051895.850121
 38 164 5 5 95 1126 174 5 1126 133 69 5 1526051895.855993
 39 630 5 5 95 1126 174 5 1126 134 172 5 1526051895.866747
 37 181 5 5 95 1126 173 5 1126 133 124 5 1526051895.878876
 37 53 5 5 95 1126 173 5 1126 133 172 5 1526051895.887991
 39 78 5 5 95 1126 173 5 1126 133 166 5 1526051895.954247
 36 70 5 5 95 1126 173 5 1126 133 172 5 1526051895.960240
 38 79 5 5 95 1126 173 5 1126 133 172 5 1526051895.987247
 36 126 5 5 95 1126 173 5 1126 134 172 5 1526051895.994617
 31 54 5 5 95 1126 173 5 1126 133 172 5 1526051896.030493
 31 68 5 5 95 1126 173 5 1126 133 167 5 1526051896.042889
 37 165 5 5 95 1126 174 5 1126 133 172 5 1526051896.090616
 37 77 5 5 95 1126 173 5 1126 133 172 5 1526051896.106622
 39 84 5 5 95 1126 173 5 1126 133 172 5 1526051896.114743
 36 229 5 5 95 1126 174 5 1126 134 172 5 1526051896.122241
 38 197 5 5 95 1126 174 5 1126 134 172 5 1526051896.129493
 36 285 5 5 95 1126 174 5 1126 133 172 5 1526051896.205862
 37 63 5 5 95 1126 173 5 1126 133 172 5 1526051896.226614
 36 77 5 5 95 1126 173 5 1126 133 172 5 1526051896.260485
 37 148 5 5 95 1126 174 5 1126 133 172 5 1526051896.267977
 36 167 5 5 95 1126 174 5 1126 133 172 5 1526051896.282488
 38 134 5 5 95 1126 173 5 1126 133 172 5 1526051896.293228
 36 62 5 5 95 1126 173 5 1126 133 172 5 1526051896.302355
 36 109 5 5 95 1126 173 5 1126 133 172 5 1526051896.357106
 36 93 5 5 95 1126 173 5 1126 133 172 5 1526051896.378853
 37 117 5 5 95 1126 173 5 1126 133 86 5 1526051896.386351
 36 102 5 5 95 1126 173 5 1126 133 172 5 1526051896.404109
 37 76 5 5 95 1126 173 5 1126 133 172 5 1526051896.421353
 39 108 5 5 95 1126 173 5 1126 134 172 5 1526051896.433857
 39 1125 5 5 95 1126 174 5 1126 134 172 5 1526051896.460859
 36 87 5 5 95 1126 173 5 1126 133 172 5 1526051896.478105
 31 310 5 5 95 1126 174 5 1126 134 172 5 1526051896.483971
 38 70 5 5 95 1126 173 5 1126 133 167 5 1526051896.507227
 36 653 5 5 95 1127 174 5 1127 134 172 5 1526051896.545849
 38 117 5 5 95 1126 173 5 1126 133 140 5 1526051896.569104
 36 276 5 5 95 1126 174 5 1126 134 158 5 1526051896.574967
 39 607 5 5 95 1127 174 5 1127 134 172 5 1526051896.604723
 39 86 5 5 95 1126 173 5 1126 133 172 5 1526051896.616602
 36 143 5 5 95 1126 174 5 1126 133 172 5 1526051896.638973
 38 334 5 5 95 1126 174 5 1126 134 172 5 1526051896.651350
 38 1125 5 5 95 1126 174 5 1126 134 173 5 1526051896.698220
 38 277 5 5 95 1126 174 5 1126 134 167 5 1526051896.705720
 38 254 5 5 95 1126 173 5 1126 134 92 5 1526051896.731343
 37 711 5 5 95 1126 174 5 1126 134 172 5 1526051896.740098
 37 61 5 5 95 1126 173 5 1126 133 172 5 1526051896.745973
 31 60 5 5 95 1126 173 5 1126 133 172 5 1526051896.776721
 38 126 5 5 95 1126 173 5 1126 133 172 5 1526051896.787462
 37 654 5 5 95 1127 174 5 1127 134 172 5 1526051896.801604
 36 84 5 5 95 1126 173 5 1126 133 172 5 1526051896.822341
 38 804 5 5 95 1126 174 5 1126 134 172 5 1526051896.841214
 38 55 5 5 95 1126 173 5 1126 133 165 5 1526051896.850333
 37 70 5 5 95 1126 173 5 1126 133 167 5 1526051896.859598
 36 215 5 5 95 1126 173 5 1126 133 116 5 1526051896.897600
 38 183 5 5 95 1126 173 5 1126 133 165 5 1526051896.928838
 37 60 5 5 95 1126 173 5 1126 133 172 5 1526051896.937958
 37 63 5 5 95 1126 173 5 1126 133 172 5 1526051896.945586
 37 150 5 5 95 1126 174 5 1126 133 172 5 1526051896.951464
 37 77 5 5 95 1126 173 5 1126 133 172 5 1526051896.960464
 36 76 5 5 95 1126 173 5 1126 133 167 5 1526051897.018710
 31 52 5 5 95 1126 173 5 1126 133 167 5 1526051897.038338
 38 76 5 5 95 1126 173 5 1126 133 134 5 1526051897.045830
 37 70 5 5 95 1126 173 5 1126 134 172 5 1526051897.079583
 36 62 5 5 94 1126 173 5 1126 133 30 5 1526051897.118337
 52 94 5 5 95 1126 174 5 1126 133 167 5 1526051897.156957
 36 436 5 5 95 1126 173 5 1126 133 39 5 1526051897.183455
 38 366 5 5 95 1126 174 5 1126 134 172 5 1526051897.190948
 37 61 5 5 95 1126 173 5 1126 133 172 5 1526051897.196822
 37 150 5 5 95 1126 173 5 1126 133 45 5 1526051897.205946
 39 156 5 5 95 1126 173 5 1126 133 55 5 1526051897.212832
 36 55 5 5 95 1126 173 5 1126 133 166 5 1526051897.223828
 36 95 5 5 95 1126 173 5 1126 133 117 5 1526051897.243705
 37 116 5 5 95 1126 173 5 1126 133 172 5 1526051897.264328
 38 206 5 5 95 1126 174 5 1126 134 167 5 1526051897.287452
 36 415 5 5 95 1126 174 5 1126 134 172 5 1526051897.293321
 37 157 5 5 95 1126 174 5 1126 133 172 5 1526051897.301970
 38 63 5 5 95 1126 173 5 1126 133 172 5 1526051897.326075
 39 93 5 5 95 1126 173 5 1126 133 172 5 1526051897.332830
 37 63 5 5 95 1126 173 5 1126 133 167 5 1526051897.347198
 37 76 5 5 95 1126 173 5 1126 133 172 5 1526051897.380821
 38 78 5 5 95 1126 173 5 1126 133 167 5 1526051897.401576
 37 54 5 5 95 1126 173 5 1126 133 167 5 1526051897.420447
 37 61 5 5 95 1126 173 5 1126 133 172 5 1526051897.456698
 38 101 5 5 95 1126 173 5 1126 134 172 5 1526051897.464192
 39 1125 5 5 95 1126 174 5 1126 134 172 5 1526051897.485948
 37 55 5 5 95 1126 173 5 1126 133 167 5 1526051897.509944
 36 303 5 5 95 1126 174 5 1126 134 166 5 1526051897.536943
 38 85 5 5 95 1126 173 5 1126 133 172 5 1526051897.548195
 37 94 5 5 95 1126 173 5 1126 133 52 5 1526051897.557582
 37 111 5 5 95 1126 173 5 1126 133 172 5 1526051897.621814
 39 220 5 5 95 1126 174 5 1126 134 167 5 1526051897.627681
 36 60 5 5 95 1126 173 5 1126 133 167 5 1526051897.640085
 37 335 5 5 95 1126 174 5 1126 134 172 5 1526051897.654063
 38 111 5 5 95 1126 173 5 1126 133 172 5 1526051897.666441
 39 95 5 5 94 1126 173 5 1126 133 46 5 1526051897.672307
 37 117 5 5 95 1126 173 5 1126 133 172 5 1526051897.691191
 36 68 5 5 95 1126 173 5 1126 133 172 5 1526051897.719436
 36 151 5 5 95 1126 173 5 1126 133 172 5 1526051897.742686
 37 350 5 5 95 1126 174 5 1126 134 172 5 1526051897.750177
 31 95 5 5 95 1126 173 5 1126 133 172 5 1526051897.777308
 38 102 5 5 95 1126 173 5 1126 133 172 5 1526051897.787314
