 36 70 5 5 101 1125 172 5 1125 132 165 5 1526052197.668350
 37 53 5 5 100 1125 175 5 1125 135 174 5 1526052197.677840
 38 212 5 5 100 1125 175 5 1125 135 173 5 1526052197.701226
 39 710 5 5 100 1125 175 5 1125 135 174 5 1526052197.757716
 37 100 5 5 95 1125 174 5 1125 134 173 5 1526052197.818964
 39 68 5 5 95 1126 174 5 1126 134 173 5 1526052197.828343
 37 165 5 5 95 1125 174 5 1125 134 173 5 1526052197.834218
 39 262 5 5 95 1126 174 5 1126 134 173 5 1526052197.857340
 37 503 5 5 95 1126 174 5 1126 134 173 5 1526052197.875219
 38 108 5 5 95 1126 174 5 1126 134 172 5 1526052197.924965
 37 102 5 5 95 1125 174 5 1125 134 166 5 1526052197.945338
 37 87 5 5 95 1125 174 5 1125 133 172 5 1526052197.959601
 36 102 5 5 95 1125 174 5 1125 134 172 5 1526052197.973962
 38 68 5 5 95 1125 174 5 1127 133 172 5 1526052197.991709
 36 190 5 5 95 1126 174 5 1126 134 167 5 1526052198.009709
 36 126 5 5 95 1126 174 5 1126 134 167 5 1526052198.043959
 36 124 5 5 95 1126 174 5 1126 134 172 5 1526052198.058599
 38 68 5 5 95 1126 173 5 1126 133 167 5 1526052198.064459
 37 670 5 5 95 1126 174 5 1126 134 172 5 1526052198.117330
 39 236 5 5 95 1126 174 5 1126 134 172 5 1526052198.148204
 38 100 5 5 95 1125 173 5 1125 133 172 5 1526052198.205327
 37 60 5 5 95 1126 173 5 1126 133 172 5 1526052198.245577
 36 60 5 5 95 1126 173 5 1126 133 167 5 1526052198.266954
 30 85 5 5 95 1126 173 5 1126 133 167 5 1526052198.312949
 37 71 5 5 95 1125 173 5 1127 133 172 5 1526052198.322067
 37 68 5 5 95 1126 173 5 1126 133 172 5 1526052198.367445
 36 52 5 5 94 1125 173 5 1125 133 22 5 1526052198.406319
 37 182 5 5 95 1126 174 5 1126 133 172 5 1526052198.436066
 213 93 5 5 1126 1126 180 5 1126 134 175 5 1526052198.448061
 38 68 5 5 95 1125 173 5 1125 133 165 5 1526052198.476822
 37 52 5 5 95 1125 173 5 1125 133 172 5 1526052198.482696
 36 79 5 5 95 1126 173 5 1126 133 150 5 1526052198.558314
 36 63 5 5 95 1126 173 5 1126 133 167 5 1526052198.595689
 38 77 5 5 95 1126 173 5 1126 133 172 5 1526052198.627591
 38 71 5 5 95 1125 173 5 1127 133 172 5 1526052198.644687
 39 399 5 5 95 1126 174 5 1126 134 172 5 1526052198.665185
 31 116 5 5 95 1125 174 5 1127 134 167 5 1526052198.674306
 30 100 5 5 95 1126 173 5 1126 133 167 5 1526052198.719433
 36 77 5 5 95 1126 173 5 1126 133 172 5 1526052198.733561
 38 559 5 5 95 1126 174 5 1126 134 172 5 1526052198.801306
 31 71 5 5 95 1125 173 5 1127 133 172 5 1526052198.859564
 37 118 5 5 95 1125 174 5 1125 133 142 5 1526052198.896055
 38 236 5 5 95 1126 174 5 1126 134 172 5 1526052198.906799
 38 325 5 5 95 1126 174 5 1126 134 172 5 1526052198.951299
 38 54 5 5 95 1125 173 5 1127 133 172 5 1526052198.984681
 36 85 5 5 95 1126 173 5 1126 133 172 5 1526052199.013556
 31 60 5 5 95 1126 173 5 1126 133 165 5 1526052199.034798
 37 102 5 5 95 1125 173 5 1125 133 134 5 1526052199.055674
 36 53 5 5 95 1125 173 5 1126 133 167 5 1526052199.079570
 38 63 5 5 94 1125 173 5 1125 133 36 5 1526052199.088438
 37 143 5 5 95 1126 173 5 1126 133 172 5 1526052199.097544
 39 228 5 5 95 1126 173 5 1126 134 172 5 1526052199.130919
 36 92 5 5 95 1126 173 5 1126 133 172 5 1526052199.140046
 37 373 5 5 95 1126 174 5 1126 134 172 5 1526052199.155668
 37 166 5 5 95 1125 174 5 1125 133 132 5 1526052199.163163
 36 164 5 5 95 1126 174 5 1126 133 172 5 1526052199.203044
 39 77 5 5 95 1126 173 5 1126 133 172 5 1526052199.210537
 38 68 5 5 95 1125 173 5 1125 133 166 5 1526052199.224420
 39 76 5 5 94 1126 173 5 1126 133 47 5 1526052199.251791
 38 85 5 5 95 1125 173 5 1127 133 172 5 1526052199.264160
 31 76 5 5 95 1126 173 5 1126 133 165 5 1526052199.333414
 36 174 5 5 95 1126 173 5 1126 133 167 5 1526052199.358789
 39 69 5 5 95 1125 173 5 1125 133 165 5 1526052199.365795
 37 150 5 5 95 1125 173 5 1125 133 172 5 1526052199.381412
 38 84 5 5 95 1125 173 5 1125 133 166 5 1526052199.403789
 31 124 5 5 95 1126 173 5 1126 133 172 5 1526052199.434291
 37 215 5 5 95 1125 174 5 1125 133 166 5 1526052199.453159
 38 214 5 5 95 1126 174 5 1126 133 167 5 1526052199.468287
 38 572 5 5 95 1126 174 5 1126 134 165 5 1526052199.485532
 37 61 5 5 95 1126 173 5 1126 133 166 5 1526052199.526787
 36 61 5 5 95 1126 173 5 1126 133 167 5 1526052199.537531
 36 47 5 5 94 1126 173 5 1126 133 167 5 1526052199.581280
 37 988 5 5 95 1126 174 5 1126 134 172 5 1526052199.616529
 37 86 5 5 95 1125 173 5 1125 133 167 5 1526052199.646778
 39 62 5 5 95 1126 173 5 1126 133 166 5 1526052199.664027
 39 191 5 5 95 1126 173 5 1126 133 172 5 1526052199.671521
 39 142 5 5 95 1126 173 5 1126 133 172 5 1526052199.710779
 39 53 5 5 94 1125 173 5 1125 133 30 5 1526052199.751271
 38 93 5 5 95 1126 173 5 1126 133 167 5 1526052199.801398
 38 174 5 5 95 1126 173 5 1126 133 172 5 1526052199.826274
 36 70 5 5 95 1125 173 5 1125 133 167 5 1526052199.835902
 38 103 5 5 95 1125 173 5 1125 133 172 5 1526052199.851896
 38 493 5 5 95 1126 174 5 1126 134 172 5 1526052199.864265
 36 68 5 5 95 1126 173 5 1126 133 172 5 1526052199.874275
 38 71 5 5 95 1125 173 5 1126 133 172 5 1526052199.881896
 37 68 5 5 95 1125 173 5 1125 133 167 5 1526052199.954019
 39 84 5 5 95 1125 173 5 1127 133 167 5 1526052199.964886
 37 70 5 5 95 1125 173 5 1125 133 172 5 1526052199.978646
 38 678 5 5 95 1126 174 5 1126 134 172 5 1526052200.003890
 37 63 5 5 95 1126 173 5 1126 133 167 5 1526052200.067014
 36 94 5 5 95 1126 173 5 1126 133 167 5 1526052200.074506
 38 62 5 5 95 1126 173 5 1126 133 135 5 1526052200.086767
 37 55 5 5 94 1125 173 5 1125 133 102 5 1526052200.128261
 39 76 5 5 95 1126 173 5 1126 133 172 5 1526052200.183009
 36 71 5 5 95 1125 173 5 1127 133 172 5 1526052200.205637
 38 398 5 5 95 1126 174 5 1126 134 172 5 1526052200.221062
 39 119 5 5 95 1126 174 5 1126 134 172 5 1526052200.230127
 39 534 5 5 95 1126 174 5 1126 134 167 5 1526052200.245880
