    0    0    4    41526051207.849856
    0    0    4    41526051207.853855
    0    0    4    41526051207.857728
    0    0    4    41526051207.861854
    0    0    4    41526051207.865857
    0    0    4    41526051207.870110
    0    0    4    41526051207.874108
    0    0    4    41526051207.878991
    0    0    4    41526051207.882985
    0    0    4    41526051207.886985
    0    0    4    41526051207.890982
    0    0    4    41526051207.894852
    0    0    4    41526051207.898725
    0    0    4    41526051207.902603
    0    0    4    41526051207.906476
    0    0    4    41526051207.910353
    0    0    4    41526051207.915229
    0    0    4    41526051207.919235
    0    0    4    41526051207.923232
    0    0    4    41526051207.927226
    0    0    4    41526051207.931100
    0    0    4    41526051207.934975
    0    0    4    41526051207.938852
    0    0    4    41526051207.943861
    0    0    4    41526051207.947855
    0    0    4    41526051207.951735
    0    0    4    41526051207.955597
    0    0    4    41526051207.959474
    0    0    4    41526051207.963349
    0    0    4    41526051207.967223
    0    0    4    41526051207.971101
    0    0    4    41526051207.975728
    0    0    4    41526051207.979730
    0    0    4    41526051207.983606
    0    0    4    41526051207.987470
    0    0    4    41526051207.991348
    0    0    4    41526051207.995222
    0    0    4    41526051207.999097
    0    0    4    41526051208.003036
    0    0    4    41526051208.007979
    0    0    4    41526051208.011980
    0    0    4    41526051208.015913
    0    0    4    41526051208.019721
    0    0    4    41526051208.023598
    0    0    4    41526051208.027473
    0    0    4    41526051208.031346
    0    0    4    41526051208.036475
    0    0    4    41526051208.040479
    0    0    4    41526051208.044482
    0    0    4    41526051208.048344
    0    0    4    41526051208.052221
    0    0    4    41526051208.055970
    0    0    4    41526051208.059845
    0    0    4    41526051208.063783
    0    0    4    41526051208.068599
    0    0    4    41526051208.072602
    0    0    4    41526051208.076468
    0    0    4    41526051208.080344
    0    0    4    41526051208.084220
    0    0    4    41526051208.088095
    0    0    4    41526051208.091969
    0    0    4    41526051208.096974
    0    0    4    41526051208.100975
    0    0    4    41526051208.104975
    0    0    4    41526051208.108846
    0    0    4    41526051208.112719
    0    0    4    41526051208.116595
    0    0    4    41526051208.120468
    0    0    4    41526051208.124388
    0    0    4    41526051208.129222
    0    0    4    41526051208.133225
    0    0    4    41526051208.137215
    0    0    4    41526051208.141093
    0    0    4    41526051208.144970
    0    0    4    41526051208.148842
    0    0    4    41526051208.152716
    0    0    4    41526051208.157719
    0    0    4    41526051208.161723
    0    0    4    41526051208.165724
    0    0    4    41526051208.169594
    0    0    4    41526051208.173466
    0    0    4    41526051208.177341
    0    0    4    41526051208.181216
    0    0    4    41526051208.185222
    0    0    4    41526051208.190098
    0    0    4    41526051208.194095
    0    0    4    41526051208.197965
    0    0    4    41526051208.201842
    0    0    4    41526051208.205716
    0    0    4    41526051208.209591
    0    0    4    41526051208.213465
    0    0    4    41526051208.218596
    0    0    4    41526051208.222594
    0    0    4    41526051208.226607
    0    0    4    41526051208.230462
    0    0    4    41526051208.234339
    0    0    4    41526051208.238216
    0    0    4    41526051208.242090
    0    0    4    41526051208.246011
    0    0    4    41526051208.250844
    0    0    4    41526051208.254846
    0    0    4    41526051208.258712
    0    0    4    41526051208.262589
    0    0    4    41526051208.266464
    0    0    4    41526051208.270339
    0    0    4    41526051208.274214
    0    0    4    41526051208.279348
    0    0    4    41526051208.283341
    0    0    4    41526051208.287344
    0    0    4    41526051208.291336
    0    0    4    41526051208.295213
    0    0    4    41526051208.299085
    0    0    4    41526051208.302963
    0    0    4    41526051208.306844
    0    0    4    41526051208.311723
    0    0    4    41526051208.315718
    0    0    4    41526051208.319586
    0    0    4    41526051208.323462
    0    0    4    41526051208.327337
    0    0    4    41526051208.331211
    0    0    4    41526051208.335086
    0    0    4    41526051208.340090
    0    0    4    41526051208.344092
    0    0    4    41526051208.348095
    0    0    4    41526051208.351960
    0    0    4    41526051208.355835
    0    0    4    41526051208.359586
    0    0    4    41526051208.363460
    0    0    4    41526051208.367381
    0    0    4    41526051208.372225
    0    0    4    41526051208.376218
    0    0    4    41526051208.380208
    0    0    4    41526051208.384086
    0    0    4    41526051208.387961
    0    0    4    41526051208.391836
    0    0    4    41526051208.395710
    0    0    4    41526051208.400712
    0    0    4    41526051208.404714
    0    0    4    41526051208.408714
    0    0    4    41526051208.412587
    0    0    4    41526051208.416458
    0    0    4    41526051208.420333
    0    0    4    41526051208.424211
    0    0    4    41526051208.428124
    0    0    4    41526051208.432961
    0    0    4    41526051208.436966
    0    0    4    41526051208.440955
    0    0    4    41526051208.444839
    0    0    4    41526051208.448711
    0    0    4    41526051208.452583
    0    0    4    41526051208.456459
    0    0    4    41526051208.461592
    0    0    4    41526051208.465462
    0    0    4    41526051208.469465
    0    0    4    41526051208.473331
    0    0    4    41526051208.477207
    0    0    4    41526051208.481081
    0    0    4    41526051208.484958
    0    0    4    41526051208.488838
    0    0    4    41526051208.493838
    0    0    4    41526051208.497836
    0    0    4    41526051208.501705
    0    0    4    41526051208.505581
    0    0    4    41526051208.509456
    0    0    4    41526051208.513330
    0    0    4    41526051208.517205
    0    0    4    41526051208.522341
    0    0    4    41526051208.526334
    0    0    4    41526051208.530345
    0    0    4    41526051208.534328
    0    0    4    41526051208.538205
    0    0    4    41526051208.542079
    0    0    4    41526051208.545955
    0    0    4    41526051208.549879
    0    0    4    41526051208.554835
    0    0    4    41526051208.558835
    0    0    4    41526051208.562703
    0    0    4    41526051208.566580
    0    0    4    41526051208.570454
    0    0    4    41526051208.574329
    0    0    4    41526051208.578202
    0    0    4    41526051208.583337
    0    0    4    41526051208.587334
    0    0    4    41526051208.591338
    0    0    4    41526051208.595326
    0    0    4    41526051208.599328
    0    0    4    41526051208.603204
    0    0    4    41526051208.607079
    0    0    4    41526051208.611006
    0    0    4    41526051208.615829
    0    0    4    41526051208.619833
    0    0    4    41526051208.623701
    0    0    4    41526051208.627577
    0    0    4    41526051208.631453
    0    0    4    41526051208.635327
    0    0    4    41526051208.639200
    0    0    4    41526051208.644204
    0    0    4    41526051208.648207
    0    0    4    41526051208.652210
    0    0    4    41526051208.656076
    0    0    4    41526051208.659950
    0    0    4    41526051208.663824
    0    0    4    41526051208.667700
    0    0    4    41526051208.671635
    0    0    4    41526051208.676463
    0    0    4    41526051208.680458
    0    0    4    41526051208.684323
    0    0    4    41526051208.688199
    0    0    4    41526051208.692077
    0    0    4    41526051208.695949
    0    0    4    41526051208.699822
    0    0    4    41526051208.704952
    0    0    4    41526051208.708956
    0    0    4    41526051208.712953
    0    0    4    41526051208.716824
    0    0    4    41526051208.720699
    0    0    4    41526051208.724576
    0    0    4    41526051208.728447
    0    0    4    41526051208.732473
    0    0    4    41526051208.737332
    0    0    4    41526051208.741330
    0    0    4    41526051208.745322
    0    0    4    41526051208.749198
    0    0    4    41526051208.753072
    0    0    4    41526051208.756947
    0    0    4    41526051208.760820
    0    0    4    41526051208.765950
    0    0    4    41526051208.769952
    0    0    4    41526051208.773954
    0    0    4    41526051208.777823
    0    0    4    41526051208.781697
    0    0    4    41526051208.785574
    0    0    4    41526051208.789447
    0    0    4    41526051208.793321
    0    0    4    41526051208.797327
    0    0    4    41526051208.802323
    0    0    4    41526051208.806326
    0    0    4    41526051208.810328
    0    0    4    41526051208.814328
    0    0    4    41526051208.818325
    0    0    4    41526051208.822326
    0    0    4    41526051208.827449
    0    0    4    41526051208.831325
    0    0    4    41526051208.835330
    0    0    4    41526051208.839450
    0    0    4    41526051208.843445
    0    0    4    41526051208.847327
    0    0    4    41526051208.851194
    0    0    4    41526051208.855124
    0    0    4    41526051208.859951
    0    0    4    41526051208.863951
    0    0    4    41526051208.867941
    0    0    4    41526051208.871864
    0    0    4    41526051208.875694
    0    0    4    41526051208.879571
    0    0    4    41526051208.883443
    0    0    4    41526051208.888452
    0    0    4    41526051208.892449
    0    0    4    41526051208.896453
    0    0    4    41526051208.900448
    0    0    4    41526051208.904321
    0    0    4    41526051208.908327
    0    0    4    41526051208.912324
    0    0    4    41526051208.916322
    0    0    4    41526051208.921326
    0    0    4    41526051208.925327
    0    0    4    41526051208.929323
    0    0    4    41526051208.933323
    0    0    4    41526051208.937325
    0    0    4    41526051208.941327
    0    0    4    41526051208.945319
    0    0    4    41526051208.950318
    0    0    4    41526051208.956626
    0    0    4    41526051208.960584
    0    0    4    41526051208.964445
    0    0    4    41526051208.968322
    0    0    4    41526051208.972323
    0    0    4    41526051208.976320
    0    0    4    41526051208.980443
    0    0    4    41526051208.984446
    0    0    4    41526051208.988443
    0    0    4    41526051208.992450
    0    0    4    41526051208.996606
    0    0    4    41526051209.000601
    0    0    4    41526051209.004596
    0    0    4    41526051209.008591
    0    0    4    41526051209.013446
    0    0    4    41526051209.017445
    0    0    4    41526051209.021448
    0    0    4    41526051209.026195
    0    0    4    41526051209.030194
    0    0    4    41526051209.034621
    0    0    4    41526051209.038597
    0    0    4    41526051209.042594
    0    0    4    41526051209.046594
    0    0    4    41526051209.050585
    0    0    4    41526051209.054591
    0    0    4    41526051209.058584
    0    0    4    41526051209.062585
    0    0    4    41526051209.066588
    0    0    4    41526051209.071624
    0    0    4    41526051209.075592
    0    0    4    41526051209.079588
    0    0    4    41526051209.083442
    0    0    4    41526051209.087441
    0    0    4    41526051209.091441
    0    0    4    41526051209.095321
    0    0    4    41526051209.099315
    0    0    4    41526051209.103437
    0    0    4    41526051209.107442
    0    0    4    41526051209.111447
    0    0    4    41526051209.115315
    0    0    4    41526051209.119317
    0    0    4    41526051209.123314
    0    0    4    41526051209.127313
    0    0    4    41526051209.131371
    0    0    4    41526051209.136317
    0    0    4    41526051209.140317
    0    0    4    41526051209.144315
    0    0    4    41526051209.148318
    0    0    4    41526051209.152313
    0    0    4    41526051209.156316
    0    0    4    41526051209.160315
    0    0    4    41526051209.164584
    0    0    4    41526051209.168582
    0    0    4    41526051209.172583
    0    0    4    41526051209.176591
    0    0    4    41526051209.180588
    0    0    4    41526051209.184585
    0    0    4    41526051209.188586
    0    0    4    41526051209.192584
    0    0    4    41526051209.197585
    0    0    4    41526051209.201585
    0    0    4    41526051209.205586
    0    0    4    41526051209.209588
    0    0    4    41526051209.213585
    0    0    4    41526051209.217437
    0    0    4    41526051209.221306
    0    0    4    41526051209.225583
    0    0    4    41526051209.229588
    0    0    4    41526051209.233584
    0    0    4    41526051209.237435
    0    0    4    41526051209.241307
    0    0    4    41526051209.245181
    0    0    4    41526051209.249055
    0    0    4    41526051209.253074
    0    0    4    41526051209.258065
    0    0    4    41526051209.262064
    0    0    4    41526051209.265929
    0    0    4    41526051209.269805
    0    0    4    41526051209.273680
    0    0    4    41526051209.277556
    0    0    4    41526051209.281429
    0    0    4    41526051209.286433
    0    0    4    41526051209.290311
    0    0    4    41526051209.294311
    0    0    4    41526051209.298177
    0    0    4    41526051209.302053
    0    0    4    41526051209.305928
    0    0    4    41526051209.309803
    0    0    4    41526051209.313821
    0    0    4    41526051209.318937
    0    0    4    41526051209.322932
    0    0    4    41526051209.326804
    0    0    4    41526051209.330680
    0    0    4    41526051209.334562
    0    0    4    41526051209.338428
    0    0    4    41526051209.342303
    0    0    4    41526051209.347185
    0    0    4    41526051209.351184
    0    0    4    41526051209.355186
    0    0    4    41526051209.359054
    0    0    4    41526051209.362926
    0    0    4    41526051209.366801
    0    0    4    41526051209.370679
    0    0    4    41526051209.374694
    0    0    4    41526051209.379811
    0    0    4    41526051209.383806
    0    0    4    41526051209.387679
    0    0    4    41526051209.391560
    0    0    4    41526051209.395426
    0    0    4    41526051209.399300
    0    0    4    41526051209.403176
    0    0    4    41526051209.408058
    0    0    4    41526051209.412058
    0    0    4    41526051209.416056
    0    0    4    41526051209.420057
    0    0    4    41526051209.423928
    0    0    4    41526051209.427799
    0    0    4    41526051209.431674
    0    0    4    41526051209.435714
    0    0    4    41526051209.440809
    0    0    4    41526051209.444804
    0    0    4    41526051209.448674
    0    0    4    41526051209.452558
    0    0    4    41526051209.456422
    0    0    4    41526051209.460298
    0    0    4    41526051209.464175
    0    0    4    41526051209.469052
    0    0    4    41526051209.473054
    0    0    4    41526051209.477057
    0    0    4    41526051209.480925
    0    0    4    41526051209.484797
    0    0    4    41526051209.488673
    0    0    4    41526051209.492557
    0    0    4    41526051209.496571
    0    0    4    41526051209.501426
    0    0    4    41526051209.505430
    0    0    4    41526051209.509420
    0    0    4    41526051209.513297
    0    0    4    41526051209.517170
    0    0    4    41526051209.521045
    0    0    4    41526051209.524922
    0    0    4    41526051209.529925
    0    0    4    41526051209.533933
    0    0    4    41526051209.537930
    0    0    4    41526051209.541797
    0    0    4    41526051209.545672
    0    0    4    41526051209.549556
    0    0    4    41526051209.553419
    0    0    4    41526051209.557426
    0    0    4    41526051209.562574
    0    0    4    41526051209.566572
    0    0    4    41526051209.570422
    0    0    4    41526051209.574295
    0    0    4    41526051209.578169
    0    0    4    41526051209.582043
    0    0    4    41526051209.585920
    0    0    4    41526051209.590920
    0    0    4    41526051209.594925
    0    0    4    41526051209.598923
    0    0    4    41526051209.602919
    0    0    4    41526051209.606795
    0    0    4    41526051209.610669
    0    0    4    41526051209.614544
    0    0    4    41526051209.618475
    0    0    4    41526051209.623429
    0    0    4    41526051209.627424
    0    0    4    41526051209.631291
    0    0    4    41526051209.635168
    0    0    4    41526051209.639042
    0    0    4    41526051209.642917
    0    0    4    41526051209.646793
    0    0    4    41526051209.651796
    0    0    4    41526051209.655804
    0    0    4    41526051209.659799
    0    0    4    41526051209.663669
    0    0    4    41526051209.667542
    0    0    4    41526051209.671417
    0    0    4    41526051209.675291
    0    0    4    41526051209.679314
    0    0    4    41526051209.684426
    0    0    4    41526051209.688420
    0    0    4    41526051209.692288
    0    0    4    41526051209.696165
    0    0    4    41526051209.700040
    0    0    4    41526051209.703914
    0    0    4    41526051209.707792
    0    0    4    41526051209.712671
    0    0    4    41526051209.716674
    0    0    4    41526051209.720672
    0    0    4    41526051209.724669
    0    0    4    41526051209.728536
    0    0    4    41526051209.732417
    0    0    4    41526051209.736288
    0    0    4    41526051209.740296
    0    0    4    41526051209.745428
    0    0    4    41526051209.749418
    0    0    4    41526051209.753291
    0    0    4    41526051209.757164
    0    0    4    41526051209.761037
    0    0    4    41526051209.764913
    0    0    4    41526051209.768788
    0    0    4    41526051209.773667
    0    0    4    41526051209.777669
    0    0    4    41526051209.781672
    0    0    4    41526051209.785665
    0    0    4    41526051209.789542
    0    0    4    41526051209.793412
    0    0    4    41526051209.797285
    0    0    4    41526051209.801295
    0    0    4    41526051209.806296
    0    0    4    41526051209.810169
    0    0    4    41526051209.814167
    0    0    4    41526051209.818038
    0    0    4    41526051209.821912
    0    0    4    41526051209.825786
    0    0    4    41526051209.829661
    0    0    4    41526051209.834663
    0    0    4    41526051209.838667
    0    0    4    41526051209.842668
    0    0    4    41526051209.846665
    0    0    4    41526051209.850537
    0    0    4    41526051209.854410
    0    0    4    41526051209.858285
    0    0    4    41526051209.862293
    0    0    4    41526051209.867172
    0    0    4    41526051209.871167
    0    0    4    41526051209.875032
    0    0    4    41526051209.878910
    0    0    4    41526051209.882783
    0    0    4    41526051209.886660
    0    0    4    41526051209.890534
    0    0    4    41526051209.895412
    0    0    4    41526051209.899416
    0    0    4    41526051209.903418
    0    0    4    41526051209.907286
    0    0    4    41526051209.911159
    0    0    4    41526051209.915033
    0    0    4    41526051209.918907
    0    0    4    41526051209.922915
    0    0    4    41526051209.927790
    0    0    4    41526051209.931787
    0    0    4    41526051209.935660
    0    0    4    41526051209.939533
    0    0    4    41526051209.943407
    0    0    4    41526051209.947281
    0    0    4    41526051209.951156
    0    0    4    41526051209.956035
    0    0    4    41526051209.960039
    0    0    4    41526051209.964041
    0    0    4    41526051209.967909
    0    0    4    41526051209.971780
    0    0    4    41526051209.975658
    0    0    4    41526051209.979531
    0    0    4    41526051209.983459
    0    0    4    41526051209.988171
    0    0    4    41526051209.992164
    0    0    4    41526051209.996153
    0    0    4    41526051210.000031
    0    0    4    41526051210.003905
    0    0    4    41526051210.007780
    0    0    4    41526051210.011656
    0    0    4    41526051210.016535
    0    0    4    41526051210.020536
    0    0    4    41526051210.024539
    0    0    4    41526051210.028410
    0    0    4    41526051210.032280
    0    0    4    41526051210.036151
    0    0    4    41526051210.040029
    0    0    4    41526051210.044046
    0    0    4    41526051210.049038
    0    0    4    41526051210.053033
    0    0    4    41526051210.056901
    0    0    4    41526051210.060781
    0    0    4    41526051210.064654
    0    0    4    41526051210.068654
    0    0    4    41526051210.072530
    0    0    4    41526051210.077532
    0    0    4    41526051210.081539
    0    0    4    41526051210.085538
    0    0    4    41526051210.089404
    0    0    4    41526051210.093276
    0    0    4    41526051210.097152
    0    0    4    41526051210.101026
    0    0    4    41526051210.105061
    0    0    4    41526051210.110036
    0    0    4    41526051210.114030
    0    0    4    41526051210.117899
    0    0    4    41526051210.121777
    0    0    4    41526051210.125652
    0    0    4    41526051210.129526
    0    0    4    41526051210.133400
    0    0    4    41526051210.138283
    0    0    4    41526051210.142153
    0    0    4    41526051210.146154
    0    0    4    41526051210.150028
    0    0    4    41526051210.153899
    0    0    4    41526051210.157776
    0    0    4    41526051210.161652
    0    0    4    41526051210.165655
    0    0    4    41526051210.170783
    0    0    4    41526051210.174780
    0    0    4    41526051210.178649
    0    0    4    41526051210.182524
    0    0    4    41526051210.186399
    0    0    4    41526051210.190274
    0    0    4    41526051210.194149
    0    0    4    41526051210.199027
    0    0    4    41526051210.202902
    0    0    4    41526051210.206902
    0    0    4    41526051210.210779
    0    0    4    41526051210.214650
    0    0    4    41526051210.218523
    0    0    4    41526051210.222397
    0    0    4    41526051210.226403
    0    0    4    41526051210.231409
    0    0    4    41526051210.235405
    0    0    4    41526051210.239395
    0    0    4    41526051210.243273
    0    0    4    41526051210.247145
    0    0    4    41526051210.251022
    0    0    4    41526051210.254897
    0    0    4    41526051210.259900
    0    0    4    41526051210.263906
    0    0    4    41526051210.267905
    0    0    4    41526051210.271773
    0    0    4    41526051210.275647
    0    0    4    41526051210.279521
    0    0    4    41526051210.283396
    0    0    4    41526051210.287443
    0    0    4    41526051210.292406
    0    0    4    41526051210.296400
    0    0    4    41526051210.300267
    0    0    4    41526051210.304144
    0    0    4    41526051210.308020
    0    0    4    41526051210.311895
    0    0    4    41526051210.315769
    0    0    4    41526051210.320778
    0    0    4    41526051210.324778
    0    0    4    41526051210.328779
    0    0    4    41526051210.332646
    0    0    4    41526051210.336521
    0    0    4    41526051210.340460
    0    0    4    41526051210.344268
    0    0    4    41526051210.348275
    0    0    4    41526051210.353401
    0    0    4    41526051210.357399
    0    0    4    41526051210.361267
    0    0    4    41526051210.365141
    0    0    4    41526051210.369017
    0    0    4    41526051210.372892
    0    0    4    41526051210.376769
    0    0    4    41526051210.381775
    0    0    4    41526051210.385778
    0    0    4    41526051210.389776
    0    0    4    41526051210.393646
    0    0    4    41526051210.397516
    0    0    4    41526051210.401392
    0    0    4    41526051210.405267
    0    0    4    41526051210.409199
    0    0    4    41526051210.414150
    0    0    4    41526051210.418145
    0    0    4    41526051210.422013
    0    0    4    41526051210.425891
    0    0    4    41526051210.429765
    0    0    4    41526051210.433640
    0    0    4    41526051210.437516
    0    0    4    41526051210.442643
    0    0    4    41526051210.446648
    0    0    4    41526051210.450649
    0    0    4    41526051210.454517
    0    0    4    41526051210.458389
    0    0    4    41526051210.462266
    0    0    4    41526051210.466139
    0    0    4    41526051210.470150
    0    0    4    41526051210.475272
    0    0    4    41526051210.479269
    0    0    4    41526051210.483141
    0    0    4    41526051210.487016
    0    0    4    41526051210.490888
    0    0    4    41526051210.494763
    0    0    4    41526051210.498639
    0    0    4    41526051210.503518
    0    0    4    41526051210.507519
    0    0    4    41526051210.511518
    0    0    4    41526051210.515390
    0    0    4    41526051210.519266
    0    0    4    41526051210.523138
    0    0    4    41526051210.527012
    0    0    4    41526051210.531077
    0    0    4    41526051210.536022
    0    0    4    41526051210.540018
    0    0    4    41526051210.543886
    0    0    4    41526051210.547764
    0    0    4    41526051210.551637
    0    0    4    41526051210.555511
    0    0    4    41526051210.559385
    0    0    4    41526051210.564395
    0    0    4    41526051210.568398
    0    0    4    41526051210.572394
    0    0    4    41526051210.576263
    0    0    4    41526051210.580135
    0    0    4    41526051210.584010
    0    0    4    41526051210.587884
    0    0    4    41526051210.591900
    0    0    4    41526051210.597018
    0    0    4    41526051210.601018
    0    0    4    41526051210.604884
    0    0    4    41526051210.608760
    0    0    4    41526051210.612635
    0    0    4    41526051210.616509
    0    0    4    41526051210.620384
    0    0    4    41526051210.625288
    0    0    4    41526051210.629266
    0    0    4    41526051210.633267
    0    0    4    41526051210.637136
    0    0    4    41526051210.641008
    0    0    4    41526051210.644882
    0    0    4    41526051210.648758
    0    0    4    41526051210.652705
    0    0    4    41526051210.657514
    0    0    4    41526051210.661516
    0    0    4    41526051210.665382
    0    0    4    41526051210.669258
    0    0    4    41526051210.673132
    0    0    4    41526051210.677007
    0    0    4    41526051210.680884
    0    0    4    41526051210.685889
    0    0    4    41526051210.689889
    0    0    4    41526051210.693891
    0    0    4    41526051210.697758
    0    0    4    41526051210.701633
    0    0    4    41526051210.705506
    0    0    4    41526051210.709380
    0    0    4    41526051210.713389
    0    0    4    41526051210.718392
    0    0    4    41526051210.722388
    0    0    4    41526051210.726254
    0    0    4    41526051210.730132
    0    0    4    41526051210.734005
    0    0    4    41526051210.737880
    0    0    4    41526051210.741755
    0    0    4    41526051210.746764
    0    0    4    41526051210.750763
    0    0    4    41526051210.754762
    0    0    4    41526051210.758631
    0    0    4    41526051210.762506
    0    0    4    41526051210.766381
    0    0    4    41526051210.770254
    0    0    4    41526051210.774266
    0    0    4    41526051210.779388
    0    0    4    41526051210.783387
    0    0    4    41526051210.787255
    0    0    4    41526051210.791130
    0    0    4    41526051210.795002
    0    0    4    41526051210.798878
    0    0    4    41526051210.802753
    0    0    4    41526051210.807632
    0    0    4    41526051210.811634
    0    0    4    41526051210.815635
    0    0    4    41526051210.819507
    0    0    4    41526051210.823379
    0    0    4    41526051210.827253
    0    0    4    41526051210.831127
    0    0    4    41526051210.835007
    0    0    4    41526051210.840008
    0    0    4    41526051210.844008
    0    0    4    41526051210.847999
    0    0    4    41526051210.851877
    0    0    4    41526051210.855750
    0    0    4    41526051210.859628
    0    0    4    41526051210.863502
    0    0    4    41526051210.868381
    0    0    4    41526051210.872384
    0    0    4    41526051210.876385
    0    0    4    41526051210.880255
    0    0    4    41526051210.884127
    0    0    4    41526051210.888001
    0    0    4    41526051210.891874
    0    0    4    41526051210.895895
    0    0    4    41526051210.901008
    0    0    4    41526051210.905006
    0    0    4    41526051210.908876
    0    0    4    41526051210.912750
    0    0    4    41526051210.916627
    0    0    4    41526051210.920500
    0    0    4    41526051210.924374
    0    0    4    41526051210.929253
    0    0    4    41526051210.933258
    0    0    4    41526051210.937256
    0    0    4    41526051210.941127
    0    0    4    41526051210.944998
    0    0    4    41526051210.948873
    0    0    4    41526051210.952748
    0    0    4    41526051210.956788
    0    0    4    41526051210.961882
    0    0    4    41526051210.965879
    0    0    4    41526051210.969749
    0    0    4    41526051210.973625
    0    0    4    41526051210.977497
    0    0    4    41526051210.981373
    0    0    4    41526051210.985248
    0    0    4    41526051210.990125
    0    0    4    41526051210.994132
    0    0    4    41526051210.998132
    0    0    4    41526051211.002001
    0    0    4    41526051211.005872
    0    0    4    41526051211.009747
    0    0    4    41526051211.013623
    0    0    4    41526051211.017624
    0    0    4    41526051211.022502
    0    0    4    41526051211.026502
    0    0    4    41526051211.030494
    0    0    4    41526051211.034371
    0    0    4    41526051211.038242
    0    0    4    41526051211.042119
    0    0    4    41526051211.045995
    0    0    4    41526051211.050874
    0    0    4    41526051211.054877
    0    0    4    41526051211.058877
    0    0    4    41526051211.062748
    0    0    4    41526051211.066620
    0    0    4    41526051211.070494
    0    0    4    41526051211.074368
    0    0    4    41526051211.078374
    0    0    4    41526051211.083248
    0    0    4    41526051211.087251
    0    0    4    41526051211.091241
    0    0    4    41526051211.095119
    0    0    4    41526051211.098993
    0    0    4    41526051211.102867
    0    0    4    41526051211.106744
    0    0    4    41526051211.111746
    0    0    4    41526051211.115751
    0    0    4    41526051211.119754
    0    0    4    41526051211.123620
    0    0    4    41526051211.127492
    0    0    4    41526051211.131368
    0    0    4    41526051211.135242
    0    0    4    41526051211.139249
    0    0    4    41526051211.144375
    0    0    4    41526051211.148371
    0    0    4    41526051211.152244
    0    0    4    41526051211.156117
    0    0    4    41526051211.159989
    0    0    4    41526051211.163865
    0    0    4    41526051211.167741
    0    0    4    41526051211.172619
    0    0    4    41526051211.176622
    0    0    4    41526051211.180622
    0    0    4    41526051211.184495
    0    0    4    41526051211.188364
    0    0    4    41526051211.192242
    0    0    4    41526051211.196115
    0    0    4    41526051211.200053
    0    0    4    41526051211.205126
    0    0    4    41526051211.209117
    0    0    4    41526051211.212988
    0    0    4    41526051211.216864
    0    0    4    41526051211.220740
    0    0    4    41526051211.224616
    0    0    4    41526051211.228488
    0    0    4    41526051211.233491
    0    0    4    41526051211.237498
    0    0    4    41526051211.241496
    0    0    4    41526051211.245366
    0    0    4    41526051211.249241
    0    0    4    41526051211.253113
    0    0    4    41526051211.256987
    0    0    4    41526051211.261005
    0    0    4    41526051211.266244
    0    0    4    41526051211.270247
    0    0    4    41526051211.274149
    0    0    4    41526051211.277987
    0    0    4    41526051211.281864
    0    0    4    41526051211.285737
    0    0    4    41526051211.289613
    0    0    4    41526051211.294613
    0    0    4    41526051211.298627
    0    0    4    41526051211.302617
    0    0    4    41526051211.306489
    0    0    4    41526051211.310361
    0    0    4    41526051211.314237
    0    0    4    41526051211.318110
    0    0    4    41526051211.322043
    0    0    4    41526051211.327241
    0    0    4    41526051211.331242
    0    0    4    41526051211.335240
    0    0    4    41526051211.339111
    0    0    4    41526051211.342985
    0    0    4    41526051211.346985
    0    0    4    41526051211.350860
    0    0    4    41526051211.355988
    0    0    4    41526051211.359996
    0    0    4    41526051211.363989
    0    0    4    41526051211.367865
    0    0    4    41526051211.371734
    0    0    4    41526051211.375613
    0    0    4    41526051211.379484
    0    0    4    41526051211.383492
    0    0    4    41526051211.388617
    0    0    4    41526051211.392615
    0    0    4    41526051211.396567
    0    0    4    41526051211.400359
    0    0    4    41526051211.404232
    0    0    4    41526051211.408108
    0    0    4    41526051211.411983
    0    0    4    41526051211.416989
    0    0    4    41526051211.420994
    0    0    4    41526051211.424990
    0    0    4    41526051211.428860
    0    0    4    41526051211.432732
    0    0    4    41526051211.436608
    0    0    4    41526051211.440483
    0    0    4    41526051211.444488
    0    0    4    41526051211.449491
    0    0    4    41526051211.453485
    0    0    4    41526051211.457479
    0    0    4    41526051211.461356
    0    0    4    41526051211.465230
    0    0    4    41526051211.469106
    0    0    4    41526051211.472981
    0    0    4    41526051211.477983
    0    0    4    41526051211.481990
    0    0    4    41526051211.485988
    0    0    4    41526051211.489859
    0    0    4    41526051211.493729
    0    0    4    41526051211.497607
    0    0    4    41526051211.501481
    0    0    4    41526051211.505494
    0    0    4    41526051211.510612
    0    0    4    41526051211.514610
    0    0    4    41526051211.518483
    0    0    4    41526051211.522355
    0    0    4    41526051211.526228
    0    0    4    41526051211.530102
    0    0    4    41526051211.533979
    0    0    4    41526051211.538984
    0    0    4    41526051211.542996
    0    0    4    41526051211.546984
    0    0    4    41526051211.550857
    0    0    4    41526051211.554727
    0    0    4    41526051211.558604
    0    0    4    41526051211.562478
    0    0    4    41526051211.566487
    0    0    4    41526051211.571610
    0    0    4    41526051211.575605
    0    0    4    41526051211.579595
    0    0    4    41526051211.583353
    0    0    4    41526051211.587225
    0    0    4    41526051211.591101
    0    0    4    41526051211.594977
    0    0    4    41526051211.599979
    0    0    4    41526051211.603985
    0    0    4    41526051211.607981
    0    0    4    41526051211.611853
    0    0    4    41526051211.615725
    0    0    4    41526051211.619601
    0    0    4    41526051211.623475
    0    0    4    41526051211.627488
    0    0    4    41526051211.632608
    0    0    4    41526051211.636606
    0    0    4    41526051211.640590
    0    0    4    41526051211.644350
    0    0    4    41526051211.648224
    0    0    4    41526051211.652100
    0    0    4    41526051211.655974
    0    0    4    41526051211.660975
    0    0    4    41526051211.664985
    0    0    4    41526051211.668983
    0    0    4    41526051211.672853
    0    0    4    41526051211.676724
    0    0    4    41526051211.680602
    0    0    4    41526051211.684473
    0    0    4    41526051211.688513
    0    0    4    41526051211.693485
    0    0    4    41526051211.697483
    0    0    4    41526051211.701476
    0    0    4    41526051211.705348
    0    0    4    41526051211.709222
    0    0    4    41526051211.713097
    0    0    4    41526051211.716973
    0    0    4    41526051211.722100
    0    0    4    41526051211.726106
    0    0    4    41526051211.730104
    0    0    4    41526051211.733976
    0    0    4    41526051211.737847
    0    0    4    41526051211.741721
    0    0    4    41526051211.745598
    0    0    4    41526051211.749617
    0    0    4    41526051211.754731
    0    0    4    41526051211.758730
    0    0    4    41526051211.762686
    0    0    4    41526051211.766472
    0    0    4    41526051211.770344
    0    0    4    41526051211.774220
    0    0    4    41526051211.778095
    0    0    4    41526051211.783098
    0    0    4    41526051211.787104
    0    0    4    41526051211.791103
    0    0    4    41526051211.794973
    0    0    4    41526051211.798846
    0    0    4    41526051211.802719
    0    0    4    41526051211.806595
    0    0    4    41526051211.810599
    0    0    4    41526051211.815097
    0    0    4    41526051211.819100
    0    0    4    41526051211.823096
    0    0    4    41526051211.826970
    0    0    4    41526051211.830845
    0    0    4    41526051211.834721
    0    0    4    41526051211.838594
    0    0    4    41526051211.843597
    0    0    4    41526051211.847601
    0    0    4    41526051211.851600
    0    0    4    41526051211.855598
    0    0    4    41526051211.859472
    0    0    4    41526051211.863343
    0    0    4    41526051211.867216
    0    0    4    41526051211.871234
    0    0    4    41526051211.876227
    0    0    4    41526051211.880220
    0    0    4    41526051211.884218
    0    0    4    41526051211.888091
    0    0    4    41526051211.891971
    0    0    4    41526051211.895841
    0    0    4    41526051211.899716
    0    0    4    41526051211.904718
    0    0    4    41526051211.908724
    0    0    4    41526051211.912724
    0    0    4    41526051211.916592
    0    0    4    41526051211.920466
    0    0    4    41526051211.924340
    0    0    4    41526051211.928216
    0    0    4    41526051211.932222
    0    0    4    41526051211.937350
    0    0    4    41526051211.941345
    0    0    4    41526051211.945218
    0    0    4    41526051211.949089
    0    0    4    41526051211.952963
    0    0    4    41526051211.956838
    0    0    4    41526051211.960714
    0    0    4    41526051211.965721
    0    0    4    41526051211.969723
    0    0    4    41526051211.973722
    0    0    4    41526051211.977590
    0    0    4    41526051211.981465
    0    0    4    41526051211.985404
    0    0    4    41526051211.989212
    0    0    4    41526051211.993138
    0    0    4    41526051211.998099
    0    0    4    41526051212.002092
    0    0    4    41526051212.005962
    0    0    4    41526051212.009839
    0    0    4    41526051212.013712
    0    0    4    41526051212.017588
    0    0    4    41526051212.021462
    0    0    4    41526051212.026544
    0    0    4    41526051212.030473
    0    0    4    41526051212.034472
    0    0    4    41526051212.038339
    0    0    4    41526051212.042210
    0    0    4    41526051212.046087
    0    0    4    41526051212.049961
    0    0    4    41526051212.053985
    0    0    4    41526051212.059094
    0    0    4    41526051212.063090
    0    0    4    41526051212.066962
    0    0    4    41526051212.070837
    0    0    4    41526051212.074711
    0    0    4    41526051212.078586
    0    0    4    41526051212.082461
    0    0    4    41526051212.087493
    0    0    4    41526051212.091469
    0    0    4    41526051212.095467
    0    0    4    41526051212.099336
    0    0    4    41526051212.103209
    0    0    4    41526051212.107085
    0    0    4    41526051212.110958
    0    0    4    41526051212.114980
    0    0    4    41526051212.120090
    0    0    4    41526051212.124970
    0    0    4    41526051212.129218
    0    0    4    41526051212.133335
    0    0    4    41526051212.137211
    0    0    4    41526051212.141085
    0    0    4    41526051212.145088
    0    0    4    41526051212.150091
    0    0    4    41526051212.154089
    0    0    4    41526051212.157955
    0    0    4    41526051212.161831
    0    0    4    41526051212.165710
    0    0    4    41526051212.169584
    0    0    4    41526051212.173459
    0    0    4    41526051212.178597
    0    0    4    41526051212.182596
    0    0    4    41526051212.186594
    0    0    4    41526051212.190459
    0    0    4    41526051212.194333
    0    0    4    41526051212.198208
    0    0    4    41526051212.202081
    0    0    4    41526051212.206102
    0    0    4    41526051212.211214
    0    0    4    41526051212.215211
    0    0    4    41526051212.219203
    0    0    4    41526051212.223082
    0    0    4    41526051212.226959
    0    0    4    41526051212.230831
    0    0    4    41526051212.234705
    0    0    4    41526051212.239958
    0    0    4    41526051212.243838
    0    0    4    41526051212.247837
    0    0    4    41526051212.251708
    0    0    4    41526051212.255582
    0    0    4    41526051212.259454
    0    0    4    41526051212.263330
    0    0    4    41526051212.267345
    0    0    4    41526051212.272213
    0    0    4    41526051212.276211
    0    0    4    41526051212.280077
    0    0    4    41526051212.283961
    0    0    4    41526051212.287828
    0    0    4    41526051212.291703
    0    0    4    41526051212.295579
    0    0    4    41526051212.300595
    0    0    4    41526051212.304597
    0    0    4    41526051212.308594
    0    0    4    41526051212.312456
    0    0    4    41526051212.316327
    0    0    4    41526051212.320201
    0    0    4    41526051212.324077
    0    0    4    41526051212.328117
    0    0    4    41526051212.332957
    0    0    4    41526051212.336960
    0    0    4    41526051212.340949
    0    0    4    41526051212.344829
    0    0    4    41526051212.348700
    0    0    4    41526051212.352577
    0    0    4    41526051212.356452
    0    0    4    41526051212.361457
    0    0    4    41526051212.365458
    0    0    4    41526051212.369458
    0    0    4    41526051212.373329
    0    0    4    41526051212.377200
    0    0    4    41526051212.381074
    0    0    4    41526051212.384950
    0    0    4    41526051212.388999
    0    0    4    41526051212.393837
    0    0    4    41526051212.397831
    0    0    4    41526051212.401698
    0    0    4    41526051212.405579
    0    0    4    41526051212.409451
    0    0    4    41526051212.413324
    0    0    4    41526051212.417199
    0    0    4    41526051212.422202
    0    0    4    41526051212.426208
    0    0    4    41526051212.430207
    0    0    4    41526051212.434203
    0    0    4    41526051212.438072
    0    0    4    41526051212.441947
    0    0    4    41526051212.446283
