    0    0  516  517 1526056425.471047
    0  226  516  516 1526056425.479054
    0  226  517  516 1526056425.500055
    0  225  517  517 1526056425.519669
    0  225  517  516 1526056425.531926
    0  225  516  517 1526056425.539927
    0  226  516  516 1526056425.560295
    0  226  517  517 1526056425.580040
    0  226  516  517 1526056425.600576
    0  226  517  516 1526056425.621171
    0    0    0  517 1526056425.629043
    0  226  517  516 1526056425.640790
    0  226  517  516 1526056425.661042
    0  226  516  517 1526056425.681667
    0    0  517  517 1526056425.689544
    0  225  517  516 1526056425.701162
    0  226  517  517 1526056425.722045
    0    0  517  517 1526056425.729786
    0  226  516  517 1526056425.742628
    0  226  517  517 1526056425.750670
    0  226  517  517 1526056425.762285
    0    0  516  517 1526056425.769921
    0  226  516  517 1526056425.790533
    0  225  517  516 1526056425.802289
    0  225  517  517 1526056425.810659
    0  226  517  516 1526056425.822407
    0    0  517  517 1526056425.830163
    0  225  517  517 1526056425.851032
    0  225  516  517 1526056425.862667
    0  227  516  517 1526056425.871662
    0  226  517  517 1526056425.891215
    0    0    0  517 1526056425.900158
    0  225  516  517 1526056425.912030
    0  226  516  517 1526056425.932660
    0    0    0  517 1526056425.940403
    0  226  517  516 1526056425.952036
    0    0  517  516 1526056425.960914
    0  226  516  517 1526056425.972653
    0  226  517  517 1526056425.993404
    0    0  516  517 1526056426.001152
    0  225  517  516 1526056426.012785
    0  226  516  517 1526056426.021662
    0  226  516  517 1526056426.033526
    0    0  517  517 1526056426.041274
    0  226  516  517 1526056426.053778
    0    0  516  517 1526056426.061649
    0  226  516  516 1526056426.073281
    0  226  517  517 1526056426.082401
    0  225  517  516 1526056426.094148
    0    0  517  516 1526056426.101899
    0  226  517  517 1526056426.122272
    0  226  517  517 1526056426.133904
    0  226  517  517 1526056426.143023
    0  226  516  517 1526056426.162522
    0    0  517  517 1526056426.174779
    0  226  517  516 1526056426.182521
    0  226  517  516 1526056426.194145
    0  226  516  517 1526056426.203281
    0  225  517  516 1526056426.222770
    0  226  517  516 1526056426.243520
    0  225  517  516 1526056426.264276
    0    0    0  516 1526056426.272146
    0  226  517  517 1526056426.283767
    0  226  517  516 1526056426.292897
    0  226  517  516 1526056426.304642
    0    0    0  517 1526056426.312392
    0  225  517  516 1526056426.325404
    0  226  517  516 1526056426.333390
    0  226  517  516 1526056426.345017
    0  226  517  516 1526056426.354153
    0  226  517  516 1526056426.373764
    0  226  517  516 1526056426.394263
    0    0  484  451 1526056426.405890
    0  225  517  516 1526056426.414770
    0  225  517  516 1526056426.434640
    0    0  517  516 1526056426.443511
    0  225  517  516 1526056426.455272
    0    0    0  516 1526056426.463136
    0  225  517  516 1526056426.475261
    0  225  517  516 1526056426.494770
    0  226  517  517 1526056426.515399
    0  225  517  516 1526056426.536278
    0    0  517  516 1526056426.544134
    0  226  517  517 1526056426.556267
    0    0  517  516 1526056426.564014
    0  226  517  517 1526056426.576766
    0  226  517  516 1526056426.584640
    0  225  517  516 1526056426.597633
    0  226  517  516 1526056426.605394
    0  226  517  517 1526056426.617005
    0  225  517  516 1526056426.624762
    0    0    0  517 1526056426.644009
    0  226  517  516 1526056426.655761
    0  226  517  516 1526056426.675636
    0  225  517  516 1526056426.696755
    0    0  517  517 1526056426.704753
    0  225  517  516 1526056426.716631
    0  225  517  516 1526056426.725259
    0  226  517  516 1526056426.737260
    0    0  517  516 1526056426.745134
    0  225  517  516 1526056426.756383
    0    0    0  516 1526056426.784998
    0  225  517  516 1526056426.796625
    0  225  517  516 1526056426.815999
    0  225  517  516 1526056426.827623
    0    0  517  516 1526056426.835374
    0  225  517  516 1526056426.847001
    0  226  516  516 1526056426.866505
    0  226  517  516 1526056426.886246
    0  225  517  516 1526056426.907005
    0  225  517  516 1526056426.927121
    0  225  517  517 1526056426.946757
    0  226  517  516 1526056426.967253
    0  225  517  517 1526056426.987381
    0  226  516  517 1526056427.006995
    0  226  517  516 1526056427.019745
    0  225  517  516 1526056427.027621
    0    0  516  516 1526056427.039118
    0  226  517  516 1526056427.048124
    0  225  517  517 1526056427.067622
    0  225  517  516 1526056427.080366
    0  226  517  517 1526056427.088120
    0  225  517  516 1526056427.108739
    0    0    0  516 1526056427.116493
    0  226  517  516 1526056427.128241
    0  226  516  517 1526056427.148990
    0    0    0  516 1526056427.156870
    0  226  517  516 1526056427.169988
    0  225  517  516 1526056427.177747
    0  226  517  516 1526056427.189363
    0    0  517  516 1526056427.198490
    0  226  517  516 1526056427.217986
    0  226  517  516 1526056427.230994
    0  225  516  516 1526056427.238861
    0  226  517  516 1526056427.259616
    0    0  517  516 1526056427.267614
    0  225  517  516 1526056427.279238
    0  225  516  517 1526056427.299984
    0    0  517  516 1526056427.307857
    0  226  517  516 1526056427.319612
    0    0  516  517 1526056427.328109
    0  225  517  517 1526056427.339859
    0    0    0  516 1526056427.347737
    0  225  516  516 1526056427.360672
    0  225  517  516 1526056427.368481
    0  225  516  516 1526056427.380235
    0  225  517  516 1526056427.388745
    0  226  516  517 1526056427.400364
    0    0    0  516 1526056427.408231
    0  226  517  516 1526056427.420982
    0  226  517  516 1526056427.428862
    0  226  517  516 1526056427.440482
    0  226  517  516 1526056427.448985
    0  225  517  516 1526056427.460736
    0    0  517  516 1526056427.468738
    0  225  516  517 1526056427.481352
    0  225  517  516 1526056427.489233
    0  226  517  516 1526056427.501107
    0  225  517  516 1526056427.509988
    0  226  517  517 1526056427.521605
    0  226  517  516 1526056427.529474
    0  226  517  516 1526056427.549850
    0  225  516  517 1526056427.561480
    0  225  517  516 1526056427.570475
    0  226  516  516 1526056427.590098
    0  226  517  516 1526056427.610223
    0  226  517  516 1526056427.621849
    0  225  516  517 1526056427.630855
    0  225  517  516 1526056427.650349
    0    0    0  516 1526056427.659477
    0  225  517  516 1526056427.671220
    0  225  517  516 1526056427.691978
    0    0    0  516 1526056427.699721
    0  225  517  516 1526056427.711468
    0  225  517  516 1526056427.720601
    0  225  517  516 1526056427.733346
    0  225  517  516 1526056427.741218
    0    0    0  517 1526056427.750350
    0  226  517  516 1526056427.762220
    0    0    0  516 1526056427.769842
    0  226  516  516 1526056427.782097
    0    0    0  516 1526056427.790104
    0  226  517  516 1526056427.801715
    0  226  517  516 1526056427.822718
    0    0  207  517 1526056427.830466
    0  225  517  516 1526056427.843473
    0  226  517  516 1526056427.851475
    0  226  517  516 1526056427.863090
    0    0  517  516 1526056427.872191
    0  225  517  516 1526056427.891838
    0  225  517  516 1526056427.904718
    0  225  517  516 1526056427.912718
    0  226  517  516 1526056427.932216
    0  225  517  516 1526056427.952086
    0  226  517  516 1526056427.964839
    0  225  516  516 1526056427.972836
    0  225  517  516 1526056427.992338
    0    0    0  517 1526056428.001342
    0  225  516  517 1526056428.013085
    0  225  517  516 1526056428.033844
    0    0  516  516 1526056428.041710
    0  225  516  517 1526056428.053338
    0  226  517  516 1526056428.062464
    0  226  517  517 1526056428.074082
    0    0  517  516 1526056428.081839
    0  225  517  516 1526056428.102707
    0  226  517  516 1526056428.114341
    0  226  517  517 1526056428.123457
    0  225  517  516 1526056428.143117
    0    0    0  516 1526056428.152095
    0  226  517  516 1526056428.163954
    0  225  517  516 1526056428.184709
    0    0  517  516 1526056428.192578
    0  226  517  517 1526056428.204210
    0  225  517  516 1526056428.213079
    0  226  517  516 1526056428.224827
    0    0  517  516 1526056428.232578
    0    0  516  517 1526056428.245453
    0  226  517  516 1526056428.253201
    0  226  517  516 1526056428.264826
    0  226  516  516 1526056428.273961
    0  225  517  516 1526056428.293324
    0  225  517  516 1526056428.314199
    0  226  517  516 1526056428.334830
    0    0    0  516 1526056428.342948
    0  225  517  516 1526056428.354573
    0   63  517  516 1526056428.363598
    0  226  517  517 1526056428.375324
    0    0    0  517 1526056428.383071
    0  225  517  517 1526056428.395958
    0  225  516  517 1526056428.403821
    0  226  516  517 1526056428.415446
    0  226  516  517 1526056428.424597
    0    0  516  517 1526056428.436445
    0  225  517  516 1526056428.444196
    0  226  517  516 1526056428.464819
    0  226  517  516 1526056428.476443
    0  225  517  517 1526056428.485603
    0  226  517  516 1526056428.505067
    0  225  517  516 1526056428.525818
    0  226  517  516 1526056428.546454
    0    0  516  517 1526056428.554319
    0  226  517  516 1526056428.565940
    0  226  517  516 1526056428.586815
    0    0  517  516 1526056428.594573
    0  226  517  516 1526056428.607696
    0  225  517  516 1526056428.615693
    0    0  516  517 1526056428.627313
    0  226  517  517 1526056428.636453
    0    0    0  516 1526056428.644447
    0  226  516  516 1526056428.656063
    0  226  517  516 1526056428.676820
    0    0    0  517 1526056428.684686
    0  226  517  516 1526056428.697628
    0  225  517  516 1526056428.705589
    0  226  517  517 1526056428.717310
    0    0  295  516 1526056428.725070
    0  225  517  516 1526056428.745809
    0  226  517  516 1526056428.757587
    0  226  517  516 1526056428.765947
    0  226  517  516 1526056428.777682
    0    0  517  516 1526056428.785441
    0  225  517  517 1526056428.806432
    0  226  517  516 1526056428.818145
    0  226  517  516 1526056428.827186
    0  225  517  516 1526056428.846682
    0    0    0  517 1526056428.855692
    0  226  517  516 1526056428.867434
    0  225  517  516 1526056428.888064
    0    0    0  516 1526056428.895804
    0  226  517  516 1526056428.907428
    0  226  517  516 1526056428.916440
    0  226  517  516 1526056428.928178
    0    0    0  516 1526056428.935930
    0  226  516  517 1526056428.948804
    0  226  516  516 1526056428.956804
    0  226  517  516 1526056428.968426
    0  227  517  516 1526056428.977681
    0  225  517  517 1526056428.997051
    0  226  516  516 1526056429.017924
    0  225  517  516 1526056429.038679
    0    0    0  516 1526056429.046562
    0  225  516  517 1526056429.058174
    0  225  517  516 1526056429.067307
    0  225  517  516 1526056429.079049
    0    0    0  517 1526056429.086798
    0  225  516  517 1526056429.099579
    0    0  516  516 1526056429.107299
    0  226  517  516 1526056429.118922
    0  225  517  516 1526056429.128051
    0  225  516  516 1526056429.139797
    0    0  517  516 1526056429.147547
    0  226  516  516 1526056429.168294
    0  226  517  516 1526056429.179919
    0  226  517  516 1526056429.189051
    0  226  517  516 1526056429.208543
    0  226  517  516 1526056429.229418
    0  226  517  516 1526056429.250052
    0    0  517  516 1526056429.258043
    0  226  517  516 1526056429.269793
    0    0    0  516 1526056429.278623
    0  226  517  516 1526056429.290416
    0    0  516  517 1526056429.298170
    0  226  516  516 1526056429.311173
    0  226  517  516 1526056429.319167
    0  226  517  516 1526056429.330791
    0  226  517  516 1526056429.339628
    0  226  517  516 1526056429.359164
    0  226  516  516 1526056429.372168
    0  225  516  517 1526056429.380044
    0  226  516  516 1526056429.399544
    0    0  517  517 1526056429.408662
    0  227  517  516 1526056429.420412
    0  225  517  516 1526056429.441041
    0    0  517  516 1526056429.448785
    0  225  517  516 1526056429.461624
    0  225  516  517 1526056429.469668
    0  225  517  516 1526056429.481283
    0    0  517  517 1526056429.489044
    0  226  517  516 1526056429.509784
    0  226  517  516 1526056429.521541
    0  225  517  517 1526056429.529909
    0  226  516  516 1526056429.541533
    0    0    0  516 1526056429.549289
    0  225  517  517 1526056429.569908
    0  226  516  516 1526056429.581664
    0  226  517  516 1526056429.590533
    0  226  517  516 1526056429.602156
    0    0  516  517 1526056429.609913
    0  225  516  517 1526056429.630780
    0  226  517  516 1526056429.642586
    0  225  517  517 1526056429.651664
    0    0    0  517 1526056429.659529
    0  226  517  516 1526056429.671161
    0    0  517  516 1526056429.680288
    0  226  517  517 1526056429.692151
    0    0    0  516 1526056429.699902
    0  226  516  516 1526056429.712411
    0    0  516  516 1526056429.720277
    0  226  516  516 1526056429.731991
    0  226  516  516 1526056429.740911
    0  226  517  517 1526056429.752775
    0    0  516  516 1526056429.760525
    0  225  517  516 1526056429.773157
    0  225  516  517 1526056429.781024
    0  225  517  517 1526056429.792655
    0  225  516  517 1526056429.801651
    0  226  517  516 1526056429.821273
    0  226  517  516 1526056429.841398
    0  226  516  517 1526056429.853023
    0  226  517  516 1526056429.862158
    0  226  516  516 1526056429.881521
    0  226  516  516 1526056429.902395
    0  226  517  516 1526056429.923152
    0    0    0  517 1526056429.930894
    0  225  517  517 1526056429.942519
    0    0  517  516 1526056429.951652
    0  225  516  517 1526056429.963517
    0    0    0  517 1526056429.971267
    0  225  516  517 1526056429.984154
    0  226  516  516 1526056429.992161
    0  225  516  517 1526056430.003767
    0  226  516  516 1526056430.012899
    0  225  517  516 1526056430.032390
    0  225  517  516 1526056430.053015
    0  226  516  516 1526056430.064642
    0  226  517  517 1526056430.073647
    0  226  517  516 1526056430.093138
    0  225  516  517 1526056430.113764
    0  225  516  517 1526056430.134393
    0    0    0  516 1526056430.142269
    0  225  517  517 1526056430.154012
    0  225  516  517 1526056430.174762
    0    0    0  517 1526056430.182512
    0  226  517  516 1526056430.195518
    0  225  516  517 1526056430.203512
    0  226  517  516 1526056430.215135
    0    0  516  517 1526056430.224195
    0  226  516  516 1526056430.243759
    0  226  517  516 1526056430.256769
    0  226  517  516 1526056430.264760
    0  225  516  517 1526056430.284263
    0  226  516  516 1526056430.304134
    0  226  516  517 1526056430.316785
    0  226  516  517 1526056430.324641
    0  225  516  517 1526056430.344015
    0    0    0  517 1526056430.353135
    0  226  517  517 1526056430.364881
    0  225  517  516 1526056430.385632
    0    0    0  516 1526056430.393378
    0  225  517  517 1526056430.405007
    0    0  517  517 1526056430.414009
    0  226  517  516 1526056430.425757
    0  225  516  516 1526056430.434880
    0    0  517  517 1526056430.444010
    0  226  517  516 1526056430.455881
    0    0    0  267 1526056430.463628
    0  226  517  516 1526056430.476512
    0    0  516  516 1526056430.484251
    0  225  516  516 1526056430.495886
    0  225  516  517 1526056430.505000
    0  226  516  516 1526056430.516751
    0    0  517  517 1526056430.524498
    0  226  517  516 1526056430.545625
    0    0  517  516 1526056430.557260
    0  225  517  517 1526056430.566247
    0  225  516  517 1526056430.585754
    0    0  517  516 1526056430.594886
    0  225  516  517 1526056430.606621
    0  225  516  517 1526056430.627496
    0  225  517  517 1526056430.635371
    0  225  517  517 1526056430.647003
    0  225  517  516 1526056430.656134
    0  225  517  516 1526056430.675620
    0  226  516  516 1526056430.696119
    0  226  517  516 1526056430.707750
    0  226  516  516 1526056430.716753
    0  226  516  516 1526056430.736368
    0  226  517  516 1526056430.756618
    0  225  516  517 1526056430.768250
    0  225  517  516 1526056430.777251
    0  225  516  516 1526056430.796866
    0  225  516  517 1526056430.816864
    0    0  517  517 1526056430.828620
    0  226  516  516 1526056430.837745
    0    0    0  517 1526056430.845738
    0  226  516  517 1526056430.857364
    0    0  516  517 1526056430.866370
    0  226  516  517 1526056430.878113
    0    0    0  517 1526056430.885862
    0  226  517  516 1526056430.898494
    0    0  516  517 1526056430.906363
    0  227  517  517 1526056430.917987
    0  226  516  517 1526056430.926993
    0  225  517  517 1526056430.938736
    0    0  403  517 1526056430.946486
    0  226  517  516 1526056430.967361
    0  225  517  517 1526056430.978987
    0  225  516  517 1526056430.987994
    0  225  516  517 1526056431.007485
    0  225  516  517 1526056431.027983
    0  225  516  517 1526056431.039732
    0  226  516  516 1526056431.048741
    0    0    0  516 1526056431.056746
    0  225  516  517 1526056431.068482
    0  226  516  517 1526056431.089480
    0    0    0  517 1526056431.097231
    0  226  516  517 1526056431.110235
    0  226  517  517 1526056431.118108
    0  225  516  517 1526056431.129729
    0    0  516  516 1526056431.138660
    0  225  516  517 1526056431.158354
    0  225  516  517 1526056431.171236
    0  225  516  517 1526056431.179114
    0  226  517  517 1526056431.198735
    0  225  516  517 1526056431.218976
    0  226  516  517 1526056431.231733
    0  226  516  517 1526056431.239725
    0  225  516  517 1526056431.259304
    0    0  516  517 1526056431.268228
    0  225  517  517 1526056431.279953
    0  226  517  517 1526056431.300599
    0    0  516  517 1526056431.308473
    0  225  516  517 1526056431.320100
    0  226  517  517 1526056431.329230
    0  226  517  516 1526056431.340971
    0    0  517  517 1526056431.348730
    0  227  516  517 1526056431.369598
    0  226  516  516 1526056431.381380
    0  225  517  517 1526056431.390344
    0  225  516  517 1526056431.409973
    0    0  516  517 1526056431.419106
    0  225  516  517 1526056431.431094
    0    0    0  517 1526056431.438844
    0  225  516  516 1526056431.451472
    0    0  516  517 1526056431.459343
    0  226  517  517 1526056431.470975
    0  226  516  517 1526056431.480093
    0  225  516  517 1526056431.491842
    0    0  516  516 1526056431.499592
    0  225  517  516 1526056431.512218
    0  226  516  517 1526056431.519966
    0  226  517  517 1526056431.531597
    0  226  516  517 1526056431.540749
    0  226  517  517 1526056431.560341
    0  225  517  517 1526056431.580589
    0  226  517  516 1526056431.592221
    0  226  517  517 1526056431.601223
    0  226  516  517 1526056431.620838
    0  225  517  517 1526056431.641087
    0  226  516  517 1526056431.652719
    0  225  516  516 1526056431.661721
    0  226  516  517 1526056431.681337
    0  225  517  517 1526056431.701460
    0  226  517  517 1526056431.713091
    0  225  517  517 1526056431.722096
    0  225  517  516 1526056431.741712
    0  226  517  517 1526056431.761958
    0  225  516  516 1526056431.782712
    0    0    0  517 1526056431.790583
    0  225  517  517 1526056431.802206
    0    0    0  517 1526056431.810714
    0  226  517  517 1526056431.822458
    0  225  517  516 1526056431.843084
    0    0    0  517 1526056431.850956
    0  226  516  516 1526056431.862579
    0    0    0  517 1526056431.870963
    0  226  517  517 1526056431.882828
    0  226  517  516 1526056431.903213
    0    0    0  517 1526056431.911202
    0  225  517  516 1526056431.922828
    0  225  517  517 1526056431.931960
    0  226  516  517 1526056431.943827
    0    0    0  516 1526056431.951576
    0  225  516  517 1526056431.964331
    0    0  517  517 1526056431.972075
    0  225  517  517 1526056431.983705
    0  226  517  517 1526056431.992602
    0  225  516  517 1526056432.004448
    0    0  516  517 1526056432.012197
    0  226  517  516 1526056432.032952
    0  226  517  516 1526056432.044574
    0  226  517  517 1526056432.053600
    0  226  517  517 1526056432.072948
    0  225  516  517 1526056432.093822
    0  226  516  517 1526056432.114326
    0    0    0  517 1526056432.122199
    0  226  516  517 1526056432.133945
    0  226  516  517 1526056432.154821
    0    0    0  516 1526056432.162576
    0  226  517  516 1526056432.175599
    0  226  517  517 1526056432.183604
    0  226  517  517 1526056432.195194
    0    0  517  516 1526056432.204355
    0  226  516  517 1526056432.224067
    0  226  516  517 1526056432.236949
    0  226  516  517 1526056432.244823
    0  225  516  517 1526056432.264513
    0    0  517  517 1526056432.273595
    0  226  516  517 1526056432.285192
    0  226  516  517 1526056432.306069
    0    0  516  517 1526056432.313815
    0  226  517  517 1526056432.325591
    0  225  517  517 1526056432.335137
    0  226  516  517 1526056432.354699
    0    0  517  517 1526056432.363812
    0  225  517  516 1526056432.375686
    0  225  516  517 1526056432.396436
    0    0  517  517 1526056432.404187
    0  227  516  517 1526056432.415821
    0  225  517  516 1526056432.425067
    0  226  517  517 1526056432.436810
    0  225  517  517 1526056432.444568
    0  226  517  516 1526056432.465433
    0  226  517  516 1526056432.477144
    0  225  517  516 1526056432.486184
    0    0    0  243 1526056432.494058
    0  225  517  517 1526056432.505687
    0    0  517  516 1526056432.514691
    0  225  517  516 1526056432.526682
    0    0    0  517 1526056432.534433
    0  226  516  516 1526056432.547442
    0  225  517  517 1526056432.555309
    0  226  517  517 1526056432.566937
    0  225  517  516 1526056432.576061
    0  226  517  517 1526056432.595564
    0  226  517  516 1526056432.607813
    0  226  516  517 1526056432.615804
    0  226  517  517 1526056432.627435
    0  226  516  516 1526056432.636429
    0  226  517  516 1526056432.656053
    0  226  516  517 1526056432.676561
