 101 90 1 1 1143 1143 181 1 1143 139 1 1 1526289725.881017
 231 222 1 1 1143 1143 181 1 1143 138 1 1 1526289726.102879
 83 168 1 1 1143 1143 181 1 1143 138 1 1 1526289726.326120
 86 57 1 1 1143 1143 180 1 1143 137 1 1 1526289726.355621
 225 212 1 1 1143 1143 180 1 1143 138 1 1 1526289726.377121
 109 217 1 1 1143 1143 180 1 1143 137 1 1 1526289726.458242
 218 57 1 1 1143 1143 180 1 1143 137 1 1 1526289726.549617
 224 218 1 1 1143 1143 180 1 1143 137 1 1 1526289726.555609
 217 216 1 1 1143 1143 180 1 1143 137 1 1 1526289726.599236
 131 214 1 1 1143 1143 180 1 1143 137 1 1 1526289726.628358
 215 103 1 1 1143 1143 180 1 1143 137 1 1 1526289726.666735
 206 215 1 1 1143 1143 180 1 1143 137 1 1 1526289726.695108
 206 197 1 1 1143 1143 179 1 1143 137 1 1 1526289726.724108
 217 120 1 1 1143 1143 179 1 1143 137 1 1 1526289726.831605
 211 225 1 1 1143 1143 179 1 1143 137 1 1 1526289726.901602
 221 73 1 1 1143 1143 179 1 1143 136 1 1 1526289727.003598
 53 219 1 1 1143 1143 180 1 1143 137 1 1 1526289727.205467
 218 219 1 1 1143 1143 179 1 1143 137 1 1 1526289727.282213
 208 205 1 1 1143 1143 179 1 1143 137 1 1 1526289727.308839
 53 114 1 1 1143 1143 179 1 1143 137 1 1 1526289727.437834
 215 215 1 1 1143 1143 179 1 1143 137 1 1 1526289727.452077
 226 219 1 1 1143 1143 179 1 1143 137 1 1 1526289727.721824
 222 60 1 1 1143 1143 179 1 1143 136 1 1 1526289727.757576
 223 71 1 1 1142 1142 179 1 1143 136 1 1 1526289727.898318
 216 215 1 1 1142 1142 179 1 1143 136 1 1 1526289727.983815
 213 224 1 1 1142 1142 179 1 1142 137 1 1 1526289728.124613
 218 219 1 1 1143 1143 179 1 1143 137 1 1 1526289728.160439
 110 210 1 1 1142 1142 179 1 1142 136 1 1 1526289728.166304
 213 225 1 1 1142 1142 179 1 1142 136 1 1 1526289728.306303
 221 221 1 1 1142 1142 179 1 1142 136 1 1 1526289728.547922
 236 119 1 1 1142 1142 179 1 1142 136 1 1 1526289728.569558
 214 119 23 1 1142 1142 179 1 1142 137 1 1 1526289728.580797
 227 62 1 1 1142 1142 179 1 1142 136 1 1 1526289728.645295
 228 124 1 1 1142 1142 179 1 1142 136 1 1 1526289728.662794
 119 227 1 1 1142 1142 179 1 1142 137 1 1 1526289728.689914
 211 207 1 1 1142 1142 179 1 1142 136 1 1 1526289728.749915
 136 66 1 1 1142 1142 179 1 1142 136 1 1 1526289728.988784
 116 75 1 1 1142 1142 179 1 1142 136 1 1 1526289729.046284
 84 124 1 1 1142 1142 179 1 1142 136 1 1 1526289729.089404
 219 100 1 1 1142 1142 179 1 1142 137 1 1 1526289729.211149
 216 228 1 1 1142 1142 179 1 1142 136 1 1 1526289729.223770
 210 217 1 1 1142 1142 179 1 1142 136 1 1 1526289729.323020
 220 210 1 1 1142 1142 179 1 1142 136 1 1 1526289729.365266
 129 92 1 1 1142 1142 179 1 1142 136 1 1 1526289729.403016
 221 220 1 1 1142 1142 179 1 1142 136 1 1 1526289729.485715
 221 212 1 1 1142 1142 179 1 1142 136 1 1 1526289729.519017
 204 60 1 1 1142 1142 179 1 1142 136 1 1 1526289729.674384
 88 198 1 1 1142 1142 179 1 1142 136 1 1 1526289729.749757
 212 49 1 1 1142 1142 179 1 1142 136 1 1 1526289729.776199
 224 86 1 1 1142 1142 179 1 1142 136 1 1 1526289729.801133
 212 208 1 1 1142 1142 179 1 1142 136 1 1 1526289729.841128
 61 61 1 1 1142 1142 179 1 1142 136 1 1 1526289729.860506
 209 198 1 1 1142 1142 179 1 1142 136 1 1 1526289730.054999
 91 64 1 1 1142 1142 179 1 1142 136 1 1 1526289730.119744
 222 217 1 1 1142 1142 179 1 1142 136 1 1 1526289730.209242
 218 224 1 1 1142 1142 179 1 1142 137 1 1 1526289730.260240
 210 581 1 1 1142 1142 179 1 1142 136 1 1 1526289730.282369
 224 222 1 1 1142 1142 179 1 1142 136 1 1 1526289730.404984
 203 210 1 1 1142 1142 179 1 1142 136 1 1 1526289730.412853
 223 47 1 1 1142 1142 179 1 1142 136 1 1 1526289730.529479
 58 100 1 1 1142 1142 179 1 1142 136 1 1 1526289730.578853
 202 207 1 1 1142 1142 179 1 1142 136 1 1 1526289730.733602
 118 206 1 1 1142 1142 179 1 1142 136 1 1 1526289730.757972
 225 212 1 1 1142 1142 179 1 1142 136 1 1 1526289730.795845
 561 172 1 1 1142 1142 179 1 1142 136 1 1 1526289730.815224
 67 216 1 1 1142 1142 179 1 1142 136 1 1 1526289730.922967
 212 204 1 1 1142 1142 179 1 1142 136 1 1 1526289730.968592
 212 218 1 1 1142 1142 179 1 1142 136 1 1 1526289731.214206
 109 221 1 1 1142 1142 179 1 1142 136 1 1 1526289731.406826
 222 220 1 1 1142 1142 179 1 1142 136 1 1 1526289731.490694
 224 124 1 1 1142 1142 179 1 1142 136 1 1 1526289731.516943
 102 56 1 1 1142 1142 179 1 1142 136 1 1 1526289731.586942
 221 85 1 1 1141 1141 179 1 1142 136 1 1 1526289731.880681
 69 235 1 1 1141 1141 179 1 1142 136 1 1 1526289731.888178
 54 216 1 1 1141 1141 179 1 1142 137 1 1 1526289731.920563
 216 221 1 1 1142 1142 179 1 1142 136 1 1 1526289732.097674
 111 93 1 1 1141 1141 179 1 1142 136 1 1 1526289732.120799
 124 213 1 1 1141 1141 179 1 1141 136 1 1 1526289732.148173
 209 92 1 1 1141 1141 179 1 1141 136 1 1 1526289732.184920
 210 463 1 1 1142 1142 179 1 1142 137 1 1 1526289732.333542
 222 213 1 1 1141 1141 179 1 1141 136 1 1 1526289732.438536
 218 55 1 1 1141 1141 179 1 1141 136 1 1 1526289732.479160
 226 164 1 1 1141 1141 179 1 1141 136 1 1 1526289732.506794
 217 213 1 1 1141 1141 179 1 1141 136 1 1 1526289732.547910
 116 223 1 1 1141 1141 179 1 1141 136 1 1 1526289732.597906
 210 220 1 1 1141 1141 179 1 1141 136 1 1 1526289732.638407
 56 826 1 1 1142 1142 180 1 1142 137 1 1 1526289732.686154
 106 65 1 1 1141 1141 179 1 1141 136 1 1 1526289732.705278
 91 227 1 1 1141 1141 179 1 1141 136 1 1 1526289732.844025
 220 59 1 1 1141 1141 179 1 1141 136 1 1 1526289732.853149
 127 236 1 1 1141 1141 179 1 1141 136 1 1 1526289732.874648
 199 102 76 1 1141 1141 1141 1 1141 1141 1 1 1526289732.883269
 250 120 1 1 1141 1141 179 1 1141 136 1 1 1526289733.033643
 198 93 1 1 1141 1141 179 1 1141 136 1 1 1526289733.132765
 150 207 1 1 1141 1141 179 1 1141 136 1 1 1526289733.141885
 216 734 1 1 1142 1142 179 1 1142 137 1 1 1526289733.155141
 221 118 1 1 1141 1141 179 1 1141 136 1 1 1526289733.245636
 64 613 1 1 1141 1141 180 1 1141 137 1 1 1526289733.266893
 216 222 1 1 1141 1141 179 1 1141 136 1 1 1526289733.401755
 221 209 1 1 1141 1141 179 1 1141 136 1 1 1526289733.441879
 223 72 1 1 1141 1141 179 1 1141 136 1 1 1526289733.488752
 222 207 1 1 1141 1141 179 1 1141 136 1 1 1526289733.509626
 229 223 1 1 1141 1141 179 1 1141 137 1 1 1526289733.571750
 110 101 1 1 1141 1141 179 1 1141 136 1 1 1526289733.589251
 215 209 1 1 1141 1141 179 1 1141 136 1 1 1526289733.774621
 213 224 1 1 1141 1141 179 1 1141 136 1 1 1526289733.834617
 204 212 1 1 1141 1141 179 1 1141 136 1 1 1526289733.914867
 211 214 1 1 1141 1141 179 1 1141 136 1 1 1526289734.008612
 99 109 1 1 1141 1141 179 1 1141 136 1 1 1526289734.038484
 212 207 1 1 1141 1141 179 1 1141 136 1 1 1526289734.154856
 215 218 1 1 1141 1141 179 1 1141 137 1 1 1526289734.194481
 217 108 1 1 1141 1141 179 1 1141 136 1 1 1526289734.250358
 215 220 1 1 1141 1141 179 1 1141 137 1 1 1526289734.288977
 218 204 1 1 1141 1141 179 1 1141 136 1 1 1526289734.432845
 142 208 1 1 1141 1141 179 1 1141 136 1 1 1526289734.492969
 214 59 1 1 1141 1141 179 1 1141 136 1 1 1526289734.544968
 60 72 1 1 1141 1141 179 1 1141 136 1 1 1526289734.598338
 218 215 1 1 1141 1141 179 1 1141 136 1 1 1526289734.617846
 221 222 1 1 1141 1141 179 1 1141 137 1 1 1526289734.661462
 219 223 1 1 1141 1141 179 1 1141 136 1 1 1526289734.812083
 211 219 1 1 1141 1141 179 1 1141 136 1 1 1526289734.826080
 215 55 1 1 1141 1141 179 1 1141 136 1 1 1526289734.840580
 223 228 1 1 1141 1141 179 1 1141 136 1 1 1526289734.860456
 163 217 1 1 1141 1141 179 1 1141 136 1 1 1526289734.911829
 213 204 1 1 1141 1141 179 1 1141 136 1 1 1526289734.944342
 202 230 1 1 1141 1141 179 1 1141 136 1 1 1526289734.978087
 114 218 1 1 1141 1141 179 1 1141 136 1 1 1526289735.019202
 76 48 1 1 1141 1141 178 1 1141 136 1 1 1526289735.111075
 102 52 1 1 1141 1141 178 1 1141 136 1 1 1526289735.192444
 109 215 1 1 1141 1141 179 1 1141 136 1 1 1526289735.241067
 88 423 1 1 1141 1141 179 1 1141 136 1 1 1526289735.255068
 94 217 1 1 1141 1141 179 1 1141 136 1 1 1526289735.364439
 56 206 1 1 1141 1141 179 1 1141 136 1 1 1526289735.404441
 228 71 1 1 1141 1141 179 1 1141 136 1 1 1526289735.466186
 78 115 1 1 1141 1141 179 1 1141 136 1 1 1526289735.595680
 221 125 1 1 1141 1141 179 1 1141 136 1 1 1526289735.649304
 272 85 1 1 1141 1141 179 1 1141 136 1 1 1526289735.693929
