  226  516  516  517 1526283835.937303
  225  517  516  516 1526283835.941556
  226  516  516  516 1526283835.945559
  226  517  516  516 1526283835.954797
  226  516  517  517 1526283835.958671
  224  517  517  516 1526283835.962570
  225  516  517  517 1526283835.967802
  225  517  516  517 1526283835.971798
  225  517  517  516 1526283835.975675
  225  516  517  516 1526283835.979676
  226  516  517  516 1526283835.983546
  226  516  517  516 1526283835.987421
  226  517  516  516 1526283835.991297
  226  517  516  516 1526283835.995171
  226  516  517  516 1526283835.999079
  226  516  517  517 1526283836.004106
  226  516  517  517 1526283836.008052
  226  517  516  516 1526283836.012046
  226  517  516  516 1526283836.015933
  225  516  517  516 1526283836.019796
  225  516  516  517 1526283836.023672
  226  516  516  517 1526283836.027545
  226  516  516  516 1526283836.031568
  225  516  516  516 1526283836.036428
  226  517  516  516 1526283836.040429
  225  516  517  516 1526283836.044291
  225  517  516  516 1526283836.048170
  225  516  516  517 1526283836.052044
  226  516  516  517 1526283836.055918
  225  517  516  517 1526283836.059794
  226  516  516  516 1526283836.063799
  226  516  516  516 1526283836.068918
  225  516  516  517 1526283836.072799
  226  516  516  517 1526283836.076884
  226  516  516  516 1526283836.080669
  226  516  516  517 1526283836.084543
  225  517  516  516 1526283836.088417
  226  516  516  516 1526283836.092425
  226  516  517  516 1526283836.097234
  225  516  517  517 1526283836.101168
  226  516  516  516 1526283836.105040
  226  516  516  516 1526283836.108918
  226  516  517  516 1526283836.112793
  226  516  517  517 1526283836.116668
  226  516  517  517 1526283836.120566
  226  516  517  517 1526283836.125546
  226  517  516  516 1526283836.129542
  226  516  517  516 1526283836.133422
  225  516  517  517 1526283836.137288
  226  516  517  517 1526283836.141166
  226  516  517  516 1526283836.145041
  226  517  517  517 1526283836.148916
  226  517  516  516 1526283836.152921
  227  516  516  517 1526283836.157324
  226  516  517  517 1526283836.161299
  226  516  517  516 1526283836.165162
  225  516  517  517 1526283836.169165
  225  516  516  517 1526283836.173039
  225  517  516  516 1526283836.176914
  226  516  516  516 1526283836.180794
  225  516  517  517 1526283836.185986
  226  517  516  516 1526283836.189923
  226  517  516  517 1526283836.193792
  225  516  517  516 1526283836.197788
  225  516  517  516 1526283836.201665
  225  516  516  517 1526283836.205540
  225  516  516  517 1526283836.209415
  225  517  516  516 1526283836.213297
  226  516  516  516 1526283836.218168
  226  516  517  517 1526283836.222170
  225  516  517  516 1526283836.226035
  225  517  516  516 1526283836.229913
  225  517  517  516 1526283836.233788
  225  516  516  517 1526283836.237665
  226  516  517  516 1526283836.241539
  225  516  517  516 1526283836.246675
  225  516  516  517 1526283836.250667
  225  517  516  517 1526283836.254538
  226  516  516  516 1526283836.258409
  226  516  516  516 1526283836.262287
  226  516  517  517 1526283836.266162
  225  517  517  516 1526283836.270036
  225  516  516  517 1526283836.273920
  226  516  517  516 1526283836.279042
  226  516  516  517 1526283836.283037
  225  516  517  517 1526283836.286908
  225  516  516  517 1526283836.290920
  225  516  516  517 1526283836.294911
  226  517  516  516 1526283836.298820
  225  516  516  516 1526283836.302663
  226  516  517  517 1526283836.307798
  225  516  516  517 1526283836.311669
  225  516  517  517 1526283836.315535
  226  516  516  517 1526283836.319408
  225  516  517  517 1526283836.323284
  225  516  516  516 1526283836.327160
  225  516  517  517 1526283836.331035
  225  516  517  516 1526283836.334920
  226  516  516  516 1526283836.340164
  225  516  516  517 1526283836.344160
  226  516  517  517 1526283836.348031
  225  516  516  516 1526283836.351912
  225  517  516  516 1526283836.355786
  225  517  516  516 1526283836.359660
  226  516  517  517 1526283836.363534
  226  516  517  516 1526283836.368535
  225  516  517  516 1526283836.372533
  226  517  516  517 1526283836.376534
  226  516  516  517 1526283836.380418
  225  516  516  517 1526283836.384410
  226  516  517  516 1526283836.388283
  225  516  516  517 1526283836.392158
  225  516  517  517 1526283836.396039
  226  517  517  516 1526283836.401166
  225  516  517  517 1526283836.405158
  225  516  517  517 1526283836.409031
  225  516  516  517 1526283836.412904
  225  517  516  516 1526283836.416781
  226  516  516  517 1526283836.420655
  225  516  516  517 1526283836.424530
  225  516  516  516 1526283836.429852
  225  516  517  516 1526283836.433661
  226  516  517  516 1526283836.437529
  226  516  516  516 1526283836.441404
  226  516  516  517 1526283836.445278
  226  516  517  516 1526283836.449154
  225  516  516  516 1526283836.453028
  226  516  516  517 1526283836.456912
  225  516  516  517 1526283836.462163
  226  516  516  516 1526283836.466153
  225  517  516  516 1526283836.470028
  225  516  517  516 1526283836.473904
  225  516  516  517 1526283836.477778
  226  516  516  517 1526283836.481657
  226  516  517  517 1526283836.485530
  225  516  516  516 1526283836.490656
  226  516  517  517 1526283836.494658
  226  517  516  516 1526283836.498530
  226  516  517  517 1526283836.502402
  226  517  517  516 1526283836.506278
  226  516  516  517 1526283836.510152
  225  516  516  517 1526283836.514028
  225  516  516  517 1526283836.517908
  226  517  517  517 1526283836.523039
  226  516  517  516 1526283836.527030
   29   42   41   34 1526283836.530903
  226  516  516  517 1526283836.534780
  225  516  517  517 1526283836.538653
  225  516  516  517 1526283836.542529
  226  517  517  516 1526283836.546401
  225  516  517  516 1526283836.551785
  226  516  517  517 1526283836.555655
  226  516  517  517 1526283836.559524
  225  516  517  516 1526283836.563402
  226  516  516  517 1526283836.567276
   29   41   41   34 1526283836.571151
  225  516  516  516 1526283836.575026
  226  517  517  517 1526283836.578908
  226  516  516  516 1526283836.584178
  225  517  516  516 1526283836.588151
  226  516  517  517 1526283836.592025
  225  517  516  516 1526283836.595901
  226  516  516  516 1526283836.599773
  226  516  516  516 1526283836.603649
  225  516  517  517 1526283836.607525
  226  516  517  517 1526283836.611528
  226  516  516  517 1526283836.616659
  225  516  517  517 1526283836.620650
  225  516  516  517 1526283836.624526
  225  516  516  517 1526283836.628399
  225  516  517  517 1526283836.632273
  225  516  517  517 1526283836.636149
  226  516  516  517 1526283836.640032
  226  517  516  516 1526283836.645156
  226  517  516  517 1526283836.649148
  226  516  516  516 1526283836.653022
  226  516  516  517 1526283836.656898
  225  516  517  517 1526283836.660647
  226  517  517  517 1526283836.664522
  226  517  516  516 1526283836.668398
  225  516  516  516 1526283836.673780
  226  516  517  516 1526283836.677782
  226  517  516  516 1526283836.681646
  226  516  516  516 1526283836.685646
  225  517  516  516 1526283836.689521
  225  516  517  516 1526283836.693395
  225  516  516  517 1526283836.697272
  226  517  517  517 1526283836.701154
  225  516  517  516 1526283836.706406
  226  517  516  516 1526283836.710397
  225  516  516  517 1526283836.714270
  226  516  516  516 1526283836.718146
  225  516  516  517 1526283836.722020
  226  516  517  516 1526283836.725894
  225  516  516  517 1526283836.729769
  225  517  516  516 1526283836.734960
  226  516  517  517 1526283836.738902
  226  516  516  516 1526283836.742770
  225  516  516  516 1526283836.746644
  226  517  516  516 1526283836.750520
  225  516  517  516 1526283836.754395
  226  516  517  517 1526283836.758271
  226  516  517  517 1526283836.762152
  225  516  516  517 1526283836.767152
  225  516  516  517 1526283836.771151
  226  516  517  517 1526283836.775019
  226  516  517  516 1526283836.778895
  226  516  517  517 1526283836.782768
  226  517  517  516 1526283836.786644
  226  517  516  517 1526283836.790520
  