 110 1 1 1 1 2 28 1 12 11 10 1 1526401996.695990
 162 1 1 1 1 2 28 1 12 11 9 1 1526401996.804984
 127 1 1 1 1 2 28 1 12 11 9 1 1526401996.913613
 328 1 1 1 1 2 28 1 12 11 9 1 1526401997.022474
 146 1 1 1 1 2 28 1 12 11 9 1 1526401997.131348
 592 1 1 1 1 2 28 1 12 11 9 1 1526401997.236217
 152 1 1 1 1 2 28 1 12 11 9 1 1526401997.345089
 306 1 1 1 1 2 28 1 12 11 9 1 1526401997.453961
 321 1 1 1 1 2 28 1 12 11 9 1 1526401997.562832
 138 1 1 1 1 2 28 1 12 11 9 1 1526401997.671704
 107 1 1 1 1 2 28 1 12 11 9 1 1526401997.780579
 191 1 1 1 1 2 28 1 12 11 9 1 1526401997.889446
 362 1 1 1 1 2 28 1 12 11 9 1 1526401997.998318
 307 1 1 1 1 2 28 1 12 11 9 1 1526401998.107190
 170 1 1 1 1 2 28 1 12 11 9 1 1526401998.216060
 129 1 1 1 1 2 28 1 12 11 9 1 1526401998.324932
 315 1 1 1 1 2 28 1 12 11 9 1 1526401998.433803
 729 1 1 1 1 2 28 1 12 11 9 1 1526401998.542675
 308 1 1 1 1 2 28 1 12 11 10 1 1526401998.647543
 127 1 1 1 1 2 28 1 12 11 9 1 1526401998.752291
 101 1 1 1 1 2 28 1 12 11 9 1 1526401998.857038
 570 1 1 1 1 2 28 1 12 11 9 1 1526401998.966035
 127 1 1 1 1 2 28 1 12 11 9 1 1526401999.075033
 159 1 1 1 1 2 28 1 12 11 9 1 1526401999.183152
 223 1 1 1 1 2 28 1 12 11 9 1 1526401999.292024
 740 1 1 1 1 2 28 1 12 11 9 1 1526401999.400896
 153 1 1 1 1 2 28 1 12 11 9 1 1526401999.505766
 426 1 1 1 1 2 28 1 12 11 9 1 1526401999.610640
 147 1 1 1 1 2 28 1 12 11 9 1 1526401999.715508
 145 1 1 1 1 2 28 1 12 11 9 1 1526401999.821132
 316 1 1 1 1 2 28 1 12 11 9 1 1526401999.929881
 312 1 1 1 1 2 28 1 12 11 9 1 1526402000.034748
 244 1 1 1 1 2 28 1 12 11 9 1 1526402000.143631
 142 1 1 1 1 2 28 1 12 11 9 1 1526402000.248492
 113 1 1 1 1 2 28 1 12 11 9 1 1526402000.357364
 156 1 1 1 1 2 28 1 12 11 9 1 1526402000.465893
 213 1 1 1 1 2 28 1 12 11 9 1 1526402000.574731
 318 1 1 1 1 2 28 1 12 11 9 1 1526402000.681853
 507 1 1 1 1 2 28 1 12 11 9 1 1526402000.790723
 178 1 1 1 1 2 28 1 12 11 9 1 1526402000.899595
 140 1 1 1 1 2 28 1 12 11 9 1 1526402001.004467
 150 1 1 1 1 2 28 1 12 11 10 1 1526402001.113464
 307 1 1 1 1 2 28 1 12 11 9 1 1526402001.218334
 316 1 1 1 1 2 28 1 12 11 9 1 1526402001.323205
 334 1 1 1 1 2 28 1 12 11 9 1 1526402001.431823
 467 1 1 1 1 2 28 1 12 11 9 1 1526402001.540573
 287 1 1 1 1 2 28 1 12 11 9 1 1526402001.648945
 876 1 1 1 1 2 28 1 12 11 9 1 1526402001.757694
 176 1 1 1 1 2 28 1 12 11 9 1 1526402001.862563
 115 1 1 1 1 2 28 1 12 11 9 1 1526402001.967433
 319 1 1 1 1 2 28 1 12 11 9 1 1526402002.072304
 149 1 1 1 1 2 28 1 12 11 9 1 1526402002.180807
 393 1 1 1 1 2 28 1 12 11 9 1 1526402002.288797
 174 1 1 1 1 2 28 1 12 11 9 1 1526402002.397671
 325 1 1 1 1 2 28 1 12 11 9 1 1526402002.502541
 273 1 1 1 1 2 28 1 12 11 9 1 1526402002.611162
 145 1 1 1 1 2 28 1 12 11 9 1 1526402002.716033
 739 1 1 1 1 2 28 1 12 11 10 1 1526402002.824780
 442 1 1 1 1 2 28 1 12 11 10 1 1526402002.929662
 109 1 1 1 1 2 28 1 12 11 9 1 1526402003.037898
 329 1 1 1 1 2 28 1 12 11 9 1 1526402003.146019
 125 1 1 1 1 2 28 1 12 11 9 1 1526402003.254891
 134 1 1 1 1 2 28 1 12 11 9 1 1526402003.359761
 110 1 1 1 1 2 28 1 12 11 9 1 1526402003.468383
 564 1 1 1 1 2 28 1 12 11 9 1 1526402003.577878
 316 1 1 1 1 2 28 1 12 11 9 1 1526402003.687253
 311 1 1 1 1 2 28 1 12 11 9 1 1526402003.792123
 200 1 1 1 1 2 28 1 12 11 9 1 1526402003.901244
 566 1 1 1 1 2 28 1 12 11 9 1 1526402004.010116
 149 1 1 1 1 2 28 1 12 11 9 1 1526402004.114986
 860 1 1 1 1 2 28 1 12 11 9 1 1526402004.220483
 202 1 1 1 1 2 28 1 12 11 9 1 1526402004.329354
 175 1 1 1 1 2 28 1 12 11 9 1 1526402004.434225
 113 1 1 1 1 2 28 1 12 11 9 1 1526402004.539097
 132 1 1 1 1 2 28 1 12 11 9 1 1526402004.643969
 260 1 1 1 1 2 28 1 12 11 9 1 1526402004.752837
 282 1 1 1 1 2 28 1 12 11 9 1 1526402004.860838
 314 1 1 1 1 2 28 1 12 11 9 1 1526402004.965707
 104 1 1 1 1 2 28 1 12 11 9 1 1526402005.075830
 177 1 1 1 1 2 28 1 12 11 9 1 1526402005.184825
 628 1 1 1 1 2 28 1 12 11 9 1 1526402005.289701
 702 1 1 1 1 2 28 1 12 11 9 1 1526402005.398569
 129 1 1 1 1 2 28 1 12 11 9 1 1526402005.503815
 130 1 1 1 1 2 28 1 12 11 9 1 1526402005.612689
 758 1 1 1 1 2 28 1 12 11 9 1 1526402005.717557
 336 1 1 1 1 2 28 1 12 11 9 1 1526402005.822429
 182 1 1 1 1 2 28 1 12 11 9 1 1526402005.927300
 105 1 1 1 1 2 28 1 12 11 9 1 1526402006.032173
 187 1 1 1 1 2 28 1 12 11 9 1 1526402006.141045
 147 1 1 1 1 2 28 1 12 11 9 1 1526402006.245914
 142 1 1 1 1 2 28 1 12 11 9 1 1526402006.354786
 324 1 1 1 1 2 28 1 12 11 9 1 1526402006.463283
 100 1 1 1 1 2 28 1 12 11 9 1 1526402006.568152
 172 1 1 1 1 2 28 1 12 11 9 1 1526402006.677150
 503 1 1 1 1 2 28 1 12 11 9 1 1526402006.785894
 106 1 1 1 1 2 28 1 12 11 9 1 1526402006.890768
 298 1 1 1 1 2 28 1 12 11 9 1 1526402006.995640
 237 1 1 1 1 2 28 1 12 11 9 1 1526402007.100510
 234 1 1 1 1 2 28 1 12 11 9 1 1526402007.209384
 310 1 1 1 1 2 28 1 12 11 9 1 1526402007.314253
 144 1 1 1 1 2 28 1 12 11 9 1 1526402007.423125
 253 1 1 1 1 2 28 1 12 11 9 1 1526402007.527996
 153 1 1 1 1 2 28 1 12 11 9 1 1526402007.635994
 183 1 1 1 1 2 28 1 12 11 9 1 1526402007.740990
 186 1 1 1 1 2 28 1 12 11 9 1 1526402007.849861
 315 1 1 1 1 2 28 1 12 11 9 1 1526402007.954733
 314 1 1 1 1 2 28 1 12 11 9 1 1526402008.059617
 122 1 1 1 1 2 28 1 12 11 9 1 1526402008.168474
 115 1 1 1 1 2 28 1 12 11 9 1 1526402008.277349
 319 1 1 1 1 2 28 1 12 11 9 1 1526402008.385842
 309 1 1 1 1 2 28 1 12 11 9 1 1526402008.490716
 302 1 1 1 1 2 28 1 12 11 9 1 1526402008.599586
 216 1 1 1 1 2 28 1 12 11 9 1 1526402008.708457
 564 1 1 1 1 2 28 1 12 11 10 1 1526402008.813329
 194 1 1 1 1 2 28 1 12 11 9 1 1526402008.922199
 111 1 1 1 1 2 28 1 12 11 9 1 1526402009.031072
 313 1 1 1 1 2 28 1 12 11 9 1 1526402009.135945
 294 1 1 1 1 2 28 1 12 11 9 1 1526402009.241066
 167 1 1 1 1 2 28 1 12 11 9 1 1526402009.345935
 102 1 1 1 1 2 28 1 12 11 9 1 1526402009.450806
 381 1 1 1 1 2 28 1 12 11 9 1 1526402009.555680
 278 1 1 1 1 2 28 1 12 11 9 1 1526402009.664550
 268 1 1 1 1 2 28 1 12 11 9 1 1526402009.769419
 142 1 1 1 1 2 28 1 12 11 9 1 1526402009.878292
 312 1 1 1 1 2 28 1 12 11 9 1 1526402009.983166
 102 1 1 1 1 2 28 1 12 11 9 1 1526402010.088036
 310 1 1 1 1 2 28 1 12 11 9 1 1526402010.196906
 245 1 1 1 1 2 28 1 12 11 9 1 1526402010.305779
 103 1 1 1 1 2 28 1 12 11 9 1 1526402010.414651
 128 1 1 1 1 2 28 1 12 11 9 1 1526402010.519520
 144 1 1 1 1 2 28 1 12 11 9 1 1526402010.624768
 202 1 1 1 1 2 28 1 12 11 9 1 1526402010.733265
 141 1 1 1 1 2 28 1 12 11 9 1 1526402010.842136
 178 1 1 1 1 2 28 1 12 11 9 1 1526402010.947006
 250 1 1 1 1 2 28 1 12 11 9 1 1526402011.051877
 118 1 1 1 1 2 28 1 12 11 9 1 1526402011.160748
 121 1 1 1 1 2 28 1 12 11 9 1 1526402011.270245
 140 1 1 1 1 2 28 1 12 11 9 1 1526402011.379119
 244 1 1 1 1 2 28 1 12 11 9 1 1526402011.488875
 123 1 1 1 1 2 28 1 12 11 9 1 1526402011.594360
 318 1 1 1 1 2 28 1 12 11 9 1 1526402011.702857
 379 1 1 1 1 2 28 1 12 11 9 1 1526402011.811728
 211 1 1 1 1 2 28 1 12 11 9 1 1526402011.920223
 567 1 1 1 1 2 28 1 12 11 9 1 1526402012.029722
 307 1 1 1 1 2 28 1 12 11 9 1 1526402012.134593
 143 1 1 1 1 2 28 1 12 11 9 1 1526402012.239466
 337 1 1 1 1 2 28 1 12 11 9 1 1526402012.348459
 100 1 1 1 1 2 28 1 12 11 9 1 1526402012.453329
 199 1 1 1 1 2 28 1 12 11 9 1 1526402012.558329
 180 1 1 1 1 2 28 1 12 11 9 1 1526402012.663200
 131 1 1 1 1 2 28 1 12 11 9 1 1526402012.768069
 310 1 1 1 1 2 28 1 12 11 9 1 1526402012.876943
 164 1 1 1 1 2 28 1 12 11 9 1 1526402012.981813
 278 1 1 1 1 2 28 1 12 11 9 1 1526402013.086687
 306 1 1 1 1 2 28 1 12 11 9 1 1526402013.195557
 237 1 1 1 1 2 28 1 12 11 9 1 1526402013.304428
 523 1 1 1 1 2 28 1 12 11 9 1 1526402013.413297
 270 1 1 1 1 2 28 1 12 11 10 1 1526402013.521797
 299 1 1 1 1 2 28 1 12 11 9 1 1526402013.626669
 119 1 1 1 1 2 28 1 12 11 9 1 1526402013.735167
 197 1 1 1 1 2 28 1 12 11 9 1 1526402013.845160
 203 1 1 1 1 2 28 1 12 11 9 1 1526402013.954274
 206 1 1 1 1 2 28 1 12 11 9 1 1526402014.063026
 117 1 1 1 1 2 28 1 12 11 9 1 1526402014.171148
 265 1 1 1 1 2 28 1 12 11 9 1 1526402014.280770
 149 1 1 1 1 2 28 1 12 11 9 1 1526402014.388889
 125 1 1 1 1 2 28 1 12 11 9 1 1526402014.496886
 313 1 1 1 1 2 28 1 12 11 9 1 1526402014.605759
 155 1 1 1 1 2 28 1 12 11 9 1 1526402014.710630
 178 1 1 1 1 2 28 1 12 11 9 1 1526402014.819501
 129 1 1 1 1 2 28 1 12 11 9 1 1526402014.928371
 147 1 1 1 1 2 28 1 12 11 9 1 1526402015.037240
 502 1 1 1 1 2 28 1 12 11 9 1 1526402015.146115
 171 1 1 1 1 2 28 1 12 11 9 1 1526402015.254987
 310 1 1 1 1 2 28 1 12 11 9 1 1526402015.360112
 100 1 1 1 1 2 28 1 12 11 9 1 1526402015.468980
 322 1 1 1 1 2 28 1 12 11 9 1 1526402015.577851
 149 1 1 1 1 2 28 1 12 11 9 1 1526402015.682721
 179 1 1 1 1 2 28 1 12 11 9 1 1526402015.791594
 160 1 1 1 1 2 28 1 12 11 9 1 1526402015.900466
 138 1 1 1 1 2 28 1 12 11 9 1 1526402016.009337
 221 1 1 1 1 2 28 1 12 11 9 1 1526402016.118207
 315 1 1 1 1 2 28 1 12 11 9 1 1526402016.223079
 761 1 1 1 1 2 28 1 12 11 10 1 1526402016.327950
 110 1 1 1 1 2 28 1 12 11 9 1 1526402016.432946
 168 1 1 1 1 2 28 1 12 11 9 1 1526402016.541819
 128 1 1 1 1 2 28 1 12 11 9 1 1526402016.650693
 114 1 1 1 1 2 28 1 12 11 9 1 1526402016.755561
 124 1 1 1 1 2 28 1 12 11 9 1 1526402016.860432
 608 1 1 1 1 2 28 1 12 11 9 1 1526402016.969305
 477 1 1 1 1 2 28 1 12 11 9 1 1526402017.078050
 761 1 1 1 1 2 28 1 12 11 10 1 1526402017.186172
 185 1 1 1 1 2 28 1 12 11 9 1 1526402017.294795
 105 1 1 1 1 2 28 1 12 11 9 1 1526402017.403666
 194 1 1 1 1 2 28 1 12 11 9 1 1526402017.508536
 133 1 1 1 1 2 28 1 12 11 9 1 1526402017.617408
 109 1 1 1 1 2 28 1 12 11 9 1 1526402017.726278
 218 1 1 1 1 2 28 1 12 11 9 1 1526402017.835896
 111 1 1 1 1 2 28 1 12 11 9 1 1526402017.945270
 129 1 1 1 1 2 28 1 12 11 9 1 1526402018.050144
 742 1 1 1 1 2 28 1 12 11 10 1 1526402018.159014
 265 1 1 1 1 2 28 1 12 11 9 1 1526402018.263885
 146 1 1 1 1 2 28 1 12 11 9 1 1526402018.372757
 182 1 1 1 1 2 28 1 12 11 9 1 1526402018.477630
 200 1 1 1 1 2 28 1 12 11 9 1 1526402018.585876
 174 1 1 1 1 2 28 1 12 11 9 1 1526402018.690748
 242 1 1 1 1 2 28 1 12 11 9 1 1526402018.799626
 156 1 1 1 1 2 28 1 12 11 9 1 1526402018.908488
 176 1 1 1 1 2 28 1 12 11 9 1 1526402019.013360
 733 1 1 1 1 2 28 1 12 11 10 1 1526402019.118233
 133 1 1 1 1 2 28 1 12 11 9 1 1526402019.223106
 99 1 1 1 1 2 28 1 12 11 9 1 1526402019.331850
 164 1 1 1 1 2 28 1 12 11 9 1 1526402019.440722
 325 1 1 1 1 2 28 1 12 11 9 1 1526402019.549591
 121 1 1 1 1 2 28 1 12 11 9 1 1526402019.657837
 171 1 1 1 1 2 28 1 12 11 9 1 1526402019.765834
 228 1 1 1 1 2 28 1 12 11 9 1 1526402019.873958
 209 1 1 1 1 2 28 1 12 11 9 1 1526402019.982825
 386 1 1 1 1 2 28 1 12 11 9 1 1526402020.090953
 294 1 1 1 1 2 28 1 12 11 9 1 1526402020.200575
 116 1 1 1 1 2 28 1 12 11 9 1 1526402020.308945
 301 1 1 1 1 2 28 1 12 11 9 1 1526402020.413939
 213 1 1 1 1 2 28 1 12 11 9 1 1526402020.522935
 322 1 1 1 1 2 28 1 12 11 9 1 1526402020.629190
 157 1 1 1 1 2 28 1 12 11 9 1 1526402020.735428
 99 1 1 1 1 2 28 1 12 11 9 1 1526402020.843798
 648 1 1 1 1 2 28 1 12 11 9 1 1526402020.948671
 631 1 1 1 1 2 28 1 12 11 10 1 1526402021.053540
 174 1 1 1 1 2 28 1 12 11 9 1 1526402021.158412
 521 1 1 1 1 2 28 1 12 11 9 1 1526402021.263284
 306 1 1 1 1 2 28 1 12 11 9 1 1526402021.372155
 168 1 1 1 1 2 28 1 12 11 9 1 1526402021.481026
 146 1 1 1 1 2 28 1 12 11 9 1 1526402021.585899
 745 1 1 1 1 2 28 1 12 11 9 1 1526402021.694771
 154 1 1 1 1 2 28 1 12 11 9 1 1526402021.802894
 134 1 1 1 1 2 28 1 12 11 9 1 1526402021.911762
 435 1 1 1 1 2 28 1 12 11 9 1 1526402022.020636
 183 1 1 1 1 2 28 1 12 11 9 1 1526402022.125504
 302 1 1 1 1 2 28 1 12 11 9 1 1526402022.234376
 151 1 1 1 1 2 28 1 12 11 9 1 1526402022.343248
 179 1 1 1 1 2 28 1 12 11 9 1 1526402022.452119
 453 1 1 1 1 2 28 1 12 11 9 1 1526402022.560991
 495 1 1 1 1 2 28 1 12 11 9 1 1526402022.665863
 109 1 1 1 1 2 28 1 12 11 9 1 1526402022.774733
 409 1 1 1 1 2 28 1 12 11 9 1 1526402022.883613
 124 1 1 1 1 2 28 1 12 11 9 1 1526402022.988476
 742 1 1 1 1 2 28 1 12 11 9 1 1526402023.097347
 145 1 1 1 1 2 28 1 12 11 9 1 1526402023.202369
 324 1 1 1 1 2 28 1 12 11 9 1 1526402023.311092
 142 1 1 1 1 2 28 1 12 11 9 1 1526402023.419963
 307 1 1 1 1 2 28 1 12 11 9 1 1526402023.528832
 179 1 1 1 1 2 28 1 12 11 9 1 1526402023.633705
 758 1 1 1 1 2 28 1 12 11 10 1 1526402023.742576
 119 1 1 1 1 2 28 1 12 11 9 1 1526402023.850822
 305 1 1 1 1 2 28 1 12 11 9 1 1526402023.955697
 228 1 1 1 1 2 28 1 12 11 9 1 1526402024.063817
 514 1 1 1 1 2 28 1 12 11 9 1 1526402024.168689
 247 1 1 1 1 2 28 1 12 11 9 1 1526402024.277560
 160 1 1 1 1 2 28 1 12 11 9 1 1526402024.382432
 149 1 1 1 1 2 28 1 12 11 9 1 1526402024.491299
 143 1 1 1 1 2 28 1 12 11 9 1 1526402024.596172
 100 1 1 1 1 2 28 1 12 11 9 1 1526402024.701044
 194 1 1 1 1 2 28 1 12 11 9 1 1526402024.809915
 147 1 1 1 1 2 28 1 12 11 9 1 1526402024.919911
 146 1 1 1 1 2 28 1 12 11 9 1 1526402025.030815
 306 1 1 1 1 2 28 1 12 11 9 1 1526402025.137290
 373 1 1 1 1 2 28 1 12 11 9 1 1526402025.247025
 133 1 1 1 1 2 28 1 12 11 9 1 1526402025.355897
 95 1 1 1 1 2 28 1 12 11 9 1 1526402025.464771
 97 1 1 1 1 2 28 1 12 11 9 1 1526402025.573513
 111 1 1 1 1 2 28 1 12 11 9 1 1526402025.682385
 782 1 1 1 1 2 28 1 12 11 10 1 1526402025.791249
 314 1 1 1 1 2 28 1 12 11 9 1 1526402025.900003
 111 1 1 1 1 2 28 1 12 11 9 1 1526402026.008875
 182 1 1 1 1 2 28 1 12 11 9 1 1526402026.117747
 204 1 1 1 1 2 28 1 12 11 9 1 1526402026.226625
 124 1 1 1 1 2 28 1 12 11 9 1 1526402026.334491
 320 1 1 1 1 2 28 1 12 11 9 1 1526402026.443359
 94 1 1 1 1 2 28 1 12 11 9 1 1526402026.552231
 326 1 1 1 1 2 28 1 12 11 10 1 1526402026.661357
 394 1 1 1 1 2 28 1 12 11 9 1 1526402026.768502
 215 1 1 1 1 2 28 1 12 11 9 1 1526402026.877155
 177 1 1 1 1 2 28 1 12 11 9 1 1526402026.983010
 314 1 1 1 1 2 28 1 12 11 9 1 1526402027.087839
 197 1 1 1 1 2 28 1 12 11 9 1 1526402027.195966
 164 1 1 1 1 2 28 1 12 11 9 1 1526402027.304830
 120 1 1 1 1 2 28 1 12 11 9 1 1526402027.412829
 595 1 1 1 1 2 28 1 12 11 9 1 1526402027.522203
 135 1 1 1 1 2 28 1 12 11 9 1 1526402027.627073
 219 1 1 1 1 2 28 1 12 11 9 1 1526402027.735823
 483 1 1 1 1 2 28 1 12 11 9 1 1526402027.845057
 459 1 1 1 1 2 28 1 12 11 9 1 1526402027.949937
 325 1 1 1 1 2 28 1 12 11 9 1 1526402028.058807
 107 1 1 1 1 2 28 1 12 11 9 1 1526402028.166932
 317 1 1 1 1 2 28 1 12 11 9 1 1526402028.272801
 325 1 1 1 1 2 28 1 12 11 9 1 1526402028.378421
 126 1 1 1 1 2 28 1 12 11 9 1 1526402028.483414
 203 1 1 1 1 2 28 1 12 11 9 1 1526402028.591914
 127 1 1 1 1 2 28 1 12 11 9 1 1526402028.702909
 107 1 1 1 1 2 28 1 12 11 9 1 1526402028.810907
 307 1 1 1 1 2 28 1 12 11 9 1 1526402028.915777
 224 1 1 1 1 2 28 1 12 11 9 1 1526402029.022151
 301 1 1 1 1 2 28 1 12 11 9 1 1526402029.127021
 756 1 1 1 1 2 28 1 12 11 9 1 1526402029.235889
 324 1 1 1 1 2 28 1 12 11 10 1 1526402029.341138
 185 1 1 1 1 2 28 1 12 11 9 1 1526402029.451013
 137 1 1 1 1 2 28 1 12 11 9 1 1526402029.559880
 98 1 1 1 1 2 28 1 12 11 9 1 1526402029.666004
 132 1 1 1 1 2 28 1 12 11 9 1 1526402029.775001
 316 1 1 1 1 2 28 1 12 11 9 1 1526402029.879994
 120 1 1 1 1 2 28 1 12 11 9 1 1526402029.989032
 110 1 1 1 1 2 28 1 12 11 9 1 1526402030.093987
 251 1 1 1 1 2 28 1 12 11 9 1 1526402030.198984
 167 1 1 1 1 2 28 1 12 11 9 1 1526402030.308106
 319 1 1 1 1 2 28 1 12 11 9 1 1526402030.417851
 141 1 1 1 1 2 28 1 12 11 9 1 1526402030.522598
 182 1 1 1 1 2 28 1 12 11 9 1 1526402030.627344
 94 1 1 1 1 2 28 1 12 11 9 1 1526402030.735841
 153 1 1 1 1 2 28 1 12 11 9 1 1526402030.841338
 504 1 1 1 1 2 28 1 12 11 9 1 1526402030.946208
 318 1 1 1 1 2 28 1 12 11 9 1 1526402031.051080
 319 1 1 1 1 2 28 1 12 11 9 1 1526402031.156767
 123 1 1 1 1 2 28 1 12 11 9 1 1526402031.264823
 95 1 1 1 1 2 28 1 12 11 9 1 1526402031.372820
 120 1 1 1 1 2 28 1 12 11 9 1 1526402031.477693
 315 1 1 1 1 2 28 1 12 11 9 1 1526402031.582563
 321 1 1 1 1 2 28 1 12 11 9 1 1526402031.691809
 558 1 1 1 1 2 28 1 12 11 9 1 1526402031.800681
 128 1 1 1 1 2 28 1 12 11 9 1 1526402031.909550
 138 1 1 1 1 2 28 1 12 11 9 1 1526402032.018424
 128 1 1 1 1 2 28 1 12 11 9 1 1526402032.123293
 317 1 1 1 1 2 28 1 12 11 9 1 1526402032.228166
 169 1 1 1 1 2 28 1 12 11 9 1 1526402032.333037
 186 1 1 1 1 2 28 1 12 11 9 1 1526402032.441910
 103 1 1 1 1 2 28 1 12 11 9 1 1526402032.549779
 327 1 1 1 1 2 28 1 12 11 9 1 1526402032.658653
 112 1 1 1 1 2 28 1 12 11 9 1 1526402032.767147
 136 1 1 1 1 2 28 1 12 11 9 1 1526402032.872019
 316 1 1 1 1 2 28 1 12 11 9 1 1526402032.976890
 735 1 1 1 1 2 28 1 12 11 9 1 1526402033.085762
 130 1 1 1 1 2 28 1 12 11 9 1 1526402033.194634
 472 1 1 1 1 2 28 1 12 11 9 1 1526402033.303505
 314 1 1 1 1 2 28 1 12 11 9 1 1526402033.411874
 757 1 1 1 1 2 28 1 12 11 9 1 1526402033.520746
 302 1 1 1 1 2 28 1 12 11 9 1 1526402033.628870
 219 1 1 1 1 2 28 1 12 11 9 1 1526402033.738491
 361 1 1 1 1 2 28 1 12 11 9 1 1526402033.846860
 147 1 1 1 1 2 28 1 12 11 9 1 1526402033.951733
 209 1 1 1 1 2 28 1 12 11 9 1 1526402034.056615
 177 1 1 1 1 2 28 1 12 11 9 1 1526402034.165476
 129 1 1 1 1 2 28 1 12 11 9 1 1526402034.270346
 309 1 1 1 1 2 28 1 12 11 9 1 1526402034.379220
 170 1 1 1 1 2 28 1 12 11 9 1 1526402034.487839
 307 1 1 1 1 2 28 1 12 11 9 1 1526402034.592837
 99 1 1 1 1 2 28 1 12 11 9 1 1526402034.697708
 318 1 1 1 1 2 28 1 12 11 9 1 1526402034.806088
 165 1 1 1 1 2 28 1 12 11 9 1 1526402034.914956
 362 1 1 1 1 2 28 1 12 11 9 1 1526402035.023822
 185 1 1 1 1 2 28 1 12 11 9 1 1526402035.132819
 767 1 1 1 1 2 28 1 12 11 9 1 1526402035.241692
 133 1 1 1 1 2 28 1 12 11 9 1 1526402035.346560
 176 1 1 1 1 2 28 1 12 11 9 1 1526402035.455433
 113 1 1 1 1 2 28 1 12 11 10 1 1526402035.564302
 106 1 1 1 1 2 28 1 12 11 9 1 1526402035.673175
 225 1 1 1 1 2 28 1 12 11 9 1 1526402035.782049
 135 1 1 1 1 2 28 1 12 11 9 1 1526402035.886919
 96 1 1 1 1 2 28 1 12 11 9 1 1526402035.995790
 316 1 1 1 1 2 28 1 12 11 9 1 1526402036.104661
 465 1 1 1 1 2 28 1 12 11 9 1 1526402036.209531
 322 1 1 1 1 2 28 1 12 11 9 1 1526402036.314403
 103 1 1 1 1 2 28 1 12 11 9 1 1526402036.419274
 213 1 1 1 1 2 28 1 12 11 9 1 1526402036.528147
 128 1 1 1 1 2 28 1 12 11 9 1 1526402036.633017
 308 1 1 1 1 2 28 1 12 11 9 1 1526402036.741889
 315 1 1 1 1 2 28 1 12 11 9 1 1526402036.850759
 279 1 1 1 1 2 28 1 12 11 9 1 1526402036.955633
 149 1 1 1 1 2 28 1 12 11 9 1 1526402037.060505
 133 1 1 1 1 2 28 1 12 11 9 1 1526402037.165377
 146 1 1 1 1 2 28 1 12 11 9 1 1526402037.274246
 510 1 1 1 1 2 28 1 12 11 9 1 1526402037.383117
 313 1 1 1 1 2 28 1 12 11 10 1 1526402037.491989
 122 1 1 1 1 2 28 1 12 11 9 1 1526402037.596861
 775 1 1 1 1 2 28 1 12 11 9 1 1526402037.705732
 157 1 1 1 1 2 28 1 12 11 9 1 1526402037.814602
 319 1 1 1 1 2 28 1 12 11 9 1 1526402037.919475
 261 1 1 1 1 2 28 1 12 11 9 1 1526402038.028350
 340 1 1 1 1 2 28 1 12 11 9 1 1526402038.137217
 174 1 1 1 1 2 28 1 12 11 9 1 1526402038.245835
 302 1 1 1 1 2 28 1 12 11 9 1 1526402038.354709
 145 1 1 1 1 2 28 1 12 11 9 1 1526402038.463580
 202 1 1 1 1 2 28 1 12 11 9 1 1526402038.571826
 221 1 1 1 1 2 28 1 12 11 9 1 1526402038.680699
 149 1 1 1 1 2 28 1 12 11 9 1 1526402038.789570
 208 1 1 1 1 2 28 1 12 11 9 1 1526402038.897817
 146 1 1 1 1 2 28 1 12 11 9 1 1526402039.006690
 174 1 1 1 1 2 28 1 12 11 9 1 1526402039.115559
 111 1 1 1 1 2 28 1 12 11 9 1 1526402039.223804
 129 1 1 1 1 2 28 1 12 11 9 1 1526402039.328677
 163 1 1 1 1 2 28 1 12 11 9 1 1526402039.433547
 221 1 1 1 1 2 28 1 12 11 9 1 1526402039.542419
 289 1 1 1 1 2 28 1 12 11 9 1 1526402039.651291
 121 1 1 1 1 2 28 1 12 11 9 1 1526402039.759913
 158 1 1 1 1 2 28 1 12 11 9 1 1526402039.864909
 174 1 1 1 1 1 26 1 10 10 8 1 1526402039.969781
 373 1 1 1 1 2 28 1 12 11 9 1 1526402040.078918
 565 1 1 1 1 2 28 1 12 11 9 1 1526402040.187029
 164 1 1 1 1 2 28 1 12 11 9 1 1526402040.291895
 111 1 1 1 1 2 28 1 12 11 9 1 1526402040.399889
 328 1 1 1 1 2 28 1 12 11 9 1 1526402040.508017
 130 1 1 1 1 2 28 1 12 11 9 1 1526402040.612884
 314 1 1 1 1 2 28 1 12 11 9 1 1526402040.721755
 257 1 1 1 1 2 28 1 12 11 9 1 1526402040.826636
 157 1 1 1 1 2 28 1 12 11 9 1 1526402040.931499
 748 1 1 1 1 2 28 1 12 11 9 1 1526402041.036371
 305 1 1 1 1 2 28 1 12 11 9 1 1526402041.145241
 103 1 1 1 1 2 28 1 12 11 9 1 1526402041.254112
 283 1 1 1 1 2 28 1 12 11 9 1 1526402041.358984
 388 1 1 1 1 2 28 1 12 11 9 1 1526402041.463856
 155 1 1 1 1 2 28 1 12 11 9 1 1526402041.568727
 307 1 1 1 1 2 28 1 12 11 9 1 1526402041.677600
 306 1 1 1 1 2 28 1 12 11 9 1 1526402041.782469
 130 1 1 1 1 2 28 1 12 11 9 1 1526402041.887341
 132 1 1 1 1 2 28 1 12 11 9 1 1526402041.992213
 120 1 1 1 1 2 28 1 12 11 9 1 1526402042.097085
 118 1 1 1 1 2 28 1 12 11 9 1 1526402042.205830
 141 1 1 1 1 2 28 1 12 11 9 1 1526402042.310703
 218 1 1 1 1 2 28 1 12 11 9 1 1526402042.418821
 420 1 1 1 1 2 28 1 12 11 9 1 1526402042.527695
 317 1 1 1 1 2 28 1 12 11 9 1 1526402042.632565
 112 1 1 1 1 2 28 1 12 11 9 1 1526402042.741437
 159 1 1 1 1 2 28 1 12 11 9 1 1526402042.850307
 388 1 1 1 1 2 28 1 12 11 9 1 1526402042.958807
 101 1 1 1 1 2 28 1 12 11 9 1 1526402043.066676
 96 1 1 1 1 2 28 1 12 11 10 1 1526402043.174799
 170 1 1 1 1 2 28 1 12 11 9 1 1526402043.283792
 499 1 1 1 1 2 28 1 12 11 9 1 1526402043.391922
 161 1 1 1 1 2 28 1 12 11 9 1 1526402043.501039
 172 1 1 1 1 2 28 1 12 11 9 1 1526402043.606905
 137 1 1 1 1 2 28 1 12 11 9 1 1526402043.715779
 171 1 1 1 1 2 28 1 12 11 9 1 1526402043.824651
 446 1 1 1 1 2 28 1 12 11 9 1 1526402043.929521
 122 1 1 1 1 2 28 1 12 11 9 1 1526402044.037893
 758 1 1 1 1 2 28 1 12 11 9 1 1526402044.142764
 101 1 1 1 1 2 28 1 12 11 9 1 1526402044.251138
 325 1 1 1 1 2 28 1 12 11 9 1 1526402044.360008
 316 1 1 1 1 2 28 1 12 11 9 1 1526402044.468880
 196 1 1 1 1 2 28 1 12 11 9 1 1526402044.573752
 140 1 1 1 1 2 28 1 12 11 9 1 1526402044.682624
 95 1 1 1 1 2 28 1 12 11 9 1 1526402044.791494
 370 1 1 1 1 2 28 1 12 11 9 1 1526402044.896366
 227 1 1 1 1 2 28 1 12 11 9 1 1526402045.005235
 305 1 1 1 1 2 28 1 12 11 9 1 1526402045.110106
 108 1 1 1 1 2 28 1 12 11 9 1 1526402045.214979
 320 1 1 1 1 2 28 1 12 11 9 1 1526402045.323850
 100 1 1 1 1 2 28 1 12 11 9 1 1526402045.432093
 106 1 1 1 1 2 28 1 12 11 9 1 1526402045.540969
 115 1 1 1 1 2 28 1 12 11 9 1 1526402045.645839
 105 1 1 1 1 2 28 1 12 11 9 1 1526402045.754712
 145 1 1 1 1 2 28 1 12 11 9 1 1526402045.863584
 119 1 1 1 1 2 28 1 12 11 9 1 1526402045.972454
 729 1 1 1 1 2 28 1 12 11 9 1 1526402046.077325
 323 1 1 1 1 2 28 1 12 11 9 1 1526402046.185448
 112 1 1 1 1 2 28 1 12 11 9 1 1526402046.290318
 308 1 1 1 1 2 28 1 12 11 9 1 1526402046.395189
 122 1 1 1 1 2 28 1 12 11 9 1 1526402046.504060
 730 1 1 1 1 2 28 1 12 11 10 1 1526402046.612932
 141 1 1 1 1 2 28 1 12 11 9 1 1526402046.717803
 317 1 1 1 1 2 28 1 12 11 9 1 1526402046.826300
 536 1 1 1 1 2 28 1 12 11 9 1 1526402046.934796
 324 1 1 1 1 2 28 1 12 11 10 1 1526402047.043668
 307 1 1 1 1 2 28 1 12 11 9 1 1526402047.152539
 693 1 1 1 1 2 28 1 12 11 9 1 1526402047.257410
 597 1 1 1 1 2 28 1 12 11 9 1 1526402047.365906
 316 1 1 1 1 2 28 1 12 11 9 1 1526402047.474777
 268 1 1 1 1 2 28 1 12 11 9 1 1526402047.579651
 191 1 1 1 1 2 28 1 12 11 9 1 1526402047.684520
 195 1 1 1 1 2 28 1 12 11 9 1 1526402047.793392
 253 1 1 1 1 2 28 1 12 11 9 1 1526402047.898264
 198 1 1 1 1 2 28 1 12 11 9 1 1526402048.003135
 158 1 1 1 1 2 28 1 12 11 9 1 1526402048.112007
 218 1 1 1 1 2 28 1 12 11 9 1 1526402048.220895
 416 1 1 1 1 2 28 1 12 11 9 1 1526402048.330002
 126 1 1 1 1 2 28 1 12 11 9 1 1526402048.438871
 719 1 1 1 1 2 28 1 12 11 9 1 1526402048.546994
 318 1 1 1 1 2 28 1 12 11 9 1 1526402048.651989
 150 1 1 1 1 2 28 1 12 11 9 1 1526402048.757859
 200 1 1 1 1 2 28 1 12 11 9 1 1526402048.862732
 155 1 1 1 1 2 28 1 12 11 9 1 1526402048.967613
 167 1 1 1 1 2 28 1 12 11 9 1 1526402049.076472
 172 1 1 1 1 2 28 1 12 11 9 1 1526402049.181345
 93 1 1 1 1 2 28 1 12 11 9 1 1526402049.290216
 519 1 1 1 1 2 28 1 12 11 9 1 1526402049.395088
 253 1 1 1 1 2 28 1 12 11 9 1 1526402049.503961
 206 1 1 1 1 2 28 1 12 11 9 1 1526402049.608830
 132 1 1 1 1 2 28 1 12 11 9 1 1526402049.717705
 161 1 1 1 1 2 28 1 12 11 9 1 1526402049.826574
 574 1 1 1 1 2 28 1 12 11 9 1 1526402049.931447
 267 1 1 1 1 2 28 1 12 11 9 1 1526402050.036317
 320 1 1 1 1 2 28 1 12 11 9 1 1526402050.145189
 119 1 1 1 1 2 28 1 12 11 9 1 1526402050.250061
 146 1 1 1 1 2 28 1 12 11 9 1 1526402050.358930
 120 1 1 1 1 2 28 1 12 11 9 1 1526402050.463803
 148 1 1 1 1 2 28 1 12 11 9 1 1526402050.572675
 160 1 1 1 1 2 28 1 12 11 9 1 1526402050.681544
 127 1 1 1 1 2 28 1 12 11 9 1 1526402050.786417
 210 1 1 1 1 2 28 1 12 11 9 1 1526402050.895288
 257 1 1 1 1 2 28 1 12 11 9 1 1526402051.004160
 98 1 1 1 1 2 28 1 12 11 9 1 1526402051.113030
 121 1 1 1 1 2 28 1 12 11 9 1 1526402051.221902
 124 1 1 1 1 2 28 1 12 11 9 1 1526402051.326774
 164 1 1 1 1 2 28 1 12 11 9 1 1526402051.435642
 643 1 1 1 1 2 28 1 12 11 9 1 1526402051.540517
 160 1 1 1 1 2 28 1 12 11 9 1 1526402051.645387
 176 1 1 1 1 2 28 1 12 11 9 1 1526402051.750258
 103 1 1 1 1 2 28 1 12 11 9 1 1526402051.859379
 754 1 1 1 1 2 28 1 12 11 9 1 1526402051.968251
 102 1 1 1 1 2 28 1 12 11 9 1 1526402052.077123
 745 1 1 1 1 2 28 1 12 11 9 1 1526402052.181994
 589 1 1 1 1 2 28 1 12 11 9 1 1526402052.290865
 291 1 1 1 1 2 28 1 12 11 9 1 1526402052.395739
 99 1 1 1 1 2 28 1 12 11 9 1 1526402052.504622
 212 1 1 1 1 2 28 1 12 11 9 1 1526402052.613480
 163 1 1 1 1 2 28 1 12 11 9 1 1526402052.722352
 732 1 1 1 1 2 28 1 12 11 9 1 1526402052.831222
 200 1 1 1 1 2 28 1 12 11 10 1 1526402052.940093
 377 1 1 1 1 2 28 1 12 11 9 1 1526402053.048965
 112 1 1 1 1 2 28 1 12 11 9 1 1526402053.157835
 176 1 1 1 1 2 28 1 12 11 9 1 1526402053.262708
 321 1 1 1 1 2 28 1 12 11 9 1 1526402053.370830
 407 1 1 1 1 2 28 1 12 11 9 1 1526402053.475701
 212 1 1 1 1 2 28 1 12 11 9 1 1526402053.580573
 172 1 1 1 1 2 28 1 12 11 9 1 1526402053.689444
 318 1 1 1 1 2 28 1 12 11 9 1 1526402053.798316
 318 1 1 1 1 2 28 1 12 11 9 1 1526402053.907186
 512 1 1 1 1 2 28 1 12 11 10 1 1526402054.012059
 160 1 1 1 1 2 28 1 12 11 9 1 1526402054.116930
 98 1 1 1 1 2 28 1 12 11 9 1 1526402054.225802
 136 1 1 1 1 2 28 1 12 11 9 1 1526402054.330673
 321 1 1 1 1 2 28 1 12 11 9 1 1526402054.435543
 355 1 1 1 1 2 28 1 12 11 9 1 1526402054.540416
 103 1 1 1 1 2 28 1 12 11 9 1 1526402054.649286
 145 1 1 1 1 2 28 1 12 11 9 1 1526402054.754161
 133 1 1 1 1 2 28 1 12 11 9 1 1526402054.862778
 272 1 1 1 1 2 28 1 12 11 9 1 1526402054.971652
 184 1 1 1 1 2 28 1 12 11 9 1 1526402055.079898
 184 1 1 1 1 2 28 1 12 11 9 1 1526402055.188769
 166 1 1 1 1 2 28 1 12 11 9 1 1526402055.297638
 282 1 1 1 1 2 28 1 12 11 9 1 1526402055.406512
 521 1 1 1 1 2 28 1 12 11 9 1 1526402055.515634
 103 1 1 1 1 2 28 1 12 11 9 1 1526402055.620501
 323 1 1 1 1 2 28 1 12 11 9 1 1526402055.728875
 117 1 1 1 1 2 28 1 12 11 9 1 1526402055.837001
 110 1 1 1 1 2 28 1 12 11 9 1 1526402055.945867
 141 1 1 1 1 2 28 1 12 11 9 1 1526402056.053994
 329 1 1 1 1 2 28 1 12 11 10 1 1526402056.162988
 558 1 1 1 1 2 28 1 12 11 9 1 1526402056.271863
 189 1 1 1 1 2 28 1 12 11 9 1 1526402056.376728
 139 1 1 1 1 2 28 1 12 11 9 1 1526402056.484849
 353 1 1 1 1 2 28 1 12 11 9 1 1526402056.593721
 164 1 1 1 1 2 28 1 12 11 9 1 1526402056.702592
 109 1 1 1 1 2 28 1 12 11 9 1 1526402056.807463
 151 1 1 1 1 2 28 1 12 11 9 1 1526402056.916334
 129 1 1 1 1 2 28 1 12 11 9 1 1526402057.021207
 278 1 1 1 1 2 28 1 12 11 9 1 1526402057.126079
 629 1 1 1 1 2 28 1 12 11 9 1 1526402057.234949
 244 1 1 1 1 2 28 1 12 11 9 1 1526402057.339821
 331 1 1 1 1 2 28 1 12 11 9 1 1526402057.448694
 578 1 1 1 1 2 28 1 12 11 9 1 1526402057.557564
 197 1 1 1 1 2 28 1 12 11 9 1 1526402057.666434
 210 1 1 1 1 2 28 1 12 11 9 1 1526402057.771305
 255 1 1 1 1 2 28 1 12 11 9 1 1526402057.880176
 336 1 1 1 1 2 28 1 12 11 9 1 1526402057.988799
 307 1 1 1 1 2 28 1 12 11 9 1 1526402058.097669
 160 1 1 1 1 2 28 1 12 11 9 1 1526402058.206542
 114 1 1 1 1 2 28 1 12 11 9 1 1526402058.311414
 99 1 1 1 1 2 28 1 12 11 9 1 1526402058.419410
 111 1 1 1 1 2 28 1 12 11 9 1 1526402058.524280
 201 1 1 1 1 2 28 1 12 11 9 1 1526402058.633153
 211 1 1 1 1 2 28 1 12 11 9 1 1526402058.741898
 326 1 1 1 1 2 28 1 12 11 9 1 1526402058.846771
 541 1 1 1 1 2 28 1 12 11 9 1 1526402058.951643
 320 1 1 1 1 2 28 1 12 11 9 1 1526402059.056512
 130 1 1 1 1 2 28 1 12 11 9 1 1526402059.165385
 317 1 1 1 1 2 28 1 12 11 9 1 1526402059.270254
 202 1 1 1 1 2 28 1 12 11 9 1 1526402059.379128
 164 1 1 1 1 2 28 1 12 11 9 1 1526402059.488000
 317 1 1 1 1 2 28 1 12 11 9 1 1526402059.596872
 495 1 1 1 1 2 28 1 12 11 9 1 1526402059.701742
 277 1 1 1 1 2 28 1 12 11 9 1 1526402059.810624
 199 1 1 1 1 2 28 1 12 11 9 1 1526402059.915484
 123 1 1 1 1 2 28 1 12 11 9 1 1526402060.020354
 140 1 1 1 1 2 28 1 12 11 9 1 1526402060.125229
 332 1 1 1 1 2 28 1 12 11 9 1 1526402060.234098
 323 1 1 1 1 2 28 1 12 11 9 1 1526402060.339221
 237 1 1 1 1 2 28 1 12 11 9 1 1526402060.448089
 524 1 1 1 1 2 28 1 12 11 9 1 1526402060.556838
 150 1 1 1 1 2 28 1 12 11 9 1 1526402060.664834
 165 1 1 1 1 2 28 1 12 11 9 1 1526402060.769707
 181 1 1 1 1 2 28 1 12 11 9 1 1526402060.878576
 568 1 1 1 1 2 28 1 12 11 9 1 1526402060.987448
 586 1 1 1 1 2 28 1 12 11 9 1 1526402061.096321
 299 1 1 1 1 2 28 1 12 11 9 1 1526402061.201191
 307 1 1 1 1 2 28 1 12 11 9 1 1526402061.310065
 314 1 1 1 1 2 28 1 12 11 9 1 1526402061.418933
 100 1 1 1 1 2 28 1 12 11 9 1 1526402061.527805
 108 1 1 1 1 2 28 1 12 11 9 1 1526402061.636680
 300 1 1 1 1 2 28 1 12 11 9 1 1526402061.745547
 114 1 1 1 1 2 28 1 12 11 9 1 1526402061.854419
 494 1 1 1 1 2 28 1 12 11 10 1 1526402061.963292
 321 1 1 1 1 2 28 1 12 11 9 1 1526402062.071536
 146 1 1 1 1 2 28 1 12 11 9 1 1526402062.176407
 137 1 1 1 1 2 28 1 12 11 9 1 1526402062.285277
 142 1 1 1 1 2 28 1 12 11 9 1 1526402062.390150
 753 1 1 1 1 2 28 1 12 11 10 1 1526402062.495022
 784 1 1 1 1 2 28 1 12 11 9 1 1526402062.603893
 607 1 1 1 1 2 28 1 12 11 9 1 1526402062.712763
 204 1 1 1 1 2 28 1 12 11 9 1 1526402062.821637
 174 1 1 1 1 2 28 1 12 11 9 1 1526402062.929635
 142 1 1 1 1 2 28 1 12 11 9 1 1526402063.034506
 596 1 1 1 1 2 28 1 12 11 9 1 1526402063.143376
 293 1 1 1 1 2 28 1 12 11 9 1 1526402063.248248
 317 1 1 1 1 2 28 1 12 11 9 1 1526402063.353117
 308 1 1 1 1 2 28 1 12 11 9 1 1526402063.457989
 128 1 1 1 1 2 28 1 12 11 9 1 1526402063.566862
 313 1 1 1 1 2 28 1 12 11 9 1 1526402063.675734
 103 1 1 1 1 2 28 1 12 11 9 1 1526402063.780613
 119 1 1 1 1 2 28 1 12 11 9 1 1526402063.885476
 187 1 1 1 1 2 28 1 12 11 9 1 1526402063.990348
 230 1 1 1 1 2 28 1 12 11 9 1 1526402064.095218
 182 1 1 1 1 2 28 1 12 11 9 1 1526402064.200090
 306 1 1 1 1 2 28 1 12 11 9 1 1526402064.308961
 135 1 1 1 1 2 28 1 12 11 9 1 1526402064.413833
 308 1 1 1 1 2 28 1 12 11 9 1 1526402064.522707
 149 1 1 1 1 2 28 1 12 11 9 1 1526402064.627574
 317 1 1 1 1 2 28 1 12 11 9 1 1526402064.732447
 166 1 1 1 1 2 28 1 12 11 9 1 1526402064.841317
 255 1 1 1 1 2 28 1 12 11 9 1 1526402064.946191
 310 1 1 1 1 2 28 1 12 11 9 1 1526402065.051063
 333 1 1 1 1 2 28 1 12 11 9 1 1526402065.155933
 101 1 1 1 1 2 28 1 12 11 9 1 1526402065.260804
 121 1 1 1 1 2 28 1 12 11 9 1 1526402065.369675
 164 1 1 1 1 2 28 1 12 11 9 1 1526402065.478548
 324 1 1 1 1 2 28 1 12 11 9 1 1526402065.587419
 358 1 1 1 1 2 28 1 12 11 9 1 1526402065.696290
 317 1 1 1 1 2 28 1 12 11 10 1 1526402065.805161
 512 1 1 1 1 2 28 1 12 11 9 1 1526402065.914032
 115 1 1 1 1 2 28 1 12 11 9 1 1526402066.022903
 211 1 1 1 1 2 28 1 12 11 9 1 1526402066.131775
 312 1 1 1 1 2 28 1 12 11 9 1 1526402066.236647
 102 1 1 1 1 2 28 1 12 11 9 1 1526402066.341643
 482 1 1 1 1 2 28 1 12 11 9 1 1526402066.450514
 537 1 1 1 1 2 28 1 12 11 9 1 1526402066.559385
 181 1 1 1 1 2 28 1 12 11 9 1 1526402066.668257
 164 1 1 1 1 2 28 1 12 11 9 1 1526402066.777128
 325 1 1 1 1 2 28 1 12 11 9 1 1526402066.886000
 535 1 1 1 1 2 28 1 12 11 9 1 1526402066.994872
 197 1 1 1 1 2 28 1 12 11 9 1 1526402067.103743
 211 1 1 1 1 2 28 1 12 11 9 1 1526402067.212625
 121 1 1 1 1 2 28 1 12 11 9 1 1526402067.317485
 106 1 1 1 1 2 28 1 12 11 9 1 1526402067.426356
 120 1 1 1 1 2 28 1 12 11 9 1 1526402067.535226
 333 1 1 1 1 2 28 1 12 11 9 1 1526402067.644101
 316 1 1 1 1 2 28 1 12 11 9 1 1526402067.752971
 133 1 1 1 1 2 28 1 12 11 9 1 1526402067.857842
 138 1 1 1 1 2 28 1 12 11 9 1 1526402067.966713
 318 1 1 1 1 2 28 1 12 11 9 1 1526402068.075583
 519 1 1 1 1 2 28 1 12 11 9 1 1526402068.180456
 321 1 1 1 1 2 28 1 12 11 9 1 1526402068.285325
 322 1 1 1 1 2 28 1 12 11 9 1 1526402068.390199
 226 1 1 1 1 2 28 1 12 11 9 1 1526402068.495072
 293 1 1 1 1 1 25 1 7 8 5 1 1526402068.599942
 345 1 1 1 1 2 28 1 12 11 9 1 1526402068.708813
 318 1 1 1 1 2 28 1 12 11 9 1 1526402068.817685
 758 1 1 1 1 2 28 1 12 11 10 1 1526402068.926557
 115 1 1 1 1 2 28 1 12 11 9 1 1526402069.031428
 108 1 1 1 1 2 28 1 12 11 9 1 1526402069.140299
 96 1 1 1 1 2 28 1 12 11 9 1 1526402069.249170
 580 1 1 1 1 2 28 1 12 11 9 1 1526402069.354042
 125 1 1 1 1 2 28 1 12 11 9 1 1526402069.462913
 184 1 1 1 1 2 28 1 12 11 9 1 1526402069.571787
 520 1 1 1 1 2 28 1 12 11 9 1 1526402069.680656
 147 1 1 1 1 2 28 1 12 11 9 1 1526402069.789528
 138 1 1 1 1 2 28 1 12 11 9 1 1526402069.898398
 323 1 1 1 1 2 28 1 12 11 9 1 1526402070.007270
 127 1 1 1 1 2 28 1 12 11 9 1 1526402070.112141
 203 1 1 1 1 2 28 1 12 11 9 1 1526402070.221011
 551 1 1 1 1 2 28 1 12 11 9 1 1526402070.329884
 306 1 1 1 1 2 28 1 12 11 9 1 1526402070.438506
 322 1 1 1 1 2 28 1 12 11 9 1 1526402070.547377
 180 1 1 1 1 2 28 1 12 11 9 1 1526402070.652248
 291 1 1 1 1 2 28 1 12 11 9 1 1526402070.757119
 142 1 1 1 1 2 28 1 12 11 9 1 1526402070.865991
 866 1 1 1 1 2 28 1 12 11 9 1 1526402070.970862
 323 1 1 1 1 2 28 1 12 11 9 1 1526402071.079776
 750 1 1 1 1 2 28 1 12 11 9 1 1526402071.188614
 321 1 1 1 1 2 28 1 12 11 9 1 1526402071.297477
 110 1 1 1 1 2 28 1 12 11 9 1 1526402071.406347
 376 1 1 1 1 2 28 1 12 11 9 1 1526402071.515221
 209 1 1 1 1 2 28 1 12 11 9 1 1526402071.624090
 437 1 1 1 1 2 28 1 12 11 9 1 1526402071.732962
 323 1 1 1 1 2 28 1 12 11 9 1 1526402071.841832
 313 1 1 1 1 2 28 1 12 11 9 1 1526402071.950706
 193 1 1 1 1 2 28 1 12 11 9 1 1526402072.059326
 219 1 1 1 1 2 28 1 12 11 9 1 1526402072.164197
 319 1 1 1 1 2 28 1 12 11 9 1 1526402072.272819
 189 1 1 1 1 2 28 1 12 11 9 1 1526402072.377692
 286 1 1 1 1 2 28 1 12 11 9 1 1526402072.486562
 322 1 1 1 1 2 28 1 12 11 9 1 1526402072.595433
 262 1 1 1 1 2 28 1 12 11 10 1 1526402072.700304
 120 1 1 1 1 2 28 1 12 11 9 1 1526402072.805176
 111 1 1 1 1 2 28 1 12 11 9 1 1526402072.914047
 335 1 1 1 1 2 28 1 12 11 9 1 1526402073.022920
 315 1 1 1 1 2 28 1 12 11 9 1 1526402073.131790
 203 1 1 1 1 2 28 1 12 11 9 1 1526402073.240286
 319 1 1 1 1 2 28 1 12 11 9 1 1526402073.345156
 233 1 1 1 1 2 28 1 12 11 9 1 1526402073.450028
 529 1 1 1 1 2 28 1 12 11 9 1 1526402073.558901
 171 1 1 1 1 2 28 1 12 11 9 1 1526402073.667771
 755 1 1 1 1 2 28 1 12 11 9 1 1526402073.776644
 312 1 1 1 1 2 28 1 12 11 9 1 1526402073.881515
 321 1 1 1 1 2 28 1 12 11 9 1 1526402073.990385
 398 1 1 1 1 2 28 1 12 11 9 1 1526402074.095257
 445 1 1 1 1 2 28 1 12 11 9 1 1526402074.204129
 304 1 1 1 1 2 28 1 12 11 9 1 1526402074.308999
 156 1 1 1 1 2 28 1 12 11 9 1 1526402074.413871
 130 1 1 1 1 2 28 1 12 11 9 1 1526402074.518744
 576 1 1 1 1 2 28 1 12 11 9 1 1526402074.627624
 461 1 1 1 1 2 28 1 12 11 9 1 1526402074.736487
 859 1 1 1 1 2 28 1 12 11 10 1 1526402074.845357
 553 1 1 1 1 2 28 1 12 11 9 1 1526402074.954227
 174 1 1 1 1 2 28 1 12 11 9 1 1526402075.059099
 644 1 1 1 1 2 28 1 12 11 9 1 1526402075.167971
 397 1 1 1 1 2 28 1 12 11 9 1 1526402075.276844
 119 1 1 1 1 2 28 1 12 11 9 1 1526402075.385589
 133 1 1 1 1 2 28 1 12 11 9 1 1526402075.494460
 166 1 1 1 1 2 28 1 12 11 9 1 1526402075.599331
 323 1 1 1 1 2 28 1 12 11 9 1 1526402075.704202
 310 1 1 1 1 2 28 1 12 11 9 1 1526402075.809073
 149 1 1 1 1 2 28 1 12 11 9 1 1526402075.913945
 117 1 1 1 1 2 28 1 12 11 9 1 1526402076.018817
 146 1 1 1 1 2 28 1 12 11 9 1 1526402076.123689
 309 1 1 1 1 2 28 1 12 11 9 1 1526402076.228560
 139 1 1 1 1 2 28 1 12 11 9 1 1526402076.337433
 104 1 1 1 1 2 28 1 12 11 9 1 1526402076.442303
 330 1 1 1 1 2 28 1 12 11 9 1 1526402076.551176
 146 1 1 1 1 2 28 1 12 11 9 1 1526402076.656045
 319 1 1 1 1 2 28 1 12 11 9 1 1526402076.760917
 589 1 1 1 1 2 28 1 12 11 9 1 1526402076.865788
 301 1 1 1 1 2 28 1 12 11 9 1 1526402076.970663
 114 1 1 1 1 2 28 1 12 11 9 1 1526402077.075532
 155 1 1 1 1 2 28 1 12 11 9 1 1526402077.180404
 157 1 1 1 1 2 28 1 12 11 9 1 1526402077.285272
 726 1 1 1 1 2 28 1 12 11 9 1 1526402077.390146
 801 1 1 1 1 2 28 1 12 11 9 1 1526402077.499018
 135 1 1 1 1 2 28 1 12 11 9 1 1526402077.603891
 133 1 1 1 1 2 28 1 12 11 9 1 1526402077.712761
 324 1 1 1 1 2 28 1 12 11 9 1 1526402077.821632
 738 1 1 1 1 2 28 1 12 11 9 1 1526402077.926502
 322 1 1 1 1 2 28 1 12 11 9 1 1526402078.035372
 105 1 1 1 1 2 28 1 12 11 9 1 1526402078.140247
 101 1 1 1 1 2 28 1 12 11 9 1 1526402078.245120
 101 1 1 1 1 2 28 1 12 11 9 1 1526402078.349987
 144 1 1 1 1 2 28 1 12 11 9 1 1526402078.458619
 116 1 1 1 1 2 28 1 12 11 9 1 1526402078.566857
 739 1 1 1 1 2 28 1 12 11 9 1 1526402078.675729
 1130 1 1 1 1 2 28 1 12 11 10 1 1526402078.780599
 299 1 1 1 1 2 28 1 12 11 9 1 1526402078.888847
 325 1 1 1 1 2 28 1 12 11 9 1 1526402078.996971
 182 1 1 1 1 2 28 1 12 11 9 1 1526402079.102284
 761 1 1 1 1 2 28 1 12 11 9 1 1526402079.208091
 178 1 1 1 1 2 28 1 12 11 9 1 1526402079.313082
 113 1 1 1 1 2 28 1 12 11 9 1 1526402079.418076
 320 1 1 1 1 2 28 1 12 11 9 1 1526402079.523079
 433 1 1 1 1 2 28 1 12 11 9 1 1526402079.631818
 139 1 1 1 1 2 28 1 12 11 9 1 1526402079.736694
 534 1 1 1 1 2 28 1 12 11 9 1 1526402079.845565
 131 1 1 1 1 2 28 1 12 11 9 1 1526402079.953808
 285 1 1 1 1 2 28 1 12 11 9 1 1526402080.062682
 204 1 1 1 1 2 28 1 12 11 9 1 1526402080.167679
 293 1 1 1 1 2 28 1 12 11 9 1 1526402080.272550
 201 1 1 1 1 2 28 1 12 11 9 1 1526402080.381421
 194 1 1 1 1 2 28 1 12 11 9 1 1526402080.486292
 128 1 1 1 1 2 28 1 12 11 9 1 1526402080.591163
 110 1 1 1 1 2 28 1 12 11 9 1 1526402080.696032
 335 1 1 1 1 2 28 1 12 11 9 1 1526402080.804906
 250 1 1 1 1 2 28 1 12 11 9 1 1526402080.913777
 177 1 1 1 1 2 28 1 12 11 9 1 1526402081.022274
 576 1 1 1 1 2 28 1 12 11 9 1 1526402081.131146
 99 1 1 1 1 2 28 1 12 11 9 1 1526402081.236017
 317 1 1 1 1 2 28 1 12 11 10 1 1526402081.344888
 298 1 1 1 1 2 28 1 12 11 9 1 1526402081.449759
 108 1 1 1 1 2 28 1 12 11 9 1 1526402081.558632
 766 1 1 1 1 2 28 1 12 11 9 1 1526402081.667502
 245 1 1 1 1 2 28 1 12 11 9 1 1526402081.776374
 144 1 1 1 1 2 28 1 12 11 9 1 1526402081.885247
 133 1 1 1 1 2 28 1 12 11 9 1 1526402081.994117
 157 1 1 1 1 2 28 1 12 11 9 1 1526402082.102988
 153 1 1 1 1 2 28 1 12 11 9 1 1526402082.207860
 322 1 1 1 1 2 28 1 12 11 9 1 1526402082.316731
 507 1 1 1 1 2 28 1 12 11 9 1 1526402082.425602
 505 1 1 1 1 2 28 1 12 11 9 1 1526402082.530473
 388 1 1 1 1 2 28 1 12 11 9 1 1526402082.639345
 144 1 1 1 1 2 28 1 12 11 9 1 1526402082.748217
 138 1 1 1 1 2 28 1 12 11 9 1 1526402082.857087
 336 1 1 1 1 2 28 1 12 11 9 1 1526402082.965958
 139 1 1 1 1 2 28 1 12 11 9 1 1526402083.074957
 312 1 1 1 1 2 28 1 12 11 9 1 1526402083.179826
 314 1 1 1 1 2 28 1 12 11 9 1 1526402083.287822
 118 1 1 1 1 2 28 1 12 11 9 1 1526402083.392694
 281 1 1 1 1 2 28 1 12 11 9 1 1526402083.501566
 410 1 1 1 1 2 28 1 12 11 9 1 1526402083.610435
 316 1 1 1 1 2 28 1 12 11 9 1 1526402083.719309
 311 1 1 1 1 2 28 1 12 11 9 1 1526402083.824181
 313 1 1 1 1 2 28 1 12 11 9 1 1526402083.933187
 118 1 1 1 1 2 28 1 12 11 9 1 1526402084.037921
 638 1 1 1 1 2 28 1 12 11 9 1 1526402084.142794
 195 1 1 1 1 2 28 1 12 11 9 1 1526402084.251665
 449 1 1 1 1 2 28 1 12 11 9 1 1526402084.356557
 134 1 1 1 1 2 28 1 12 11 9 1 1526402084.465408
 766 1 1 1 1 2 28 1 12 11 9 1 1526402084.570279
 182 1 1 1 1 2 28 1 12 11 9 1 1526402084.675150
 277 1 1 1 1 2 28 1 12 11 9 1 1526402084.780022
 729 1 1 1 1 2 28 1 12 11 9 1 1526402084.888896
 95 1 1 1 1 2 28 1 12 11 9 1 1526402084.993766
 317 1 1 1 1 2 28 1 12 11 9 1 1526402085.098638
 309 1 1 1 1 2 28 1 12 11 9 1 1526402085.207507
 133 1 1 1 1 2 28 1 12 11 9 1 1526402085.316379
 117 1 1 1 1 2 28 1 12 11 9 1 1526402085.425001
 543 1 1 1 1 2 28 1 12 11 9 1 1526402085.533872
 105 1 1 1 1 2 28 1 12 11 9 1 1526402085.642743
 286 1 1 1 1 2 28 1 12 11 9 1 1526402085.747627
 316 1 1 1 1 2 28 1 12 11 9 1 1526402085.852486
 406 1 1 1 1 2 28 1 12 11 9 1 1526402085.961359
 316 1 1 1 1 2 28 1 12 11 9 1 1526402086.066230
 147 1 1 1 1 2 28 1 12 11 9 1 1526402086.175102
 139 1 1 1 1 2 28 1 12 11 9 1 1526402086.283973
 754 1 1 1 1 2 28 1 12 11 10 1 1526402086.388844
 153 1 1 1 1 2 28 1 12 11 9 1 1526402086.497716
 309 1 1 1 1 2 28 1 12 11 9 1 1526402086.606587
 318 1 1 1 1 2 28 1 12 11 9 1 1526402086.711457
 164 1 1 1 1 2 28 1 12 11 9 1 1526402086.820328
 192 1 1 1 1 2 28 1 12 11 9 1 1526402086.929201
 108 1 1 1 1 2 28 1 12 11 9 1 1526402087.037823
 314 1 1 1 1 2 28 1 12 11 9 1 1526402087.146693
 146 1 1 1 1 2 28 1 12 11 9 1 1526402087.251567
 225 1 1 1 1 2 28 1 12 11 9 1 1526402087.360435
 128 1 1 1 1 2 28 1 12 11 9 1 1526402087.469306
 102 1 1 1 1 2 28 1 12 11 9 1 1526402087.578178
 113 1 1 1 1 2 28 1 12 11 9 1 1526402087.683049
 170 1 1 1 1 2 28 1 12 11 9 1 1526402087.791920
 314 1 1 1 1 2 28 1 12 11 9 1 1526402087.900790
 382 1 1 1 1 2 28 1 12 11 9 1 1526402088.005914
 166 1 1 1 1 2 28 1 12 11 9 1 1526402088.110784
 164 1 1 1 1 2 28 1 12 11 9 1 1526402088.215659
 126 1 1 1 1 2 28 1 12 11 9 1 1526402088.324154
 232 1 1 1 1 2 28 1 12 11 9 1 1526402088.433025
 143 1 1 1 1 2 28 1 12 11 9 1 1526402088.541897
 194 1 1 1 1 2 28 1 12 11 9 1 1526402088.650892
 177 1 1 1 1 2 28 1 12 11 9 1 1526402088.759763
 146 1 1 1 1 2 28 1 12 11 9 1 1526402088.868636
 99 1 1 1 1 2 28 1 12 11 9 1 1526402088.973505
 147 1 1 1 1 2 28 1 12 11 9 1 1526402089.078377
 232 1 1 1 1 2 28 1 12 11 9 1 1526402089.187248
 309 1 1 1 1 2 28 1 12 11 9 1 1526402089.292121
 97 1 1 1 1 2 28 1 12 11 9 1 1526402089.396994
 318 1 1 1 1 2 28 1 12 11 9 1 1526402089.501866
 162 1 1 1 1 2 28 1 12 11 9 1 1526402089.606736
 151 1 1 1 1 2 28 1 12 11 9 1 1526402089.715618
 103 1 1 1 1 2 28 1 12 11 9 1 1526402089.820477
 313 1 1 1 1 2 28 1 12 11 9 1 1526402089.925348
 508 1 1 1 1 2 28 1 12 11 10 1 1526402090.033848
 119 1 1 1 1 2 28 1 12 11 9 1 1526402090.142718
 183 1 1 1 1 2 28 1 12 11 9 1 1526402090.247589
 172 1 1 1 1 2 28 1 12 11 9 1 1526402090.352457
 329 1 1 1 1 2 28 1 12 11 9 1 1526402090.461331
 202 1 1 1 1 2 28 1 12 11 9 1 1526402090.570204
 135 1 1 1 1 2 28 1 12 11 9 1 1526402090.679076
 248 1 1 1 1 2 28 1 12 11 9 1 1526402090.787821
 324 1 1 1 1 2 28 1 12 11 9 1 1526402090.896695
 111 1 1 1 1 2 28 1 12 11 9 1 1526402091.004813
 109 1 1 1 1 2 28 1 12 11 9 1 1526402091.112938
 141 1 1 1 1 2 28 1 12 11 9 1 1526402091.221806
 564 1 1 1 1 2 28 1 12 11 10 1 1526402091.326678
 111 1 1 1 1 2 28 1 12 11 9 1 1526402091.434797
 333 1 1 1 1 2 28 1 12 11 9 1 1526402091.543797
 637 1 1 1 1 2 28 1 12 11 9 1 1526402091.652791
 133 1 1 1 1 2 28 1 12 11 9 1 1526402091.760788
 135 1 1 1 1 2 28 1 12 11 9 1 1526402091.865661
 180 1 1 1 1 2 28 1 12 11 9 1 1526402091.974530
 125 1 1 1 1 2 28 1 12 11 9 1 1526402092.082899
 791 1 1 1 1 2 28 1 12 11 10 1 1526402092.191772
 322 1 1 1 1 2 28 1 12 11 9 1 1526402092.296646
 319 1 1 1 1 2 28 1 12 11 9 1 1526402092.405516
 305 1 1 1 1 2 28 1 12 11 9 1 1526402092.514389
 124 1 1 1 1 2 28 1 12 11 9 1 1526402092.623259
 258 1 1 1 1 2 28 1 12 11 9 1 1526402092.732130
 128 1 1 1 1 2 28 1 12 11 9 1 1526402092.841002
 109 1 1 1 1 2 28 1 12 11 9 1 1526402092.949873
 186 1 1 1 1 2 28 1 12 11 9 1 1526402093.054744
 125 1 1 1 1 2 28 1 12 11 9 1 1526402093.163625
 290 1 1 1 1 2 28 1 12 11 9 1 1526402093.268486
 118 1 1 1 1 2 28 1 12 11 9 1 1526402093.377360
 146 1 1 1 1 2 28 1 12 11 9 1 1526402093.486229
 314 1 1 1 1 2 28 1 12 11 9 1 1526402093.591102
 338 1 1 1 1 2 28 1 12 11 9 1 1526402093.699598
 245 1 1 1 1 2 28 1 12 11 9 1 1526402093.808470
 483 1 1 1 1 2 28 1 12 11 9 1 1526402093.917340
 353 1 1 1 1 2 28 1 12 11 9 1 1526402094.022210
 214 1 1 1 1 2 28 1 12 11 9 1 1526402094.127082
 171 1 1 1 1 2 28 1 12 11 9 1 1526402094.235955
 307 1 1 1 1 2 28 1 12 11 9 1 1526402094.344825
 100 1 1 1 1 2 28 1 12 11 9 1 1526402094.449700
 322 1 1 1 1 2 28 1 12 11 9 1 1526402094.558569
 153 1 1 1 1 2 28 1 12 11 9 1 1526402094.667440
 321 1 1 1 1 2 28 1 12 11 9 1 1526402094.776312
 156 1 1 1 1 2 28 1 12 11 9 1 1526402094.881182
 176 1 1 1 1 2 28 1 12 11 9 1 1526402094.986054
 107 1 1 1 1 2 28 1 12 11 9 1 1526402095.090926
 317 1 1 1 1 2 28 1 12 11 9 1 1526402095.199797
 114 1 1 1 1 2 28 1 12 11 9 1 1526402095.304671
 128 1 1 1 1 2 28 1 12 11 9 1 1526402095.409540
 314 1 1 1 1 2 28 1 12 11 9 1 1526402095.514410
 217 1 1 1 1 2 28 1 12 11 9 1 1526402095.619283
 313 1 1 1 1 2 28 1 12 11 9 1 1526402095.728155
 309 1 1 1 1 2 28 1 12 11 9 1 1526402095.833151
 101 1 1 1 1 2 28 1 12 11 9 1 1526402095.942022
 128 1 1 1 1 2 28 1 12 11 9 1 1526402096.050894
 140 1 1 1 1 2 28 1 12 11 9 1 1526402096.159764
 108 1 1 1 1 2 28 1 12 11 9 1 1526402096.268011
 113 1 1 1 1 2 28 1 12 11 9 1 1526402096.376882
 322 1 1 1 1 2 28 1 12 11 9 1 1526402096.485752
 312 1 1 1 1 2 28 1 12 11 9 1 1526402096.594625
 307 1 1 1 1 2 28 1 12 11 9 1 1526402096.699496
 102 1 1 1 1 2 28 1 12 11 9 1 1526402096.807994
 148 1 1 1 1 2 28 1 12 11 9 1 1526402096.916863
 107 1 1 1 1 2 28 1 12 11 9 1 1526402097.025486
 320 1 1 1 1 2 28 1 12 11 9 1 1526402097.134358
 161 1 1 1 1 2 28 1 12 11 9 1 1526402097.243228
 315 1 1 1 1 2 28 1 12 11 9 1 1526402097.352100
 91 1 1 1 1 2 28 1 12 11 9 1 1526402097.460970
 233 1 1 1 1 2 28 1 12 11 9 1 1526402097.569843
 325 1 1 1 1 2 28 1 12 11 9 1 1526402097.678714
 312 1 1 1 1 2 28 1 12 11 9 1 1526402097.783587
 327 1 1 1 1 2 28 1 12 11 9 1 1526402097.892457
 312 1 1 1 1 2 28 1 12 11 9 1 1526402098.001328
 234 1 1 1 1 2 28 1 12 11 9 1 1526402098.106201
 191 1 1 1 1 2 28 1 12 11 9 1 1526402098.211071
 321 1 1 1 1 2 28 1 12 11 9 1 1526402098.315943
 115 1 1 1 1 2 28 1 12 11 9 1 1526402098.420815
 577 1 1 1 1 2 28 1 12 11 9 1 1526402098.525687
 145 1 1 1 1 2 28 1 12 11 9 1 1526402098.630557
 310 1 1 1 1 2 28 1 12 11 9 1 1526402098.735426
 322 1 1 1 1 2 28 1 12 11 9 1 1526402098.844299
 167 1 1 1 1 2 28 1 12 11 9 1 1526402098.949170
 612 1 1 1 1 2 28 1 12 11 9 1 1526402099.058044
 296 1 1 1 1 2 28 1 12 11 9 1 1526402099.166915
 120 1 1 1 1 2 28 1 12 11 9 1 1526402099.275786
 179 1 1 1 1 2 28 1 12 11 9 1 1526402099.384657
 162 1 1 1 1 2 28 1 12 11 9 1 1526402099.493528
 318 1 1 1 1 2 28 1 12 11 9 1 1526402099.598400
 520 1 1 1 1 2 28 1 12 11 9 1 1526402099.703269
 163 1 1 1 1 2 28 1 12 11 9 1 1526402099.808142
 115 1 1 1 1 2 28 1 12 11 9 1 1526402099.913013
 768 1 1 1 1 2 28 1 12 11 9 1 1526402100.021883
 318 1 1 1 1 2 28 1 12 11 9 1 1526402100.129881
 127 1 1 1 1 2 28 1 12 11 9 1 1526402100.238752
 241 1 1 1 1 2 28 1 12 11 9 1 1526402100.347627
 319 1 1 1 1 2 28 1 12 11 9 1 1526402100.452498
 278 1 1 1 1 2 28 1 12 11 9 1 1526402100.561365
 112 1 1 1 1 2 28 1 12 11 9 1 1526402100.666238
 107 1 1 1 1 2 28 1 12 11 9 1 1526402100.775109
 98 1 1 1 1 2 28 1 12 11 9 1 1526402100.879980
 330 1 1 1 1 2 28 1 12 11 9 1 1526402100.988853
 316 1 1 1 1 2 28 1 12 11 9 1 1526402101.093723
 170 1 1 1 1 2 28 1 12 11 9 1 1526402101.202595
 430 1 1 1 1 2 28 1 12 11 9 1 1526402101.311466
 308 1 1 1 1 2 28 1 12 11 9 1 1526402101.416337
 331 1 1 1 1 2 28 1 12 11 9 1 1526402101.525208
 245 1 1 1 1 2 28 1 12 11 9 1 1526402101.634080
 146 1 1 1 1 2 28 1 12 11 9 1 1526402101.738951
 289 1 1 1 1 2 28 1 12 11 9 1 1526402101.847823
 294 1 1 1 1 2 28 1 12 11 9 1 1526402101.956696
 116 1 1 1 1 2 28 1 12 11 9 1 1526402102.061567
 282 1 1 1 1 2 28 1 12 11 10 1 1526402102.166437
 332 1 1 1 1 2 28 1 12 11 9 1 1526402102.271311
 315 1 1 1 1 2 28 1 12 11 9 1 1526402102.376181
 109 1 1 1 1 2 28 1 12 11 9 1 1526402102.485053
 336 1 1 1 1 2 28 1 12 11 9 1 1526402102.593174
 231 1 1 1 1 2 28 1 12 11 9 1 1526402102.702044
 204 1 1 1 1 2 28 1 12 11 9 1 1526402102.806915
 147 1 1 1 1 2 28 1 12 11 9 1 1526402102.915786
 102 1 1 1 1 2 28 1 12 11 9 1 1526402103.020660
 102 1 1 1 1 2 28 1 12 11 9 1 1526402103.129531
 183 1 1 1 1 2 28 1 12 11 9 1 1526402103.238402
 212 1 1 1 1 2 28 1 12 11 9 1 1526402103.347273
 122 1 1 1 1 2 28 1 12 11 9 1 1526402103.456145
 230 1 1 1 1 2 28 1 12 11 9 1 1526402103.561015
 116 1 1 1 1 2 28 1 12 11 9 1 1526402103.669887
 110 1 1 1 1 2 28 1 12 11 9 1 1526402103.778760
 325 1 1 1 1 2 28 1 12 11 9 1 1526402103.887630
 168 1 1 1 1 2 28 1 12 11 9 1 1526402103.992501
 1130 1 1 1 1 2 28 1 12 11 9 1 1526402104.097372
 181 1 1 1 1 2 28 1 12 11 9 1 1526402104.206244
 177 1 1 1 1 2 28 1 12 11 9 1 1526402104.311115
 270 1 1 1 1 2 28 1 12 11 9 1 1526402104.415987
 107 1 1 1 1 2 28 1 12 11 9 1 1526402104.520859
 167 1 1 1 1 2 28 1 12 11 9 1 1526402104.625731
 166 1 1 1 1 2 28 1 12 11 9 1 1526402104.733978
 429 1 1 1 1 2 28 1 12 11 9 1 1526402104.842848
 144 1 1 1 1 2 28 1 12 11 9 1 1526402104.947719
 400 1 1 1 1 2 28 1 12 11 9 1 1526402105.056590
 107 1 1 1 1 2 28 1 12 11 9 1 1526402105.165462
 120 1 1 1 1 2 28 1 12 11 9 1 1526402105.270333
 448 1 1 1 1 2 28 1 12 11 9 1 1526402105.375204
 144 1 1 1 1 2 28 1 12 11 9 1 1526402105.484075
 157 1 1 1 1 2 28 1 12 11 9 1 1526402105.588948
 138 1 1 1 1 2 28 1 12 11 9 1 1526402105.697820
 180 1 1 1 1 2 28 1 12 11 9 1 1526402105.802692
 137 1 1 1 1 2 28 1 12 11 9 1 1526402105.907561
 128 1 1 1 1 2 28 1 12 11 9 1 1526402106.012433
 605 1 1 1 1 2 28 1 12 11 9 1 1526402106.121304
 124 1 1 1 1 2 28 1 12 11 9 1 1526402106.226175
 180 1 1 1 1 2 28 1 12 11 9 1 1526402106.331046
 560 1 1 1 1 2 28 1 12 11 9 1 1526402106.435918
 136 1 1 1 1 2 28 1 12 11 9 1 1526402106.540790
 313 1 1 1 1 2 28 1 12 11 9 1 1526402106.649663
 155 1 1 1 1 2 28 1 12 11 9 1 1526402106.754535
 106 1 1 1 1 2 28 1 12 11 9 1 1526402106.859405
 148 1 1 1 1 2 28 1 12 11 9 1 1526402106.964277
 322 1 1 1 1 2 28 1 12 11 9 1 1526402107.073148
 178 1 1 1 1 2 28 1 12 11 9 1 1526402107.178019
 558 1 1 1 1 2 28 1 12 11 9 1 1526402107.282890
 734 1 1 1 1 2 28 1 12 11 9 1 1526402107.387762
 319 1 1 1 1 2 28 1 12 11 9 1 1526402107.495757
 144 1 1 1 1 2 28 1 12 11 9 1 1526402107.604631
 307 1 1 1 1 2 28 1 12 11 9 1 1526402107.713501
 210 1 1 1 1 2 28 1 12 11 9 1 1526402107.822372
 326 1 1 1 1 2 28 1 12 11 9 1 1526402107.931245
 98 1 1 1 1 2 28 1 12 11 9 1 1526402108.039116
 132 1 1 1 1 2 28 1 12 11 9 1 1526402108.143986
 321 1 1 1 1 2 28 1 12 11 9 1 1526402108.248857
 322 1 1 1 1 2 28 1 12 11 9 1 1526402108.357729
 153 1 1 1 1 2 28 1 12 11 9 1 1526402108.466727
 405 1 1 1 1 2 28 1 12 11 9 1 1526402108.575596
 124 1 1 1 1 2 28 1 12 11 9 1 1526402108.683593
 205 1 1 1 1 2 28 1 12 11 9 1 1526402108.788465
 433 1 1 1 1 2 28 1 12 11 9 1 1526402108.897335
 154 1 1 1 1 2 28 1 12 11 9 1 1526402109.006207
 397 1 1 1 1 2 28 1 12 11 9 1 1526402109.111079
 124 1 1 1 1 2 28 1 12 11 9 1 1526402109.215951
 201 1 1 1 1 2 28 1 12 11 9 1 1526402109.324822
 114 1 1 1 1 2 28 1 12 11 9 1 1526402109.433694
 122 1 1 1 1 2 28 1 12 11 9 1 1526402109.538564
 110 1 1 1 1 2 28 1 12 11 9 1 1526402109.647436
 352 1 1 1 1 2 28 1 12 11 9 1 1526402109.752306
 131 1 1 1 1 2 28 1 12 11 9 1 1526402109.861179
 151 1 1 1 1 2 28 1 12 11 9 1 1526402109.970050
 236 1 1 1 1 2 28 1 12 11 9 1 1526402110.074922
 300 1 1 1 1 2 28 1 12 11 9 1 1526402110.179791
 106 1 1 1 1 2 28 1 12 11 9 1 1526402110.287789
 448 1 1 1 1 2 28 1 12 11 9 1 1526402110.392660
 326 1 1 1 1 2 28 1 12 11 9 1 1526402110.497533
 310 1 1 1 1 2 28 1 12 11 9 1 1526402110.606405
 589 1 1 1 1 2 28 1 12 11 9 1 1526402110.711274
 227 1 1 1 1 2 28 1 12 11 9 1 1526402110.816145
 197 1 1 1 1 2 28 1 12 11 9 1 1526402110.925018
 232 1 1 1 1 2 28 1 12 11 9 1 1526402111.033890
 121 1 1 1 1 2 28 1 12 11 9 1 1526402111.142510
 182 1 1 1 1 2 28 1 12 11 9 1 1526402111.251382
 170 1 1 1 1 2 28 1 12 11 9 1 1526402111.360252
 105 1 1 1 1 2 28 1 12 11 9 1 1526402111.465127
 355 1 1 1 1 2 28 1 12 11 9 1 1526402111.569997
 115 1 1 1 1 2 28 1 12 11 9 1 1526402111.678868
 319 1 1 1 1 2 28 1 12 11 9 1 1526402111.783740
 129 1 1 1 1 2 28 1 12 11 9 1 1526402111.892621
 439 1 1 1 1 2 28 1 12 11 9 1 1526402112.001109
 323 1 1 1 1 2 28 1 12 11 9 1 1526402112.105978
 247 1 1 1 1 2 28 1 12 11 9 1 1526402112.210849
 312 1 1 1 1 2 28 1 12 11 9 1 1526402112.315721
 313 1 1 1 1 2 28 1 12 11 9 1 1526402112.424341
 132 1 1 1 1 2 28 1 12 11 9 1 1526402112.533215
 135 1 1 1 1 2 28 1 12 11 9 1 1526402112.642086
 128 1 1 1 1 2 28 1 12 11 9 1 1526402112.750957
 241 1 1 1 1 2 28 1 12 11 9 1 1526402112.855827
 209 1 1 1 1 2 28 1 12 11 9 1 1526402112.960700
 216 1 1 1 1 2 28 1 12 11 9 1 1526402113.065570
 137 1 1 1 1 2 28 1 12 11 9 1 1526402113.170442
 781 1 1 1 1 2 28 1 12 11 10 1 1526402113.279313
 309 1 1 1 1 2 28 1 12 11 9 1 1526402113.388185
 18 1 1 1 1 1 19 1 1 1 1 1 1526402113.497056
 114 1 1 1 1 2 28 1 12 11 9 1 1526402113.605551
 197 1 1 1 1 2 28 1 12 11 9 1 1526402113.714425
 310 1 1 1 1 2 28 1 12 11 9 1 1526402113.819296
 319 1 1 1 1 2 28 1 12 11 9 1 1526402113.924167
 579 1 1 1 1 2 28 1 12 11 9 1 1526402114.033039
 135 1 1 1 1 2 28 1 12 11 9 1 1526402114.137908
 613 1 1 1 1 2 28 1 12 11 9 1 1526402114.246779
 310 1 1 1 1 2 28 1 12 11 9 1 1526402114.355653
 540 1 1 1 1 2 28 1 12 11 9 1 1526402114.463899
 320 1 1 1 1 2 28 1 12 11 9 1 1526402114.572771
 145 1 1 1 1 2 28 1 12 11 9 1 1526402114.677642
 747 1 1 1 1 2 28 1 12 11 9 1 1526402114.782513
 120 1 1 1 1 2 28 1 12 11 9 1 1526402114.891136
 154 1 1 1 1 2 28 1 12 11 9 1 1526402115.000005
 307 1 1 1 1 2 28 1 12 11 9 1 1526402115.108877
 794 1 1 1 1 2 28 1 12 11 9 1 1526402115.217748
 112 1 1 1 1 2 28 1 12 11 9 1 1526402115.322629
 119 1 1 1 1 2 28 1 12 11 9 1 1526402115.427491
 320 1 1 1 1 2 28 1 12 11 9 1 1526402115.532362
 308 1 1 1 1 2 28 1 12 11 9 1 1526402115.641238
 305 1 1 1 1 2 28 1 12 11 9 1 1526402115.750107
 394 1 1 1 1 2 28 1 12 11 9 1 1526402115.858976
 125 1 1 1 1 2 28 1 12 11 9 1 1526402115.963849
 1130 1 1 1 1 2 28 1 12 11 9 1 1526402116.072721
 319 1 1 1 1 2 28 1 12 11 9 1 1526402116.181590
 316 1 1 1 1 2 28 1 12 11 9 1 1526402116.286463
 304 1 1 1 1 2 28 1 12 11 9 1 1526402116.395334
 162 1 1 1 1 2 28 1 12 11 9 1 1526402116.500203
 237 1 1 1 1 2 28 1 12 11 9 1 1526402116.605327
 523 1 1 1 1 2 28 1 12 11 9 1 1526402116.710197
 325 1 1 1 1 2 28 1 12 11 9 1 1526402116.815069
 113 1 1 1 1 2 28 1 12 11 9 1 1526402116.919940
 753 1 1 1 1 2 28 1 12 11 9 1 1526402117.024812
 134 1 1 1 1 2 28 1 12 11 9 1 1526402117.129684
 143 1 1 1 1 2 28 1 12 11 9 1 1526402117.234554
 227 1 1 1 1 2 28 1 12 11 9 1 1526402117.339426
 276 1 1 1 1 2 28 1 12 11 9 1 1526402117.444298
 427 1 1 1 1 2 28 1 12 11 10 1 1526402117.549168
 115 1 1 1 1 2 28 1 12 11 9 1 1526402117.654041
 179 1 1 1 1 2 28 1 12 11 9 1 1526402117.758912
 232 1 1 1 1 2 28 1 12 11 9 1 1526402117.863783
 112 1 1 1 1 2 28 1 12 11 9 1 1526402117.968656
 177 1 1 1 1 2 28 1 12 11 9 1 1526402118.073526
 315 1 1 1 1 2 28 1 12 11 9 1 1526402118.178399
 149 1 1 1 1 2 28 1 12 11 9 1 1526402118.283270
 318 1 1 1 1 2 28 1 12 11 9 1 1526402118.388141
 158 1 1 1 1 2 28 1 12 11 9 1 1526402118.493012
 279 1 1 1 1 2 28 1 12 11 9 1 1526402118.597884
 118 1 1 1 1 2 28 1 12 11 9 1 1526402118.702756
 104 1 1 1 1 2 28 1 12 11 9 1 1526402118.807627
 192 1 1 1 1 2 28 1 12 11 9 1 1526402118.916499
 139 1 1 1 1 2 28 1 12 11 9 1 1526402119.025496
 126 1 1 1 1 2 28 1 12 11 9 1 1526402119.134117
 755 1 1 1 1 2 28 1 12 11 9 1 1526402119.240628
 152 1 1 1 1 2 28 1 12 11 9 1 1526402119.349487
 157 1 1 1 1 2 28 1 12 11 9 1 1526402119.455214
 607 1 1 1 1 2 28 1 12 11 9 1 1526402119.560353
 115 1 1 1 1 2 28 1 12 11 9 1 1526402119.669225
 274 1 1 1 1 2 28 1 12 11 10 1 1526402119.774095
 568 1 1 1 1 2 28 1 12 11 9 1 1526402119.882592
 237 1 1 1 1 2 28 1 12 11 9 1 1526402119.987465
 317 1 1 1 1 2 28 1 12 11 9 1 1526402120.092335
 103 1 1 1 1 2 28 1 12 11 9 1 1526402120.200833
 334 1 1 1 1 2 28 1 12 11 9 1 1526402120.306452
 125 1 1 1 1 2 28 1 12 11 9 1 1526402120.414953
 313 1 1 1 1 2 28 1 12 11 9 1 1526402120.520107
 312 1 1 1 1 2 28 1 12 11 9 1 1526402120.625069
 300 1 1 1 1 2 28 1 12 11 9 1 1526402120.730701
 316 1 1 1 1 2 28 1 12 11 9 1 1526402120.838938
 284 1 1 1 1 2 28 1 12 11 9 1 1526402120.949199
 208 1 1 1 1 2 28 1 12 11 9 1 1526402121.058804
 162 1 1 1 1 2 28 1 12 11 9 1 1526402121.167548
 164 1 1 1 1 2 28 1 12 11 9 1 1526402121.275796
 213 1 1 1 1 2 28 1 12 11 9 1 1526402121.384667
 529 1 1 1 1 2 28 1 12 11 9 1 1526402121.492788
 133 1 1 1 1 2 28 1 12 11 9 1 1526402121.603911
 183 1 1 1 1 2 28 1 12 11 9 1 1526402121.711782
 119 1 1 1 1 2 28 1 12 11 9 1 1526402121.816653
 178 1 1 1 1 2 28 1 12 11 9 1 1526402121.921649
 577 1 1 1 1 2 28 1 12 11 9 1 1526402122.026519
 147 1 1 1 1 2 28 1 12 11 9 1 1526402122.131392
 310 1 1 1 1 2 28 1 12 11 9 1 1526402123.194481
 749 1 1 1 1 2 28 1 12 11 9 1 1526402123.299732
 191 1 1 1 1 2 28 1 12 11 9 1 1526402123.501374
 450 1 1 1 1 2 28 1 12 11 9 1 1526402123.607172
 213 1 1 1 1 2 28 1 12 11 9 1 1526402123.712665
 129 1 1 1 1 2 28 1 12 11 9 1 1526402123.817459
 312 1 1 1 1 2 28 1 12 11 9 1 1526402123.925835
 543 1 1 1 1 2 28 1 12 11 9 1 1526402124.034826
 614 1 1 1 1 2 28 1 12 11 9 1 1526402124.139949
 772 1 1 1 1 2 28 1 12 11 9 1 1526402124.245197
 143 1 1 1 1 2 28 1 12 11 9 1 1526402124.350073
 321 1 1 1 1 2 28 1 12 11 9 1 1526402124.455063
 133 1 1 1 1 2 28 1 12 11 9 1 1526402124.563812
 188 1 1 1 1 2 28 1 12 11 9 1 1526402124.668680
 323 1 1 1 1 2 28 1 12 11 9 1 1526402124.776802
 217 1 1 1 1 2 28 1 12 11 9 1 1526402124.884799
 320 1 1 1 1 2 28 1 12 11 9 1 1526402124.992792
 134 1 1 1 1 2 28 1 12 11 9 1 1526402125.100919
 198 1 1 1 1 2 28 1 12 11 9 1 1526402125.208910
 605 1 1 1 1 2 28 1 12 11 9 1 1526402125.317163
 263 1 1 1 1 2 28 1 12 11 9 1 1526402125.425904
 121 1 1 1 1 2 28 1 12 11 9 1 1526402125.530899
 146 1 1 1 1 2 28 1 12 11 9 1 1526402125.640146
 164 1 1 1 1 2 28 1 12 11 9 1 1526402125.745141
 311 1 1 1 1 2 28 1 12 11 9 1 1526402125.850387
 158 1 1 1 1 2 28 1 12 11 9 1 1526402125.955564
 117 1 1 1 1 2 28 1 12 11 9 1 1526402126.060555
 155 1 1 1 1 2 28 1 12 11 9 1 1526402126.165377
 176 1 1 1 1 2 28 1 12 11 9 1 1526402126.273874
 115 1 1 1 1 2 28 1 12 11 9 1 1526402126.381872
 123 1 1 1 1 2 28 1 12 11 9 1 1526402126.486766
 138 1 1 1 1 2 28 1 12 11 9 1 1526402126.594862
 117 1 1 1 1 2 28 1 12 11 9 1 1526402126.702997
 296 1 1 1 1 2 28 1 12 11 9 1 1526402126.811904
 325 1 1 1 1 2 28 1 12 11 9 1 1526402126.916815
 517 1 1 1 1 2 28 1 12 11 9 1 1526402127.021738
 96 1 1 1 1 2 28 1 12 11 9 1 1526402127.129846
 133 1 1 1 1 2 28 1 12 11 9 1 1526402127.237844
 308 1 1 1 1 2 28 1 12 11 9 1 1526402127.342714
 321 1 1 1 1 2 28 1 12 11 9 1 1526402127.450835
 318 1 1 1 1 2 28 1 12 11 9 1 1526402127.555707
 318 1 1 1 1 2 28 1 12 11 9 1 1526402127.660621
 166 1 1 1 1 2 28 1 12 11 9 1 1526402127.769451
 115 1 1 1 1 2 28 1 12 11 9 1 1526402127.878197
 104 1 1 1 1 2 28 1 12 11 9 1 1526402127.983138
 312 1 1 1 1 2 28 1 12 11 9 1 1526402128.091813
 154 1 1 1 1 2 28 1 12 11 9 1 1526402128.199812
 115 1 1 1 1 2 28 1 12 11 9 1 1526402128.304680
 106 1 1 1 1 2 28 1 12 11 9 1 1526402128.409555
 276 1 1 1 1 2 28 1 12 11 9 1 1526402128.514429
 170 1 1 1 1 2 28 1 12 11 9 1 1526402128.623298
 165 1 1 1 1 2 28 1 12 11 9 1 1526402128.732796
 314 1 1 1 1 2 28 1 12 11 9 1 1526402128.842542
 332 1 1 1 1 2 28 1 12 11 9 1 1526402128.951418
 128 1 1 1 1 2 28 1 12 11 9 1 1526402129.060532
 213 1 1 1 1 2 28 1 12 11 9 1 1526402129.169029
 493 1 1 1 1 2 28 1 12 11 9 1 1526402129.279276
 216 1 1 1 1 2 28 1 12 11 9 1 1526402129.388894
 194 1 1 1 1 2 28 1 12 11 9 1 1526402129.493894
 139 1 1 1 1 2 28 1 12 11 9 1 1526402129.598764
 301 1 1 1 1 2 28 1 12 11 9 1 1526402129.707638
 537 1 1 1 1 2 28 1 12 11 9 1 1526402129.812504
 128 1 1 1 1 2 28 1 12 11 9 1 1526402129.917379
 168 1 1 1 1 2 28 1 12 11 9 1 1526402130.025875
 114 1 1 1 1 2 28 1 12 11 9 1 1526402130.130747
 526 1 1 1 1 2 28 1 12 11 9 1 1526402130.236117
 232 1 1 1 1 2 28 1 12 11 9 1 1526402130.344865
 128 1 1 1 1 2 28 1 12 11 9 1 1526402130.449736
 340 1 1 1 1 2 28 1 12 11 9 1 1526402130.554621
 313 1 1 1 1 2 28 1 12 11 9 1 1526402130.659482
 106 1 1 1 1 2 28 1 12 11 9 1 1526402130.768851
 121 1 1 1 1 2 28 1 12 11 9 1 1526402130.876846
 211 1 1 1 1 2 28 1 12 11 9 1 1526402130.984841
 280 1 1 1 1 2 28 1 12 11 9 1 1526402131.092839
 315 1 1 1 1 2 28 1 12 11 9 1 1526402131.197708
 112 1 1 1 1 2 28 1 12 11 9 1 1526402131.305830
 312 1 1 1 1 2 28 1 12 11 9 1 1526402131.414826
 315 1 1 1 1 2 28 1 12 11 9 1 1526402131.522823
 106 1 1 1 1 2 28 1 12 11 9 1 1526402131.630818
 175 1 1 1 1 2 28 1 12 11 9 1 1526402131.735690
 336 1 1 1 1 2 28 1 12 11 9 1 1526402131.841687
 139 1 1 1 1 2 28 1 12 11 9 1 1526402131.949809
 162 1 1 1 1 2 28 1 12 11 9 1 1526402132.057806
 197 1 1 1 1 2 28 1 12 11 9 1 1526402132.165803
 198 1 1 1 1 2 28 1 12 11 9 1 1526402132.273798
 316 1 1 1 1 2 28 1 12 11 9 1 1526402132.381794
 146 1 1 1 1 2 28 1 12 11 9 1 1526402132.489795
 171 1 1 1 1 2 28 1 12 11 9 1 1526402132.598291
 389 1 1 1 1 2 28 1 12 11 9 1 1526402132.703160
 324 1 1 1 1 2 28 1 12 11 9 1 1526402132.811784
 243 1 1 1 1 2 28 1 12 11 9 1 1526402132.919901
 319 1 1 1 1 2 28 1 12 11 9 1 1526402133.024775
 115 1 1 1 1 2 28 1 12 11 9 1 1526402133.133892
 108 1 1 1 1 2 28 1 12 11 9 1 1526402133.241890
 342 1 1 1 1 2 28 1 12 11 9 1 1526402133.350887
 96 1 1 1 1 2 28 1 12 11 9 1 1526402133.458883
 156 1 1 1 1 2 28 1 12 11 9 1 1526402133.566879
 331 1 1 1 1 2 28 1 12 11 9 1 1526402133.674875
 491 1 1 1 1 2 28 1 12 11 9 1 1526402133.779747
 109 1 1 1 1 2 28 1 12 11 9 1 1526402133.887872
 327 1 1 1 1 2 28 1 12 11 9 1 1526402133.995866
 263 1 1 1 1 2 28 1 12 11 9 1 1526402134.105862
 170 1 1 1 1 2 28 1 12 11 9 1 1526402134.210732
 106 1 1 1 1 2 28 1 12 11 9 1 1526402134.319481
 213 1 1 1 1 2 28 1 12 11 9 1 1526402134.427853
 258 1 1 1 1 2 28 1 12 11 9 1 1526402134.535847
 470 1 1 1 1 2 28 1 12 11 9 1 1526402134.644347
 136 1 1 1 1 2 28 1 12 11 9 1 1526402134.749214
 107 1 1 1 1 2 28 1 12 11 9 1 1526402134.854089
 146 1 1 1 1 2 28 1 12 11 9 1 1526402134.963086
 776 1 1 1 1 2 28 1 12 11 9 1 1526402135.071828
 190 1 1 1 1 2 28 1 12 11 9 1 1526402135.180826
 307 1 1 1 1 2 28 1 12 11 9 1 1526402135.285697
 308 1 1 1 1 2 28 1 12 11 9 1 1526402135.390567
 192 1 1 1 1 2 28 1 12 11 9 1 1526402135.498815
 454 1 1 1 1 2 28 1 12 11 9 1 1526402135.605189
 309 1 1 1 1 2 28 1 12 11 9 1 1526402135.710684
 317 1 1 1 1 2 28 1 12 11 9 1 1526402135.815679
 150 1 1 1 1 2 28 1 12 11 9 1 1526402135.923799
 143 1 1 1 1 2 28 1 12 11 9 1 1526402136.028673
 226 1 1 1 1 2 28 1 12 11 9 1 1526402136.136796
 147 1 1 1 1 2 28 1 12 11 9 1 1526402136.245916
 129 1 1 1 1 2 28 1 12 11 9 1 1526402136.353785
 121 1 1 1 1 2 28 1 12 11 9 1 1526402136.461785
 211 1 1 1 1 2 28 1 12 11 9 1 1526402136.570010
 369 1 1 1 1 2 28 1 12 11 9 1 1526402136.678900
 244 1 1 1 1 2 28 1 12 11 9 1 1526402136.787002
 166 1 1 1 1 2 28 1 12 11 9 1 1526402136.895894
 743 1 1 1 1 2 28 1 12 11 9 1 1526402137.000765
 148 1 1 1 1 2 28 1 12 11 9 1 1526402137.108886
 126 1 1 1 1 2 28 1 12 11 9 1 1526402137.217883
 135 1 1 1 1 2 28 1 12 11 9 1 1526402137.323003
 511 1 1 1 1 2 28 1 12 11 9 1 1526402137.431873
 324 1 1 1 1 2 28 1 12 11 9 1 1526402137.539872
 331 1 1 1 1 2 28 1 12 11 9 1 1526402137.644745
 145 1 1 1 1 2 28 1 12 11 9 1 1526402137.752876
 258 1 1 1 1 2 28 1 12 11 9 1 1526402137.860861
 149 1 1 1 1 2 28 1 12 11 9 1 1526402138.063854
 116 1 1 1 1 2 28 1 12 11 9 1 1526402138.171850
 105 1 1 1 1 2 28 1 12 11 9 1 1526402138.276720
 130 1 1 1 1 2 28 1 12 11 9 1 1526402138.381593
 414 1 1 1 1 2 28 1 12 11 9 1 1526402138.489838
 130 1 1 1 1 2 28 1 12 11 9 1 1526402138.597962
 168 1 1 1 1 2 28 1 12 11 9 1 1526402138.706833
 313 1 1 1 1 2 28 1 12 11 9 1 1526402138.814828
 138 1 1 1 1 2 28 1 12 11 9 1 1526402138.923952
 466 1 1 1 1 2 28 1 12 11 9 1 1526402139.032946
 166 1 1 1 1 2 28 1 12 11 9 1 1526402139.141817
 95 1 1 1 1 2 28 1 12 11 9 1 1526402139.246842
 142 1 1 1 1 2 28 1 12 11 9 1 1526402139.352095
 766 1 1 1 1 2 28 1 12 11 9 1 1526402139.457184
 324 1 1 1 1 2 28 1 12 11 9 1 1526402139.565804
 109 1 1 1 1 2 28 1 12 11 9 1 1526402139.673798
 189 1 1 1 1 2 28 1 12 11 9 1 1526402139.778671
 186 1 1 1 1 2 28 1 12 11 9 1 1526402139.883541
 303 1 1 1 1 2 28 1 12 11 9 1 1526402139.988415
 368 1 1 1 1 2 28 1 12 11 9 1 1526402140.093288
 301 1 1 1 1 2 28 1 12 11 9 1 1526402140.198197
 121 1 1 1 1 2 28 1 12 11 9 1 1526402140.303055
 185 1 1 1 1 2 28 1 12 11 9 1 1526402140.407899
 180 1 1 1 1 2 28 1 12 11 9 1 1526402140.512769
 108 1 1 1 1 2 28 1 12 11 9 1 1526402140.617671
 751 1 1 1 1 2 28 1 12 11 9 1 1526402140.722517
 153 1 1 1 1 2 28 1 12 11 9 1 1526402140.827386
 96 1 1 1 1 2 28 1 12 11 9 1 1526402140.932258
 334 1 1 1 1 2 28 1 12 11 9 1 1526402141.037308
 115 1 1 1 1 2 28 1 12 11 9 1 1526402141.142126
 147 1 1 1 1 2 28 1 12 11 9 1 1526402141.247210
 299 1 1 1 1 2 28 1 12 11 9 1 1526402141.352242
 898 1 1 1 1 2 28 1 12 11 9 1 1526402141.457241
 98 1 1 1 1 2 28 1 12 11 9 1 1526402141.562160
 473 1 1 1 1 2 28 1 12 11 9 1 1526402141.667109
 104 1 1 1 1 2 28 1 12 11 9 1 1526402141.772110
 115 1 1 1 1 2 28 1 12 11 9 1 1526402141.877175
 161 1 1 1 1 2 28 1 12 11 9 1 1526402141.981971
 323 1 1 1 1 2 28 1 12 11 9 1 1526402142.086845
 323 1 1 1 1 2 28 1 12 11 9 1 1526402142.191844
 330 1 1 1 1 2 28 1 12 11 9 1 1526402142.296866
 188 1 1 1 1 2 28 1 12 11 9 1 1526402142.401706
 335 1 1 1 1 2 28 1 12 11 9 1 1526402142.506705
 762 1 1 1 1 2 28 1 12 11 9 1 1526402142.611578
 318 1 1 1 1 2 28 1 12 11 9 1 1526402142.716571
 269 1 1 1 1 2 28 1 12 11 9 1 1526402142.821570
 322 1 1 1 1 2 28 1 12 11 9 1 1526402142.926448
 158 1 1 1 1 2 28 1 12 11 9 1 1526402143.032434
 125 1 1 1 1 2 28 1 12 11 9 1 1526402143.137356
 131 1 1 1 1 2 28 1 12 11 9 1 1526402143.242182
 136 1 1 1 1 2 28 1 12 11 9 1 1526402143.347056
 295 1 1 1 1 2 28 1 12 11 9 1 1526402143.451923
 110 1 1 1 1 2 28 1 12 11 9 1 1526402143.556794
 149 1 1 1 1 2 28 1 12 11 9 1 1526402143.661791
 172 1 1 1 1 2 28 1 12 11 9 1 1526402143.766785
 147 1 1 1 1 2 28 1 12 11 9 1 1526402143.871658
 236 1 1 1 1 2 28 1 12 11 9 1 1526402143.976528
 323 1 1 1 1 2 28 1 12 11 9 1 1526402144.081513
 187 1 1 1 1 2 28 1 12 11 9 1 1526402144.186397
 141 1 1 1 1 2 28 1 12 11 10 1 1526402144.291394
 152 1 1 1 1 2 28 1 12 11 9 1 1526402144.396330
 120 1 1 1 1 2 28 1 12 11 9 1 1526402144.501166
 177 1 1 1 1 2 28 1 12 11 9 1 1526402144.606008
 322 1 1 1 1 2 28 1 12 11 9 1 1526402144.711004
 140 1 1 1 1 2 28 1 12 11 9 1 1526402144.815752
 219 1 1 1 1 2 28 1 12 11 9 1 1526402144.921123
 264 1 1 1 1 2 28 1 12 11 9 1 1526402145.025997
 744 1 1 1 1 2 28 1 12 11 9 1 1526402145.131118
 1130 1 1 1 1 2 28 1 12 11 9 1 1526402145.236163
 304 1 1 1 1 2 28 1 12 11 9 1 1526402145.341114
 313 1 1 1 1 2 28 1 12 11 9 1 1526402145.446167
 276 1 1 1 1 2 28 1 12 11 9 1 1526402145.552716
 115 1 1 1 1 2 28 1 12 11 9 1 1526402145.657601
 311 1 1 1 1 2 28 1 12 11 9 1 1526402145.762476
 107 1 1 1 1 2 28 1 12 11 9 1 1526402145.867467
 159 1 1 1 1 2 28 1 12 11 9 1 1526402145.972340
 256 1 1 1 1 2 28 1 12 11 9 1 1526402146.077209
 336 1 1 1 1 2 28 1 12 11 9 1 1526402146.182083
 328 1 1 1 1 2 28 1 12 11 9 1 1526402146.287078
 735 1 1 1 1 2 28 1 12 11 9 1 1526402146.392015
 96 1 1 1 1 2 28 1 12 11 9 1 1526402146.496821
 747 1 1 1 1 2 28 1 12 11 9 1 1526402146.601818
 326 1 1 1 1 2 28 1 12 11 9 1 1526402146.706688
 151 1 1 1 1 2 28 1 12 11 9 1 1526402146.811808
 145 1 1 1 1 2 28 1 12 11 9 1 1526402146.916680
 127 1 1 1 1 2 28 1 12 11 9 1 1526402147.021675
 330 1 1 1 1 2 28 1 12 11 9 1 1526402147.126674
 124 1 1 1 1 2 28 1 12 11 9 1 1526402147.231546
 767 1 1 1 1 2 28 1 12 11 9 1 1526402147.336418
 178 1 1 1 1 2 28 1 12 11 9 1 1526402147.441415
 179 1 1 1 1 2 28 1 12 11 9 1 1526402147.546284
 337 1 1 1 1 2 28 1 12 11 9 1 1526402147.651156
 313 1 1 1 1 2 28 1 12 11 9 1 1526402147.756027
 307 1 1 1 1 2 28 1 12 11 9 1 1526402147.861023
 198 1 1 1 1 2 28 1 12 11 9 1 1526402147.966020
 324 1 1 1 1 2 28 1 12 11 9 1 1526402148.075021
 115 1 1 1 1 2 28 1 12 11 9 1 1526402148.181889
 330 1 1 1 1 2 28 1 12 11 9 1 1526402148.286763
 113 1 1 1 1 2 28 1 12 11 9 1 1526402148.391679
 754 1 1 1 1 2 28 1 12 11 9 1 1526402148.496526
 276 1 1 1 1 2 28 1 12 11 9 1 1526402148.601374
 269 1 1 1 1 2 28 1 12 11 9 1 1526402148.706246
 172 1 1 1 1 2 28 1 12 11 9 1 1526402148.811442
 113 1 1 1 1 2 28 1 12 11 9 1 1526402148.916246
 145 1 1 1 1 2 28 1 12 11 9 1 1526402149.021235
 317 1 1 1 1 2 28 1 12 11 9 1 1526402149.126141
 312 1 1 1 1 2 28 1 12 11 9 1 1526402149.230979
 818 1 1 1 1 2 28 1 12 11 9 1 1526402149.335850
 225 1 1 1 1 2 28 1 12 11 9 1 1526402149.440722
 247 1 1 1 1 2 28 1 12 11 9 1 1526402149.545596
 119 1 1 1 1 2 28 1 12 11 9 1 1526402149.650589
 143 1 1 1 1 2 28 1 12 11 9 1 1526402149.755586
 585 1 1 1 1 2 28 1 12 11 9 1 1526402149.860462
 304 1 1 1 1 2 28 1 12 11 9 1 1526402149.968835
 742 1 1 1 1 2 28 1 12 11 9 1 1526402150.073700
 137 1 1 1 1 2 28 1 12 11 9 1 1526402150.178697
 156 1 1 1 1 2 28 1 12 11 9 1 1526402150.283569
 182 1 1 1 1 2 28 1 12 11 9 1 1526402150.388440
 133 1 1 1 1 2 28 1 12 11 9 1 1526402150.493436
 278 1 1 1 1 2 28 1 12 11 9 1 1526402150.598308
 312 1 1 1 1 2 28 1 12 11 9 1 1526402150.703179
 315 1 1 1 1 2 28 1 12 11 9 1 1526402150.808050
 301 1 1 1 1 2 28 1 12 11 9 1 1526402150.913045
 103 1 1 1 1 2 28 1 12 11 9 1 1526402151.018044
 310 1 1 1 1 2 28 1 12 11 9 1 1526402151.122913
 150 1 1 1 1 2 28 1 12 11 9 1 1526402151.227787
 117 1 1 1 1 2 28 1 12 11 9 1 1526402151.332935
 159 1 1 1 1 2 28 1 12 11 9 1 1526402151.437779
 303 1 1 1 1 2 28 1 12 11 9 1 1526402151.542655
 176 1 1 1 1 2 28 1 12 11 9 1 1526402151.647521
 318 1 1 1 1 2 28 1 12 11 9 1 1526402151.752519
 97 1 1 1 1 2 28 1 12 11 9 1 1526402151.857518
 142 1 1 1 1 2 28 1 12 11 9 1 1526402151.962384
 153 1 1 1 1 2 28 1 12 11 9 1 1526402152.067262
 216 1 1 1 1 2 28 1 12 11 9 1 1526402152.172272
 438 1 1 1 1 2 28 1 12 11 9 1 1526402152.277251
 310 1 1 1 1 2 28 1 12 11 9 1 1526402152.382125
 161 1 1 1 1 2 28 1 12 11 9 1 1526402152.487116
 130 1 1 1 1 2 28 1 12 11 9 1 1526402152.591991
 145 1 1 1 1 2 28 1 12 11 9 1 1526402152.696863
 183 1 1 1 1 2 28 1 12 11 9 1 1526402152.804858
 149 1 1 1 1 2 28 1 12 11 9 1 1526402152.909861
 99 1 1 1 1 2 28 1 12 11 9 1 1526402153.014849
 142 1 1 1 1 2 28 1 12 11 9 1 1526402153.120098
 152 1 1 1 1 2 28 1 12 11 9 1 1526402153.225093
 144 1 1 1 1 2 28 1 12 11 9 1 1526402153.330032
 166 1 1 1 1 2 28 1 12 11 9 1 1526402153.434839
 315 1 1 1 1 2 28 1 12 11 9 1 1526402153.539708
 120 1 1 1 1 2 28 1 12 11 9 1 1526402153.645208
 178 1 1 1 1 2 28 1 12 11 9 1 1526402153.750079
 146 1 1 1 1 2 28 1 12 11 9 1 1526402153.854948
 139 1 1 1 1 2 28 1 12 11 9 1 1526402153.959944
 265 1 1 1 1 2 28 1 12 11 9 1 1526402154.065938
 319 1 1 1 1 2 28 1 12 11 9 1 1526402154.170936
 103 1 1 1 1 2 28 1 12 11 9 1 1526402154.275933
 401 1 1 1 1 2 28 1 12 11 9 1 1526402154.380806
 112 1 1 1 1 2 28 1 12 11 9 1 1526402154.485676
 330 1 1 1 1 2 28 1 12 11 9 1 1526402154.591425
 248 1 1 1 1 2 28 1 12 11 9 1 1526402154.696294
 311 1 1 1 1 2 28 1 12 11 9 1 1526402154.801168
 311 1 1 1 1 2 28 1 12 11 9 1 1526402154.906289
 211 1 1 1 1 2 28 1 12 11 9 1 1526402155.011339
 378 1 1 1 1 2 28 1 12 11 9 1 1526402155.117462
 183 1 1 1 1 2 28 1 12 11 9 1 1526402155.222399
 222 1 1 1 1 2 28 1 12 11 9 1 1526402155.327275
 171 1 1 1 1 2 28 1 12 11 9 1 1526402155.432145
 183 1 1 1 1 2 28 1 12 11 9 1 1526402155.537161
 332 1 1 1 1 2 28 1 12 11 9 1 1526402155.642011
 104 1 1 1 1 2 28 1 12 11 9 1 1526402155.747655
 114 1 1 1 1 2 28 1 12 11 9 1 1526402155.852506
 138 1 1 1 1 2 28 1 12 11 9 1 1526402155.957379
 100 1 1 1 1 2 28 1 12 11 9 1 1526402156.062335
 168 1 1 1 1 2 28 1 12 11 9 1 1526402156.167245
 307 1 1 1 1 2 28 1 12 11 9 1 1526402156.272867
 212 1 1 1 1 2 28 1 12 11 9 1 1526402156.377737
 418 1 1 1 1 2 28 1 12 11 9 1 1526402156.482733
 110 1 1 1 1 2 28 1 12 11 9 1 1526402156.587641
 165 1 1 1 1 2 28 1 12 11 9 1 1526402156.693229
 309 1 1 1 1 2 28 1 12 11 9 1 1526402156.798100
 142 1 1 1 1 2 28 1 12 11 9 1 1526402156.902970
 765 1 1 1 1 2 28 1 12 11 9 1 1526402157.011954
 152 1 1 1 1 2 28 1 12 11 9 1 1526402157.117341
 740 1 1 1 1 2 28 1 12 11 9 1 1526402157.222213
 112 1 1 1 1 2 28 1 12 11 9 1 1526402157.327080
 307 1 1 1 1 2 28 1 12 11 9 1 1526402157.431951
 328 1 1 1 1 2 28 1 12 11 9 1 1526402157.536862
 324 1 1 1 1 2 28 1 12 11 9 1 1526402157.644949
 107 1 1 1 1 2 28 1 12 11 9 1 1526402157.750564
 244 1 1 1 1 2 28 1 12 11 9 1 1526402157.855438
 501 1 1 1 1 2 28 1 12 11 9 1 1526402157.960309
 310 1 1 1 1 2 28 1 12 11 9 1 1526402158.065181
 332 1 1 1 1 2 28 1 12 11 9 1 1526402158.170053
 741 1 1 1 1 2 28 1 12 11 9 1 1526402158.274924
 307 1 1 1 1 2 28 1 12 11 9 1 1526402158.379796
 150 1 1 1 1 2 28 1 12 11 9 1 1526402158.484668
 321 1 1 1 1 2 28 1 12 11 9 1 1526402158.589913
 318 1 1 1 1 2 28 1 12 11 9 1 1526402158.694786
 324 1 1 1 1 2 28 1 12 11 9 1 1526402158.799663
 236 1 1 1 1 2 28 1 12 11 9 1 1526402158.905283
 165 1 1 1 1 2 28 1 12 11 9 1 1526402159.010288
 119 1 1 1 1 2 28 1 12 11 9 1 1526402159.115148
 322 1 1 1 1 2 28 1 12 11 9 1 1526402159.220016
 146 1 1 1 1 2 28 1 12 11 9 1 1526402159.324888
 202 1 1 1 1 2 28 1 12 11 9 1 1526402159.429637
 464 1 1 1 1 2 28 1 12 11 9 1 1526402159.534634
 108 1 1 1 1 2 28 1 12 11 9 1 1526402159.639504
 133 1 1 1 1 2 28 1 12 11 9 1 1526402159.744375
 118 1 1 1 1 2 28 1 12 11 9 1 1526402159.849121
 124 1 1 1 1 2 28 1 12 11 9 1 1526402159.953993
 99 1 1 1 1 2 28 1 12 11 9 1 1526402160.058865
 179 1 1 1 1 2 28 1 12 11 9 1 1526402160.163735
 315 1 1 1 1 2 28 1 12 11 9 1 1526402160.268616
 114 1 1 1 1 2 28 1 12 11 9 1 1526402160.373479
 146 1 1 1 1 2 28 1 12 11 9 1 1526402160.478350
 314 1 1 1 1 2 28 1 12 11 9 1 1526402160.583221
 100 1 1 1 1 2 28 1 12 11 9 1 1526402160.688096
 258 1 1 1 1 2 28 1 12 11 9 1 1526402160.792964
 145 1 1 1 1 2 28 1 12 11 9 1 1526402160.897834
 131 1 1 1 1 2 28 1 12 11 9 1 1526402161.002708
 756 1 1 1 1 2 28 1 12 11 9 1 1526402161.107579
 299 1 1 1 1 2 28 1 12 11 9 1 1526402161.212451
 167 1 1 1 1 2 28 1 12 11 9 1 1526402161.317320
 155 1 1 1 1 2 28 1 12 11 9 1 1526402161.422193
 156 1 1 1 1 2 28 1 12 11 9 1 1526402161.527064
 328 1 1 1 1 2 28 1 12 11 9 1 1526402161.631935
 167 1 1 1 1 2 28 1 12 11 9 1 1526402161.736809
 148 1 1 1 1 2 28 1 12 11 9 1 1526402161.841676
 656 1 1 1 1 2 28 1 12 11 10 1 1526402161.946553
 298 1 1 1 1 2 28 1 12 11 9 1 1526402162.051419
 100 1 1 1 1 2 28 1 12 11 9 1 1526402162.156291
 766 1 1 1 1 2 28 1 12 11 9 1 1526402162.265173
 317 1 1 1 1 2 28 1 12 11 9 1 1526402162.370036
 373 1 1 1 1 2 28 1 12 11 9 1 1526402162.475032
 149 1 1 1 1 2 28 1 12 11 9 1 1526402162.579904
 319 1 1 1 1 2 28 1 12 11 9 1 1526402162.684775
 316 1 1 1 1 2 28 1 12 11 9 1 1526402162.789647
 145 1 1 1 1 2 28 1 12 11 9 1 1526402162.894515
 180 1 1 1 1 2 28 1 12 11 9 1 1526402162.999387
 130 1 1 1 1 2 28 1 12 11 9 1 1526402163.104269
 113 1 1 1 1 2 28 1 12 11 9 1 1526402163.209132
 207 1 1 1 1 2 28 1 12 11 9 1 1526402163.314006
 148 1 1 1 1 2 28 1 12 11 9 1 1526402163.418876
 222 1 1 1 1 2 28 1 12 11 9 1 1526402163.523751
 204 1 1 1 1 2 28 1 12 11 9 1 1526402163.628651
 306 1 1 1 1 2 28 1 12 11 9 1 1526402163.733490
 271 1 1 1 1 2 28 1 12 11 9 1 1526402163.838358
 150 1 1 1 1 2 28 1 12 11 9 1 1526402163.943232
 99 1 1 1 1 2 28 1 12 11 9 1 1526402164.048104
 123 1 1 1 1 2 28 1 12 11 9 1 1526402164.153101
 107 1 1 1 1 2 28 1 12 11 9 1 1526402164.257974
 164 1 1 1 1 2 28 1 12 11 9 1 1526402164.362844
 144 1 1 1 1 2 28 1 12 11 9 1 1526402164.467730
 323 1 1 1 1 2 28 1 12 11 9 1 1526402164.572591
 339 1 1 1 1 2 28 1 12 11 9 1 1526402164.677460
 121 1 1 1 1 2 28 1 12 11 9 1 1526402164.782455
 315 1 1 1 1 2 28 1 12 11 9 1 1526402164.887328
 153 1 1 1 1 2 28 1 12 11 9 1 1526402164.992197
 290 1 1 1 1 2 28 1 12 11 9 1 1526402165.097069
 679 1 1 1 1 2 28 1 12 11 9 1 1526402165.201942
 639 1 1 1 1 2 28 1 12 11 9 1 1526402165.306813
 324 1 1 1 1 2 28 1 12 11 9 1 1526402165.411684
 241 1 1 1 1 2 28 1 12 11 9 1 1526402165.516556
 307 1 1 1 1 2 28 1 12 11 9 1 1526402165.621428
 327 1 1 1 1 2 28 1 12 11 9 1 1526402165.726300
 155 1 1 1 1 2 28 1 12 11 9 1 1526402165.831276
 126 1 1 1 1 2 28 1 12 11 9 1 1526402165.936043
 301 1 1 1 1 2 28 1 12 11 9 1 1526402166.040914
 224 1 1 1 1 2 28 1 12 11 9 1 1526402166.146281
 113 1 1 1 1 2 28 1 12 11 9 1 1526402166.251153
 127 1 1 1 1 2 28 1 12 11 9 1 1526402166.356029
 484 1 1 1 1 2 28 1 12 11 9 1 1526402166.462461
 128 1 1 1 1 2 28 1 12 11 9 1 1526402166.567266
 306 1 1 1 1 2 28 1 12 11 9 1 1526402166.672142
 227 1 1 1 1 2 28 1 12 11 9 1 1526402166.777014
 146 1 1 1 1 2 28 1 12 11 9 1 1526402166.881886
 130 1 1 1 1 2 28 1 12 11 9 1 1526402166.986755
 575 1 1 1 1 2 28 1 12 11 9 1 1526402167.091629
 137 1 1 1 1 2 28 1 12 11 9 1 1526402167.196500
 298 1 1 1 1 2 28 1 12 11 9 1 1526402167.301372
 163 1 1 1 1 2 28 1 12 11 9 1 1526402167.407301
 322 1 1 1 1 2 28 1 12 11 9 1 1526402167.512112
 299 1 1 1 1 2 28 1 12 11 9 1 1526402167.616984
 112 1 1 1 1 2 28 1 12 11 9 1 1526402167.721856
 534 1 1 1 1 2 28 1 12 11 9 1 1526402167.826728
 323 1 1 1 1 2 28 1 12 11 9 1 1526402167.931727
 275 1 1 1 1 2 28 1 12 11 9 1 1526402168.036598
 738 1 1 1 1 2 28 1 12 11 9 1 1526402168.141466
 196 1 1 1 1 2 28 1 12 11 9 1 1526402168.246339
 171 1 1 1 1 2 28 1 12 11 9 1 1526402168.351210
 119 1 1 1 1 2 28 1 12 11 9 1 1526402168.456083
 224 1 1 1 1 2 28 1 12 11 9 1 1526402168.560953
 152 1 1 1 1 2 28 1 12 11 9 1 1526402168.665953
 119 1 1 1 1 2 28 1 12 11 9 1 1526402168.771701
 281 1 1 1 1 2 28 1 12 11 9 1 1526402168.876568
 143 1 1 1 1 2 28 1 12 11 9 1 1526402168.984947
 147 1 1 1 1 2 28 1 12 11 9 1 1526402169.089810
 111 1 1 1 1 2 28 1 12 11 9 1 1526402169.194686
 327 1 1 1 1 2 28 1 12 11 9 1 1526402169.299553
 102 1 1 1 1 2 28 1 12 11 9 1 1526402169.404424
 271 1 1 1 1 2 28 1 12 11 9 1 1526402169.509298
 110 1 1 1 1 2 28 1 12 11 9 1 1526402169.614167
 502 1 1 1 1 2 28 1 12 11 9 1 1526402169.719038
 786 1 1 1 1 2 28 1 12 11 9 1 1526402169.823913
 140 1 1 1 1 2 28 1 12 11 9 1 1526402169.928781
 205 1 1 1 1 2 28 1 12 11 9 1 1526402170.033656
 128 1 1 1 1 2 28 1 12 11 9 1 1526402170.138656
 722 1 1 1 1 2 28 1 12 11 9 1 1526402170.243523
 202 1 1 1 1 2 28 1 12 11 9 1 1526402170.348393
 428 1 1 1 1 2 28 1 12 11 9 1 1526402170.453266
 108 1 1 1 1 2 28 1 12 11 9 1 1526402170.558147
 644 1 1 1 1 2 28 1 12 11 9 1 1526402170.663008
 122 1 1 1 1 2 28 1 12 11 9 1 1526402170.767884
 498 1 1 1 1 2 28 1 12 11 9 1 1526402170.872750
 770 1 1 1 1 2 28 1 12 11 10 1 1526402170.977624
 420 1 1 1 1 2 28 1 12 11 9 1 1526402171.082492
 317 1 1 1 1 2 28 1 12 11 9 1 1526402171.187364
 764 1 1 1 1 2 28 1 12 11 9 1 1526402171.292236
 749 1 1 1 1 2 28 1 12 11 9 1 1526402171.397107
 108 1 1 1 1 2 28 1 12 11 9 1 1526402171.501978
 315 1 1 1 1 2 28 1 12 11 9 1 1526402171.606850
 318 1 1 1 1 2 28 1 12 11 9 1 1526402171.711722
 763 1 1 1 1 2 28 1 12 11 9 1 1526402171.816592
 165 1 1 1 1 2 28 1 12 11 9 1 1526402171.921468
 174 1 1 1 1 2 28 1 12 11 9 1 1526402172.026342
 368 1 1 1 1 2 28 1 12 11 9 1 1526402172.131207
 287 1 1 1 1 2 28 1 12 11 9 1 1526402172.235954
 137 1 1 1 1 2 28 1 12 11 9 1 1526402172.340826
 234 1 1 1 1 2 28 1 12 11 9 1 1526402172.445699
