  272  516  516  516 1526570199.891826
  273  516  517  516 1526570199.895701
  272  516  517  516 1526570199.899573
  272  516  516  517 1526570199.903826
  272  517  517  516 1526570199.908700
  272  516  517  517 1526570199.913329
  272  517  517  516 1526570199.917475
  272  516  517  516 1526570199.921327
  272  516  517  516 1526570199.925328
  272  516  517  516 1526570199.930330
  272  517  516  516 1526570199.934206
  272  516  516  516 1526570199.938199
  272  516  516  516 1526570199.942204
  272  516  516  516 1526570199.946203
  273  516  517  516 1526570199.950202
  273  516  517  516 1526570199.954201
  272  516  516  516 1526570199.958200
  273  516  517  516 1526570199.962451
  272  516  517  516 1526570199.966453
  272  516  517  516 1526570199.970454
  271  516  517  516 1526570199.974452
  272  516  517  516 1526570199.978449
  272  516  516  516 1526570199.982452
  272  516  516  516 1526570199.986451
  272  517  516  516 1526570199.991462
  272  516  516  516 1526570199.995495
  272  516  517  516 1526570199.999450
  272  516  516  516 1526570200.003325
  272  517  517  517 1526570200.007324
  272  517  517  516 1526570200.011329
  272  516  516  516 1526570200.015326
  272  516  517  517 1526570200.019452
  272  516  517  516 1526570200.024454
  272  516  516  516 1526570200.028453
  272  516  516  516 1526570200.032449
   29   41   39   35 1526570200.036329
  272  516  517  516 1526570200.040324
  271  516  517  516 1526570200.044324
  272  517  516  517 1526570200.048322
  272  516  517  517 1526570200.053574
  272  516  516  516 1526570200.057697
  272  516  517  516 1526570200.061726
  272  516  516  516 1526570200.065696
  272  516  516  516 1526570200.069699
  272  516  517  517 1526570200.073697
  272  516  517  517 1526570200.077696
  272  516  517  516 1526570200.082824
  272  516  516  516 1526570200.086825
  272  516  516  516 1526570200.090824
  272  516  516  516 1526570200.094826
  272  516  516  516 1526570200.098827
  272  516  516  516 1526570200.102822
  272  516  516  516 1526570200.106826
  272  516  517  517 1526570200.110821
  272  516  516  517 1526570200.115819
  272  516  516  516 1526570200.119823
  272  516  517  516 1526570200.123824
  272   42  516  517 1526570200.127823
  272  516  516  517 1526570200.131691
  272  516  516  517 1526570200.135569
  273  516  517  517 1526570200.139442
  272  516  517  516 1526570200.144319
  272  517  517  516 1526570200.148544
  272  516  516  516 1526570200.152312
  272  517  516  516 1526570200.156313
  272  516  517  517 1526570200.160195
  272  516  516  516 1526570200.164076
  272  516  516  516 1526570200.168074
  272  516  516  516 1526570200.173216
  272  516  517  516 1526570200.177193
  272  516  516  516 1526570200.181072
  273  516  517  517 1526570200.185072
  272  516  516  516 1526570200.189071
  273  516  517  516 1526570200.193071
  272  516  517  516 1526570200.197072
  272  516  516  517 1526570200.201192
  272  517  517  516 1526570200.205816
  272  516  517  516 1526570200.209694
  272  517  517  517 1526570200.213689
  272  516  516  516 1526570200.217567
  273  517  516  517 1526570200.221814
  272  517  516  516 1526570200.226332
  272  516  516  516 1526570200.230315
  272  516  517  516 1526570200.234196
  272  516  516  517 1526570200.239066
  272  517  516  516 1526570200.242950
  272  517  516  516 1526570200.246836
  272  516  517  516 1526570200.250819
  272  517  517  517 1526570200.254691
  272  516  517  516 1526570200.258571
  272  516  517  516 1526570200.263675
  273  517  517  516 1526570200.268194
  272  517  517  517 1526570200.272070
  272  516  517  517 1526570200.276069
  272  516  517  517 1526570200.279945
  272  516  517  517 1526570200.283810
  272  516  517  516 1526570200.288684
  272  516  516  517 1526570200.292690
  272  516  516  516 1526570200.297684
  272  516  516  517 1526570200.301692
  272  516  517  517 1526570200.306299
  272  516  517  516 1526570200.310081
  272  516  516  516 1526570200.313943
  272  516  517  516 1526570200.317931
  273  517  516  517 1526570200.321813
  272  516  516  516 1526570200.327216
  272  516  516  516 1526570200.331062
  272  516  516  517 1526570200.335066
  273  517  516  516 1526570200.339064
  273  516  516  517 1526570200.342940
  272  516  516  516 1526570200.347184
  272  517  517  517 1526570200.351063
  272  517  516  516 1526570200.356070
  272  516  517  517 1526570200.359939
  272  516  516  516 1526570200.363938
  272  516  517  516 1526570200.368682
  272  517  516  516 1526570200.372692
  272  516  516  517 1526570200.376563
  272  516  516  516 1526570200.380438
  272  516  516  516 1526570200.385555
  272  516  516  516 1526570200.390179
  272  516  517  516 1526570200.394190
  272  517  516  516 1526570200.398180
  272  516  517  517 1526570200.402186
  272  516  517  516 1526570200.406951
  272  517  517  516 1526570200.410808
  272  516  516  517 1526570200.414809
  272  516  517  516 1526570200.419558
  272  516  517  517 1526570200.423436
  273  517  516  516 1526570200.427684
  273  517  516  517 1526570200.431685
  272  516  516  516 1526570200.435563
  272  516  517  517 1526570200.439446
  272  516  516  516 1526570200.443315
  272  516  516  516 1526570200.448812
  272  516  516  516 1526570200.452809
  272  516  517  516 1526570200.456720
  272  516  517  517 1526570200.460687
  272  517  517  517 1526570200.464561
  272  516  517  516 1526570200.468820
  272  516  516  516 1526570200.472803
  272  516  516  517 1526570200.476808
  272  516  517  517 1526570200.481802
  272  516  517  517 1526570200.485686
  272  516  517  516 1526570200.490427
  273  516  517  516 1526570200.494310
  272  517  517  516 1526570200.498313
  272  516  516  516 1526570200.502189
  272  517  517  517 1526570200.506221
  272  516  517  517 1526570200.511055
  272  517  517  516 1526570200.515058
  272  516  517  517 1526570200.519051
  272  516  516  516 1526570200.523051
  272  516  516  516 1526570200.526931
  272  516  516  516 1526570200.531684
  272  516  516  517 1526570200.535561
  272  517  517  517 1526570200.540060
  272  516  516  517 1526570200.543931
  272  516  517  516 1526570200.548530
  272  516  517  516 1526570200.552435
  272  516  516  517 1526570200.556424
  273  516  517  516 1526570200.560306
  272  517  517  516 1526570200.564184
  273  516  517  516 1526570200.569052
  272  517  516  516 1526570200.574057
  272  517  517  516 1526570200.578062
  272  516  517  516 1526570200.582057
  272  516  517  516 1526570200.586055
  272  517  516  516 1526570200.590804
  273  516  516  516 1526570200.594806
  272  516  516  516 1526570200.599802
  272  516  517  516 1526570200.603805
   31   39   38   33 1526570200.607807
  272  516  516  517 1526570200.612554
  272  516  517  516 1526570200.616554
  273  516  517  517 1526570200.620553
  272  517  517  516 1526570200.624553
  272  517  517  516 1526570200.629301
  272  516  517  516 1526570200.634306
  272  517  516  516 1526570200.638306
  272  516  517  516 1526570200.642308
  272  516  517  516 1526570200.646305
  272  517  516  517 1526570200.651058
  272  516  516  516 1526570200.655055
  272  516  516  516 1526570200.660049
  272  517  517  516 1526570200.663929
  272  516  517  517 1526570200.667803
  272  516  517  516 1526570200.672431
  272  516  516  516 1526570200.676433
  272  516  517  516 1526570200.680427
  272  516  517  516 1526570200.684428
  272  516  516  517 1526570200.689394
  272  516  516  516 1526570200.694428
  272  516  516  516 1526570200.698431
  272  516  516  516 1526570200.702430
  273  516  516  516 1526570200.706426
  272  516  516  516 1526570200.711173
  272  516  516  516 1526570200.715178
  273  516  516  516 1526570200.719175
  272  517  517  517 1526570200.724054
  272  517  517  517 1526570200.728050
  272  516  517  516 1526570200.732682
  272  517  516  516 1526570200.736675
  272  516  517  516 1526570200.740677
  272  516  517  516 1526570200.744673
  272  516  517  516 1526570200.748675
  272  516  517  517 1526570200.754303
  272  516  516  517 1526570200.758302
  272  516  516  516 1526570200.762300
  272  516  516  517 1526570200.766297
  272  516  517  516 1526570200.770424
  272  517  517  516 1526570200.774428
  271  517  517  517 1526570200.778595
  272  516  517  516 1526570200.783552
  272  516  517  516 1526570200.787551
  272  516  517  516 1526570200.792300
  272  516  516  516 1526570200.796300
  272  516  516  517 1526570200.800302
  272  517  517  517 1526570200.804301
  272  517  517  517 1526570200.808297
  272  516  517  516 1526570200.813802
  272  516  516  516 1526570200.817799
  272  516  517  517 1526570200.821802
  272  516  516  516 1526570200.825798
  272  516  517  517 1526570200.830543
  272  516  516  517 1526570200.834547
  272  516  517  516 1526570200.838544
  272  516  517  517 1526570200.842540
  272  516  517  516 1526570200.847297
  272  516  516  516 1526570200.851799
  272  516  517  516 1526570200.855796
  272  516  517  517 1526570200.859796
  272  516  516  517 1526570200.863794
  272  516  516  516 1526570200.867920
  272  516  517  517 1526570200.872671
  273  517  517  517 1526570200.877799
  272  516  517  517 1526570200.881800
  272  516  517  516 1526570200.885798
  272  517  517  516 1526570200.889794
  272  516  517  517 1526570200.893841
  272  517  517  517 1526570200.897793
  272  517  517  516 1526570200.901917
  272  516  516  516 1526570200.906921
  272  516  517  516 1526570200.911577
  272  516  517  516 1526570200.915583
  272  517  517  517 1526570200.919669
  273  516  517  516 1526570200.923670
  272  516  517  516 1526570200.927670
  272  517  517  516 1526570200.932418
  272  516  517  516 1526570200.937419
  272  516  516  516 1526570200.941419
  272  516  516  516 1526570200.945432
  273  516  517  517 1526570200.949916
  272  516  516  517 1526570200.953916
  272  517  517  517 1526570200.957918
  272  516  516  516 1526570200.961922
  272  516  517  516 1526570200.967179
  272  517  516  517 1526570200.971920
  272  516  516  516 1526570200.975918
  272  516  516  516 1526570200.979926
  272  516  516  516 1526570200.983920
  273  516  517  516 1526570200.987926
  272  516  517  516 1526570200.992665
  272  517  517  516 1526570200.996663
  272  516  517  516 1526570201.000665
  272  516  517  517 1526570201.004665
  273  516  517  516 1526570201.008673
  272  516  517  517 1526570201.013292
  272  516  517  517 1526570201.017292
  272  516  517  516 1526570201.021295
  272  516  516  517 1526570201.026287
  273  517  516  516 1526570201.030537
  272   42  516  517 1526570201.035931
  272  516  517  517 1526570201.039792
  272  516  516  516 1526570201.043790
  272  516  516  516 1526570201.047789
  272  516  517  516 1526570201.052410
  272  516  517  517 1526570201.056412
  272  516  517  516 1526570201.060417
  272  516  516  516 1526570201.064541
  272  516  517  516 1526570201.068542
  273  516  516  517 1526570201.073296
  272  516  516  516 1526570201.077416
  272  516  517  516 1526570201.081413
  272  517  516  516 1526570201.085414
  272  516  517  516 1526570201.091081
  272  516  517  516 1526570201.095037
  272  516  517  516 1526570201.099038
  272  517  517  516 1526570201.103040
  272  516  516  516 1526570201.107045
  272  516  516  516 1526570201.112289
  272  517  517  517 1526570201.116286
  272  516  517  517 1526570201.120414
  272  516  516  517 1526570201.124414
  272  516  517  517 1526570201.128661
  272  516  516  517 1526570201.134661
  272  516  517  516 1526570201.139416
  272  516  517  517 1526570201.187659
  272  516  516  516 1526570201.193785
  272  516  516  517 1526570201.198157
  272  516  517  516 1526570201.202160
  272  516  517  516 1526570201.206159
  272  516  517  516 1526570201.210164
  272  516  517  516 1526570201.214912
  272  516  516  516 1526570201.218965
  272  516  516  516 1526570201.222906
  272  516  516  517 1526570201.227788
  272  517  516  516 1526570201.232690
  272  516  516  516 1526570201.236659
  272  516  517  516 1526570201.240662
  272  516  517  516 1526570201.244658
  272  516  517  516 1526570201.248658
  272  516  517  516 1526570201.253096
  272  516  516  517 1526570201.257657
  272  516  516  516 1526570201.261658
  273  517  517  516 1526570201.265660
  272  516  516  516 1526570201.269659
  272  516  516  516 1526570201.274407
  272  516  516  517 1526570201.278406
  272  516  517  516 1526570201.282530
  272  516  517  516 1526570201.287410
  272  516  517  516 1526570201.291411
  272  517  516  516 1526570201.296282
  272  516  517  516 1526570201.300282
  272  516  517  517 1526570201.304280
  272  517  516  516 1526570201.308281
  273  516  516  516 1526570201.313354
  272  517  517  517 1526570201.318293
  272  516  517  517 1526570201.322318
  272  516  517  517 1526570201.326283
  273  516  516  517 1526570201.330282
  272  516  517  517 1526570201.335027
  272  516  517  516 1526570201.339088
  272  516  516  516 1526570201.343033
  272  516  516  516 1526570201.348156
  272  516  517  517 1526570201.353063
  272  516  516  516 1526570201.357025
  272  516  516  516 1526570201.361032
  272  516  516  516 1526570201.365111
  273  516  516  516 1526570201.369030
  272  516  516  516 1526570201.373777
  272  517  517  517 1526570201.378784
  272  517  517  517 1526570201.382777
  272  517  517  516 1526570201.386776
  272  517  517  517 1526570201.390780
  272  517  517  516 1526570201.395531
  272  516  517  517 1526570201.399528
  272  516  517  517 1526570201.403531
  272  516  516  517 1526570201.408719
  272  516  516  516 1526570201.413410
  272  516  516  516 1526570201.417284
  272  516  517  516 1526570201.421277
  272  516  517  516 1526570201.425280
  272  516  516  516 1526570201.429281
  272  516  517  517 1526570201.434064
  273  516  517  516 1526570201.438025
  272  516  517  516 1526570201.443026
  272  516  517  516 1526570201.447031
  273  517  516  516 1526570201.451035
  272  516  517  517 1526570201.455775
  272  517  517  517 1526570201.459778
  272  516  517  516 1526570201.463778
  272  516  517  516 1526570201.467781
  272  516  517  517 1526570201.473660
  272  516  517  516 1526570201.477523
  272  516  516  516 1526570201.481525
  272  516  517  516 1526570201.485524
  272  516  516  517 1526570201.490026
  272  516  516  517 1526570201.494025
  273  516  517  516 1526570201.498024
  272  516  516  516 1526570201.503027
  272  516  516  517 1526570201.507026
  272  516  516  517 1526570201.511902
  272  517  517  516 1526570201.515904
  272  516  517  516 1526570201.519899
  272  516  517  516 1526570201.523899
  272  516  516  516 1526570201.527897
  272  516  516  517 1526570201.532645
  272  516  517  516 1526570201.537530
  272  516  516  516 1526570201.541524
  272  516  517  517 1526570201.545524
  272  516  516  517 1526570201.550400
  272  516  516  516 1526570201.554397
  273  516  516  517 1526570201.558394
  272  516  517  517 1526570201.562648
  272  516  516  517 1526570201.566644
  272  516  516  517 1526570201.570643
  272  516  517  517 1526570201.574659
  272  516  516  516 1526570201.578646
  272  517  517  517 1526570201.582652
  272  516  517  516 1526570201.586649
  272  516  517  517 1526570201.590894
  272  516  516  516 1526570201.595020
  272  516  517  517 1526570201.599020
  272  516  516  516 1526570201.603022
  272  516  516  516 1526570201.607022
  272  516  517  517 1526570201.611036
  272  516  517  517 1526570201.615021
  272  516  516  516 1526570201.619024
  272  516  517  517 1526570201.623648
  272  516  517  516 1526570201.627525
  273  516  516  516 1526570201.632270
  272  516  516  516 1526570201.636270
  272  516  516  516 1526570201.640273
  273  516  516  517 1526570201.644274
  272  516  517  516 1526570201.648270
  273  516  517  517 1526570201.653024
  272  517  516  516 1526570201.658021
  273  516  517  517 1526570201.662018
  272  516  516  517 1526570201.666019
  273  517  517  517 1526570201.670901
  272  516  517  517 1526570201.674894
  272  517  517  517 1526570201.678896
  272  516  517  516 1526570201.683767
  272  516  517  517 1526570201.687771
  272  516  517  517 1526570201.692269
  272  516  517  516 1526570201.696273
  272  516  517  516 1526570201.700273
  272  517  516  516 1526570201.704269
  272  516  517  516 1526570201.708270
  273  517  516  517 1526570201.713014
  272  516  517  517 1526570201.718017
  272  516  517  516 1526570201.722021
  273  516  517  517 1526570201.726017
  272  516  516  516 1526570201.730891
  272  516  517  517 1526570201.734894
  272  516  517  517 1526570201.738893
  272  516  517  517 1526570201.742890
  272  516  517  516 1526570201.747889
  273  517  517  517 1526570201.752657
  272  516  517  516 1526570201.756649
  272  516  516  516 1526570201.760651
  272  516  517  516 1526570201.764645
  273  516  517  516 1526570201.768649
  273  516  516  517 1526570201.773423
  272  517  517  516 1526570201.778390
  272  517  516  517 1526570201.782389
  272  516  516  517 1526570201.786389
  272  516  517  517 1526570201.791213
  272  517  517  516 1526570201.795140
  272  516  517  517 1526570201.799140
  273  516  517  517 1526570201.803139
  272  516  517  516 1526570201.807515
  272  516  517  516 1526570201.811509
  272  516  516  516 1526570201.815516
  272  516  516  516 1526570201.819516
  272  517  517  517 1526570201.823515
  272  517  517  517 1526570201.827513
  272  516  517  516 1526570201.831511
  272  516  516  516 1526570201.836524
  273  517  516  516 1526570201.840515
  272  517  516  516 1526570201.844517
  272  516  516  516 1526570201.848519
  272  516  516  516 1526570201.853388
  272  517  516  516 1526570201.857389
  272  517  517  517 1526570201.861388
  272  516  516  516 1526570201.865387
  272  517  516  517 1526570201.871187
  272  516  516  516 1526570201.875139
  272  516  516  516 1526570201.879139
  272  516  516  516 1526570201.883140
  272  516  517  517 1526570201.887134
  272  516  516  516 1526570201.891902
  272  517  517  517 1526570201.895884
  272  516  517  516 1526570201.900760
  272  516  516  516 1526570201.904766
  272  516  517  516 1526570201.908760
  272  516  516  516 1526570201.913655
  271  516  517  517 1526570201.917652
  272  517  517  517 1526570201.921648
  272  516  517  517 1526570201.925645
  272  516  516  516 1526570201.931293
  272  516  516  517 1526570201.935269
  272  516  517  516 1526570201.939260
  272  516  516  516 1526570201.943260
  272  517  516  516 1526570201.947262
  272  516  517  516 1526570201.951883
  272  517  516  516 1526570201.955883
  272  516  517  517 1526570201.960885
  272  517  517  517 1526570201.964885
  272  517  517  516 1526570201.968884
  273  516  516  517 1526570201.973650
  272  516  516  516 1526570201.977646
  273  516  517  516 1526570201.981511
  272  516  517  517 1526570201.985512
  272  516  517  516 1526570201.990386
  272  516  517  516 1526570201.995136
  272  516  517  516 1526570201.999133
  272  516  516  516 1526570202.003134
  271  516  516  516 1526570202.007135
  272  516  517  517 1526570202.011880
  272  516  517  516 1526570202.015883
  272  516  517  516 1526570202.020758
  272  516  517  516 1526570202.024754
  272  516  516  516 1526570202.028758
  272  516  517  517 1526570202.033652
  273  516  516  516 1526570202.037656
  272  517  517  516 1526570202.041656
  272  516  517  517 1526570202.045872
  273  516  517  517 1526570202.050760
  273  516  517  517 1526570202.055382
  272  516  516  516 1526570202.059382
  272  516  516  517 1526570202.063381
  272  516  517  516 1526570202.067378
  272  516  516  517 1526570202.072128
  272  516  517  516 1526570202.076182
  273  516  517  516 1526570202.081134
  272  516  516  516 1526570202.085131
  273  516  517  516 1526570202.089136
  272  516  516  516 1526570202.093760
  272  516  516  516 1526570202.097755
  272  516  517  516 1526570202.101751
  272  516  517  516 1526570202.105880
  272  517  516  517 1526570202.111005
  272  516  517  516 1526570202.115755
  272  516  516  517 1526570202.119756
  272  517  517  517 1526570202.123754
  272  516  517  517 1526570202.127754
  273  517  516  516 1526570202.132642
  272  517  517  516 1526570202.136651
  272  517  517  517 1526570202.141653
  272  516  516  516 1526570202.145656
  273  516  516  516 1526570202.149654
  272  517  517  517 1526570202.154377
  272  516  517  517 1526570202.158375
  272  516  517  517 1526570202.162379
  273  516  517  516 1526570202.166503
  272  516  517  516 1526570202.171506
  272  516  517  516 1526570202.176257
  272  516  516  516 1526570202.180255
  272  517  517  517 1526570202.184250
  272  516  517  516 1526570202.188251
  272  516  517  517 1526570202.192999
  272  517  516  516 1526570202.196999
  272  516  517  516 1526570202.201755
  272  517  517  516 1526570202.205753
  272  516  517  516 1526570202.209749
  272  516  516  516 1526570202.214651
  272  516  516  516 1526570202.218646
  272  516  517  516 1526570202.222646
  272  516  516  516 1526570202.226646
  272  516  516  517 1526570202.231656
  272  516  517  516 1526570202.236376
  272  516  516  517 1526570202.240378
  272  516  516  517 1526570202.244374
  272  516  517  516 1526570202.248375
  272  516  517  516 1526570202.253183
  272  516  516  516 1526570202.257127
  272  516  517  517 1526570202.262122
  272  516  517  517 1526570202.266126
  272  517  517  517 1526570202.270123
  272  517  517  517 1526570202.274999
  272  517  517  517 1526570202.279001
  272  516  516  516 1526570202.282998
  272  517  517  517 1526570202.286999
  272  516  516  516 1526570202.291997
  272  516  517  517 1526570202.296750
  272  516  517  517 1526570202.300749
  272  516  516  516 1526570202.304746
  272  517  516  516 1526570202.308750
  272  517  516  516 1526570202.313546
  272  517  517  516 1526570202.317495
  272  517  517  516 1526570202.322500
  272  516  517  516 1526570202.326502
  272  516  516  516 1526570202.330500
  272  516  516  516 1526570202.335374
  272  516  517  516 1526570202.339370
  272  517  517  517 1526570202.343370
  272  516  517  517 1526570202.347371
  272  517  517  517 1526570202.352497
  272  516  516  516 1526570202.357124
  272  516  516  516 1526570202.361120
  272  516  517  516 1526570202.365122
  273  516  517  517 1526570202.369126
  272  516  516  516 1526570202.373871
  272  516  516  517 1526570202.377903
  272  516  517  517 1526570202.382872
  272  516  517  516 1526570202.386868
  272  516  516  517 1526570202.390869
  272  516  517  517 1526570202.395493
  272  516  517  516 1526570202.399373
  272  516  516  516 1526570202.403372
  272  516  516  516 1526570202.407366
  272  516  516  516 1526570202.411867
  272  517  517  516 1526570202.416640
  272  517  517  516 1526570202.420645
  272  516  517  517 1526570202.424642
  272  517  517  517 1526570202.428649
  272  517  516  516 1526570202.432494
  272  516  516  517 1526570202.436989
  272  516  517  516 1526570202.442000
  272  516  517  516 1526570202.445864
  272  516  516  517 1526570202.449739
  272  516  517  517 1526570202.454748
  272  516  517  516 1526570202.458742
  272  516  517  516 1526570202.462745
  272  517  516  516 1526570202.466744
  272  516  517  516 1526570202.472063
  272  516  516  516 1526570202.476743
  272  516  516  516 1526570202.480643
  271  516  516  516 1526570202.484495
  272  517  516  516 1526570202.488497
  272  516  517  516 1526570202.492494
  272  517  517  517 1526570202.497243
  272  516  517  516 1526570202.501241
  272  516  516  516 1526570202.506242
  272  516  517  516 1526570202.510241
  273  516  516  517 1526570202.514863
  273  517  517  516 1526570202.518870
  272  516  516  516 1526570202.522863
  272  516  517  516 1526570202.526864
  272  516  516  516 1526570202.530866
  272  516  517  517 1526570202.536641
  272  516  516  517 1526570202.540634
  272  517  516  517 1526570202.544644
  272  517  517  517 1526570202.548641
  272  517  517  516 1526570202.552633
  272  517  517  516 1526570202.557238
  272  517  516  516 1526570202.561239
  272  516  517  516 1526570202.566113
  273  516  516  516 1526570202.570112
  272  516  516  516 1526570202.574986
  272  516  516  516 1526570202.578993
  272  516  516  516 1526570202.582994
  272  516  517  517 1526570202.586990
   29   41   39   33 1526570202.590987
  272  516  516  516 1526570202.596109
  272  516  516  516 1526570202.600114
  272  517  517  516 1526570202.604113
  272  516  516  516 1526570202.608115
  272  516  517  516 1526570202.612116
  273  516  516  516 1526570202.616111
  272  516  516  516 1526570202.620114
  272  516  517  516 1526570202.624734
  272  517  516  516 1526570202.628735
  271  516  517  516 1526570202.632629
  272  516  517  517 1526570202.637402
  272  516  516  516 1526570202.641362
  272  516  516  516 1526570202.645365
  272  516  517  516 1526570202.649364
  272  517  516  516 1526570202.654359
  272  516  516  517 1526570202.658988
  272  516  516  517 1526570202.662987
  272  517  517  517 1526570202.666983
  272  517  517  517 1526570202.670985
  272  516  517  516 1526570202.674987
  272  516  517  516 1526570202.679734
  272  516  517  516 1526570202.684742
  272  517  516  516 1526570202.688733
  273  517  516  516 1526570202.692739
  272  516  517  517 1526570202.696749
  272  516  517  516 1526570202.700735
  272  516  517  517 1526570202.704739
  273  516  516  517 1526570202.708735
  272  516  516  516 1526570202.712734
  272  516  516  517 1526570202.718362
  272  516  517  516 1526570202.722358
  272  516  516  517 1526570202.726362
  272  517  516  517 1526570202.730356
  272  516  517  516 1526570202.734357
  272  516  517  517 1526570202.739108
  272  516  516  517 1526570202.743107
  272  517  517  517 1526570202.748108
  272  517  517  517 1526570202.752110
  272  517  517  517 1526570202.756983
  272  517  517  517 1526570202.760981
  272  516  517  517 1526570202.764980
  272  516  516  517 1526570202.768982
  272  517  516  517 1526570202.774651
  272  516  516  517 1526570202.778628
  272  516  516  517 1526570202.782630
  272  516  517  516 1526570202.786642
  272  516  516  517 1526570202.790696
  272  516  517  516 1526570202.794626
  272  517  517  517 1526570202.798626
  272  516  517  516 1526570202.802628
  272  516  517  516 1526570202.807482
  272  516  516  516 1526570202.812105
  272  516  516  516 1526570202.816234
  272  516  517  516 1526570202.820231
  272  516  516  516 1526570202.824230
  272  516  516  516 1526570202.828228
  272  516  516  517 1526570202.832979
  272  516  517  517 1526570202.837986
  272  516  517  516 1526570202.841979
  272  517  517  516 1526570202.845980
  272  517  516  516 1526570202.850733
  272  517  517  517 1526570202.854733
  272  516  516  516 1526570202.858723
  272  516  517  516 1526570202.862855
  272  516  516  516 1526570202.867854
  272  517  517  517 1526570202.872633
  272  516  517  516 1526570202.876626
  273  517  516  516 1526570202.880628
  272  517  517  517 1526570202.884624
  272  516  517  516 1526570202.888623
  273  516  517  516 1526570202.893226
  272  516  517  517 1526570202.897478
  272  516  516  516 1526570202.901478
  272  516  516  516 1526570202.905476
  273  517  516  516 1526570202.910338
  272  516  516  516 1526570202.914229
  272  516  516  517 1526570202.918227
  272  516  517  517 1526570202.922229
  272  517  517  517 1526570202.926975
  272  516  516  516 1526570202.931045
  272  516  517  516 1526570202.934976
  272  516  517  516 1526570202.938985
  271  516  516  516 1526570202.942978
  272  516  516  516 1526570202.946977
  272  516  516  516 1526570202.950971
  273  516  516  516 1526570202.955105
  272  516  517  516 1526570202.960103
  272  516  517  516 1526570202.964102
  272  516  516  516 1526570202.968101
  271  516  517  516 1526570202.972977
  272  517  516  516 1526570202.976979
  272  516  517  517 1526570202.980973
  273  516  517  517 1526570202.985099
  273  517  517  516 1526570202.990790
  272  516  516  516 1526570202.994728
  272  516  516  516 1526570202.998725
  272  516  516  516 1526570203.002729
  272  516  516  516 1526570203.006724
  272  516  517  516 1526570203.011472
  272  516  516  517 1526570203.015348
  273  516  517  516 1526570203.020224
  272  516  517  517 1526570203.024098
  272  516  517  517 1526570203.027970
  272  516  517  516 1526570203.032597
  272  516  516  516 1526570203.036474
  272  517  517  516 1526570203.040350
  272  516  516  517 1526570203.044272
  272  516  517  517 1526570203.048593
  272  516  517  516 1526570203.053226
  272  516  516  516 1526570203.057225
  272  517  516  516 1526570203.061224
  272  516  516  516 1526570203.065223
  272  516  517  516 1526570203.069220
  272  517  516  517 1526570203.073972
  272  516  516  516 1526570203.078221
  272  516  516  517 1526570203.082222
  273  516  517  516 1526570203.086225
  272  516  517  516 1526570203.090225
  271  517  516  517 1526570203.094975
  272  516  517  516 1526570203.098975
  272  516  516  516 1526570203.102974
  272  517  516  516 1526570203.107972
  273  516  516  516 1526570203.112249
  272  516  516  516 1526570203.116222
  272  516  517  516 1526570203.120221
  272  516  517  517 1526570203.124218
  272  516  517  517 1526570203.128221
   32   40   39   34 1526570203.132348
  272  516  516  516 1526570203.136472
  272  516  516  516 1526570203.141470
  272  516  516  516 1526570203.145468
  272  516  517  517 1526570203.149470
  272  516  516  516 1526570203.154222
  272  517  517  516 1526570203.158218
  272  516  517  517 1526570203.162223
  272  517  516  516 1526570203.166217
  272  516  517  516 1526570203.171967
  272  517  517  517 1526570203.175847
  272  517  517  517 1526570203.179844
  272  516  517  517 1526570203.183842
  272  517  516  517 1526570203.187840
  272  516  517  517 1526570203.192716
  272  516  516  517 1526570203.196715
  272  516  516  516 1526570203.201594
  272  516  517  516 1526570203.205595
  272  516  516  516 1526570203.209594
  273  516  517  516 1526570203.214221
  272  516  517  517 1526570203.218219
  272  517  517  517 1526570203.222216
  272  516  516  516 1526570203.226216
  272  516  516  516 1526570203.231216
  272  516  517  516 1526570203.235971
  272  517  517  516 1526570203.239964
  272  516  517  516 1526570203.243964
  273  517  516  516 1526570203.247975
  272  517  517  517 1526570203.252555
  273  517  516  516 1526570203.256468
  272  516  517  516 1526570203.261465
  272  516  516  516 1526570203.265470
  272  516  516  517 1526570203.269468
  272  516  516  517 1526570203.273340
  272  516  517  516 1526570203.277215
  272  517  517  517 1526570203.281217
  273  517  517  516 1526570203.285221
  272  516  517  516 1526570203.289963
  272  517  516  516 1526570203.294720
  272  517  516  516 1526570203.298725
  272  516  517  517 1526570203.302717
  272  516  517  516 1526570203.306716
  272  516  517  517 1526570203.310716
  272  516  517  516 1526570203.315465
  273  517  516  516 1526570203.320462
  272  516  517  517 1526570203.324464
  272  516  517  517 1526570203.328465
  272  516  516  516 1526570203.333208
  272  517  517  516 1526570203.337213
  272  516  516  516 1526570203.341215
  272  516  516  516 1526570203.345210
  272  516  516  516 1526570203.350224
  272  516  516  516 1526570203.354967
  272  516  517  516 1526570203.358966
  272  516  517  516 1526570203.362961
  272  516  516  516 1526570203.366960
  271  517  516  517 1526570203.370963
  272  516  516  516 1526570203.375715
  273  516  517  516 1526570203.380721
  272  516  517  517 1526570203.384717
  272  517  516  516 1526570203.388715
  272  516  517  517 1526570203.393622
  273  517  517  517 1526570203.397583
  272  517  516  516 1526570203.401588
  272  517  517  516 1526570203.405584
  272  516  516  516 1526570203.410583
  272  516  517  516 1526570203.415213
  272  516  517  516 1526570203.419213
  272  516  517  516 1526570203.423211
  272  516  516  517 1526570203.427210
  273  517  517  517 1526570203.431209
  272  516  517  517 1526570203.435837
  272  516  517  516 1526570203.440881
  272  517  517  516 1526570203.444838
  273  517  516  517 1526570203.448837
  272  517  517  516 1526570203.453599
  272  516  517  517 1526570203.457589
   29   42   40   34 1526570203.461585
  272  516  517  517 1526570203.465586
  272  516  516  517 1526570203.469580
  272  516  517  517 1526570203.475335
  272  517  517  517 1526570203.479337
  272  517  517  516 1526570203.483336
  272  516  517  517 1526570203.487334
  272  516  517  516 1526570203.491215
  272  517  517  517 1526570203.495830
  272  516  517  516 1526570203.501007
  272  516  516  516 1526570203.504958
  272  516  517  516 1526570203.508959
  272  516  516  516 1526570203.512967
  272  517  516  516 1526570203.517717
  272  516  516  517 1526570203.521710
  272  517  516  517 1526570203.525708
  272  516  517  517 1526570203.529705
  272  516  516  516 1526570203.534964
  272  516  516  516 1526570203.538957
  272  516  516  516 1526570203.542955
  272  516  516  516 1526570203.546956
  272  516  516  517 1526570203.550957
  272  516  517  517 1526570203.554830
  272  516  517  517 1526570203.558829
  273  516  516  516 1526570203.563204
  272  517  516  517 1526570203.567207
  273  517  516  517 1526570203.571207
  272  516  516  516 1526570203.576083
  273  516  517  517 1526570203.580083
  272  516  516  516 1526570203.584077
  272  516  516  516 1526570203.588084
  272  516  517  516 1526570203.592826
  273  517  516  517 1526570203.597453
  272  517  517  516 1526570203.601458
  272  516  516  516 1526570203.605457
  272  516  517  517 1526570203.609454
  272  517  517  517 1526570203.613454
  272  516  516  516 1526570203.618207
  272  517  516  516 1526570203.623351
  272  517  517  516 1526570203.627331
  272  516  517  516 1526570203.631328
  272  516  516  516 1526570203.635201
  272  516  516  517 1526570203.639201
  272  516  516  516 1526570203.643204
  273  516  516  516 1526570203.647078
  272  517  516  517 1526570203.651077
  272  516  517  516 1526570203.656953
  273  516  517  516 1526570203.660952
  272  516  516  517 1526570203.664952
  273  516  516  517 1526570203.668950
  272  516  516  517 1526570203.672952
  272  517  516  516 1526570203.677578
  272  516  516  516 1526570203.681576
  272  516  516  516 1526570203.686574
  272  517  517  517 1526570203.690580
  272  516  516  516 1526570203.695456
  272  516  517  516 1526570203.699451
  272  516  517  517 1526570203.703450
  272  516  517  516 1526570203.707330
  272  516  516  517 1526570203.711527
  272  517  517  517 1526570203.717200
  272  516  517  516 1526570203.721201
  272  516  517  516 1526570203.725203
  272  516  517  516 1526570203.729199
  272  516  517  517 1526570203.733199
  272  517  517  516 1526570203.738069
  271  517  517  517 1526570203.742077
  272  516  517  517 1526570203.747195
  272  517  516  516 1526570203.751069
  272  516  517  517 1526570203.755820
  153  258  271  214 1526570203.759828
  272  517  516  516 1526570203.763825
  273  516  517  516 1526570203.767827
  272  516  516  516 1526570203.771821
  273  516  517  517 1526570203.777329
  272  516  517  517 1526570203.781324
  272  516  517  517 1526570203.785326
  272  517  517  516 1526570203.789321
  272  517  516  516 1526570203.793323
  272  516  517  516 1526570203.797324
  272  516  517  516 1526570203.801323
  272  517  517  516 1526570203.806321
  272  516  516  516 1526570203.810323
  272  516  516  516 1526570203.814196
  273  516  516  517 1526570203.819073
  272  516  517  517 1526570203.823073
  273  516  516  516 1526570203.827074
   30   40   39   33 1526570203.831070
  272  516  517  516 1526570203.835069
  272  516  516  517 1526570203.840945
  273  516  517  517 1526570203.844946
  272  516  516  517 1526570203.848945
  273  516  516  517 1526570203.852945
  272  517  517  516 1526570203.857693
  272  517  517  517 1526570203.861694
  273  516  517  517 1526570203.866681
  272  517  517  517 1526570203.870567
  273  517  517  517 1526570203.874568
  272  516  516  516 1526570203.879321
  272   46  517  516 1526570203.883318
  272  516  517  516 1526570203.887325
  272  516  517  517 1526570203.891320
  272  517  516  516 1526570203.895316
  273  516  517  516 1526570203.900941
  272  516  516  516 1526570203.904945
  272  516  517  517 1526570203.908817
  272  516  516  517 1526570203.912815
  273  516  516  517 1526570203.916820
  272  516  516  516 1526570203.921445
  272  516  517  516 1526570203.925567
  273  516  516  517 1526570203.930445
  272  516  516  517 1526570203.934444
  272  516  516  517 1526570203.938624
  272  516  517  516 1526570203.942569
  272  516  516  516 1526570203.946570
  272  516  516  517 1526570203.950568
   31   39   38   33 1526570203.954567
  272  516  517  516 1526570203.960439
  272  516  517  516 1526570203.964441
  272  516  516  517 1526570203.968441
  272  516  516  516 1526570203.972441
  272  516  517  516 1526570203.976444
  272  516  517  516 1526570203.981317
  272  516  516  516 1526570203.985316
  272  516  517  517 1526570203.990191
  272  516  517  517 1526570203.994189
  272  516  517  517 1526570203.998939
  273  516  516  517 1526570204.002944
  272  516  516  516 1526570204.006939
  272  516  516  516 1526570204.010937
  272  516  517  516 1526570204.014938
  271  516  516  516 1526570204.020351
  272  517  517  517 1526570204.024193
  272  516  516  516 1526570204.028189
  272  516  517  516 1526570204.032190
  272  517  517  517 1526570204.036191
  272  516  516  516 1526570204.040314
  273  517  516  516 1526570204.044319
  272  517  517  517 1526570204.049191
  272  516  517  516 1526570204.053192
  272  516  516  516 1526570204.057194
  272  516  516  516 1526570204.061812
  272  516  516  516 1526570204.065817
  272  517  517  517 1526570204.069692
  272  516  517  516 1526570204.073687
  272  516  517  516 1526570204.078811
  272  516  517  516 1526570204.083440
  272  516  517  516 1526570204.087318
  273  516  516  516 1526570204.091315
  272  516  517  516 1526570204.095314
  272  516  516  516 1526570204.100146
  272  517  517  517 1526570204.104063
  272  517  516  517 1526570204.109070
  272  516  516  517 1526570204.112933
  272  517  517  517 1526570204.116940
  272  517  516  516 1526570204.120944
  272  516  516  516 1526570204.124937
  272  516  516  516 1526570204.128814
  272  516  517  517 1526570204.132816
  272  516  517  517 1526570204.136812
  272  517  517  517 1526570204.142437
  272  516  516  516 1526570204.146436
  272  516  517  517 1526570204.150435
  272  516  516  516 1526570204.154436
  272  517  517  516 1526570204.158432
  272  516  517  516 1526570204.163187
  272  516  517  516 1526570204.167186
  272  517  517  516 1526570204.172186
  272  517  517  516 1526570204.176187
  272  516  517  517 1526570204.181184
  272  517  516  516 1526570204.185191
  272  516  517  516 1526570204.189181
  272  516  517  516 1526570204.193186
  272  516  516  516 1526570204.197185
  273  517  516  517 1526570204.202935
  272  517  516  516 1526570204.206936
  272  516  516  516 1526570204.210934
  272  516  516  516 1526570204.214937
  272  516  516  516 1526570204.218930
  272  517  517  517 1526570204.223560
  272  516  517  516 1526570204.227556
  272  516  516  517 1526570204.232560
  272  516  516  516 1526570204.236559
  272  517  517  517 1526570204.241429
  272  516  517  516 1526570204.245435
  272  516  517  517 1526570204.249434
  272  516  517  516 1526570204.253433
  272  516  516  516 1526570204.257432
  272  516  516  516 1526570204.263431
  272  516  516  516 1526570204.267434
  273  516  516  516 1526570204.271440
  272  516  517  517 1526570204.275431
  272  517  516  516 1526570204.279436
  272  516  517  516 1526570204.284181
  272  516  516  516 1526570204.288181
  272  516  516  516 1526570204.293179
  272  516  516  516 1526570204.297185
  272  516  516  516 1526570204.301944
  272  516  516  517 1526570204.305933
  272  516  516  517 1526570204.309934
  272  516  516  517 1526570204.313932
  272  516  517  517 1526570204.317932
  272  517  517  517 1526570204.323807
  272  517  517  516 1526570204.327809
  272  517  517  517 1526570204.331806
  272  516  516  516 1526570204.335803
  272  516  516  516 1526570204.339804
  272  516  517  516 1526570204.344560
  272  516  517  517 1526570204.348551
  272  516  517  516 1526570204.353429
  272  516  516  516 1526570204.357465
  272  516  516  516 1526570204.362302
  272  516  517  516 1526570204.366304
  272  516  517  516 1526570204.370302
  272  516  516  517 1526570204.374303
  272  516  517  517 1526570204.378301
  272  516  517  516 1526570204.384178
  272  516  517  516 1526570204.388179
  272  516  517  516 1526570204.392188
  272  516  516  516 1526570204.396181
  272  516  516  517 1526570204.400176
  272  517  516  516 1526570204.404812
  273  517  517  517 1526570204.408801
  272  516  517  516 1526570204.413806
  272  516  516  516 1526570204.417801
  272  516  516  516 1526570204.422555
  272  516  517  517 1526570204.426556
  272  517  517  516 1526570204.430553
  272  516  517  517 1526570204.434547
  271  516  516  516 1526570204.438554
  272  517  517  516 1526570204.444554
  272  516  517  516 1526570204.448549
  272  517  516  517 1526570204.452549
  272  516  517  516 1526570204.456549
  272  516  517  516 1526570204.460555
  272  516  516  517 1526570204.465172
  272  517  517  517 1526570204.469176
  273  517  517  516 1526570204.474178
  272  516  517  517 1526570204.478175
  272  516  517  517 1526570204.482812
  272  517  517  516 1526570204.486797
  272  517  517  516 1526570204.490802
  272  516  517  517 1526570204.494799
  272  516  517  516 1526570204.498802
  272  516  517  516 1526570204.504677
  272  516  517  517 1526570204.508671
  272  516  516  516 1526570204.512672
  272  517  517  516 1526570204.516671
  272  516  517  516 1526570204.520677
  272  516  517  517 1526570204.525426
  272  516  517  517 1526570204.529422
  272  517  517  517 1526570204.534429
  272  516  517  517 1526570204.538426
  272  516  516  517 1526570204.543230
  272  516  516  516 1526570204.547175
  272  516  517  516 1526570204.551171
  272  516  517  516 1526570204.555170
  272  516  516  516 1526570204.559169
  272  516  516  516 1526570204.564115
  272  516  517  516 1526570204.568047
  272  516  516  517 1526570204.572048
  272  516  517  516 1526570204.576045
  272  516  516  517 1526570204.580046
  273  516  517  517 1526570204.584344
  273  516  517  516 1526570204.588301
  272  516  516  516 1526570204.592919
  272  517  517  516 1526570204.596924
  272  516  517  516 1526570204.600924
  272  516  517  516 1526570204.605671
  272  516  517  517 1526570204.609669
  272  516  517  516 1526570204.613671
  273  516  516  517 1526570204.617671
  272  516  517  516 1526570204.621667
  272  516  517  516 1526570204.627667
  272  516  516  516 1526570204.631671
  273  516  516  516 1526570204.635668
  272  516  517  516 1526570204.639671
  272  516  517  516 1526570204.644417
  272  516  517  516 1526570204.648423
  272  516  516  517 1526570204.653436
  272  516  516  516 1526570204.657293
  272  516  517  516 1526570204.661295
  272  516  517  516 1526570204.666172
  272  517  517  516 1526570204.670166
  272  516  517  516 1526570204.674170
  272  516  517  516 1526570204.678167
  272  516  516  516 1526570204.682293
  272  516  517  517 1526570204.688044
  272  516  517  517 1526570204.692045
  272  517  517  516 1526570204.696043
  272  517  516  516 1526570204.700044
  272  516  517  517 1526570204.704790
  272  516  516  516 1526570204.708794
  272  516  516  516 1526570204.712791
  272  516  517  516 1526570204.717791
  272  517  517  517 1526570204.721794
  272  516  516  516 1526570204.726539
  272  516  517  516 1526570204.730544
  272  516  516  516 1526570204.734540
  272  516  517  517 1526570204.738539
  272  516  516  517 1526570204.743682
  272  516  517  517 1526570204.748291
  272  516  516  516 1526570204.752290
  272  517  517  517 1526570204.756293
  272  516  517  516 1526570204.760294
  272  516  517  517 1526570204.765042
  272  517  517  517 1526570204.768791
  272  516  517  516 1526570204.772786
  272  516  517  517 1526570204.777660
  272  516  517  516 1526570204.781661
  272  516  517  516 1526570204.785661
  272  516  517  516 1526570204.789541
  273  516  516  516 1526570204.793543
  273  516  516  516 1526570204.797541
  273  516  516  516 1526570204.801536
  272  516  517  517 1526570204.806692
  272  516  516  516 1526570204.810669
  272  516  516  516 1526570204.814725
  273  516  517  516 1526570204.818663
  272  516  517  517 1526570204.822663
  272  517  517  517 1526570204.826660
  272  516  516  516 1526570204.830663
  272  516  516  516 1526570204.835786
  272  516  516  516 1526570204.839787
  272  516  516  517 1526570204.843787
  272  516  516  517 1526570204.848662
  272  517  517  517 1526570204.852663
  273  516  516  517 1526570204.856662
  272  517  517  517 1526570204.860650
  272  517  517  517 1526570204.866657
  272  516  517  516 1526570204.870540
  272  516  516  516 1526570204.874539
  272  516  516  516 1526570204.878540
  272  516  517  516 1526570204.882541
  272  516  516  516 1526570204.886910
  272  516  516  516 1526570204.890911
  272  516  516  517 1526570204.895791
  272  516  517  517 1526570204.899790
  272  516  517  517 1526570204.903817
  272  517  517  517 1526570204.908664
  272  516  516  516 1526570204.912661
  272  516  516  516 1526570204.916661
  272  516  516  516 1526570204.920661
  272  516  516  516 1526570204.924785
  272  516  517  516 1526570204.930784
  272  516  516  516 1526570204.934783
  272  516  516  516 1526570204.938785
  272  516  517  516 1526570204.942785
  272  516  516  516 1526570204.947679
  272  516  517  516 1526570204.951659
  272  516  516  516 1526570204.956688
  272  517  516  516 1526570204.960657
  272  516  517  517 1526570204.964659
  272  516  516  517 1526570204.969281
  272  516  516  516 1526570204.973289
  272  516  517  516 1526570204.977286
  272  517  517  517 1526570204.981284
  272  517  517  517 1526570204.986376
  272  516  517  516 1526570204.991160
  272  517  516  516 1526570204.995161
  272  516  516  516 1526570204.999156
  273  516  516  517 1526570205.003155
  271  516  517  516 1526570205.008038
  272  516  517  516 1526570205.012033
  272  516  516  516 1526570205.017038
  272  516  516  516 1526570205.021030
  272  516  517  516 1526570205.025033
  272  516  517  516 1526570205.029906
  272  516  517  516 1526570205.033903
  272  516  516  517 1526570205.037905
  272  516  516  516 1526570205.042159
  273  516  517  516 1526570205.046033
  272  517  517  517 1526570205.050906
  272  516  517  517 1526570205.054775
  272  516  516  516 1526570205.058778
  272  517  517  516 1526570205.063275
  271  516  517  516 1526570205.067914
  272  516  516  516 1526570205.071718
  272  516  517  516 1526570205.075528
  272  516  517  516 1526570205.079526
  272  516  516  516 1526570205.083404
  272  516  516  516 1526570205.088275
  272  516  516  517 1526570205.092781
  272  516  516  516 1526570205.096776
  272  516  516  517 1526570205.100649
  272  517  517  517 1526570205.104650
  272  517  517  517 1526570205.108780
  272  517  517  517 1526570205.112648
  272  516  516  516 1526570205.116774
  272  517  517  517 1526570205.120776
  272  517  517  517 1526570205.125654
  272  516  517  516 1526570205.130270
  272  516  517  516 1526570205.134144
  272  516  517  517 1526570205.138031
  272  516  516  516 1526570205.142031
  272  516  517  516 1526570205.146028
  272  517  517  517 1526570205.150903
  272  517  517  516 1526570205.155904
  272  517  517  517 1526570205.159900
  272  517  517  516 1526570205.163905
  272  517  516  516 1526570205.168398
  272  517  516  516 1526570205.172277
  272  516  517  516 1526570205.176151
  272  517  517  517 1526570205.180150
  272  516  517  517 1526570205.185898
  272  516  516  516 1526570205.189778
  272  516  516  516 1526570205.193774
  272  516  516  516 1526570205.197771
   28   41   39   33 1526570205.201777
  272  516  516  516 1526570205.206456
  272  517  517  516 1526570205.210399
  272  517  516  517 1526570205.214646
  272  516  517  516 1526570205.218524
  272  516  516  516 1526570205.222402
  272  516  517  516 1526570205.226424
  272  516  516  516 1526570205.230400
  272  516  516  516 1526570205.234272
  272  517  517  517 1526570205.238524
  272  516  517  516 1526570205.242644
  272  516  516  517 1526570205.246661
