  516  236  516  517 1526648868.326206
  517  236  516  517 1526648868.330204
  517  236  516  517 1526648868.334076
  517  235  516  517 1526648868.338467
  517  235  516  516 1526648868.342622
  517  236  516  517 1526648868.346584
  517  236  516  516 1526648868.350455
  517  235  517  517 1526648868.355335
  516  235  517  517 1526648868.359336
  517  235  516  516 1526648868.363333
  516  236  517  517 1526648868.367333
  516  235  516  517 1526648868.371334
  517  236  517  516 1526648868.375338
  516  236  516  517 1526648868.379336
  517  235  516  517 1526648868.383334
  517  235  516  517 1526648868.388335
  517  235  516  517 1526648868.392331
  516  235  516  516 1526648868.396338
  517  235  516  516 1526648868.400336
  517  235  516  516 1526648868.404334
  517  236  516  516 1526648868.408332
  517  236  517  516 1526648868.412334
  517  236  517  516 1526648868.417399
  516  235  516  516 1526648868.421206
  517  236  516  517 1526648868.425205
  517  235  517  516 1526648868.429210
  517  235  516  517 1526648868.433208
  516  235  516  516 1526648868.437078
  517  235  516  516 1526648868.440959
  517  236  516  517 1526648868.444954
  516  235  517  517 1526648868.450206
  516  236  516  517 1526648868.454208
  517  235  517  517 1526648868.458083
  516  236  516  516 1526648868.462075
  517  236  517  516 1526648868.465950
  517  235  517  516 1526648868.469825
  517  236  517  517 1526648868.473706
  517  235  516  516 1526648868.477948
  517  236  516  517 1526648868.482696
  517  235  516  516 1526648868.486572
  517  236  516  517 1526648868.490445
  517  235  516  517 1526648868.494447
  516  235  516  517 1526648868.498326
  517  235  516  516 1526648868.502329
  517  236  517  516 1526648868.506329
   28   42   40   34 1526648868.511328
  517  235  516  517 1526648868.515332
  517  235  516  516 1526648868.519327
  517  236  517  516 1526648868.523329
  517  236  516  516 1526648868.527951
  516  235  516  516 1526648868.531819
  517  236  516  517 1526648868.535699
  517  236  516  517 1526648868.539577
  517  236  516  516 1526648868.544078
  517  235  517  517 1526648868.548334
  516  235  517  517 1526648868.552194
  517  235  516  517 1526648868.556194
  517  236  516  517 1526648868.560073
  516  235  517  517 1526648868.563952
  517  236  516  516 1526648868.568326
  517  235  516  516 1526648868.573193
  516  236  517  516 1526648868.577069
  516  235  516  516 1526648868.581443
  517  236  517  517 1526648868.585442
  516  235  516  516 1526648868.589830
  516  235  516  516 1526648868.593693
  516  236  516  516 1526648868.598070
  517  235  517  517 1526648868.601948
  517  236  516  516 1526648868.606828
  516  236  516  516 1526648868.611193
  517  235  516  517 1526648868.615066
  516  235  516  516 1526648868.619206
  516  236  516  517 1526648868.623067
  516  235  516  517 1526648868.626947
  517  235  517  516 1526648868.630947
  516  235  516  516 1526648868.635817
  517  236  516  517 1526648868.639951
  517  236  516  516 1526648868.643820
  517  236  516  516 1526648868.647821
  516  235  516  516 1526648868.652068
  517  235  516  517 1526648868.655941
  517  235  517  517 1526648868.660195
  517  235  516  517 1526648868.665064
  516  236  516  516 1526648868.669248
  517  236  516  516 1526648868.673064
  517  235  516  517 1526648868.676951
  516  235  516  517 1526648868.681189
  517  236  516  516 1526648868.685070
  517  236  516  516 1526648868.689318
  516  235  516  517 1526648868.694417
  517  236  516  517 1526648868.698313
  517  235  516  517 1526648868.702577
  517  235  516  517 1526648868.706563
  516  236  516  517 1526648868.710695
  517  236  517  516 1526648868.714563
  516  236  516  517 1526648868.718571
  517  236  516  517 1526648868.722946
  517  236  517  516 1526648868.727062
  516  236  516  516 1526648868.731563
  517  235  516  516 1526648868.735447
  517  236  516  516 1526648868.739688
  516  235  516  517 1526648868.743571
  517  236  516  516 1526648868.747447
  163  288  306  236 1526648868.751688
  517  236  516  517 1526648868.756688
  517  235  516  516 1526648868.760943
  517  236  516  516 1526648868.764814
  516  235  516  516 1526648868.768827
  516  236  516  516 1526648868.773070
  517  236  516  516 1526648868.776944
  516  236  516  517 1526648868.781322
  516  235  516  516 1526648868.786068
  516  235  516  516 1526648868.790316
  517  235  516  516 1526648868.794321
  517  235  516  516 1526648868.798317
  516  236  516  517 1526648868.802311
  516  235  517  517 1526648868.806228
  517  235  516  517 1526648868.810440
  517  235  516  516 1526648868.814319
  517  236  516  517 1526648868.818434
  516  236  517  517 1526648868.822560
  517  236  516  516 1526648868.826559
  517  236  516  516 1526648868.830816
  517  235  517  516 1526648868.834820
  517  236  517  517 1526648868.838681
  517  236  516  516 1526648868.842943
  516  235  516  517 1526648868.847943
  516  236  516  516 1526648868.852317
  517  235  517  516 1526648868.856183
  516  236  516  516 1526648868.860184
  517  235  516  516 1526648868.864567
  517  235  517  517 1526648868.868433
  517  235  517  516 1526648868.872687
  517  236  517  517 1526648868.877820
  517  236  516  516 1526648868.882185
  516  235  516  517 1526648868.886067
  517  236  516  517 1526648868.890069
  517  235  516  517 1526648868.894441
  517  235  517  517 1526648868.898444
  516  236  516  517 1526648868.902823
  517  235  516  516 1526648868.906812
  517  235  516  517 1526648868.912314
  516  235  516  517 1526648868.916315
  517  235  516  516 1526648868.920313
  517  235  516  517 1526648868.924690
  517  236  517  516 1526648868.928692
  517  235  516  517 1526648868.932942
  517  235  516  517 1526648868.937979
  517  235  516  517 1526648868.942316
  516  235  516  516 1526648868.946186
  517  236  516  516 1526648868.950190
  517  235  516  516 1526648868.954189
  517  235  517  517 1526648868.958186
  517  235  517  517 1526648868.962438
  164  287  309  240 1526648868.966437
  517  236  516  516 1526648868.970446
  517  235  517  517 1526648868.974454
  516  235  516  516 1526648868.978442
  516  236  517  516 1526648868.982689
  516  235  516  517 1526648868.986689
  517  236  516  517 1526648868.990566
  516  235  516  517 1526648868.994564
   28   42   40   33 1526648868.999566
  516  236  516  516 1526648869.003941
  516  236  517  516 1526648869.007937
  517  236  516  517 1526648869.012365
  517  235  517  516 1526648869.016314
  517  236  516  516 1526648869.020312
  517  236  516  516 1526648869.024564
  517  236  516  516 1526648869.029559
  517  236  516  516 1526648869.033935
  516  236  516  517 1526648869.037810
  516  236  516  516 1526648869.041810
  517  236  516  516 1526648869.046180
  517  236  517  517 1526648869.050055
  516  235  516  517 1526648869.054180
  517  236  516  517 1526648869.059236
  517  235  517  516 1526648869.063554
  517  235  517  516 1526648869.067560
  517  235  516  516 1526648869.071562
  517  236  517  516 1526648869.075559
  516  236  517  517 1526648869.079560
  516  235  517  517 1526648869.083808
  517  236  516  516 1526648869.087806
  517  235  517  516 1526648869.092185
  516  235  516  517 1526648869.096561
  516  235  516  516 1526648869.100569
  517  235  516  516 1526648869.104807
  517  235  516  516 1526648869.108810
  517  236  516  516 1526648869.112809
  517  235  517  516 1526648869.117307
  517  235  516  517 1526648869.122188
  517  234  517  516 1526648869.126185
  517  235  516  517 1526648869.130185
  517  236  516  516 1526648869.134558
  516  235  517  516 1526648869.138558
  517  236  516  517 1526648869.142555
  517  235  516  517 1526648869.147057
  517  236  517  516 1526648869.152310
   30   40   38   33 1526648869.156310
  517  235  517  517 1526648869.160310
  516  235  516  516 1526648869.164434
  517  235  516  517 1526648869.168430
  516  235  516  516 1526648869.172658
  517  236  516  517 1526648869.176431
  517  236  516  516 1526648869.181306
  517  235  517  517 1526648869.185186
  517  236  517  517 1526648869.189179
  517  236  516  516 1526648869.193440
  517  236  517  516 1526648869.197431
  517  235  517  516 1526648869.201432
  516  235  517  516 1526648869.205452
  517  235  516  516 1526648869.210484
  517  235  517  517 1526648869.214806
  517  235  517  516 1526648869.218803
  516  236  516  517 1526648869.223297
  517  235  517  516 1526648869.227299
  517  236  516  517 1526648869.231174
  517  235  516  516 1526648869.235548
  517  235  517  517 1526648869.240568
  516  235  517  517 1526648869.244798
  516  236  516  517 1526648869.248677
  517  236  517  516 1526648869.252684
  517  235  516  517 1526648869.257053
  517  234  516  517 1526648869.261056
  516  236  516  517 1526648869.265555
  517  236  517  516 1526648869.270684
  516  235  517  516 1526648869.274803
  517  235  517  516 1526648869.278801
  516  235  516  516 1526648869.282806
  517  236  517  516 1526648869.287183
  516  235  516  516 1526648869.291184
  517  236  517  516 1526648869.295552
  517  235  516  517 1526648869.299551
  516  234  516  516 1526648869.304095
  517  235  516  516 1526648869.308062
  517  236  517  516 1526648869.312054
  516  236  516  516 1526648869.316182
  517  236  516  516 1526648869.320176
  517  235  516  517 1526648869.324578
  517  236  517  516 1526648869.328478
  517  236  516  517 1526648869.333426
  517  235  516  517 1526648869.337678
  517  235  517  516 1526648869.341684
  516  235  516  516 1526648869.346175
  517  236  516  516 1526648869.350178
  517  235  517  516 1526648869.354512
  517  236  516  517 1526648869.358541
  517  235  516  517 1526648869.363553
  517  236  516  516 1526648869.367926
  516  235  517  516 1526648869.371928
  517  235  516  516 1526648869.376310
  517  236  516  517 1526648869.380167
  516  235  516  517 1526648869.384045
  517  235  516  517 1526648869.388168
  516  235  516  516 1526648869.393043
  517  236  516  517 1526648869.397186
  517  235  517  517 1526648869.401170
  517  236  516  516 1526648869.405680
  517  236  516  516 1526648869.409675
  516  235  516  517 1526648869.413678
  517  235  516  517 1526648869.417672
  516  235  516  517 1526648869.422678
  517  236  516  516 1526648869.427172
  517  235  517  517 1526648869.431174
  517  236  516  516 1526648869.435551
  517  236  517  516 1526648869.439548
  516  235  517  517 1526648869.443548
  516  235  516  517 1526648869.447672
  516  236  517  517 1526648869.452548
  517  235  516  516 1526648869.456801
  517  234  517  516 1526648869.460795
  517  235  516  516 1526648869.464800
  517  236  517  516 1526648869.469293
  517  236  516  516 1526648869.473299
  516  235  516  516 1526648869.477670
  517  235  516  516 1526648869.482543
  516  236  516  517 1526648869.487044
  516  236  516  516 1526648869.491048
  517  235  516  517 1526648869.495048
  516  236  516  517 1526648869.499423
  516  236  516  516 1526648869.503419
  516  236  517  516 1526648869.507797
  517  235  517  516 1526648869.511794
  517  235  516  516 1526648869.516174
  516  235  516  517 1526648869.520045
  517  235  517  516 1526648869.523921
  516  236  516  516 1526648869.528416
  517  236  517  516 1526648869.532288
  517  236  516  516 1526648869.536540
  517  235  517  516 1526648869.540413
  517  235  517  516 1526648869.545288
  516  236  516  517 1526648869.549673
  517  235  516  517 1526648869.553678
  516  236  516  516 1526648869.558048
  516  236  516  516 1526648869.562041
  517  236  517  516 1526648869.566615
  517  236  517  516 1526648869.570414
  516  236  516  516 1526648869.575422
  516  236  516  517 1526648869.579924
  517  235  516  517 1526648869.584046
  516  235  516  516 1526648869.588417
  517  235  517  517 1526648869.592422
  517  236  516  516 1526648869.596293
  517  235  516  517 1526648869.600793
  517  236  517  516 1526648869.605791
  517  236  516  516 1526648869.609793
  517  235  516  516 1526648869.613792
  517  235  516  517 1526648869.618167
  517  236  516  516 1526648869.622166
  517  235  516  516 1526648869.626169
  517  235  516  516 1526648869.630543
  517  235  516  516 1526648869.635542
  517  235  516  516 1526648869.639536
  517  236  516  516 1526648869.643412
  516  235  516  516 1526648869.647669
  517  236  516  517 1526648869.651662
  516  235  516  517 1526648869.655535
  517  236  516  516 1526648869.659909
  517  235  516  516 1526648869.663790
  516  235  516  517 1526648869.668535
  516  235  516  517 1526648869.672539
  517  235  517  517 1526648869.676543
  517  235  516  517 1526648869.680412
  517  236  517  516 1526648869.684419
  517  236  517  516 1526648869.688951
  517  236  516  516 1526648869.692912
  517  236  516  516 1526648869.698442
  517  235  517  517 1526648869.702290
  517  235  517  516 1526648869.706289
  516  235  517  516 1526648869.710670
  517  236  517  517 1526648869.714669
  517  235  516  516 1526648869.718909
  516  236  517  516 1526648869.722914
  516  236  517  516 1526648869.728165
  517  235  516  516 1526648869.732674
  517  235  516  516 1526648869.736676
  516  236  517  516 1526648869.741167
  516  236  516  517 1526648869.745161
  517  236  516  517 1526648869.749420
  516  235  516  517 1526648869.753407
  517  235  517  516 1526648869.758288
  517  235  516  516 1526648869.762681
  517  236  516  516 1526648869.766677
  516  235  516  516 1526648869.770910
  517  235  516  516 1526648869.774913
  517  235  517  516 1526648869.778914
  517  235  516  517 1526648869.783409
  517  235  517  516 1526648869.788410
  516  235  516  517 1526648869.792410
  517  236  516  516 1526648869.796412
  517  236  516  517 1526648869.800905
  517  236  516  517 1526648869.804779
  517  235  517  517 1526648869.808654
  517  236  516  517 1526648869.812530
  516  235  516  517 1526648869.817519
  516  235  516  517 1526648869.821910
  517  236  516  516 1526648869.825913
  517  236  516  516 1526648869.830408
  517  236  517  517 1526648869.834410
  517  236  517  516 1526648869.838415
  516  236  517  516 1526648869.842533
  517  236  516  516 1526648869.846531
  516  235  516  517 1526648869.851909
  517  236  517  516 1526648869.855910
  517  236  516  516 1526648869.859917
  517  235  517  516 1526648869.864288
  517  235  516  516 1526648869.868288
  517  236  516  516 1526648869.872783
  516  235  517  517 1526648869.876781
  517  235  516  517 1526648869.882280
  516  236  516  516 1526648869.886281
  517  235  516  516 1526648869.890283
  517  235  517  517 1526648869.894785
  517  236  516  517 1526648869.898785
  517  236  516  516 1526648869.903160
  517  235  517  516 1526648869.907157
  517  235  516  517 1526648869.911906
  517  235  517  517 1526648869.915911
  516  236  516  517 1526648869.919908
  516  235  516  516 1526648869.923903
  517  235  516  516 1526648869.927775
  517  235  516  516 1526648869.932024
  516  235  516  517 1526648869.935900
  517  235  516  517 1526648869.940899
  516  235  516  517 1526648869.945285
  517  235  516  517 1526648869.949277
  517  235  517  517 1526648869.953779
  517  236  517  516 1526648869.957782
  516  236  516  516 1526648869.962148
  517  235  516  516 1526648869.966028
  517  235  517  517 1526648869.971031
  516  235  517  516 1526648869.975283
  517  235  516  517 1526648869.979278
  516  235  516  517 1526648869.983779
  517  235  517  517 1526648869.987778
  517  236  516  517 1526648869.992270
  516  236  516  516 1526648869.996280
  516  235  516  517 1526648870.001283
  516  235  517  517 1526648870.005683
  517  235  517  516 1526648870.009676
  517  235  517  516 1526648870.014030
  516  236  516  516 1526648870.018031
  517  235  517  516 1526648870.022480
  517  235  516  516 1526648870.026405
  517  235  516  517 1526648870.031406
  516  236  516  517 1526648870.035775
  517  236  517  516 1526648870.039681
  516  235  517  516 1526648870.043903
  517  235  516  516 1526648870.047896
  516  235  516  516 1526648870.051772
  517  236  516  517 1526648870.056022
  517  236  516  516 1526648870.061034
  517  235  516  517 1526648870.064895
  517  236  516  517 1526648870.068903
  517  235  517  516 1526648870.073397
  517  235  516  517 1526648870.077404
  516  235  517  517 1526648870.081400
  517  236  516  516 1526648870.085397
  517  236  516  516 1526648870.089274
  516  236  517  516 1526648870.094775
  516  235  516  517 1526648870.098675
  517  236  516  516 1526648870.102677
  516  235  516  517 1526648870.107149
  517  236  517  516 1526648870.111154
  517  235  517  516 1526648870.115669
  517  236  517  516 1526648870.119673
  516  235  517  516 1526648870.125028
  517  235  516  517 1526648870.129023
  517  235  516  517 1526648870.133024
  517  236  516  516 1526648870.137676
  517  235  516  516 1526648870.141665
  517  236  516  516 1526648870.146026
  517  235  516  517 1526648870.151154
  517  235  517  517 1526648870.155399
  517  236  517  516 1526648870.159404
  517  235  517  516 1526648870.163401
  517  236  516  516 1526648870.168025
  517  236  516  516 1526648870.172025
  517  236  516  516 1526648870.176399
  517  235  517  516 1526648870.180400
  517  235  517  516 1526648870.185022
  517  236  517  517 1526648870.188895
  516  236  516  516 1526648870.192897
  517  236  516  516 1526648870.196893
  517  235  517  517 1526648870.200766
  517  236  516  516 1526648870.205016
  516  236  516  516 1526648870.208890
  517  235  516  516 1526648870.213766
  517  236  516  517 1526648870.218275
  517  235  516  517 1526648870.222272
  517  235  516  517 1526648870.226668
  517  236  516  517 1526648870.230667
  517  235  517  517 1526648870.235097
  516  236  517  517 1526648870.238894
  517  236  516  516 1526648870.243892
  517  236  516  517 1526648870.248275
  517  235  517  516 1526648870.252274
  517  236  517  516 1526648870.256663
  517  236  516  517 1526648870.260663
  517  236  516  517 1526648870.264670
  517  236  516  517 1526648870.269149
  517  236  517  516 1526648870.274018
  516  236  516  516 1526648870.278020
  517  236  516  516 1526648870.282019
  516  236  516  516 1526648870.286272
  516  235  516  516 1526648870.290267
  517  235  517  517 1526648870.294269
  516  235  516  516 1526648870.298271
  516  236  517  516 1526648870.303402
  517  235  517  517 1526648870.307769
  517  235  516  517 1526648870.311769
  516  235  516  517 1526648870.316240
  517  235  516  517 1526648870.320262
  517  235  516  517 1526648870.324136
  517  235  517  516 1526648870.328387
  517  235  516  516 1526648870.332267
  516  236  516  516 1526648870.337041
  517  235  517  516 1526648870.341014
  517  235  516  517 1526648870.345021
  517  235  516  517 1526648870.349018
  517  235  516  516 1526648870.353017
  517  235  516  517 1526648870.357387
  517  236  516  516 1526648870.361507
  517  235  516  517 1526648870.366889
  516  235  516  517 1526648870.370891
  517  235  516  516 1526648870.374891
  517  235  516  517 1526648870.379020
  516  235  516  517 1526648870.383012
  517  235  516  516 1526648870.387261
  517  235  516  516 1526648870.391263
  517  235  517  516 1526648870.396266
  517  235  516  517 1526648870.400765
  516  235  516  516 1526648870.404765
  517  235  516  516 1526648870.409266
  516  236  516  517 1526648870.413264
  517  235  516  517 1526648870.417655
  517  235  516  516 1526648870.421799
  516  235  517  516 1526648870.426764
  516  236  516  517 1526648870.431265
  516  236  516  517 1526648870.435266
  517  235  516  517 1526648870.439765
  517  236  516  516 1526648870.443662
  516  235  517  516 1526648870.447885
  517  235  517  516 1526648870.451885
  516  236  516  517 1526648870.456888
  517  236  516  517 1526648870.461264
  516  235  516  516 1526648870.465262
  516  235  516  517 1526648870.469763
  517  237  517  516 1526648870.473639
  517  235  517  516 1526648870.477507
  516  235  516  517 1526648870.482008
  516  235  517  517 1526648870.487007
  516  235  516  517 1526648870.491765
  517  235  517  516 1526648870.495765
  516  236  516  517 1526648870.500136
  517  236  516  517 1526648870.504139
  517  235  517  516 1526648870.508650
  516  235  516  516 1526648870.512598
  517  236  516  516 1526648870.517653
  517  236  516  516 1526648870.522014
  517  236  517  516 1526648870.526012
  517  236  516  517 1526648870.530261
  516  235  517  517 1526648870.534258
  517  235  516  517 1526648870.538135
  516  236  517  516 1526648870.542682
   29   42   41   34 1526648870.547661
  516  235  516  517 1526648870.552138
  517  235  517  516 1526648870.556134
  517  235  517  516 1526648870.560381
  517  236  516  517 1526648870.564384
  517  235  516  517 1526648870.568382
  517  236  516  516 1526648870.573024
  516  235  516  517 1526648870.578011
  517  236  516  517 1526648870.582387
  516  235  517  516 1526648870.586401
  516  235  516  516 1526648870.590760
  517  235  517  516 1526648870.594757
  517  236  516  516 1526648870.598758
  517  236  516  517 1526648870.603354
  517  235  517  516 1526648870.608385
  517  235  516  516 1526648870.612761
  516  235  516  516 1526648870.616667
  517  235  517  516 1526648870.621002
  516  236  516  517 1526648870.624751
  516  236  516  517 1526648870.628635
  517  236  516  516 1526648870.632500
  517  235  516  517 1526648870.637502
  517  236  516  517 1526648870.642263
  517  235  516  517 1526648870.646256
  516  235  516  517 1526648870.650649
  516  235  516  516 1526648870.654650
  517  236  517  516 1526648870.658650
  517  235  517  516 1526648870.662648
  517  236  517  516 1526648870.667653
  517  236  516  517 1526648870.672009
  517  235  516  517 1526648870.676010
  517  236  516  516 1526648870.680496
  517  235  516  517 1526648870.684506
  516  235  516  517 1526648870.688379
   28   42   40   34 1526648870.692507
  516  235  516  517 1526648870.697500
  517  235  516  517 1526648870.701878
  517  235  517  516 1526648870.705879
  517  235  516  516 1526648870.709878
  517  235  516  516 1526648870.714504
  517  235  516  517 1526648870.718507
   29   42   40   34 1526648870.723004
  516  235  516  516 1526648870.727002
  517  235  516  516 1526648870.732253
  517  236  516  516 1526648870.736253
  517  236  516  516 1526648870.740269
  517  235  516  516 1526648870.744872
  516  235  516  516 1526648870.748753
  517  235  517  516 1526648870.752998
  517  235  517  516 1526648870.756876
  517  235  517  517 1526648870.761677
  517  235  516  516 1526648870.765652
  517  236  516  517 1526648870.769659
  517  236  516  517 1526648870.773649
  517  236  516  516 1526648870.777654
  517  236  517  516 1526648870.781998
  516  236  516  517 1526648870.785876
  517  235  516  516 1526648870.791001
  517  235  516  517 1526648870.795540
  517  236  516  516 1526648870.799504
  517  235  516  517 1526648870.804004
  517  236  516  516 1526648870.807998
  517  236  517  516 1526648870.812246
  517  236  516  517 1526648870.816127
  516  236  516  517 1526648870.821127
  517  235  516  517 1526648870.825502
  517  235  516  517 1526648870.829499
  516  235  517  516 1526648870.834001
  517  235  516  517 1526648870.837876
  517  236  516  516 1526648870.841758
  517  236  516  516 1526648870.846248
  517  236  516  517 1526648870.851247
  517  235  517  517 1526648870.855249
  517  235  517  517 1526648870.859250
  517  235  517  517 1526648870.863642
  516  235  516  516 1526648870.867618
  517  235  516  517 1526648870.871492
  517  235  516  517 1526648870.875368
  516  235  516  516 1526648870.880410
  516  235  516  517 1526648870.884618
  517  236  517  517 1526648870.888623
  516  235  516  516 1526648870.893039
  517  236  517  517 1526648870.896996
  517  236  517  516 1526648870.901001
  517  235  516  516 1526648870.905374
  516  236  516  517 1526648870.910511
  517  236  516  517 1526648870.914751
  517  235  516  517 1526648870.918621
  517  236  516  517 1526648870.922657
  517  235  517  517 1526648870.927124
  517  236  516  516 1526648870.931122
  516  235  517  516 1526648870.935621
  517  235  516  517 1526648870.939622
  517  236  516  517 1526648870.944997
  517  236  517  516 1526648870.948997
  516  236  516  516 1526648870.952999
  516  236  516  516 1526648870.957373
  516  235  516  516 1526648870.961375
  517  236  516  516 1526648870.965747
  517  235  516  516 1526648870.969745
  517  235  516  517 1526648870.974245
  517  235  517  517 1526648870.978247
  517  236  516  516 1526648870.982245
  516  235  516  516 1526648870.986368
  517  235  516  517 1526648870.990371
  516  235  517  517 1526648870.994617
  517  236  516  516 1526648870.998746
  517  235  517  516 1526648871.003747
  517  235  516  517 1526648871.008244
  517  236  517  517 1526648871.012245
  516  236  516  517 1526648871.016618
  516  235  516  516 1526648871.020613
  517  235  517  517 1526648871.024864
  517  235  517  516 1526648871.028738
  517  235  516  517 1526648871.033738
  517  235  516  516 1526648871.038122
  517  236  516  516 1526648871.042116
  517  236  516  516 1526648871.046369
  517  236  517  516 1526648871.050371
  517  235  517  517 1526648871.054367
  516  236  516  517 1526648871.058869
  517  235  516  516 1526648871.063868
  517  235  516  516 1526648871.067742
  517  235  516  516 1526648871.071760
  517  236  516  517 1526648871.075994
  516  236  516  516 1526648871.079994
  517  236  516  516 1526648871.084242
  517  235  516  517 1526648871.088241
  517  236  517  516 1526648871.093755
  517  235  516  516 1526648871.097775
  517  235  517  516 1526648871.101747
  516  236  516  516 1526648871.105745
  517  235  516  516 1526648871.109740
  517  235  517  516 1526648871.114132
  517  235  516  516 1526648871.118119
  516  235  516  516 1526648871.123126
  517  235  516  516 1526648871.127493
  517  235  517  517 1526648871.131493
  516  235  517  517 1526648871.135866
  517  236  517  516 1526648871.139738
  516  235  516  517 1526648871.144177
  517  236  516  516 1526648871.148117
  516  236  517  517 1526648871.152112
  517  235  516  517 1526648871.157615
  516  235  516  517 1526648871.161614
  517  235  517  517 1526648871.165741
  517  236  516  516 1526648871.169733
  516  236  516  517 1526648871.173612
   30   41   39   34 1526648871.177859
  516  235  516  517 1526648871.181737
  517  235  517  516 1526648871.186483
  516  236  517  517 1526648871.190490
  516  236  516  516 1526648871.194911
  517  238  516  517 1526648871.198742
  517  235  516  516 1526648871.202736
  517  236  517  516 1526648871.207114
  517  235  517  516 1526648871.210985
  517  235  517  516 1526648871.216488
  517  236  517  516 1526648871.220484
  517  235  517  517 1526648871.224491
  516  235  517  516 1526648871.228990
  516  235  516  516 1526648871.232988
  517  235  516  516 1526648871.237488
  517  236  516  516 1526648871.241361
  516  235  516  516 1526648871.246861
  516  235  517  516 1526648871.250865
  516  236  516  517 1526648871.254749
  517  235  517  517 1526648871.259234
  517  235  517  517 1526648871.263111
  517  236  516  516 1526648871.267489
  517  235  517  516 1526648871.271491
  517  235  516  516 1526648871.276855
  517  235  517  517 1526648871.280737
  516  236  517  516 1526648871.284737
  517  236  516  517 1526648871.289239
  516  236  516  516 1526648871.293104
  517  235  517  516 1526648871.297353
  517  235  517  517 1526648871.301226
  517  236  516  516 1526648871.306799
  517  235  516  517 1526648871.310601
  517  235  517  517 1526648871.314478
  517  235  517  516 1526648871.318853
  517  235  516  517 1526648871.322728
  517  235  516  517 1526648871.327106
  517  235  516  516 1526648871.330983
  517  236  517  516 1526648871.334979
  517  235  516  516 1526648871.340609
  516  235  516  517 1526648871.344607
  517  235  516  517 1526648871.349107
  516  237  516  517 1526648871.353109
  517  236  516  516 1526648871.357517
  517  236  517  516 1526648871.361482
  517  235  516  516 1526648871.365488
  517  236  517  516 1526648871.371109
  517  236  516  517 1526648871.375109
  517  236  516  517 1526648871.379610
  517  236  516  516 1526648871.383603
  517  235  516  516 1526648871.387980
  517  236  517  516 1526648871.391980
  517  235  516  516 1526648871.396976
  516  236  516  517 1526648871.401481
  517  236  516  516 1526648871.405482
  516  235  517  516 1526648871.409860
  516  236  516  516 1526648871.413732
  516  235  517  517 1526648871.418229
  517  236  516  516 1526648871.422107
  517  236  516  517 1526648871.427132
  516  235  516  517 1526648871.431481
  517  236  516  516 1526648871.435352
  516  235  516  517 1526648871.439609
  516  236  516  516 1526648871.443608
  517  236  516  516 1526648871.447474
  517  236  516  516 1526648871.451600
  516  236  517  517 1526648871.455477
  517  235  516  517 1526648871.460349
  517  235  517  516 1526648871.464357
  517  236  516  517 1526648871.468601
  517  236  516  516 1526648871.472605
  517  235  516  516 1526648871.476605
  517  235  516  517 1526648871.480732
  517  235  516  517 1526648871.484740
  517  236  516  516 1526648871.490106
  517  236  516  517 1526648871.494107
  517  236  516  516 1526648871.498698
  517  235  516  517 1526648871.502729
  517  236  516  517 1526648871.506730
  517  235  516  517 1526648871.510852
  517  235  516  516 1526648871.514977
  517  235  516  517 1526648871.520481
  517  236  517  516 1526648871.524475
  516  235  516  517 1526648871.528483
  517  235  517  516 1526648871.532979
  517  235  517  516 1526648871.536976
  517  235  516  516 1526648871.541477
  517  235  516  517 1526648871.545473
  517  235  517  517 1526648871.550723
  517  236  517  516 1526648871.554727
  517  236  517  516 1526648871.558725
  517  236  517  516 1526648871.563228
  516  235  517  517 1526648871.567101
  517  235  516  517 1526648871.571351
  517  236  517  516 1526648871.575348
  517  235  517  516 1526648871.580599
  517  235  516  517 1526648871.584604
  517  235  516  516 1526648871.588608
  516  236  516  517 1526648871.592970
  517  236  517  516 1526648871.596843
  517  235  516  517 1526648871.600971
  517  236  516  517 1526648871.604843
  517  235  516  517 1526648871.610356
  517  236  516  516 1526648871.614477
  517  236  516  516 1526648871.618473
  517  235  517  517 1526648871.622475
  517  235  517  516 1526648871.626477
  517  235  517  517 1526648871.630718
  516  235  516  517 1526648871.634601
  517  236  516  516 1526648871.638595
  516  236  516  516 1526648871.643974
  516  235  516  517 1526648871.647975
  517  236  516  517 1526648871.652348
  516  235  516  517 1526648871.656349
  517  235  516  516 1526648871.660891
  516  236  516  517 1526648871.664848
   30   42   40   34 1526648871.669925
  517  236  516  517 1526648871.674351
  516  235  516  516 1526648871.678347
  517  236  516  516 1526648871.682843
  516  236  517  517 1526648871.686848
  517  236  516  516 1526648871.691217
  516  237  516  517 1526648871.695224
  516  236  516  517 1526648871.699096
  516  236  516  517 1526648871.703601
  517  235  516  516 1526648871.707598
  517  235  516  517 1526648871.711843
  517  235  517  517 1526648871.715840
  517  236  516  516 1526648871.719715
  517  236  516  517 1526648871.723841
  517  236  516  516 1526648871.727714
  516  235  516  517 1526648871.733090
  517  236  516  516 1526648871.736969
  517  236  516  516 1526648871.740970
  516  235  517  517 1526648871.745471
  517  236  516  517 1526648871.749467
  517  235  516  516 1526648871.753843
  517  236  516  516 1526648871.757720
  517  235  516  516 1526648871.763217
  517  235  516  516 1526648871.767096
  517  236  517  516 1526648871.771096
  517  236  516  516 1526648871.775471
  517  235  516  516 1526648871.779343
  517  235  516  516 1526648871.783468
  517  236  516  517 1526648871.787471
  516  236  516  517 1526648871.792970
  517  236  516  516 1526648871.796968
  517  235  516  516 1526648871.800967
  517  235  516  516 1526648871.804971
  517  236  516  516 1526648871.808970
  516  235  516  516 1526648871.813217
  517  235  516  516 1526648871.817219
  517  236  517  516 1526648871.821216
  517  235  516  516 1526648871.826094
  516  235  516  516 1526648871.830093
  517  235  517  516 1526648871.834468
  517  235  516  517 1526648871.838460
  517  236  516  516 1526648871.842336
  517  238  516  517 1526648871.846211
  517  235  516  516 1526648871.850237
  517  236  516  516 1526648871.855585
  516  236  516  516 1526648871.859467
  517  235  517  516 1526648871.863467
  516  236  516  516 1526648871.867844
  517  236  516  516 1526648871.871844
  517  235  516  517 1526648871.876216
  517  235  516  516 1526648871.880092
  516  235  516  517 1526648871.885460
  517  236  516  517 1526648871.889343
  517  236  517  516 1526648871.893340
  517  235  516  516 1526648871.897842
  516  235  516  516 1526648871.901839
  517  236  517  516 1526648871.906217
  517  235  517  516 1526648871.910217
  517  235  516  517 1526648871.915462
  517  235  517  516 1526648871.919467
  516  235  516  516 1526648871.923465
  517  236  516  516 1526648871.927461
  517  236  517  516 1526648871.931467
  517  236  516  516 1526648871.935875
  516  235  516  516 1526648871.939840
  517  236  517  516 1526648871.945208
  517  235  517  517 1526648871.949214
  517  235  516  516 1526648871.953214
  517  235  517  516 1526648871.957339
  517  236  516  517 1526648871.961331
  516  235  516  517 1526648871.965457
  517  236  517  517 1526648871.969332
  517  235  517  517 1526648871.973210
  516  236  516  517 1526648871.978206
  517  236  516  517 1526648871.982085
  517  236  517  517 1526648871.986207
  517  236  516  516 1526648871.990090
  516  236  516  516 1526648871.994084
  517  236  516  517 1526648871.998336
  517  236  516  516 1526648872.002333
  517  235  516  517 1526648872.007836
  517  236  517  516 1526648872.011714
  517  236  516  517 1526648872.015711
  517  235  517  516 1526648872.020084
  517  236  516  517 1526648872.024087
  517  236  516  517 1526648872.028338
  517  235  516  516 1526648872.032333
  517  236  516  516 1526648872.037709
  517  235  516  517 1526648872.041710
  517  236  516  516 1526648872.045708
  516  235  516  517 1526648872.050082
  517  235  517  516 1526648872.054088
  516  235  516  516 1526648872.058582
  517  236  516  516 1526648872.062585
  517  236  517  516 1526648872.067959
  517  235  517  516 1526648872.071958
  516  236  516  516 1526648872.075957
  516  235  516  517 1526648872.080461
  517  235  516  517 1526648872.084452
  517  235  517  516 1526648872.088703
  517  236  516  516 1526648872.092577
  516  236  516  516 1526648872.097960
  516  235  516  517 1526648872.101953
  517  235  517  516 1526648872.105956
  517  236  517  516 1526648872.109836
  516  235  517  517 1526648872.113836
  517  235  516  516 1526648872.118350
  517  235  517  516 1526648872.122330
  517  236  517  516 1526648872.127335
  517  235  517  516 1526648872.131834
  517  235  517  517 1526648872.135829
  517  236  517  517 1526648872.140335
  516  236  516  517 1526648872.144331
  516  236  516  517 1526648872.148578
  517  235  517  517 1526648872.152580
  517  235  516  516 1526648872.157334
  516  235  517  517 1526648872.161709
  517  236  516  516 1526648872.165752
  517  235  517  516 1526648872.169960
  517  236  517  517 1526648872.173956
  516  236  516  517 1526648872.177827
  517  236  517  517 1526648872.182332
  517  236  516  517 1526648872.187384
  517  236  516  517 1526648872.191833
  517  236  516  517 1526648872.195831
  517  236  516  517 1526648872.200201
  517  235  516  516 1526648872.204208
  516  236  517  516 1526648872.208202
  517  236  516  517 1526648872.212701
  517  235  516  516 1526648872.217698
  517  236  517  517 1526648872.221704
  517  236  516  517 1526648872.225581
  516  235  516  517 1526648872.230577
  516  235  516  516 1526648872.234826
  516  235  516  517 1526648872.238697
  516  235  516  517 1526648872.242824
  517  235  517  516 1526648872.246697
  517  235  516  517 1526648872.251327
  516  235  516  516 1526648872.255318
  517  235  516  516 1526648872.259194
  516  235  516  517 1526648872.263589
  517  236  516  516 1526648872.268569
  517  235  517  517 1526648872.272579
  517  236  517  516 1526648872.276577
  517  236  516  516 1526648872.281068
  517  236  517  516 1526648872.284953
  516  235  517  516 1526648872.288954
  517  236  516  517 1526648872.293324
  517  235  517  516 1526648872.298328
  517  236  516  517 1526648872.302327
  516  235  516  517 1526648872.306328
  517  235  516  517 1526648872.310664
  517  236  516  516 1526648872.314574
  517  235  516  516 1526648872.318577
  517  235  516  516 1526648872.322576
  517  235  516  517 1526648872.327573
  516  236  516  517 1526648872.331577
  517  235  516  517 1526648872.335576
  517  235  516  516 1526648872.339579
  517  236  516  516 1526648872.343850
  516  236  517  517 1526648872.348076
  517  235  516  516 1526648872.351950
  517  235  517  516 1526648872.355949
  516  236  517  516 1526648872.360944
  517  236  517  516 1526648872.364950
  517  235  516  516 1526648872.368948
  517  235  517  517 1526648872.372975
  517  236  516  516 1526648872.376943
  516  235  517  516 1526648872.380886
  516  236  516  516 1526648872.385022
  517  235  516  516 1526648872.388816
  516  236  517  517 1526648872.392692
  517  235  517  516 1526648872.396939
  516  236  516  517 1526648872.401014
  517  236  516  516 1526648872.404827
  516  236  516  517 1526648872.408814
  516  235  517  517 1526648872.412694
  517  235  517  516 1526648872.416566
  516  235  516  517 1526648872.420441
  517  236  516  516 1526648872.424315
  516  236  517  517 1526648872.428190
  517  235  516  517 1526648872.432066
  517  235  516  516 1526648872.435939
  516  236  516  516 1526648872.439815
  517  236  516  517 1526648872.443692
  517  235  516  517 1526648872.449445
  516  235  517  517 1526648872.454574
  517  235  517  517 1526648872.458572
  516  235  516  516 1526648872.462573
  517  235  516  517 1526648872.466570
  517  235  516  516 1526648872.470570
  516  236  516  517 1526648872.474585
  517  235  516  517 1526648872.478573
  517  236  516  516 1526648872.482447
  517  235  516  517 1526648872.487319
  517  236  517  517 1526648872.491359
  517  236  516  517 1526648872.495438
  517  236  516  516 1526648872.499314
  516  235  516  517 1526648872.503189
  516  235  516  516 1526648872.507063
  516  235  517  516 1526648872.511437
  517  235  516  517 1526648872.515319
  516  235  516  517 1526648872.519689
  517  235  516  516 1526648872.523560
  517  236  516  516 1526648872.527572
  517  236  517  516 1526648872.531444
  516  235  516  516 1526648872.535309
  516  235  516  516 1526648872.539191
  517  235  517  516 1526648872.543069
  517  235  516  517 1526648872.547065
  517  235  516  517 1526648872.552569
  516  235  516  517 1526648872.556566
  517  236  516  517 1526648872.560465
  517  235  516  516 1526648872.565063
  516  236  516  516 1526648872.568932
  517  235  516  516 1526648872.573189
  517  236  516  517 1526648872.577058
  517  236  516  516 1526648872.581065
