    0   78  516  517 1526648608.853311
    0   79  516  517 1526648608.857308
    0   78  516  517 1526648608.861182
    0   79  516  516 1526648608.865561
    0   79  516  517 1526648608.869586
    0   79  516  517 1526648608.873934
    0   79  516  516 1526648608.877941
    0   79  516  517 1526648608.882187
    0   79  516  517 1526648608.886065
    0   78  516  517 1526648608.890229
    0   78  516  517 1526648608.894562
    0   78  516  517 1526648608.899567
    0   79  516  517 1526648608.903686
    0   79  516  516 1526648608.907562
    0   78  516  517 1526648608.911810
    0   79  516  516 1526648608.915813
    0   78  516  516 1526648608.919813
    0   78  516  517 1526648608.923812
    0   79  516  516 1526648608.927811
    0   78  516  516 1526648608.933316
    0   79  516  517 1526648608.937311
    0   79  516  516 1526648608.941788
    0   79  516  517 1526648608.945815
    0   79  516  516 1526648608.949813
    0   79  516  517 1526648608.953811
    0   78  516  517 1526648608.957811
    0   78  516  517 1526648608.963189
    0   78  516  517 1526648608.967184
    0   78  516  517 1526648608.971186
    0   79  516  517 1526648608.975205
    0   79  516  517 1526648608.979185
    0   79  516  517 1526648608.983189
    0   79  516  517 1526648608.987186
    0   78  516  517 1526648608.992084
    0   79  516  516 1526648608.996067
    0   78  516  516 1526648609.000063
    0   78  516  516 1526648609.004065
    0   79  516  517 1526648609.008063
    0   79  516  517 1526648609.012063
    0   79  516  517 1526648609.015934
    0   79  516  517 1526648609.019810
    0   79  516  517 1526648609.024559
    0   78  516  517 1526648609.028560
    0   79  516  517 1526648609.032570
    0   79  516  517 1526648609.036562
    0   77  516  516 1526648609.040437
    0   78  516  516 1526648609.044315
    0   79  516  516 1526648609.048310
    0   78  516  517 1526648609.053309
    0   79  516  517 1526648609.057312
    0   78  516  517 1526648609.061311
    0   79  516  517 1526648609.065303
    0   79  516  517 1526648609.069176
    0   78  516  517 1526648609.073128
    0   79  517  516 1526648609.076926
    0   79  516  517 1526648609.080916
    0   79  516  517 1526648609.085924
    0   78  516  517 1526648609.089799
    0   79  517  516 1526648609.093805
    0   79  516  516 1526648609.097809
    0   79  516  516 1526648609.101682
    0   79  516  516 1526648609.105548
    0   78  516  516 1526648609.109428
    0   78  516  517 1526648609.114428
    0   79  517  517 1526648609.118434
    0   78  516  517 1526648609.122430
    0   79  516  517 1526648609.126430
    0   79  516  517 1526648609.131181
    0   79  516  517 1526648609.135047
    0   78  516  516 1526648609.138923
    0   79  517  517 1526648609.142835
    0   79  516  517 1526648609.147547
    0   79  517  517 1526648609.151806
    0   78  516  516 1526648609.155799
    0   79  516  516 1526648609.159797
    0   79  516  516 1526648609.163802
    0   79  516  516 1526648609.167797
    0   79  516  517 1526648609.172299
    0   78  516  517 1526648609.177295
    0   79  516  517 1526648609.181672
    0   78  516  517 1526648609.185562
    0   78  517  517 1526648609.189432
    0   79  517  517 1526648609.193796
    0   79  516  516 1526648609.197804
    0   79  516  516 1526648609.201921
    0   79  516  517 1526648609.206926
    0   79  516  517 1526648609.210796
    0   78  516  517 1526648609.215180
    0   78  517  517 1526648609.219175
    0   79  516  516 1526648609.223432
    0   78  516  517 1526648609.227317
    0   79  516  517 1526648609.231175
    0   79  516  517 1526648609.236737
    0   78  516  517 1526648609.240669
    0   78  516  517 1526648609.244549
    0   79  517  517 1526648609.248425
    0   79  516  517 1526648609.252671
    0   79  516  516 1526648609.256668
    0   79  516  517 1526648609.260556
    0   79  516  517 1526648609.264676
    0   79  516  517 1526648609.268805
    0   78  516  517 1526648609.273085
    0   79  516  516 1526648609.276917
    0   78  516  517 1526648609.280793
    0   79  516  516 1526648609.284916
    0   79  516  516 1526648609.288792
    0   79  516  516 1526648609.293188
    0   79  516  516 1526648609.297924
    0   79  516  517 1526648609.301918
    0   79  517  517 1526648609.306173
    0   79  516  517 1526648609.310046
    0   78  516  517 1526648609.314298
    0   79  516  517 1526648609.318178
    0   78  516  517 1526648609.322041
    0   79  517  517 1526648609.326300
    0   79  516  517 1526648609.330430
    0   79  517  517 1526648609.334671
    0   79  516  517 1526648609.338541
    0   79  516  517 1526648609.342425
    0   79  516  517 1526648609.346549
    0   78  516  517 1526648609.350427
    0   79  516  517 1526648609.354827
    0   79  517  517 1526648609.359801
    0   79  516  517 1526648609.364045
    0   78  516  517 1526648609.367917
    0   79  516  517 1526648609.371921
    0   79  516  517 1526648609.376049
    0   79  516  517 1526648609.379923
    0   79  516  517 1526648609.384170
    0   79  516  517 1526648609.389283
    0   79  516  517 1526648609.393162
    0   78  516  516 1526648609.397421
    0   79  516  516 1526648609.401295
    0   79  517  517 1526648609.405540
    0   79  516  517 1526648609.409412
    0   79  516  517 1526648609.413300
    0   78  516  517 1526648609.417720
    0   79  517  517 1526648609.422421
    0   78  516  516 1526648609.426670
    0   79  516  517 1526648609.430672
    0   79  516  517 1526648609.434916
    0   79  516  516 1526648609.438915
    0   79  516  516 1526648609.442792
    0   78  516  517 1526648609.447037
    0   79  516  516 1526648609.452162
    0   78  516  517 1526648609.456422
    0   78  516  516 1526648609.460294
    0   78  517  517 1526648609.464160
    0   78  516  516 1526648609.468537
    0   79  517  517 1526648609.472423
    0   79  516  516 1526648609.476796
    0   79  516  517 1526648609.481671
    0   78  516  516 1526648609.485795
    0   79  516  517 1526648609.489676
    0   79  516  517 1526648609.493668
    0   79  516  516 1526648609.497670
    0   79  516  517 1526648609.501672
    0   79  516  517 1526648609.505918
    0   79  517  517 1526648609.509915
    0   79  516  517 1526648609.515501
    0   79  516  517 1526648609.519417
    0   79  516  517 1526648609.523416
    0   79  516  517 1526648609.527670
    0   79  517  517 1526648609.531667
    0   78  517  517 1526648609.535911
    0   79  516  517 1526648609.539821
    0   78  516  516 1526648609.544544
    0   78  517  517 1526648609.548540
    0   78  516  516 1526648609.552546
    0   79  517  516 1526648609.556916
    0   79  516  516 1526648609.560915
    0   78  516  516 1526648609.564916
    0   78  516  516 1526648609.569417
    0   79  516  517 1526648609.574413
    0   78  516  517 1526648609.578416
    0   78  516  517 1526648609.582415
    0   79  516  517 1526648609.586798
    0   79  516  517 1526648609.590784
    0   79  517  517 1526648609.594664
    0   79  516  517 1526648609.598659
    0   78  516  517 1526648609.603693
    0   79  516  517 1526648609.607910
    0   79  517  517 1526648609.611913
    0   79  517  517 1526648609.615914
    0   78  516  517 1526648609.620419
    0   79  516  517 1526648609.624414
    0   78  516  516 1526648609.628789
    0   79  516  517 1526648609.633913
    0   79  516  516 1526648609.638287
    0   79  516  517 1526648609.642294
    0   79  516  517 1526648609.646292
    0   78  516  517 1526648609.650788
    0   79  516  516 1526648609.654787
    0   79  516  517 1526648609.659292
    0   79  516  516 1526648609.664160
    0   79  516  517 1526648609.668545
    0   78  516  517 1526648609.672541
    0   79  516  516 1526648609.676539
    0   79  517  517 1526648609.680912
    0   79  517  517 1526648609.684917
    0   78  516  517 1526648609.689288
    0   79  516  517 1526648609.694336
    0   79  516  517 1526648609.698670
    0   79  516  516 1526648609.702672
    0   79  517  516 1526648609.706714
    0   79  516  517 1526648609.711033
    0   79  516  516 1526648609.714905
    0   79  516  516 1526648609.719280
    0   79  516  517 1526648609.723161
    0   79  516  516 1526648609.727970
    0   79  516  517 1526648609.731785
    0   79  516  517 1526648609.735786
    0   79  516  516 1526648609.740289
    0   79  516  516 1526648609.744285
    0   79  516  517 1526648609.748674
    0   79  516  517 1526648609.752668
    0   78  516  516 1526648609.757534
    0   79  516  517 1526648609.762037
    0   79  517  517 1526648609.766034
    0   79  516  516 1526648609.770285
    0   79  516  516 1526648609.774285
    0   79  516  516 1526648609.778674
    0   79  516  517 1526648609.782668
    0   79  517  517 1526648609.787932
    0   79  516  516 1526648609.791908
    0   78  516  517 1526648609.795909
    0   79  516  517 1526648609.799907
    0   78  516  517 1526648609.803909
    0   79  516  517 1526648609.808282
    0   79  517  517 1526648609.812154
    0   79  516  517 1526648609.817602
    0   79  516  517 1526648609.821536
    0   79  516  517 1526648609.825531
    0   79  517  517 1526648609.829677
    0   79  516  517 1526648609.833673
    0   79  516  516 1526648609.837904
    0   78  516  517 1526648609.841906
    0   78  517  517 1526648609.846908
    0   79  517  517 1526648609.851405
    0   79  517  517 1526648609.855408
    0   79  517  517 1526648609.859778
    0   79  516  517 1526648609.863776
    0   79  516  517 1526648609.868184
    0   79  516  517 1526648609.872025
    0   79  516  516 1526648609.877149
    0   79  516  517 1526648609.881406
    0   79  516  517 1526648609.885407
    0   79  517  517 1526648609.889668
    0   78  517  517 1526648609.893679
    0   79  517  517 1526648609.897680
    0   78  517  517 1526648609.902028
    0   79  516  516 1526648609.906901
    0   79  517  517 1526648609.910903
    0   79  516  517 1526648609.914903
    0   79  517  517 1526648609.919155
    0   79  516  516 1526648609.923157
    0   79  516  516 1526648609.927155
    0   79  516  516 1526648609.931151
    0   79  516  516 1526648609.936153
    0   78  516  516 1526648609.940530
    0   79  516  516 1526648609.944531
    0   78  516  517 1526648609.949043
    0   78  516  517 1526648609.953031
    0   79  516  517 1526648609.956905
    0   79  516  516 1526648609.961158
    0   79  516  516 1526648609.966161
    0   78  516  516 1526648609.970530
    0   79  517  517 1526648609.974528
    0   79  517  517 1526648609.978525
    0   78  516  517 1526648609.983029
    0   78  517  517 1526648609.987029
    0   79  516  516 1526648609.991524
    0   79  516  517 1526648609.996565
    0   79  516  517 1526648610.000901
    0   79  517  517 1526648610.004902
    0   79  517  517 1526648610.008903
    0   79  516  517 1526648610.013395
    0   78  516  516 1526648610.017276
    0   79  517  516 1526648610.021395
    0   79  516  516 1526648610.025276
    0   78  516  517 1526648610.030235
    0   79  516  517 1526648610.034154
    0   78  516  516 1526648610.038153
    0   79  516  516 1526648610.042399
    0   79  516  516 1526648610.050661
    0   79  516  517 1526648610.054686
    0   79  516  517 1526648610.059396
    0   79  516  517 1526648610.063830
    0   78  517  517 1526648610.067776
    0   79  516  517 1526648610.072025
    0   79  517  517 1526648610.076025
    0   79  517  517 1526648610.079897
    0   79  517  517 1526648610.084147
    0   78  516  517 1526648610.089400
    0   79  516  517 1526648610.093402
    0   78  516  516 1526648610.097399
    0   78  517  517 1526648610.101774
    0   79  516  517 1526648610.105771
    0   79  516  516 1526648610.109771
    0   79  516  517 1526648610.114270
    0   79  517  517 1526648610.119525
    0   79  516  516 1526648610.123523
    0   78  516  517 1526648610.127524
    0   79  516  517 1526648610.131771
    0   79  517  517 1526648610.135671
    0   79  516  516 1526648610.139667
    0   79  517  517 1526648610.143668
    0   78  516  517 1526648610.148666
    0   79  516  517 1526648610.153021
    0   78  516  516 1526648610.157023
    0   79  516  516 1526648610.161435
    0   79  517  517 1526648610.165265
    0   78  516  517 1526648610.169140
    0   79  516  517 1526648610.173515
    0   78  517  517 1526648610.178504
    0   79  517  517 1526648610.182894
    0   79  516  517 1526648610.186894
    0   79  517  517 1526648610.190895
    0   79  516  517 1526648610.195272
    0   79  516  517 1526648610.199268
    0   79  516  516 1526648610.203768
    0   79  517  517 1526648610.208663
    0   79  516  517 1526648610.212895
    0   79  516  517 1526648610.216897
    0   79  516  517 1526648610.220896
    0   79  516  516 1526648610.225271
    0   79  516  516 1526648610.229147
    0   79  517  517 1526648610.233521
    0   78  516  517 1526648610.238541
    0   79  516  517 1526648610.242894
    0   78  516  517 1526648610.246892
    0   79  516  516 1526648610.250894
    0   79  516  516 1526648610.254892
    0   78  516  517 1526648610.258894
    0   79  516  516 1526648610.263143
    0   78  516  517 1526648610.267142
    0   79  516  517 1526648610.271389
    0   79  516  516 1526648610.275894
    0   79  516  517 1526648610.279891
    0   79  516  517 1526648610.284140
    0   79  516  517 1526648610.288010
    0   78  516  517 1526648610.291885
    0   79  517  517 1526648610.296136
    0   79  517  517 1526648610.301012
    0   79  516  517 1526648610.305272
    0   78  516  517 1526648610.309268
    0   79  516  517 1526648610.313668
    0   78  516  517 1526648610.317666
    0   79  517  517 1526648610.321660
    0   79  517  517 1526648610.325666
    0   79  516  516 1526648610.330661
    0   79  516  517 1526648610.334892
    0   78  516  516 1526648610.338892
    0   78  516  516 1526648610.343337
    0   79  516  517 1526648610.347267
    0   79  516  517 1526648610.351265
    0   79  517  517 1526648610.355513
    0   79  516  517 1526648610.360390
    0   78  516  516 1526648610.364668
    0   79  517  517 1526648610.368658
    0   79  516  516 1526648610.372671
    0   79  516  517 1526648610.377015
    0   78  516  516 1526648610.380891
    0   79  517  517 1526648610.385388
    0   79  517  517 1526648610.390423
    0   78  516  517 1526648610.395658
    0   79  516  516 1526648610.399886
    0   79  516  517 1526648610.404235
    0   79  516  517 1526648610.408178
    0   79  516  517 1526648610.412134
    0   79  516  517 1526648610.416382
    0   79  516  516 1526648610.420257
    0   78  516  516 1526648610.424509
    0   79  516  517 1526648610.428511
    0   79  517  517 1526648610.432378
    0   79  516  517 1526648610.436656
    0   79  516  517 1526648610.441387
    0   78  516  516 1526648610.445753
    0   79  516  517 1526648610.449662
    0   79  516  517 1526648610.453657
    0   78  516  517 1526648610.458140
    0   79  517  516 1526648610.462010
    0   79  517  517 1526648610.466311
    0   79  516  517 1526648610.471262
    0   79  516  517 1526648610.475509
    0   78  516  517 1526648610.479511
    0   79  516  516 1526648610.483510
    0   79  516  516 1526648610.487509
    0   79  516  516 1526648610.491510
    0   78  516  516 1526648610.495647
    0   79  516  517 1526648610.500658
    0   78  516  517 1526648610.504658
    0   79  516  516 1526648610.508661
    0   79  516  516 1526648610.512656
    0   78  516  516 1526648610.516652
    0   79  516  517 1526648610.520508
    0   79  516  517 1526648610.524386
    0   78  516  516 1526648610.528507
    0   79  516  517 1526648610.533381
    0   78  516  517 1526648610.537258
    0   78  516  517 1526648610.541133
    0   79  516  516 1526648610.545128
    0   79  517  517 1526648610.549002
    0   79  516  516 1526648610.552878
    0   79  516  516 1526648610.556765
    0   78  516  517 1526648610.561753
    0   79  516  517 1526648610.565877
    0   79  516  517 1526648610.569752
    0   79  516  517 1526648610.573624
    0   78  516  517 1526648610.577505
    0   79  516  517 1526648610.581386
    0   79  517  517 1526648610.585249
    0   79  516  516 1526648610.589254
    0   78  516  517 1526648610.594122
    0   79  516  517 1526648610.598011
    0   78  516  516 1526648610.602008
    0   78  516  516 1526648610.606254
    0   79  517  517 1526648610.610250
    0   79  516  516 1526648610.614123
    0   79  516  517 1526648610.617997
