  257  516  517  517 1526649397.439277
  257  517  517  516 1526649397.443274
  257  516  516  517 1526649397.447148
  256  516  516  516 1526649397.451540
  257  516  517  517 1526649397.455528
  257  516  517  517 1526649397.460035
  257  516  517  517 1526649397.469283
  257  516  517  517 1526649397.473314
  257  516  516  516 1526649397.477293
  257  516  517  517 1526649397.481279
  257  516  516  516 1526649397.485157
  257  516  516  517 1526649397.489155
  257  516  517  516 1526649397.493155
  257  517  517  516 1526649397.497030
  257  516  516  516 1526649397.501920
  256  516  516  517 1526649397.505910
  257  516  516  516 1526649397.509906
  257  517  517  516 1526649397.513902
  257  517  517  516 1526649397.517901
  257  516  517  517 1526649397.521904
  257  516  516  517 1526649397.525902
  257  516  516  517 1526649397.531033
  257  516  517  517 1526649397.535029
  257  516  517  516 1526649397.539064
  257  516  517  516 1526649397.542899
  256  516  517  517 1526649397.546902
  257  517  517  517 1526649397.550901
  257  516  517  517 1526649397.554904
  257  516  517  517 1526649397.560157
  257  517  517  516 1526649397.564031
  257  516  516  517 1526649397.568029
  257  517  516  517 1526649397.572030
  257  516  516  517 1526649397.576023
  257  516  517  516 1526649397.579898
  258  516  517  517 1526649397.583904
  257  516  516  517 1526649397.588032
  257  516  517  516 1526649397.593152
  257  516  516  516 1526649397.597026
  257  517  517  516 1526649397.600900
  257  516  516  516 1526649397.604895
  257  516  516  517 1526649397.608770
  257  517  516  516 1526649397.612653
  257  517  516  517 1526649397.616520
  257  516  516  517 1526649397.620899
  257  516  516  516 1526649397.625768
  256  516  516  516 1526649397.629668
  257  516  517  517 1526649397.633517
  256  516  516  517 1526649397.637398
  257  516  516  517 1526649397.641270
  257  516  517  516 1526649397.645141
  257  516  516  516 1526649397.649079
  257  516  516  516 1526649397.654025
  257  516  516  516 1526649397.658026
  257  516  516  517 1526649397.662025
  256  516  516  516 1526649397.666025
  256  516  516  516 1526649397.669893
  257  516  516  517 1526649397.674514
  257  516  517  517 1526649397.678400
  257  517  517  516 1526649397.683767
  257  516  516  517 1526649397.687665
  257  516  516  517 1526649397.691898
  257  516  517  517 1526649397.695923
  257  516  517  516 1526649397.699773
  257  516  516  516 1526649397.704147
  257  517  517  516 1526649397.713416
  257  516  517  517 1526649397.717264
  257  516  516  516 1526649397.721514
  257  516  516  516 1526649397.725389
  257  516  516  517 1526649397.729263
  297  517  517  516 1526649397.733398
  257  516  517  517 1526649397.737273
  257  516  517  517 1526649397.741665
  257  517  517  517 1526649397.745772
  257  516  517  516 1526649397.749653
  257  516  516  516 1526649397.753767
  257  516  517  516 1526649397.757651
  257  516  516  516 1526649397.761896
  257  516  517  516 1526649397.765889
  257  516  516  517 1526649397.769940
  257  516  516  516 1526649397.775144
  258  516  516  517 1526649397.779018
  257  516  516  516 1526649397.783269
  257  516  516  517 1526649397.787137
  257  516  516  516 1526649397.791148
  257  516  516  517 1526649397.795395
  257  516  517  517 1526649397.799269
  257  516  517  517 1526649397.804665
  258  516  516  517 1526649397.808511
  257  516  516  517 1526649397.812818
  257  516  516  517 1526649397.816665
  257  516  516  517 1526649397.820511
  257  517  517  517 1526649397.824392
  257  516  516  516 1526649397.828272
  257  516  516  517 1526649397.833777
  257  516  516  517 1526649397.837768
  256  516  516  517 1526649397.841655
  257  516  516  517 1526649397.845773
  257  516  516  517 1526649397.849651
  257  517  516  516 1526649397.854074
  257  516  516  516 1526649397.857889
  257  516  516  517 1526649397.861891
  257  516  517  516 1526649397.866395
  257  517  516  517 1526649397.870260
  257  516  517  517 1526649397.874662
  257  516  516  516 1526649397.878659
  256  516  516  517 1526649397.882508
  257  516  516  517 1526649397.886650
  256  517  517  517 1526649397.890516
  257  517  517  517 1526649397.896008
  256  517  517  516 1526649397.900021
  257  516  517  517 1526649397.903883
  257  516  516  516 1526649397.908133
  257  516  517  517 1526649397.912013
  257  516  516  517 1526649397.916258
  257  516  516  517 1526649397.920135
  257    0  516  517 1526649397.925758
  257  516  516  516 1526649397.929767
  257  516  516  517 1526649397.933664
  257  517  517  517 1526649397.937662
  257  517  517  516 1526649397.941505
  257  516  516  517 1526649397.945762
  256  516  516  517 1526649397.949646
  259  516  516  516 1526649397.953514
  257  516  516  516 1526649397.959139
  257  516  517  517 1526649397.963015
  257  516  517  517 1526649397.967139
  257  516  517  516 1526649397.971006
  257  516  516  517 1526649397.974890
  257  516  517  517 1526649397.979269
  257  516  516  517 1526649397.983275
  257  516  516  517 1526649397.988257
  257  516  517  517 1526649397.992141
  257  516  517  516 1526649397.996376
  257  516  516  517 1526649398.000254
  257  517  516  516 1526649398.004139
  257  516  517  516 1526649398.008513
  257  516  517  517 1526649398.012383
  257  516  517  517 1526649398.017761
  257  516  516  517 1526649398.021760
  256  516  516  516 1526649398.025760
  257  516  516  517 1526649398.030267
  258  516  517  516 1526649398.034264
  257  516  517  516 1526649398.038761
  257  516  516  517 1526649398.042764
  257  516  516  517 1526649398.048262
  257  516  516  517 1526649398.052261
  257  516  516  517 1526649398.056138
  257  516  516  516 1526649398.060660
  257  516  517  516 1526649398.064655
  257  516  517  516 1526649398.069137
  257  516  516  516 1526649398.073136
  257  516  516  516 1526649398.078760
  257  517  516  516 1526649398.082763
  257  516  517  516 1526649398.086760
  257  516  516  516 1526649398.091260
  257  516  516  516 1526649398.095261
  257  516  516  517 1526649398.099761
  257  516  516  517 1526649398.103756
  257  516  516  517 1526649398.109134
  257  516  516  516 1526649398.113138
  257  516  516  517 1526649398.117137
  257  516  516  517 1526649398.121649
  257  516  516  517 1526649398.125650
  256  516  516  516 1526649398.130134
  257  516  516  516 1526649398.134132
  257  516  516  517 1526649398.139655
  257  516  517  516 1526649398.143654
  257  516  517  517 1526649398.147665
  257  517  517  516 1526649398.152134
  257  516  517  516 1526649398.156133
  257  516  517  516 1526649398.160664
  256  517  517  517 1526649398.164665
  257  516  516  516 1526649398.170008
  256  516  516  516 1526649398.173879
  257  516  516  517 1526649398.177883
  257  516  516  517 1526649398.182125
  257  516  517  516 1526649398.186000
  257  516  516  517 1526649398.190251
  256  516  517  516 1526649398.194125
  257  516  517  516 1526649398.199309
  257  516  516  516 1526649398.203260
  257  517  517  516 1526649398.207258
  257  516  516  516 1526649398.211135
  256  517  517  517 1526649398.215129
  257  516  517  516 1526649398.219375
  257  516  516  516 1526649398.223382
  257  516  517  517 1526649398.228257
  257  517  517  517 1526649398.232508
  257  516  517  516 1526649398.236510
  257  516  516  517 1526649398.240879
  256  516  516  516 1526649398.244879
  257  516  516  516 1526649398.249377
  257  516  517  517 1526649398.253381
  257  516  516  517 1526649398.258374
  256  516  516  517 1526649398.262653
  257  516  516  517 1526649398.266655
  257  516  516  516 1526649398.270882
  257  516  517  517 1526649398.274880
  257  516  516  517 1526649398.278877
  257  516  516  517 1526649398.283388
  257  516  516  517 1526649398.288439
  257  516  516  517 1526649398.292752
  257  516  516  516 1526649398.296648
  257  516  517  516 1526649398.300751
  256  516  516  517 1526649398.304747
  257  516  517  517 1526649398.308871
  257  516  516  516 1526649398.312747
  257  516  517  517 1526649398.316645
  257  516  516  517 1526649398.321622
  257  516  516  516 1526649398.325653
  256  516  516  517 1526649398.329662
  258  516  516  517 1526649398.333650
  257  516  517  516 1526649398.338003
  257  516  516  517 1526649398.342002
  257  516  516  516 1526649398.345941
  257  517  517  516 1526649398.350746
  257  516  517  517 1526649398.354755
  257  517  516  517 1526649398.359124
  257  516  516  517 1526649398.363125
  257  516  516  517 1526649398.367128
  257  516  516  517 1526649398.371376
  257  517  516  517 1526649398.375249
  257  516  516  517 1526649398.380650
  256  516  517  517 1526649398.384623
  257  516  517  516 1526649398.389120
  257  516  517  516 1526649398.393122
  257  516  516  517 1526649398.397125
  257  516  517  516 1526649398.401377
  257  516  516  517 1526649398.405403
  257  516  516  517 1526649398.410807
  257  516  516  516 1526649398.414750
  257  516  516  516 1526649398.419000
  257  516  516  517 1526649398.423005
  257  516  516  517 1526649398.426875
  257  517  517  516 1526649398.430750
  257  516  516  516 1526649398.434746
  257  516  516  517 1526649398.439120
  257  516  516  516 1526649398.444122
  257  516  517  517 1526649398.448132
  257  516  516  517 1526649398.452625
  257  516  516  517 1526649398.456617
  257  516  516  517 1526649398.460992
  257  516  516  516 1526649398.464867
  257  516  516  517 1526649398.469252
  257  516  516  517 1526649398.473490
  257  516  516  517 1526649398.477750
  257  516  516  517 1526649398.481751
  257  516  517  517 1526649398.485749
  258  516  517  516 1526649398.490245
  257  517  517  516 1526649398.494247
  257  516  516  516 1526649398.498245
  256  516  516  517 1526649398.503246
  257  516  517  517 1526649398.507242
  257  517  517  516 1526649398.511623
  257  516  516  517 1526649398.515622
  257  516  517  516 1526649398.519865
  257  516  516  516 1526649398.523745
  257  517  516  516 1526649398.527666
  257  516  517  516 1526649398.532996
  257  516  516  517 1526649398.536994
  257  516  516  517 1526649398.541372
  257  516  517  516 1526649398.545367
  257  516  517  516 1526649398.549376
  257  516  516  516 1526649398.553870
  256  517  517  516 1526649398.557739
  257  516  516  516 1526649398.563119
  257  516  516  516 1526649398.567119
  257  516  516  517 1526649398.571499
  257  516  517  517 1526649398.575491
  257  516  516  516 1526649398.579494
  257  516  516  516 1526649398.583997
  257  516  517  516 1526649398.587993
  257  516  517  516 1526649398.593487
  257  516  516  516 1526649398.597368
  257  516  516  517 1526649398.601618
  257  517  517  516 1526649398.605611
  257  516  517  516 1526649398.609486
  257  516  516  516 1526649398.613735
  257  517  517  517 1526649398.617610
  257  516  517  516 1526649398.621992
  257  517  517  516 1526649398.626992
  256  516  517  516 1526649398.631486
  257  516  516  516 1526649398.635489
  257  516  516  516 1526649398.639491
  257  516  516  517 1526649398.643493
  257  516  516  517 1526649398.647364
  257  516  517  517 1526649398.651619
  257  516  516  517 1526649398.656240
  257  516  517  516 1526649398.660245
  257  516  517  517 1526649398.664618
  257  516  516  516 1526649398.668615
  257  516  516  517 1526649398.672866
  257  516  516  516 1526649398.676743
  257  516  516  517 1526649398.680798
  257  516  517  516 1526649398.686240
  257  516  517  516 1526649398.690244
  257  516  517  516 1526649398.694113
  257  517  517  516 1526649398.698115
  257  516  517  517 1526649398.702487
  257  516  516  517 1526649398.706503
  257  516  516  517 1526649398.710487
  257  516  517  517 1526649398.715439
  257  517  517  516 1526649398.719368
  257  516  516  516 1526649398.723863
  257  516  517  517 1526649398.727734
  257  516  517  516 1526649398.732015
  257  516  516  516 1526649398.735858
  257  516  516  517 1526649398.739732
  257  516  517  517 1526649398.745416
  257  516  516  516 1526649398.749363
  257  516  517  516 1526649398.753616
  257  516  517  517 1526649398.757610
  257  516  516  516 1526649398.761619
  257  516  516  517 1526649398.766109
  256  516  516  516 1526649398.769985
  257  516  516  517 1526649398.774610
  257  516  517  516 1526649398.779611
  257  516  517  517 1526649398.783986
  257  516  516  517 1526649398.787987
  257  516  516  517 1526649398.791991
  257  517  517  516 1526649398.796490
  256  516  517  517 1526649398.800485
  257  517  517  516 1526649398.806163
  257  517  516  517 1526649398.810112
  257  516  517  516 1526649398.814363
  257  516  516  516 1526649398.818359
  257  516  516  516 1526649398.822361
  258  516  516  516 1526649398.826735
  257  517  517  517 1526649398.830733
  256  516  516  517 1526649398.835130
  257  516  517  516 1526649398.839607
  257  516  516  516 1526649398.843729
  257  516  516  516 1526649398.847612
  257  516  516  516 1526649398.851604
  257  516  516  517 1526649398.855728
  257  516  516  516 1526649398.859604
  257  516  516  517 1526649398.863856
  257  517  517  516 1526649398.868853
  257  516  516  516 1526649398.872737
  257  516  517  516 1526649398.877113
  257  516  516  517 1526649398.881111
  257  516  516  516 1526649398.885487
  256  516  516  517 1526649398.889480
  257  517  516  516 1526649398.893354
  257  517  516  517 1526649398.898729
  257  516  516  516 1526649398.902612
  257  516  517  517 1526649398.906612
  257  516  516  516 1526649398.910611
  257  516  516  517 1526649398.915021
  257  516  517  516 1526649398.918983
  257  516  517  516 1526649398.922983
  257  516  516  516 1526649398.926978
  257  516  516  516 1526649398.931985
  257  516  516  516 1526649398.936356
  257  516  517  516 1526649398.940356
  257  516  516  517 1526649398.944743
  257  516  516  517 1526649398.948603
  257  516  517  516 1526649398.952484
  257  516  516  516 1526649398.956983
  257  516  516  516 1526649398.961604
  257  516  516  516 1526649398.965981
  257  516  516  517 1526649398.969981
  256  516  516  516 1526649398.973980
  257  516  516  517 1526649398.978349
  257  517  517  517 1526649398.982227
  257  517  517  516 1526649398.986478
  257  517  517  516 1526649398.991349
  257  516  517  516 1526649398.995754
  257  516  516  517 1526649398.999728
  257  516  517  517 1526649399.003607
  257  516  516  517 1526649399.007606
  257  516  516  517 1526649399.011605
  257  516  516  517 1526649399.015895
  257  516  517  516 1526649399.020725
  257  516  516  517 1526649399.024729
  257  516  516  517 1526649399.029106
  257  516  517  516 1526649399.033108
  257  516  516  516 1526649399.037478
  257  516  516  517 1526649399.041479
  257  516  517  516 1526649399.045352
  257  516  516  517 1526649399.050729
  257  516  517  517 1526649399.054721
  257  516  517  517 1526649399.058741
  257  516  517  516 1526649399.062732
  256  516  517  517 1526649399.066978
  257  516  516  516 1526649399.070989
  257  516  516  516 1526649399.074982
  257  516  516  517 1526649399.078850
  257  516  517  516 1526649399.083102
  257  517  517  516 1526649399.087480
  256  516  516  516 1526649399.091475
  257  517  517  516 1526649399.095474
  257  516  517  516 1526649399.099849
  256  516  517  516 1526649399.103727
  257  516  516  517 1526649399.108222
  257  516  517  517 1526649399.113105
  257  516  516  517 1526649399.117475
  257  517  516  517 1526649399.121477
  257  516  516  517 1526649399.125475
  257  516  516  517 1526649399.129468
  257  516  516  517 1526649399.133349
  257  516  516  516 1526649399.137516
  257  516  517  516 1526649399.142346
  257  516  516  516 1526649399.146346
  257  516  517  517 1526649399.150602
  256  516  517  516 1526649399.154601
  257  516  516  516 1526649399.158852
  257  516  516  517 1526649399.162850
  257  516  516  517 1526649399.166853
  257  516  516  517 1526649399.172227
  257  516  516  516 1526649399.176225
  257  516  517  516 1526649399.180223
  257  516  516  516 1526649399.184219
  257  516  517  516 1526649399.188599
  257  517  517  517 1526649399.192600
  256  516  517  517 1526649399.196476
  257  516  516  517 1526649399.200349
  257  516  516  517 1526649399.204599
  257  516  517  516 1526649399.209101
  257  516  516  517 1526649399.213100
  257  516  516  517 1526649399.217100
  257  516  516  517 1526649399.221472
  257  517  517  516 1526649399.225471
  256  516  517  517 1526649399.229723
  257  516  516  516 1526649399.234474
  257  517  516  517 1526649399.238842
  257  516  517  517 1526649399.242850
  256  516  516  517 1526649399.246846
  257  516  517  516 1526649399.250845
  257  516  516  517 1526649399.254723
  256  516  517  517 1526649399.259092
  257  516  516  517 1526649399.263840
  257  516  516  517 1526649399.267971
  257  517  517  516 1526649399.272217
  257  516  516  517 1526649399.276095
  257  516  517  516 1526649399.280338
  257  516  517  517 1526649399.284214
  257  516  516  517 1526649399.288089
  257  517  517  517 1526649399.293467
  256  516  516  516 1526649399.297516
  257  516  516  516 1526649399.301467
  257  516  516  517 1526649399.305473
  256  516  516  516 1526649399.313722
  257  516  516  516 1526649399.317719
  257  516  516  517 1526649399.321720
  257  516  516  517 1526649399.326094
  257  516  517  517 1526649399.330344
  257  516  517  517 1526649399.334344
  257  516  516  516 1526649399.338342
  257  516  516  517 1526649399.342346
  257  516  516  517 1526649399.346343
  257  516  516  517 1526649399.350591
  257  516  517  517 1526649399.355468
  257  516  516  517 1526649399.359464
  257  516  517  517 1526649399.363969
  257  516  516  516 1526649399.367966
  257  516  516  517 1526649399.372344
  257  516  516  517 1526649399.376215
  257  516  517  516 1526649399.380586
  257  516  516  516 1526649399.385590
  257  516  516  517 1526649399.389596
  257  516  517  516 1526649399.393969
  257  516  516  516 1526649399.397968
  256  516  516  517 1526649399.402220
  256  516  516  516 1526649399.406221
  257  516  516  517 1526649399.410755
  257  516  516  517 1526649399.414711
  257  516  516  516 1526649399.419845
  257  516  516  517 1526649399.424217
  257  516  516  517 1526649399.428216
  257  516  517  517 1526649399.432584
  257  516  516  517 1526649399.436459
  257  516  516  516 1526649399.440333
  257  516  516  517 1526649399.444463
  257  516  516  516 1526649399.449583
  257  517  517  517 1526649399.453843
  257  516  516  517 1526649399.457841
  257  516  517  516 1526649399.462214
  257  516  516  517 1526649399.466213
   51   57   35   65 1526649399.470214
  256  516  517  517 1526649399.474711
  257  517  517  516 1526649399.479590
  257  517  517  516 1526649399.483837
  256  516  516  516 1526649399.487842
  257  516  516  516 1526649399.492338
  257  516  517  517 1526649399.496336
  257  516  516  516 1526649399.500215
  257  516  516  517 1526649399.504087
  256  516  516  517 1526649399.508839
  257  516  517  516 1526649399.513336
  257  516  516  517 1526649399.517341
  257  516  516  517 1526649399.521333
  257  517  517  516 1526649399.525712
  257  516  516  516 1526649399.529712
  257  516  516  517 1526649399.534085
  257  516  516  517 1526649399.538839
  257  516  516  516 1526649399.543081
  257  517  516  517 1526649399.547096
  257  516  516  517 1526649399.551087
  257  517  516  517 1526649399.555087
  257  516  517  517 1526649399.559089
  257  517  517  516 1526649399.563462
  257  516  517  516 1526649399.568461
  257  516  517  516 1526649399.572830
  257  516  516  516 1526649399.576833
  256  516  516  516 1526649399.580831
  257  516  516  517 1526649399.584829
  256  516  516  516 1526649399.588704
  257  516  517  516 1526649399.593080
  257  517  516  517 1526649399.598069
  257  516  516  517 1526649399.602084
  257  516  516  517 1526649399.606462
  257  516  516  517 1526649399.610458
  257  516  516  517 1526649399.614963
  257  516  516  517 1526649399.618955
  257  516  516  517 1526649399.623331
  257  516  517  516 1526649399.628446
  257  516  516  517 1526649399.632333
  257  517  517  516 1526649399.636707
  257  516  516  516 1526649399.640706
  257  517  517  517 1526649399.645085
  257  516  516  517 1526649399.649082
  257  516  517  517 1526649399.652967
  257  516  516  517 1526649399.658511
  257  516  517  517 1526649399.662490
  257  516  516  516 1526649399.666456
  257  516  516  516 1526649399.670457
  257  516  516  517 1526649399.674706
  257  516  517  517 1526649399.678704
  257  516  517  517 1526649399.682705
  257  516  516  517 1526649399.686706
  257  516  516  516 1526649399.691457
  257  516  516  517 1526649399.695706
  257  516  517  517 1526649399.699705
  257  516  516  516 1526649399.703707
  256  516  517  517 1526649399.708207
  257  516  516  517 1526649399.712083
  257  516  517  516 1526649399.716734
  256  516  517  517 1526649399.721704
  257  516  517  517 1526649399.725954
  257  516  516  517 1526649399.729955
  256  516  516  517 1526649399.733957
  257  516  516  517 1526649399.738073
  257  516  517  516 1526649399.741950
  257  517  517  516 1526649399.746078
  256  516  517  517 1526649399.751073
  257  516  516  517 1526649399.755392
  257  516  516  517 1526649399.759330
  257  516  516  517 1526649399.763328
  257  516  516  516 1526649399.767578
  257  516  517  517 1526649399.771574
  257  516  516  517 1526649399.775949
  257  517  517  517 1526649399.780830
  257  516  516  516 1526649399.784829
  258  516  516  516 1526649399.789328
  257  517  517  516 1526649399.793329
  257  516  517  516 1526649399.797706
  257  516  516  516 1526649399.801701
  257  517  516  516 1526649399.806233
  257  516  517  516 1526649399.811197
  257  517  517  517 1526649399.815199
  257  517  517  517 1526649399.819579
  257  516  516  517 1526649399.823579
  257  516  516  516 1526649399.827951
  257  516  517  517 1526649399.831825
  257  517  516  516 1526649399.835882
  257  516  516  517 1526649399.840325
  257  517  517  517 1526649399.845322
  257  517  517  517 1526649399.849327
  257  517  516  516 1526649399.853325
  257  516  516  516 1526649399.857826
  256  516  517  516 1526649399.861694
  257  516  517  516 1526649399.865570
  257  516  516  517 1526649399.870076
  257  516  516  517 1526649399.874819
  257  516  517  516 1526649399.879074
  257  516  517  517 1526649399.883078
  257  516  517  516 1526649399.887445
  256  516  517  516 1526649399.891452
  257  516  517  517 1526649399.895452
  257  516  516  517 1526649399.899447
  257  516  516  517 1526649399.904450
  257  516  516  516 1526649399.908698
  257  517  517  516 1526649399.912698
  257  516  516  516 1526649399.916698
  256  516  516  517 1526649399.921070
  257  516  517  517 1526649399.925076
  257  516  516  517 1526649399.929447
  257  516  516  517 1526649399.934324
  257  517  517  517 1526649399.938695
  257  517  517  517 1526649399.942751
  257  517  517  516 1526649399.946668
  257  516  516  516 1526649399.950451
  257  516  516  517 1526649399.954448
   47   56   33   67 1526649399.958697
  257  516  516  517 1526649399.963573
  257  516  516  517 1526649399.967577
  257  516  516  517 1526649399.972075
  258  516  516  517 1526649399.976070
  257  516  516  516 1526649399.980449
  257  516  517  517 1526649399.984446
  257  516  516  517 1526649399.988815
  256  516  516  516 1526649399.993819
  256  516  516  516 1526649399.997822
  257  516  516  517 1526649400.002069
  257  516  517  516 1526649400.005946
  257  516  517  517 1526649400.010314
  257  516  516  516 1526649400.014189
  257  516  516  516 1526649400.018065
  257  516  516  516 1526649400.022318
  257  516  516  517 1526649400.026314
  257  516  516  517 1526649400.030905
  257  516  516  516 1526649400.034821
  257  517  517  516 1526649400.039296
  257  517  517  517 1526649400.043322
  257  516  517  516 1526649400.047321
  259  516  517  517 1526649400.051565
  257  516  517  517 1526649400.056444
  257  517  516  517 1526649400.060694
  257  516  516  517 1526649400.064733
  257  516  517  517 1526649400.068696
  256  516  517  516 1526649400.073195
  257  516  516  517 1526649400.077193
  257  516  516  517 1526649400.081441
  257  517  517  516 1526649400.086320
  257  516  516  517 1526649400.090572
  257  516  517  517 1526649400.094570
  257  516  516  516 1526649400.098566
  257  516  517  516 1526649400.102567
  257  517  516  516 1526649400.106565
  257  517  517  516 1526649400.110945
  257  516  517  516 1526649400.115691
  257  516  517  517 1526649400.120178
  256  516  517  517 1526649400.124194
  257  517  517  517 1526649400.128191
  257  516  516  517 1526649400.132441
  257  516  516  516 1526649400.136316
  257  516  517  517 1526649400.140566
  257  516  516  516 1526649400.145651
  257  516  516  516 1526649400.149572
  257  516  516  517 1526649400.153939
  257  516  516  517 1526649400.157944
  257  516  516  517 1526649400.162197
  257  517  517  516 1526649400.166194
  257  516  516  516 1526649400.170691
  257  516  516  517 1526649400.174685
  258  516  516  516 1526649400.179814
  257  516  516  517 1526649400.184189
  257  517  516  516 1526649400.188188
  257  516  516  516 1526649400.192809
  257  516  516  517 1526649400.196687
  257  516  516  517 1526649400.200934
  257  516  516  516 1526649400.204813
  257  516  516  517 1526649400.209310
  257  517  516  516 1526649400.213191
  257  516  516  517 1526649400.217189
  257  516  516  517 1526649400.221563
  256  516  516  516 1526649400.225562
  257  516  517  517 1526649400.229938
  257  516  516  517 1526649400.233809
  256  516  516  517 1526649400.239060
  257  516  516  517 1526649400.242941
  257  516  516  516 1526649400.246937
  256  516  516  517 1526649400.251315
  257  516  517  516 1526649400.255315
  258  516  516  517 1526649400.259686
  257  516  516  516 1526649400.263688
  257  516  517  516 1526649400.268938
  257  516  517  517 1526649400.272938
  257  516  516  517 1526649400.276935
  257  517  517  517 1526649400.280938
  257  516  517  517 1526649400.284937
  257  517  517  516 1526649400.289308
  257  516  517  516 1526649400.293313
  257  516  516  517 1526649400.298189
  257  516  516  517 1526649400.302683
  257  516  516  516 1526649400.306746
  257  516  517  516 1526649400.311060
  257  516  516  516 1526649400.314934
  257  516  516  516 1526649400.319185
  257  517  517  516 1526649400.323183
  257  516  516  517 1526649400.328308
  257  516  517  517 1526649400.332686
  257  517  516  516 1526649400.336743
  257  516  516  517 1526649400.341062
  257  516  516  517 1526649400.344927
  256  516  516  517 1526649400.348807
  257  516  516  517 1526649400.353053
  257  517  516  517 1526649400.358077
  257  517  516  516 1526649400.361928
  257  516  516  517 1526649400.365935
  257  516  516  517 1526649400.370183
  257  516  516  516 1526649400.374183
  257  516  516  517 1526649400.378183
  257  516  517  517 1526649400.382060
  257  517  517  516 1526649400.385956
  257  516  516  517 1526649400.390811
  256  516  517  516 1526649400.394810
  257  516  516  516 1526649400.398806
  257  516  516  517 1526649400.403307
  256  516  517  516 1526649400.407311
  257  516  516  516 1526649400.411683
  257  517  517  517 1526649400.415680
  257  516  517  517 1526649400.420804
  257  516  516  517 1526649400.424808
  257  516  517  517 1526649400.428807
  257  516  516  517 1526649400.432805
  257  516  516  516 1526649400.436809
  257  516  517  517 1526649400.441182
  257  516  517  516 1526649400.445059
  257  516  516  516 1526649400.450496
  257  517  517  516 1526649400.454436
  256  516  516  517 1526649400.458434
  257  517  517  517 1526649400.462558
  257  517  517  517 1526649400.466558
  257  516  516  517 1526649400.470675
  257  516  517  516 1526649400.474678
  257  516  516  517 1526649400.479810
  257  517  516  517 1526649400.484055
  257  516  516  517 1526649400.488056
  257  516  516  516 1526649400.492493
  257  516  516  517 1526649400.496422
  257  516  516  517 1526649400.500298
  257  516  516  517 1526649400.504797
  257  516  516  517 1526649400.509809
  257  516  517  516 1526649400.514047
  257  516  516  517 1526649400.518057
  257  516  516  516 1526649400.522429
  257  516  516  516 1526649400.526432
  257  517  516  516 1526649400.530428
  257  516  516  517 1526649400.534926
  257  517  517  516 1526649400.539923
  257  516  516  517 1526649400.543802
  257  516  517  517 1526649400.547801
  257  516  517  516 1526649400.552178
  257  516  516  516 1526649400.556176
  257  517  517  517 1526649400.560176
  257  516  516  517 1526649400.564679
  257  516  517  516 1526649400.568673
  257  516  517  516 1526649400.573803
  257  516  516  517 1526649400.577927
  256  516  517  516 1526649400.582334
  257  516  517  517 1526649400.586167
  257  516  517  516 1526649400.590042
  257  517  517  516 1526649400.593916
  257  516  516  516 1526649400.597981
  257  516  517  517 1526649400.603170
  257  517  517  516 1526649400.607041
  257  516  516  517 1526649400.610921
  257  516  517  517 1526649400.615170
  257  516  516  517 1526649400.619054
  257  516  516  517 1526649400.623298
  257  516  517  516 1526649400.627302
  257  516  517  517 1526649400.632682
  257  516  516  516 1526649400.636672
  257  516  516  516 1526649400.640749
  257  516  516  517 1526649400.644673
  256  516  516  517 1526649400.648674
  256  516  516  517 1526649400.653052
  256  516  516  516 1526649400.657048
  257  516  516  516 1526649400.662733
  257  517  517  517 1526649400.666671
  257  516  516  516 1526649400.670673
  256  516  516  516 1526649400.675054
  257  516  516  517 1526649400.679041
  256  516  516  516 1526649400.683334
  257  516  517  517 1526649400.687167
  257  516  517  516 1526649400.692168
  257  516  516  517 1526649400.696541
  257  517  516  516 1526649400.700548
  257  516  516  517 1526649400.704925
  257  516  517  517 1526649400.708925
  257  516  517  517 1526649400.713350
  257  517  517  516 1526649400.717293
  257  516  517  516 1526649400.722301
  257  516  517  517 1526649400.726677
  257  517  517  517 1526649400.730546
  257  516  516  517 1526649400.734799
  256  516  517  516 1526649400.738796
  257  516  516  517 1526649400.742792
  257  517  516  517 1526649400.747296
  256  516  516  517 1526649400.751292
  257  516  516  517 1526649400.756169
  257  517  517  517 1526649400.760176
  257  517  517  517 1526649400.764674
  257  516  517  516 1526649400.768670
  256  516  517  517 1526649400.772671
  257  517  517  516 1526649400.777045
  257  516  517  516 1526649400.781042
  257  516  517  516 1526649400.786167
  257  516  517  516 1526649400.790170
  257  516  517  517 1526649400.794671
  257  516  516  516 1526649400.798668
  257  516  516  516 1526649400.802666
  257  516  517  517 1526649400.806545
  257  516  516  516 1526649400.810569
  257  516  517  517 1526649400.815670
  257  516  516  516 1526649400.819668
  256  516  516  516 1526649400.824245
  257  517  517  516 1526649400.828074
  256  516  516  516 1526649400.832039
  257  516  516  517 1526649400.836416
  257  516  516  517 1526649400.840291
  257  516  516  517 1526649400.845912
  257  516  517  516 1526649400.849919
  257  516  517  517 1526649400.853915
  257  516  516  516 1526649400.858420
  257  516  517  516 1526649400.862420
  257  516  517  516 1526649400.866917
  256  516  516  517 1526649400.870912
  257  517  517  517 1526649400.876165
  257  517  517  516 1526649400.880042
  257  516  516  516 1526649400.884042
  257  516  516  516 1526649400.888539
  257  516  516  517 1526649400.892542
  257  516  517  517 1526649400.897042
  258  516  516  517 1526649400.901086
  258  516  516  517 1526649400.906163
  257  516  516  516 1526649400.910166
  257  516  516  517 1526649400.914166
  256  516  516  516 1526649400.918543
  257  516  516  517 1526649400.922540
  257  516  517  516 1526649400.926790
  257  516  516  517 1526649400.930671
  257  516  517  516 1526649400.936043
  257  516  516  517 1526649400.940041
  257  516  516  517 1526649400.944036
  257  517  517  517 1526649400.947912
  256  516  516  516 1526649400.951918
  257  516  517  517 1526649400.956285
  257  516  516  517 1526649400.960288
  257  517  516  517 1526649400.965285
  256  516  516  516 1526649400.969789
  257  516  517  516 1526649400.973789
  257  517  517  516 1526649400.978286
  257  516  517  517 1526649400.982282
  257  517  517  517 1526649400.986543
  256  516  516  516 1526649400.990406
  257  516  516  517 1526649400.995406
  256  516  516  516 1526649401.000035
  257  516  517  516 1526649401.004035
  256  516  517  517 1526649401.008412
  256  516  516  516 1526649401.012414
  257  516  517  517 1526649401.016781
  257  517  517  517 1526649401.020786
  257  517  517  517 1526649401.025676
  257  516  517  516 1526649401.030038
  257  516  517  516 1526649401.034034
  257  516  516  517 1526649401.038537
  257  516  516  517 1526649401.042540
  257  516  516  517 1526649401.046917
  257  516  517  516 1526649401.050911
  257  516  517  517 1526649401.055788
  257  516  516  517 1526649401.060163
  257  516  517  516 1526649401.064162
  257  516  516  516 1526649401.068410
  257  517  516  516 1526649401.072408
  257  516  517  516 1526649401.076281
  257  517  517  517 1526649401.080539
  256  516  516  517 1526649401.085549
  257  516  516  517 1526649401.089538
  257  516  517  517 1526649401.093533
  257  516  516  516 1526649401.097780
  257  516  516  517 1526649401.101782
  257  516  516  517 1526649401.105783
  257  516  517  517 1526649401.109783
  257  516  516  517 1526649401.114779
  257  516  516  517 1526649401.119156
  257  516  516  516 1526649401.123030
  257  516  516  517 1526649401.126909
  257  516  517  516 1526649401.131276
  257  516  517  516 1526649401.135150
  256  516  516  516 1526649401.139402
  257  516  517  517 1526649401.143283
  257  517  516  516 1526649401.148154
  257  516  516  517 1526649401.152154
  257  516  516  517 1526649401.156156
  256  516  516  517 1526649401.160409
  257  516  517  516 1526649401.164407
  257  516  517  516 1526649401.168709
  257  516  516  516 1526649401.172670
  257  516  517  516 1526649401.177668
  257  516  516  516 1526649401.182159
  257  516  516  517 1526649401.186159
  257  516  516  517 1526649401.190676
  256  516  516  516 1526649401.194672
  257  516  517  517 1526649401.198902
  257  516  516  517 1526649401.202903
  257  516  516  516 1526649401.208030
  257  516  516  517 1526649401.212578
  257  516  516  516 1526649401.216536
  256  516  517  516 1526649401.221031
  257  516  516  516 1526649401.225028
  257  516  516  516 1526649401.229280
  257  516  517  517 1526649401.233276
  257  516  516  517 1526649401.238277
  257  516  517  517 1526649401.242782
  257  516  517  516 1526649401.246778
  257  517  517  516 1526649401.251150
  257  516  516  517 1526649401.255156
  257  516  517  516 1526649401.259526
  257  516  516  517 1526649401.263697
  257  516  516  517 1526649401.268682
  256  516  516  516 1526649401.272904
  257  516  516  516 1526649401.276899
  257  517  517  516 1526649401.281435
  257  516  516  516 1526649401.285396
  257  516  517  516 1526649401.289886
  257  516  517  517 1526649401.293899
  256  516  517  516 1526649401.298896
  257  516  517  516 1526649401.303281
  256  516  517  516 1526649401.307275
  257  516  517  516 1526649401.311678
  256  516  516  516 1526649401.315672
  257  517  517  516 1526649401.324027
  257  516  516  516 1526649401.329275
  257  516  516  516 1526649401.333529
  257  516  516  517 1526649401.337530
  257  517  517  517 1526649401.341673
  257  516  516  516 1526649401.345676
  256  516  516  517 1526649401.349667
  257  516  517  517 1526649401.354021
  257  516  516  517 1526649401.358274
  257  516  517  516 1526649401.363776
  257  516  517  517 1526649401.367776
  257  516  516  517 1526649401.372266
  257  516  516  516 1526649401.376143
  258  516  516  516 1526649401.380145
  257  516  516  517 1526649401.384523
  257  517  516  517 1526649401.389526
  257  516  516  516 1526649401.393390
  257  516  516  516 1526649401.397267
  256  516  516  516 1526649401.401390
  257  516  516  516 1526649401.405309
  256  516  516  516 1526649401.409149
  257  516  516  517 1526649401.413401
  257  516  516  516 1526649401.418404
  257  516  516  517 1526649401.422777
  257  516  516  516 1526649401.426772
  257  516  516  517 1526649401.430773
  257  516  516  517 1526649401.434768
  257  517  517  517 1526649401.438775
  257  516  516  516 1526649401.442773
  257  517  516  517 1526649401.446807
  257  516  516  516 1526649401.451399
  257  516  516  517 1526649401.455396
  257  516  516  517 1526649401.459399
  257  516  517  517 1526649401.463396
  257  516  516  517 1526649401.467396
  257  516  517  517 1526649401.471393
  257  516  517  517 1526649401.475395
  257  516  516  516 1526649401.480398
  257  517  517  516 1526649401.484395
  257  516  516  516 1526649401.488398
  257  516  517  517 1526649401.492265
  257  516  516  517 1526649401.496143
  257  516  516  516 1526649401.500014
  257  516  516  517 1526649401.504140
  257  516  517  517 1526649401.508019
  256  516  517  517 1526649401.512386
  257  516  517  516 1526649401.516271
  257  517  517  517 1526649401.520136
  257  516  516  517 1526649401.524022
  257  516  516  516 1526649401.528020
  257  516  516  516 1526649401.531889
  257  516  516  517 1526649401.535761
  257  516  516  517 1526649401.540671
  257  517  517  516 1526649401.544662
  257  516  516  516 1526649401.548664
  257  517  516  516 1526649401.552676
  256  516  517  516 1526649401.557139
  257  516  516  516 1526649401.561009
  257  516  516  517 1526649401.565138
  257  516  516  516 1526649401.569517
  257  516  516  517 1526649401.573669
  257  516  517  517 1526649401.578016
  257  516  516  516 1526649401.581890
  257  516  517  516 1526649401.586417
  257  516  516  516 1526649401.590260
  257  516  516  516 1526649401.594137
  257  516  516  516 1526649401.598655
  257  516  517  517 1526649401.603509
  257  516  516  517 1526649401.607666
  257  516  516  516 1526649401.611507
  257  517  516  517 1526649401.615508
  257  516  516  516 1526649401.619516
  257  516  517  517 1526649401.623508
  257  517  517  517 1526649401.627660
  257  516  516  517 1526649401.632773
  257  516  516  517 1526649401.637281
  257  516  516  517 1526649401.641259
  257  516  517  517 1526649401.645133
  257  516  516  516 1526649401.649391
  257  516  516  517 1526649401.653258
  257  516  517  517 1526649401.657603
  257  516  516  517 1526649401.661513
  257  516  516  516 1526649401.666658
  257  516  517  516 1526649401.670889
  257  516  516  517 1526649401.674884
  257  516  516  516 1526649401.679265
  257  516  517  516 1526649401.683256
  257  516  516  516 1526649401.687142
  257  516  516  516 1526649401.691389
  257  516  517  516 1526649401.699758
  257  516  517  516 1526649401.703658
  257  516  516  517 1526649401.707525
  257  516  517  517 1526649401.711888
  257  517  517  516 1526649401.715886
  257  516  516  517 1526649401.720511
  256  516  516  516 1526649401.725379
  257  516  516  516 1526649401.729520
  257  517  517  516 1526649401.733380
  257  516  516  516 1526649401.737391
  257  517  517  517 1526649401.741878
  257  516  516  517 1526649401.745754
  257  516  516  517 1526649401.749879
  257  516  517  517 1526649401.755004
  257  516  516  516 1526649401.759555
  257  516  517  516 1526649401.763379
  257  516  516  517 1526649401.767265
  257  516  517  517 1526649401.771377
  257  516  516  516 1526649401.775253
  257  516  517  517 1526649401.779507
  257  517  517  517 1526649401.784710
  257  516  517  517 1526649401.788753
  257  516  516  516 1526649401.793129
  257  516  516  516 1526649401.797002
  257  516  516  517 1526649401.801251
  257  516  516  516 1526649401.805127
  257  516  517  517 1526649401.809689
  257  516  517  517 1526649401.813506
  257  516  516  517 1526649401.818501
  257  516  516  517 1526649401.823000
  257  516  516  517 1526649401.826876
  257  517  516  516 1526649401.831005
  257  516  516  517 1526649401.834999
  256  516  516  517 1526649401.838881
  257  516  517  516 1526649401.843381
  257  517  517  517 1526649401.848375
  257  516  516  517 1526649401.852251
  257  517  517  517 1526649401.856128
  257  516  516  516 1526649401.860378
  256  516  516  516 1526649401.864375
  257  516  516  517 1526649401.868382
  257  516  516  517 1526649401.872319
  257  516  517  517 1526649401.877374
  257  516  516  517 1526649401.881653
  257  517  516  516 1526649401.885511
  257  517  516  517 1526649401.889373
  257  516  517  517 1526649401.893652
  257  517  517  516 1526649401.897500
  257  516  517  517 1526649401.901649
  258  516  517  517 1526649401.906748
  257  516  517  516 1526649401.910878
  257  516  517  516 1526649401.914754
  257  516  516  516 1526649401.918757
  257  516  516  516 1526649401.923011
  256  516  516  517 1526649401.927005
  257  516  516  516 1526649401.931250
  257  517  517  516 1526649401.936254
  257  516  517  516 1526649401.940254
  257  516  516  517 1526649401.944660
  257  516  516  517 1526649401.948655
  257  516  516  517 1526649401.953130
  257  516  517  517 1526649401.957003
  257  517  517  517 1526649401.961313
  257  517  517  516 1526649401.966259
  257  516  516  516 1526649401.970256
  257  516  516  517 1526649401.974653
  257  517  517  516 1526649401.978654
  257  516  517  517 1526649401.983128
  257  516  517  516 1526649401.987131
  257  516  517  516 1526649401.991500
  257  516  517  516 1526649401.996680
  257  516  517  516 1526649402.000645
  257  516  517  516 1526649402.004878
  257  516  517  517 1526649402.008879
  257  516  516  516 1526649402.013246
  257  516  517  517 1526649402.017121
  257  516  516  517 1526649402.020997
  257  516  517  517 1526649402.025251
  257  516  516  516 1526649402.029246
  257  516  516  517 1526649402.033660
  257  517  516  517 1526649402.037657
  257  516  517  516 1526649402.041997
  256  516  516  517 1526649402.049876
  257  516  516  517 1526649402.054001
  257  516  516  516 1526649402.059130
  257  516  516  516 1526649402.063379
  257  516  516  517 1526649402.067378
  257  516  516  517 1526649402.071375
  257  516  516  516 1526649402.075872
  257  516  516  517 1526649402.079873
  257  516  516  517 1526649402.084250
  257  516  516  517 1526649402.089376
  257  516  516  517 1526649402.093750
  257  516  517  516 1526649402.097748
  257  517  517  516 1526649402.101749
  257  516  517  517 1526649402.106124
  257  516  517  517 1526649402.110124
  257  517  516  517 1526649402.114558
  257  516  516  516 1526649402.119653
  257  516  516  516 1526649402.123998
  257  516  517  516 1526649402.127997
  257  516  516  517 1526649402.131999
  257  516  516  517 1526649402.136370
  257  517  516  516 1526649402.140250
  257  516  516  517 1526649402.144791
  256  516  516  516 1526649402.149745
  256  516  517  516 1526649402.153997
  257  517  517  517 1526649402.157999
  257  516  517  517 1526649402.161995
  257  517  516  516 1526649402.166366
  257  517  517  516 1526649402.170244
  257  516  517  517 1526649402.174492
  257  517  516  516 1526649402.179369
  257  517  517  516 1526649402.183665
  257  516  516  517 1526649402.187623
  257  516  516  516 1526649402.191873
  257  516  516  517 1526649402.195747
  257  517  517  517 1526649402.199748
  257  516  516  517 1526649402.203748
  257  516  516  517 1526649402.208697
  257  516  517  517 1526649402.212995
  257  516  516  516 1526649402.216868
  257  516  516  517 1526649402.221335
  257  516  516  517 1526649402.225249
  257  517  517  517 1526649402.229251
  257  516  516  516 1526649402.233498
  257  516  516  516 1526649402.237494
  257  516  516  517 1526649402.242871
  257  516  516  517 1526649402.246747
  257  516  516  517 1526649402.250743
  257  516  517  516 1526649402.255120
  257  516  516  516 1526649402.259120
  257  516  516  517 1526649402.263493
  257  516  517  516 1526649402.267494
  257  517  517  517 1526649402.272125
  256  516  516  517 1526649402.276122
  257  516  516  517 1526649402.280123
  257  516  516  517 1526649402.284115
  258  516  516  517 1526649402.288123
  257  516  517  516 1526649402.292518
  257  516  516  516 1526649402.296493
  257  516  516  516 1526649402.302013
  257  516  517  517 1526649402.305990
  257  516  517  517 1526649402.309995
  257  516  517  517 1526649402.314244
  257  516  517  516 1526649402.322490
  256  516  516  516 1526649402.326489
  257  516  516  516 1526649402.331492
  257  516  516  516 1526649402.335741
  258  517  517  516 1526649402.339620
  257  516  516  517 1526649402.343986
  257  516  516  516 1526649402.347861
  257  517  517  516 1526649402.351735
  257  517  517  516 1526649402.356109
  257  517  517  516 1526649402.361127
  256  516  517  517 1526649402.365244
  257  516  516  517 1526649402.369363
  257  516  516  517 1526649402.373743
  257  516  516  516 1526649402.377740
  257  516  516  517 1526649402.381740
  256  516  516  516 1526649402.385742
  257  516  517  517 1526649402.389740
  257  516  516  517 1526649402.394490
  257  517  517  516 1526649402.398420
  257  516  516  516 1526649402.402370
  257  516  516  517 1526649402.406757
  257  516  516  517 1526649402.410742
  258  516  516  517 1526649402.414992
  257  516  516  516 1526649402.419023
  256  516  516  516 1526649402.424241
  256  517  517  517 1526649402.428241
  257  517  517  517 1526649402.432240
  257  517  517  517 1526649402.436113
  256  516  516  516 1526649402.440113
  257  516  516  516 1526649402.444487
  257  517  517  517 1526649402.448360
  257  517  517  517 1526649402.453364
  257  516  517  516 1526649402.457866
  257  516  516  517 1526649402.461740
  257  516  516  517 1526649402.466242
  257  516  517  516 1526649402.470109
  257  516  517  517 1526649402.474523
  256  516  516  517 1526649402.478487
  257  516  517  516 1526649402.483489
  257  516  517  517 1526649402.487739
  257  516  517  517 1526649402.491741
  257  516  517  517 1526649402.496113
  257  517  517  517 1526649402.500105
  257  516  516  517 1526649402.503979
  257  516  517  517 1526649402.508230
  257  517  517  517 1526649402.513222
  257  516  517  517 1526649402.517359
  257  516  516  517 1526649402.521361
  257  516  517  517 1526649402.525611
  257  516  517  516 1526649402.529616
  257  516  516  516 1526649402.533995
  257  516  516  516 1526649402.538363
  257  516  516  517 1526649402.542232
  257  517  516  516 1526649402.546364
  257  516  516  517 1526649402.550355
  257  517  517  517 1526649402.554225
