  132  516  517  517 1526649022.236777
  132  517  516  517 1526649022.240775
  133  517  516  516 1526649022.244650
  132  516  517  516 1526649022.249031
  132  516  516  517 1526649022.253030
  132  516  516  517 1526649022.257029
  132  517  517  516 1526649022.261143
  133  517  516  516 1526649022.266029
  132  517  516  516 1526649022.270027
  132  517  516  517 1526649022.274033
  132  516  516  516 1526649022.277901
  132  517  516  516 1526649022.281909
  132  516  516  517 1526649022.285905
  132  517  516  516 1526649022.289908
  132  517  516  516 1526649022.293909
  132  517  516  516 1526649022.298777
  133  516  517  516 1526649022.302777
  132  516  516  517 1526649022.306780
  132  516  516  517 1526649022.310782
  132  517  517  516 1526649022.314780
  132  517  516  516 1526649022.318915
  133  516  517  516 1526649022.322904
  132  517  516  517 1526649022.326900
  132  516  517  516 1526649022.330906
  132  516  516  517 1526649022.334905
  132  516  517  517 1526649022.338903
  132  517  516  516 1526649022.342902
  132  517  517  517 1526649022.346903
  133  516  517  516 1526649022.350902
  132  517  517  517 1526649022.354903
  133  516  516  516 1526649022.359901
  132  517  516  516 1526649022.363900
  132  517  516  516 1526649022.367900
  132  517  516  516 1526649022.371899
  132  517  516  516 1526649022.375770
  132  517  516  516 1526649022.379656
  132  517  516  517 1526649022.383520
  132  517  517  516 1526649022.387663
  132  517  517  516 1526649022.392546
  132  516  516  517 1526649022.396400
  132  516  516  517 1526649022.400270
  132  516  517  517 1526649022.404280
  132  517  516  517 1526649022.408150
  132  517  517  516 1526649022.412019
  132  516  516  516 1526649022.415905
  132  517  516  516 1526649022.420900
  133  516  516  517 1526649022.424902
  132  517  516  516 1526649022.428904
  132  516  516  517 1526649022.432899
  132  517  516  517 1526649022.437034
  132  517  516  516 1526649022.441654
  132  517  516  516 1526649022.445520
  132  517  517  517 1526649022.450802
  132  517  517  517 1526649022.454766
  132  517  516  516 1526649022.459019
  132  516  516  516 1526649022.462898
  132  517  517  517 1526649022.466890
  132  517  517  516 1526649022.470901
  132  517  516  516 1526649022.474897
  132  517  516  516 1526649022.479157
  133  517  516  516 1526649022.484265
  132  516  516  517 1526649022.488694
  132  516  517  517 1526649022.492522
  132  517  517  517 1526649022.496397
  132  516  516  517 1526649022.500896
  133  517  517  516 1526649022.504765
  132  517  517  516 1526649022.509020
  132  516  516  516 1526649022.514022
  133  517  517  516 1526649022.517893
  132  516  517  517 1526649022.522142
  133  517  516  517 1526649022.526014
  133  517  517  517 1526649022.530146
  132  517  516  516 1526649022.534026
  132  516  516  517 1526649022.537888
  132  517  517  516 1526649022.542019
  132  517  517  517 1526649022.547016
  133  516  517  517 1526649022.551394
  132  516  517  517 1526649022.555263
  132  516  516  516 1526649022.559655
  132  516  516  517 1526649022.563654
  132  517  517  516 1526649022.567512
  132  517  516  517 1526649022.572942
  132  517  517  517 1526649022.576886
  121   40   40   37 1526649022.581265
  133  516  516  516 1526649022.585141
  132  516  516  517 1526649022.589022
  132  517  517  517 1526649022.593274
  132  517  517  517 1526649022.597146
  132  517  517  516 1526649022.601394
  132  516  516  517 1526649022.606510
  132  517  516  516 1526649022.610762
  132  517  516  516 1526649022.614665
  132  516  516  517 1526649022.618518
  132  517  516  516 1526649022.622517
  132  517  516  517 1526649022.626384
  132  517  517  517 1526649022.630660
  132  517  516  516 1526649022.635654
  132  517  516  516 1526649022.639508
  132  517  516  517 1526649022.643764
  132  517  516  516 1526649022.647761
  132  517  517  516 1526649022.652008
  132  517  516  516 1526649022.655884
  132  516  517  516 1526649022.659891
  132  517  517  517 1526649022.665349
  132  517  516  516 1526649022.669148
  132  517  516  516 1526649022.673011
  132  517  516  516 1526649022.676883
  132  517  516  516 1526649022.681260
  132  516  516  517 1526649022.685134
  133  516  517  517 1526649022.689007
  132  517  516  516 1526649022.693264
  132  517  516  516 1526649022.697390
  132  517  516  517 1526649022.701763
  132  516  516  517 1526649022.705767
  133  516  516  516 1526649022.709653
  132  517  516  516 1526649022.713655
  132  517  516  516 1526649022.717647
  132  517  516  516 1526649022.721759
  132  517  516  517 1526649022.726769
  132  517  516  516 1526649022.730654
  132  517  516  516 1526649022.734891
  132  517  516  517 1526649022.738891
  133  517  516  517 1526649022.743141
  132  516  516  517 1526649022.747005
  132  516  517  517 1526649022.750881
  132  517  517  516 1526649022.756343
  132  517  517  516 1526649022.760146
  132  516  516  517 1526649022.764142
  132  517  516  517 1526649022.768006
  132  517  516  516 1526649022.772259
  132  516  516  516 1526649022.776129
  132  517  516  517 1526649022.780017
  133  517  516  516 1526649022.784264
  133  516  517  517 1526649022.788755
  132  517  517  516 1526649022.792888
  132  517  516  517 1526649022.796887
  132  517  516  516 1526649022.800886
  133  517  517  516 1526649022.804890
  132  516  516  516 1526649022.808890
  133  516  517  517 1526649022.813014
  132  516  516  517 1526649022.818136
  132  516  516  516 1526649022.823383
  132  516  516  517 1526649022.827391
  132  516  516  516 1526649022.831377
  132  517  517  517 1526649022.835377
  132  517  516  517 1526649022.839256
  132  517  517  517 1526649022.843508
  132  517  516  517 1526649022.848503
  132  517  516  517 1526649022.852910
  132  517  517  516 1526649022.856888
  132  516  516  516 1526649022.860878
  132  516  516  517 1526649022.865132
  133  516  517  517 1526649022.869159
  132  517  516  516 1526649022.873381
  132  516  517  517 1526649022.878382
  132  517  516  517 1526649022.882384
  132  517  517  517 1526649022.886761
  132  517  516  517 1526649022.890759
  132  516  516  517 1526649022.895135
  132  517  516  517 1526649022.899134
  132  516  516  516 1526649022.903051
  132  517  516  517 1526649022.908328
  132  517  516  517 1526649022.912257
  132  517  516  516 1526649022.916261
  133  516  516  517 1526649022.920258
  132  517  517  517 1526649022.924133
  132  517  517  516 1526649022.928011
  132  516  516  517 1526649022.932010
  132  516  516  516 1526649022.936008
  132  516  516  516 1526649022.940385
  132  517  516  517 1526649022.944383
  132  517  516  516 1526649022.948378
  132  517  516  516 1526649022.952251
  133  517  516  516 1526649022.956251
  132  516  516  516 1526649022.960126
  132  516  516  516 1526649022.964000
  132  516  516  516 1526649022.969063
  132  516  517  517 1526649022.972875
  132  517  516  516 1526649022.976875
  132  517  516  516 1526649022.980754
  132  516  516  517 1526649022.984648
  132  516  516  516 1526649022.988500
  132  517  517  516 1526649022.992385
  132  516  516  516 1526649022.996258
  132  516  516  517 1526649023.001328
  132  516  516  517 1526649023.005255
  132  517  517  517 1526649023.009256
  132  517  517  517 1526649023.013256
  132  517  517  517 1526649023.017746
  132  517  517  516 1526649023.021621
  133  516  516  516 1526649023.025905
  132  517  516  516 1526649023.030748
  133  517  517  517 1526649023.034903
  132  517  516  516 1526649023.038871
  132  516  516  517 1526649023.042756
  132  516  516  517 1526649023.046877
  132  517  517  516 1526649023.050879
  132  517  517  516 1526649023.055309
  132  517  516  516 1526649023.059129
  132  517  516  516 1526649023.063254
  132  517  516  516 1526649023.067257
   30   40   38   33 1526649023.071132
  132  516  516  517 1526649023.075670
  132  517  516  517 1526649023.079652
  132  517  516  516 1526649023.083504
  132  517  516  516 1526649023.087369
  132  517  516  516 1526649023.092370
  132  517  517  516 1526649023.096751
  132  516  516  517 1526649023.100747
  132  516  516  517 1526649023.104653
  133  517  516  517 1526649023.109128
  132  516  516  516 1526649023.112992
  132  517  516  516 1526649023.117243
  132  517  517  516 1526649023.122271
  133  516  517  517 1526649023.126492
  132  516  517  517 1526649023.130368
  132  517  516  516 1526649023.134374
  132  517  516  516 1526649023.138867
  132  517  517  517 1526649023.142743
  132  517  516  516 1526649023.147003
  132  517  516  516 1526649023.150889
  132  517  516  517 1526649023.155984
  132  516  516  517 1526649023.159991
  132  516  516  516 1526649023.163866
  132  517  517  517 1526649023.168249
  132  517  516  517 1526649023.172251
  132  517  516  516 1526649023.176658
  132  516  516  517 1526649023.180498
  132  516  516  516 1526649023.185492
  133  516  517  516 1526649023.189875
  133  517  516  517 1526649023.193748
  132  516  516  517 1526649023.197994
  132  517  517  516 1526649023.201867
  132  516  517  517 1526649023.205749
  132  517  516  516 1526649023.210033
  132  516  516  516 1526649023.214999
  132  517  517  516 1526649023.218874
  132  516  516  516 1526649023.222748
  133  516  517  516 1526649023.227115
  132  517  516  516 1526649023.230990
  133  517  516  516 1526649023.234874
  133  517  516  517 1526649023.238870
  132  517  517  516 1526649023.242745
  132  516  516  517 1526649023.248119
  132  517  517  517 1526649023.251989
  132  517  517  516 1526649023.255989
  132  517  517  516 1526649023.260489
  132  517  517  516 1526649023.264376
  133  517  516  516 1526649023.268489
  132  516  517  516 1526649023.272369
  132  517  516  516 1526649023.276621
  132  516  517  517 1526649023.280998
  132  517  516  516 1526649023.284863
  132  516  516  516 1526649023.289000
  132  516  516  516 1526649023.292863
  132  517  516  516 1526649023.296739
  133  516  517  517 1526649023.301368
  132  517  516  516 1526649023.306363
  132  517  517  517 1526649023.310246
  132  517  517  516 1526649023.314668
  132  517  517  517 1526649023.318992
  132  517  516  517 1526649023.322875
  132  516  516  516 1526649023.326741
  132  517  516  516 1526649023.331235
  133  517  517  516 1526649023.335111
  132  517  516  516 1526649023.339241
