  231  517  517  517 1526649706.619251
  231  517  516  516 1526649706.623248
  231  516  516  517 1526649706.627247
  231  517  517  517 1526649706.631757
  231  517  517  517 1526649706.635755
  231  517  517  516 1526649706.640250
  231  516  517  517 1526649706.644129
  231  517  517  516 1526649706.648751
  231  517  517  516 1526649706.652754
  231  516  516  517 1526649706.656754
  231  517  517  516 1526649706.661130
  231  517  517  517 1526649706.665131
  231  517  517  516 1526649706.669257
  231  517  516  516 1526649706.673254
  231  517  517  516 1526649706.677256
  231  517  517  517 1526649706.682648
  231  517  517  516 1526649706.686642
  231  517  517  517 1526649706.690653
  231  517  516  517 1526649706.694662
  231  517  516  516 1526649706.698878
  231  516  517  517 1526649706.702876
  231  516  516  517 1526649706.706880
  231  517  517  517 1526649706.710876
  231  516  517  517 1526649706.715754
  231  517  517  516 1526649706.719752
  231  516  516  517 1526649706.723772
  231  517  516  516 1526649706.727755
  231  517  516  516 1526649706.731755
  231  517  516  517 1526649706.735752
  231  516  517  517 1526649706.739751
  231  517  517  516 1526649706.744752
  231  517  517  517 1526649706.748747
  231  517  517  517 1526649706.752752
  231  516  517  516 1526649706.756648
  231  517  517  517 1526649706.760754
  231  516  517  517 1526649706.764751
  231  516  517  516 1526649706.768860
  231  517  517  517 1526649706.773906
  231  517  517  517 1526649706.777746
  231  516  516  516 1526649706.781751
  231  517  517  517 1526649706.785746
  231  517  517  517 1526649706.789747
  231  517  517  517 1526649706.793749
  231  517  517  517 1526649706.797751
  231  517  517  516 1526649706.801750
  232  517  517  516 1526649706.806124
  231  517  517  516 1526649706.810128
  231  517  516  517 1526649706.814126
  232  517  516  516 1526649706.818125
  231  516  517  517 1526649706.822125
  231  517  517  517 1526649706.825997
  231  517  517  517 1526649706.829873
  231  517  517  517 1526649706.834745
  231  517  516  517 1526649706.838750
  231  517  517  517 1526649706.842754
  231  517  517  516 1526649706.846752
  231  516  516  517 1526649706.850621
  231  517  516  516 1526649706.854646
  231  516  517  517 1526649706.858622
  231  517  517  517 1526649706.862623
  232  517  517  516 1526649706.866651
  231  517  517  516 1526649706.870491
  231  516  516  516 1526649706.874378
  231  517  516  517 1526649706.878367
  231  516  517  517 1526649706.882241
  231  517  517  516 1526649706.886117
  232  517  517  516 1526649706.889992
  231  517  517  517 1526649706.893869
  232  516  516  517 1526649706.898990
  233  517  517  517 1526649706.902863
  231  517  517  517 1526649706.906740
  231  516  517  516 1526649706.910618
  231  517  516  516 1526649706.914490
  232  516  516  517 1526649706.918367
  231  516  517  517 1526649706.922238
  231  517  516  517 1526649706.931121
  231  517  517  516 1526649706.935122
  232  516  517  517 1526649706.939121
  231  517  517  516 1526649706.943117
  231  516  517  516 1526649706.947119
  231  517  516  517 1526649706.951616
  231  516  517  516 1526649706.955489
  231  517  517  517 1526649706.960486
  232  517  517  517 1526649706.964360
  231  517  517  516 1526649706.968245
  231  517  517  517 1526649706.972761
  231  517  517  517 1526649706.976623
  231  516  517  517 1526649706.980490
  231  516  516  516 1526649706.984741
  231  517  517  517 1526649706.989741
  231  516  517  517 1526649706.994110
  231  517  517  516 1526649706.997997
  231  517  517  517 1526649707.001871
  231  517  517  517 1526649707.006121
  231  517  517  517 1526649707.009983
  231  516  517  517 1526649707.014116
  231  517  516  516 1526649707.019233
  231  517  517  517 1526649707.023437
  231  516  516  517 1526649707.027237
  231  517  517  516 1526649707.031235
  231  517  517  516 1526649707.035489
  231  517  516  517 1526649707.039357
  231  516  517  517 1526649707.043740
  231  517  517  517 1526649707.048737
  231  517  517  516 1526649707.052608
  231  517  517  517 1526649707.056983
  231  517  517  517 1526649707.060858
  231    0  517  517 1526649707.065108
  231  517  517  517 1526649707.069118
  231  516  517  517 1526649707.072988
  231  517  516  517 1526649707.077365
  231  517  517  517 1526649707.081356
  231  516  517  517 1526649707.085608
  231  517  517  517 1526649707.089481
  231  517  517  516 1526649707.093356
  231  517  517  517 1526649707.097857
  231  517  517  516 1526649707.101739
  233  517  517  516 1526649707.105988
  231  516  517  517 1526649707.111108
  231  517  517  517 1526649707.115356
  231  516  517  517 1526649707.119230
  231  517  517  517 1526649707.123231
  231  517  517  516 1526649707.127605
  231  517  517  516 1526649707.131613
  232  517  516  517 1526649707.135862
  232  516  517  517 1526649707.140612
  231  517  516  517 1526649707.144855
  231  517  517  517 1526649707.148742
  231  517  517  516 1526649707.152618
  231  517  516  516 1526649707.156865
  231  517  517  517 1526649707.160729
  232  517  516  517 1526649707.164985
  231  517  517  516 1526649707.168985
  231  516  516  517 1526649707.173985
  231  517  517  517 1526649707.178235
  231  517  517  517 1526649707.182110
  231  517  517  517 1526649707.186359
  231  517  517  516 1526649707.190229
  231  517  517  517 1526649707.194312
  231  517  517  517 1526649707.198487
  231  517  517  516 1526649707.202606
  231  516  517  516 1526649707.206728
  231  517  517  517 1526649707.210603
  231  517  517  517 1526649707.214602
  231  517  517  517 1526649707.218987
  231  516  517  516 1526649707.222976
  231  517  517  516 1526649707.227351
  231  517  517  516 1526649707.232235
  231  517  517  517 1526649707.236478
  231  516  517  517 1526649707.240359
  231  517  517  516 1526649707.244233
  231  517  517  516 1526649707.248728
  232  517  517  516 1526649707.252738
  231  517  517  517 1526649707.257111
  231  516  517  517 1526649707.260982
  231  516  517  517 1526649707.266482
  231  517  517  516 1526649707.270350
  231  517  517  516 1526649707.274359
  231  517  517  516 1526649707.278734
  231  517  517  516 1526649707.282615
  231  516  516  516 1526649707.286973
  231  516  517  516 1526649707.290858
  231  517  517  516 1526649707.295751
  231  517  517  516 1526649707.299612
  231  517  517  517 1526649707.303607
  231  517  516  516 1526649707.308238
  231  517  517  517 1526649707.312239
  231  516  517  516 1526649707.316604
  231  517  516  517 1526649707.320601
  232  517  517  517 1526649707.325483
  231  517  516  516 1526649707.329729
  231  516  516  516 1526649707.333748
  231  516  516  516 1526649707.338109
  231  516  516  516 1526649707.341978
  231  517  516  517 1526649707.345987
  231  516  517  516 1526649707.350232
  231  517  517  517 1526649707.355230
  231  517  517  516 1526649707.359229
  232  517  517  516 1526649707.363107
  231  517  517  516 1526649707.367486
  231  517  517  517 1526649707.371478
  231  517  517  517 1526649707.375491
  231  516  517  516 1526649707.379479
  231  517  517  517 1526649707.384491
  231  517  517  517 1526649707.388981
  231  517  517  517 1526649707.392977
  231  517  517  517 1526649707.397319
  231  517  517  516 1526649707.401232
  231  517  517  516 1526649707.405233
  231  517  517  517 1526649707.409609
  231  517  517  517 1526649707.414601
  232  517  517  516 1526649707.418856
  231  517  517  517 1526649707.422856
  231  516  516  517 1526649707.426858
  231  516  517  516 1526649707.431479
  231  517  517  516 1526649707.435478
  231  516  517  517 1526649707.439979
  231  517  517  516 1526649707.444852
  232  516  517  516 1526649707.449228
  231  517  517  517 1526649707.453228
  231  517  517  517 1526649707.457229
  231  517  517  516 1526649707.461480
  231  516  517  517 1526649707.465481
  231  517  517  516 1526649707.469855
  231  517  517  517 1526649707.474847
  231  517  517  516 1526649707.479230
  231  517  517  516 1526649707.483227
  231  517  516  517 1526649707.487224
  231  516  517  517 1526649707.491725
  231  516  517  517 1526649707.495601
  231  517  517  516 1526649707.499851
  231  517  517  516 1526649707.504881
  231  517  517  517 1526649707.509372
  231  517  517  516 1526649707.513353
  231  516  517  516 1526649707.517356
  231  517  516  516 1526649707.521351
  232  517  516  517 1526649707.525224
  231  517  517  517 1526649707.529514
  231  517  517  516 1526649707.533477
  231  516  516  516 1526649707.537980
  231  516  517  517 1526649707.542225
  231  517  517  517 1526649707.546228
  231  517  517  517 1526649707.550599
  231  517  517  516 1526649707.554475
  231  516  517  516 1526649707.558353
  231  517  517  517 1526649707.562723
  231  517  517  517 1526649707.567601
  231  517  517  516 1526649707.571597
  231  517  516  517 1526649707.575599
  231  517  516  516 1526649707.579976
  231  517  517  516 1526649707.583979
  232  517  517  516 1526649707.588222
  231  517  517  517 1526649707.592227
  231  517  517  517 1526649707.596525
  232  516  517  516 1526649707.600723
  231  517  517  517 1526649707.604724
  232  516  516  517 1526649707.608724
  233  517  516  517 1526649707.612724
  231  517  517  517 1526649707.617007
  231  517  517  517 1526649707.620841
  231  517  516  517 1526649707.624874
  231  516  516  516 1526649707.629595
  231  517  517  517 1526649707.633465
  231  517  516  517 1526649707.637717
  231  517  517  517 1526649707.641725
  231  516  517  517 1526649707.645721
  231  517  517  517 1526649707.650102
  231  517  517  516 1526649707.654098
  231  517  517  516 1526649707.659467
  232  517  517  517 1526649707.663472
  231  517  516  516 1526649707.667842
  231  517  517  517 1526649707.671846
  231  517  517  517 1526649707.675842
  231  517  517  517 1526649707.680219
  231  517  517  516 1526649707.684218
  231  517  517  516 1526649707.689345
  231  516  517  517 1526649707.693347
  231  516  516  517 1526649707.697742
  231  517  517  517 1526649707.705718
  231  517  517  516 1526649707.709719
  231  517  517  517 1526649707.713777
  231  516  517  517 1526649707.718092
  231  516  517  517 1526649707.722598
  232  517  517  517 1526649707.726599
  231  517  517  517 1526649707.730969
  231  517  517  517 1526649707.734965
  231  516  517  516 1526649707.739347
  231  517  517  516 1526649707.743343
  231  517  517  516 1526649707.747787
  231  517  517  517 1526649707.752469
  231  517  516  516 1526649707.758342
  231  516  517  517 1526649707.762218
  231  517  516  517 1526649707.766217
  231  517  517  517 1526649707.770096
  231  517  517  517 1526649707.774093
  231  517  517  516 1526649707.778464
  231  516  517  516 1526649707.782593
  231  517  516  516 1526649707.786594
  231  516  516  516 1526649707.790594
  231  517  516  517 1526649707.794594
  231  516  517  517 1526649707.799112
  231  517  517  516 1526649707.803094
  231  517  516  517 1526649707.809216
  231  516  517  516 1526649707.814093
  231  517  516  516 1526649707.818092
  231  517  517  516 1526649707.822591
  231  516  517  517 1526649707.826589
  231  516  517  517 1526649707.830963
  231  516  517  517 1526649707.834966
  231  517  517  517 1526649707.840343
  231  516  517  517 1526649707.844337
  231  516  517  517 1526649707.848340
  231  517  517  516 1526649707.852968
  232  517  517  516 1526649707.858597
  231  517  517  516 1526649707.863461
  232  517  516  516 1526649707.967957
  231  517  517  517 1526649707.971965
  231  517  517  516 1526649707.976207
  231  517  517  517 1526649707.980211
  232  516  517  516 1526649707.984241
  231  517  517  517 1526649707.988210
  231  517  517  517 1526649707.992212
  231  517  516  516 1526649707.996454
  231  516  517  517 1526649708.000945
  232  516  516  516 1526649708.004957
  232  517  517  516 1526649708.008833
  231  517  517  516 1526649708.012835
  231  517  517  516 1526649708.017211
  231  517  517  517 1526649708.021206
  231    0  517  516 1526649708.025208
  230    0    0  517 1526649708.029710
  231  517  517  516 1526649708.034711
  231  517  516  516 1526649708.038709
  231  517  516  516 1526649708.042743
  231  517  516  516 1526649708.047201
  231  516  516  517 1526649708.051243
  232  517  517  516 1526649708.055333
  231  516  517  517 1526649708.059334
  231  517  517  516 1526649708.064333
  231  516  516  517 1526649708.068835
  233  517  516  517 1526649708.072832
  231  516  516  516 1526649708.077956
  231  517  517  516 1526649708.081954
  231  516  516  516 1526649708.085823
  231  517  517  517 1526649708.090332
  231  516  516  517 1526649708.095574
  231  517  517  516 1526649708.099572
  231  517  517  517 1526649708.103448
  231  517  517  517 1526649708.107573
  231  517  517  517 1526649708.115335
  231  517  517  517 1526649708.119591
  231  516  517  517 1526649708.124454
  231  517  517  517 1526649708.128829
  232  516  517  516 1526649708.132831
  231  516  517  516 1526649708.136831
  231  517  517  516 1526649708.141080
  231  516  517  517 1526649708.145081
  231  517  517  517 1526649708.149081
  231  516  517  517 1526649708.154258
  231  517  517  516 1526649708.158203
  231  516  516  516 1526649708.162207
  232  517  516  517 1526649708.166209
  231  516  517  516 1526649708.170205
  231  516  517  517 1526649708.174203
  231  517  517  517 1526649708.178202
  231  517  516  516 1526649708.182204
  231  517  516  517 1526649708.186826
  231  516  517  516 1526649708.190834
  231  516  517  516 1526649708.194832
  231  517  517  516 1526649708.198828
  232  516  517  517 1526649708.202830
  231  517  517  517 1526649708.206826
  231  516  517  516 1526649708.210833
  231  516  516  517 1526649708.215826
  231  517  516  517 1526649708.219825
  231  516  517  517 1526649708.223828
  231  517  517  516 1526649708.227829
  231  517  517  516 1526649708.231826
  231  517  517  516 1526649708.235829
  231  517  517  517 1526649708.239826
  231  517  517  517 1526649708.243827
  231  517  517  516 1526649708.248332
  231  517  517  517 1526649708.252453
  231  517  517  517 1526649708.256454
  231  517  517  517 1526649708.260607
  231  516  517  517 1526649708.264570
  231  517  517  517 1526649708.268444
  231  517  517  517 1526649708.272445
  231  516  517  516 1526649708.277445
  231  517  517  517 1526649708.281319
  231  516  517  517 1526649708.285443
  231  517  517  517 1526649708.289583
  233  517  517  516 1526649708.293565
  231  517  517  517 1526649708.297565
  231  517  517  517 1526649708.301453
  231  516  517  516 1526649708.305315
  231  517  516  517 1526649708.309257
  231  517  517  517 1526649708.313066
  231  517  516  516 1526649708.316941
  231  517  517  517 1526649708.320816
  231  517  517  517 1526649708.324691
  231  517  517  517 1526649708.328566
  231  516  516  517 1526649708.332441
