   38  517  516  516 1526649007.560273
   39  517  516  516 1526649007.564267
   38  517  516  516 1526649007.568142
   38  517  516  517 1526649007.572667
   39  517  516  517 1526649007.576670
   38  517  516  516 1526649007.580670
   38  517  516  516 1526649007.584667
   38  517  516  517 1526649007.589524
   38  517  517  516 1526649007.593522
   38  516  516  516 1526649007.597526
   39  516  517  516 1526649007.601422
   38  517  516  516 1526649007.605397
   38  517  516  516 1526649007.609398
   38  516  516  517 1526649007.613401
   38  516  516  517 1526649007.617404
   38  517  516  516 1526649007.622407
   38  517  516  517 1526649007.626396
   39  516  516  517 1526649007.630397
   38  516  517  517 1526649007.634402
   38  516  516  517 1526649007.638397
   38  516  516  517 1526649007.642399
   38  517  517  516 1526649007.646396
   38  516  516  517 1526649007.650397
   38  517  517  517 1526649007.654671
   38  517  517  516 1526649007.658672
   38  517  516  516 1526649007.662672
   38  516  516  517 1526649007.666668
   38  516  516  516 1526649007.670665
   38  516  516  516 1526649007.674669
   38  517  516  516 1526649007.678668
   38  516  516  517 1526649007.683521
   38  517  516  516 1526649007.687521
   38  517  517  517 1526649007.691523
   38  517  516  516 1526649007.695520
   38  517  517  517 1526649007.699390
   38  517  516  516 1526649007.703265
   38  516  517  517 1526649007.707139
   38  517  516  516 1526649007.711518
   38  517  516  516 1526649007.716400
   38  517  516  516 1526649007.720266
   38  516  516  517 1526649007.724149
   38  517  517  516 1526649007.728149
   38  517  516  517 1526649007.732146
   38  516  516  516 1526649007.736012
   38  516  516  516 1526649007.739886
   38  517  516  517 1526649007.744895
   38  517  516  517 1526649007.748894
   38  516  516  517 1526649007.752892
   38  517  516  517 1526649007.756895
   38  517  516  517 1526649007.760890
   39  517  517  517 1526649007.764889
   39  517  516  517 1526649007.768760
   38  516  516  516 1526649007.773015
   38  517  517  516 1526649007.777766
   38  517  516  516 1526649007.781660
   38  517  517  517 1526649007.785885
   38  517  516  516 1526649007.789890
   38  517  516  516 1526649007.794167
   38  516  516  517 1526649007.798010
   38  517  516  516 1526649007.802027
   38  517  516  516 1526649007.807386
   38  516  516  517 1526649007.811268
   38  516  516  517 1526649007.815258
   38  516  516  517 1526649007.819258
   39  516  517  517 1526649007.823666
   38  517  516  517 1526649007.827507
   38  517  516  516 1526649007.831514
   38  517  517  516 1526649007.836688
   38  517  516  516 1526649007.840512
   38  517  516  516 1526649007.844759
   38  516  516  517 1526649007.848660
   38  517  517  516 1526649007.852656
   38  517  517  516 1526649007.857007
   38  516  516  516 1526649007.860893
   38  517  516  517 1526649007.865514
   38  516  516  517 1526649007.869764
   38  516  516  517 1526649007.874008
   38  517  517  516 1526649007.877888
   38  517  517  516 1526649007.881892
   38  517  516  516 1526649007.886005
   38  517  517  516 1526649007.889887
   38  516  516  517 1526649007.894138
   38  517  516  516 1526649007.899137
   38  516  516  517 1526649007.903005
   38  517  516  516 1526649007.907380
   38  517  516  516 1526649007.911263
   38  517  516  516 1526649007.915545
   39  516  516  516 1526649007.919390
   39  517  517  516 1526649007.923385
   38  517  517  517 1526649007.928757
   38  516  516  517 1526649007.932655
   39  517  516  516 1526649007.936509
   38  517  516  516 1526649007.940379
   39  517  517  516 1526649007.944647
   38  517  517  517 1526649007.948645
   39  517  516  516 1526649007.952503
   38  517  516  516 1526649007.956760
   38  517  517  516 1526649007.961764
   38  517  517  516 1526649007.966007
   38  516  516  516 1526649007.969760
   38  516  517  517 1526649007.973644
   29   41   39   33 1526649007.977645
   38  516  516  517 1526649007.981641
   38  516  517  516 1526649007.985773
   38  517  516  516 1526649007.990753
   38  517  516  516 1526649007.994642
   38  517  516  516 1526649007.999003
   38  517  517  516 1526649008.003013
   38  516  516  517 1526649008.007253
   38  517  516  517 1526649008.011127
   38  517  516  517 1526649008.015564
   38  516  516  517 1526649008.020508
   38  516  517  516 1526649008.024375
   38  517  516  517 1526649008.028884
   38  517  516  517 1526649008.032875
   38  516  516  516 1526649008.037255
   38  517  516  516 1526649008.041251
   38  517  516  517 1526649008.045137
   38  517  516  516 1526649008.050496
   38  516  516  516 1526649008.054377
   39  516  517  516 1526649008.058254
   39  516  516  516 1526649008.062250
   38  517  517  516 1526649008.066545
   38  516  517  517 1526649008.070378
   38  516  516  517 1526649008.074260
   38  517  516  516 1526649008.078383
   38  517  516  516 1526649008.083249
   38  517  516  516 1526649008.087381
   38  517  516  516 1526649008.091260
   38  517  516  516 1526649008.095124
   38  517  516  516 1526649008.099625
   39  516  517  516 1526649008.103499
   39  516  517  517 1526649008.107757
   38  516  516  516 1526649008.112998
   38  517  516  516 1526649008.117129
   39  517  516  517 1526649008.121006
   38  517  516  516 1526649008.125007
   38  516  516  517 1526649008.129008
   39  516  516  517 1526649008.133006
   39  516  516  517 1526649008.137255
   38  517  517  516 1526649008.142378
   39  516  517  517 1526649008.146825
   38  517  516  517 1526649008.150757
   39  516  517  516 1526649008.154753
   39  516  516  516 1526649008.158880
   38  516  516  517 1526649008.162882
   38  516  516  517 1526649008.167256
   38  516  516  516 1526649008.172251
   38  516  516  517 1526649008.176256
   39  516  517  516 1526649008.180650
   38  517  516  516 1526649008.184658
   38  517  517  516 1526649008.188874
   38  516  516  517 1526649008.192753
   39  517  516  516 1526649008.196622
   38  516  517  517 1526649008.202001
   38  517  516  516 1526649008.206002
   38  517  517  516 1526649008.210008
   38  517  517  516 1526649008.214003
   38  517  516  516 1526649008.218379
   38  516  516  516 1526649008.222378
   38  517  516  516 1526649008.226381
   38  517  516  516 1526649008.230875
   38  517  517  517 1526649008.235756
   38  516  516  517 1526649008.239753
   38  516  516  517 1526649008.243753
   38  516  516  517 1526649008.247998
   38  517  517  516 1526649008.251999
   39  517  516  516 1526649008.255876
   38  516  517  517 1526649008.260001
   39  516  517  516 1526649008.264375
   38  516  516  517 1526649008.268745
   38  516  516  516 1526649008.272751
   38  516  516  517 1526649008.276747
   38  517  516  517 1526649008.280753
   38  517  516  517 1526649008.284751
   39  517  517  517 1526649008.289120
   38  517  517  517 1526649008.293999
   38  516  516  517 1526649008.298565
   38  516  516  517 1526649008.302497
   38  517  516  517 1526649008.306500
   38  517  516  516 1526649008.310751
   38  516  516  517 1526649008.314677
   38  516  516  517 1526649008.318870
   38  516  516  516 1526649008.323624
   38  517  517  516 1526649008.327625
   39  516  516  517 1526649008.332002
   39  516  516  516 1526649008.335995
   38  517  516  516 1526649008.340118
   38  517  516  516 1526649008.343996
   38  516  516  516 1526649008.347868
   38  517  516  517 1526649008.352247
   38  517  517  516 1526649008.357495
   38  517  516  516 1526649008.361503
   39  517  516  516 1526649008.365501
   38  517  516  516 1526649008.369902
   38  516  517  517 1526649008.373749
   38  517  516  517 1526649008.377748
   38  517  516  516 1526649008.381742
   38  517  516  516 1526649008.386623
   36  516  516  517 1526649008.390875
   38  517  516  516 1526649008.394874
   39  517  516  516 1526649008.399123
   38  516  516  516 1526649008.403119
   38  516  517  516 1526649008.407128
   38  516  516  517 1526649008.411515
   38  517  516  517 1526649008.416498
   38  517  517  516 1526649008.420498
   38  517  516  516 1526649008.424499
   38  516  516  517 1526649008.428747
   38  517  516  516 1526649008.432745
   38  517  516  517 1526649008.436745
   38  517  516  516 1526649008.440748
   38  517  516  517 1526649008.445750
   38  517  516  517 1526649008.450123
   39  517  516  516 1526649008.454123
   38  517  516  516 1526649008.458514
   38  517  516  516 1526649008.462499
   38  516  516  517 1526649008.466492
   38  516  517  516 1526649008.470619
   38  517  516  516 1526649008.475619
   38  517  516  517 1526649008.480123
   38  517  516  516 1526649008.483997
   38  516  516  517 1526649008.487867
   38  516  516  516 1526649008.492363
   38  517  516  516 1526649008.496238
   39  517  517  516 1526649008.500489
   38  517  517  516 1526649008.505513
   38  517  517  516 1526649008.509738
   38  516  516  517 1526649008.513744
   38  517  516  516 1526649008.517748
   38  516  516  517 1526649008.521744
   38  516  516  517 1526649008.525742
   39  516  517  516 1526649008.530120
   38  517  516  516 1526649008.534115
   38  517  516  516 1526649008.539489
   38  517  517  516 1526649008.543497
   38  517  516  516 1526649008.547496
   38  517  516  516 1526649008.551617
   38  517  516  516 1526649008.555619
   38  517  516  516 1526649008.559985
   38  516  516  517 1526649008.563988
   38  516  516  517 1526649008.568870
   38  517  516  517 1526649008.573241
   38  516  516  516 1526649008.577241
   38  516  516  517 1526649008.581613
   38  516  516  516 1526649008.585616
   38  516  516  516 1526649008.590080
   39  516  516  517 1526649008.593884
   39  517  516  516 1526649008.598706
   39  517  516  516 1526649008.602614
   38  516  516  517 1526649008.606616
   38  517  516  516 1526649008.610868
   38  517  516  516 1526649008.614756
   38  517  516  517 1526649008.618742
   38  516  517  516 1526649008.622739
   39  517  516  516 1526649008.627744
   38  517  516  516 1526649008.631992
   38  517  516  516 1526649008.635866
   38  516  516  517 1526649008.639745
   38  517  516  516 1526649008.644233
   38  517  516  517 1526649008.648108
   38  517  516  516 1526649008.652358
   38  516  516  517 1526649008.656238
   38  517  516  516 1526649008.661116
   38  517  516  516 1526649008.665241
   38  517  516  517 1526649008.669242
   38  517  516  516 1526649008.673237
   39  517  516  516 1526649008.677242
   39  516  516  517 1526649008.681623
   38  516  516  516 1526649008.685488
   38  517  516  517 1526649008.691190
   38  517  516  516 1526649008.694992
   38  516  516  516 1526649008.698992
   38  517  516  516 1526649008.703489
   38  517  517  517 1526649008.707483
   38  517  517  517 1526649008.711736
   38  516  516  517 1526649008.715810
   39  517  516  517 1526649008.721349
   38  517  516  516 1526649008.725359
   38  517  516  517 1526649008.729357
   38  516  516  516 1526649008.733364
   38  517  516  516 1526649008.737360
   38  517  516  516 1526649008.741663
   38  517  516  516 1526649008.745608
   38  517  516  516 1526649008.750619
   38  516  516  517 1526649008.754984
   39  517  516  517 1526649008.758986
   38  517  516  516 1526649008.763362
   38  517  516  516 1526649008.767237
   38  517  517  516 1526649008.771676
   39  517  516  516 1526649008.775611
   39  517  516  516 1526649008.780612
   38  517  517  516 1526649008.784983
   38  516  516  517 1526649008.788987
   39  516  517  516 1526649008.793231
   38  516  516  516 1526649008.797103
   38  516  517  517 1526649008.800978
   38  517  517  516 1526649008.805228
   38  517  516  516 1526649008.810209
   38  517  517  516 1526649008.814234
   38  516  516  516 1526649008.818239
   39  517  517  516 1526649008.822605
   38  517  516  516 1526649008.826612
   38  517  517  516 1526649008.830606
   38  516  516  516 1526649008.834608
   38  516  516  517 1526649008.838607
   38  517  516  516 1526649008.843355
   38  516  516  517 1526649008.847354
   38  516  516  517 1526649008.851358
   38  517  516  516 1526649008.855729
   38  516  516  516 1526649008.859732
   39  516  516  517 1526649008.864106
   38  517  516  516 1526649008.867980
   38  517  516  517 1526649008.873488
   38  516  516  517 1526649008.877485
   38  517  517  517 1526649008.881481
   38  516  516  517 1526649008.885978
   38  517  517  516 1526649008.889853
   38  516  516  517 1526649008.894105
   38  517  516  517 1526649008.898102
   39  517  517  517 1526649008.903224
   38  517  517  516 1526649008.907228
   38  516  516  516 1526649008.911232
   38  516  516  517 1526649008.915105
   38  517  516  516 1526649008.919098
   38  516  516  516 1526649008.923349
   39  517  516  516 1526649008.927348
   38  517  516  516 1526649008.932342
   38  517  516  516 1526649008.936600
   38  517  517  516 1526649008.940611
   38  517  517  516 1526649008.944981
   38  517  516  516 1526649008.948983
   38  517  517  516 1526649008.953416
   38  517  516  516 1526649008.957358
   38  517  516  516 1526649008.961357
   38  517  517  516 1526649008.966727
   38  517  516  516 1526649008.970729
   38  517  516  516 1526649008.974977
   38  517  516  516 1526649008.978976
   38  516  516  517 1526649008.982977
   39  516  517  516 1526649008.987477
   38  517  516  516 1526649008.992620
   38  517  516  516 1526649008.996976
   39  516  517  517 1526649009.000978
   38  517  516  517 1526649009.005352
   38  516  516  516 1526649009.009349
   39  517  517  516 1526649009.013224
   38  517  516  516 1526649009.017479
   38  517  516  516 1526649009.021475
   38  516  516  517 1526649009.026597
   39  516  516  517 1526649009.030602
   38  517  516  516 1526649009.034853
   38  517  516  516 1526649009.038725
   39  516  516  517 1526649009.042719
   38  516  516  517 1526649009.046721
   38  516  516  517 1526649009.050737
   38  517  517  516 1526649009.056095
   38  517  516  516 1526649009.060095
   38  517  516  516 1526649009.064466
   38  516  516  516 1526649009.068479
   38  516  516  516 1526649009.072481
   38  516  516  516 1526649009.076849
   39  516  516  517 1526649009.080848
   38  516  516  517 1526649009.086227
   38  517  517  516 1526649009.090225
   38  517  516  516 1526649009.094221
   38  517  517  517 1526649009.098723
   38  516  516  517 1526649009.102724
   38  517  516  516 1526649009.107223
   38  517  516  516 1526649009.111095
   38  517  516  516 1526649009.116473
   38  517  516  517 1526649009.120484
   39  516  517  517 1526649009.124350
   38  517  516  516 1526649009.128725
   39  517  517  516 1526649009.132722
   39  516  517  517 1526649009.136850
   38  517  517  516 1526649009.140844
   38  517  516  516 1526649009.146216
   38  517  516  516 1526649009.150226
   39  517  516  516 1526649009.154220
   38  517  516  516 1526649009.158219
   38  517  516  516 1526649009.162222
   38  516  516  516 1526649009.166466
   38  517  516  516 1526649009.170342
   38  516  516  517 1526649009.175347
   39  516  517  517 1526649009.179849
   39  516  517  516 1526649009.183849
   38  516  516  517 1526649009.188349
   38  517  516  516 1526649009.192223
   39  516  517  516 1526649009.196467
   38  517  516  517 1526649009.200470
   38  517  516  516 1526649009.205468
   39  517  517  516 1526649009.209851
   38  517  516  516 1526649009.213845
   39  517  516  517 1526649009.218094
   38  516  516  517 1526649009.221963
   38  517  517  516 1526649009.225840
   38  517  516  516 1526649009.230088
   39  516  516  516 1526649009.235100
   38  516  516  516 1526649009.238965
   38  517  516  516 1526649009.243097
   39  516  517  516 1526649009.247589
   38  517  516  516 1526649009.251594
   38  517  516  517 1526649009.255596
   38  517  516  517 1526649009.259593
   39  517  516  516 1526649009.263593
   38  516  516  516 1526649009.268215
   38  516  517  517 1526649009.272097
   38  517  516  516 1526649009.276096
   38  517  516  516 1526649009.280467
   38  516  516  516 1526649009.284467
   38  516  516  517 1526649009.288595
   38  516  516  516 1526649009.292590
   38  517  516  516 1526649009.298098
   38  517  516  516 1526649009.302219
   38  517  516  516 1526649009.306217
   38  517  516  516 1526649009.310720
   38  517  517  516 1526649009.314717
   38  517  516  516 1526649009.319092
   38  516  516  517 1526649009.323091
   38  516  516  517 1526649009.328228
   38  517  516  516 1526649009.332214
   38  516  517  516 1526649009.336215
   38  516  517  517 1526649009.340215
   38  517  517  516 1526649009.344090
   38  517  516  517 1526649009.348252
   39  517  516  516 1526649009.352220
   38  517  516  516 1526649009.357231
   38  516  516  517 1526649009.361845
   38  517  516  516 1526649009.365844
   39  516  517  517 1526649009.370086
   38  516  516  516 1526649009.374083
   38  516  516  517 1526649009.378211
   39  517  516  517 1526649009.382083
   38  516  516  516 1526649009.385963
   38  516  516  517 1526649009.391085
   38  517  516  516 1526649009.395093
   39  517  516  516 1526649009.399587
   38  517  516  516 1526649009.403589
   38  517  516  516 1526649009.407589
   38  517  516  517 1526649009.411587
   38  517  516  516 1526649009.415590
   38  517  516  517 1526649009.420715
   38  517  516  516 1526649009.424709
   38  517  516  516 1526649009.429135
   38  516  516  517 1526649009.433087
   38  516  516  517 1526649009.437085
   39  516  517  517 1526649009.441211
   38  517  516  517 1526649009.445084
   38  517  516  517 1526649009.450589
   38  516  516  517 1526649009.454588
   38  517  516  516 1526649009.458592
   38  516  516  517 1526649009.463083
   38  517  517  516 1526649009.466958
   38  517  516  516 1526649009.471214
   38  517  516  517 1526649009.475212
   38  517  516  516 1526649009.480583
   38  516  516  517 1526649009.484586
   38  517  517  516 1526649009.488585
   38  517  516  516 1526649009.492974
   38  517  516  516 1526649009.496954
   38  516  516  517 1526649009.501086
   38  517  516  517 1526649009.504954
   38  517  516  516 1526649009.510526
   38  517  516  517 1526649009.514459
   39  516  516  517 1526649009.518464
   38  516  516  516 1526649009.522708
   38  517  516  516 1526649009.526710
   39  517  516  516 1526649009.530952
   38  517  516  516 1526649009.534961
   39  517  516  516 1526649009.538956
   38  517  516  517 1526649009.544584
   38  516  516  517 1526649009.548709
   38  516  516  517 1526649009.553212
   38  517  517  516 1526649009.557207
   38  516  516  517 1526649009.561454
   39  517  516  516 1526649009.565461
   38  517  516  516 1526649009.570453
   39  517  516  516 1526649009.574836
   39  516  517  516 1526649009.578835
   38  516  516  517 1526649009.583211
   38  517  516  517 1526649009.587207
   38  517  516  516 1526649009.591702
   38  517  516  516 1526649009.595585
   38  517  516  516 1526649009.599581
   38  516  516  517 1526649009.605207
   38  517  517  516 1526649009.609080
   38  516  516  516 1526649009.613328
   39  517  516  516 1526649009.617332
   38  516  516  516 1526649009.621200
   38  516  516  517 1526649009.625450
   39  516  517  516 1526649009.629329
   38  517  517  516 1526649009.634200
   38  516  517  516 1526649009.638205
   38  517  516  516 1526649009.642580
   39  517  516  517 1526649009.646582
   38  516  516  516 1526649009.650458
   38  516  516  517 1526649009.654582
   38  517  516  516 1526649009.658576
   38  516  516  517 1526649009.663966
   38  517  516  516 1526649009.667960
   38  517  516  516 1526649009.671959
   38  517  516  516 1526649009.676459
   38  517  516  516 1526649009.680453
   38  517  516  517 1526649009.684953
   38  517  516  517 1526649009.688952
   39  516  516  516 1526649009.694079
   38  517  517  516 1526649009.698075
   38  516  516  516 1526649009.702080
   38  517  516  516 1526649009.706451
   38  517  516  516 1526649009.710452
   38  517  516  517 1526649009.714831
   38  517  516  516 1526649009.718701
   38  517  517  516 1526649009.724239
   38  517  516  516 1526649009.728206
   38  517  516  516 1526649009.732202
   38  516  517  516 1526649009.736698
   38  516  516  516 1526649009.740574
   39  517  516  516 1526649009.744703
   39  517  516  516 1526649009.748703
   38  516  516  516 1526649009.754210
   38  517  517  516 1526649009.758199
   38  516  516  517 1526649009.762203
   38  516  516  517 1526649009.766217
   38  517  516  516 1526649009.770195
   38  517  516  517 1526649009.774321
   38  517  517  517 1526649009.778319
   38  516  516  516 1526649009.783294
   38  517  517  516 1526649009.787697
   38  517  517  516 1526649009.791704
   39  516  516  516 1526649009.796076
   38  517  517  517 1526649009.800077
   38  517  516  516 1526649009.804502
   38  516  516  516 1526649009.808452
   38  517  516  516 1526649009.813585
   38  517  516  516 1526649009.818078
   38  516  516  516 1526649009.822077
   38  517  516  517 1526649009.826573
   38  516  516  517 1526649009.830576
   39  517  516  516 1526649009.834945
   38  517  517  516 1526649009.838951
   38  517  516  516 1526649009.843946
   38  517  516  516 1526649009.848230
   39  516  517  516 1526649009.852201
   38  517  517  517 1526649009.856576
   39  517  516  517 1526649009.860445
   38  517  517  516 1526649009.864322
   38  516  516  517 1526649009.868825
   38  517  516  517 1526649009.873830
   38  517  516  516 1526649009.877821
   38  516  516  516 1526649009.881821
   38  516  516  517 1526649009.886195
   39  517  516  517 1526649009.890200
   38  517  516  516 1526649009.894200
   38  517  517  516 1526649009.898570
   39  517  517  516 1526649009.902568
   39  517  516  516 1526649009.907572
   38  517  516  516 1526649009.911447
   38  516  516  517 1526649009.915692
   38  517  516  516 1526649009.919690
   39  517  517  516 1526649009.923565
   38  516  516  517 1526649009.927691
   38  517  516  517 1526649009.931731
   38  517  517  516 1526649009.937064
   38  517  516  516 1526649009.941322
   38  517  516  516 1526649009.945840
   38  517  516  516 1526649009.949823
   38  517  516  516 1526649009.953825
   38  517  517  516 1526649009.957822
   38  517  516  516 1526649009.961821
   38  516  516  517 1526649009.967192
   38  516  516  517 1526649009.971087
   38  517  517  516 1526649009.975071
   38  517  516  516 1526649009.979446
   38  517  516  516 1526649009.983442
   38  517  516  516 1526649009.987694
   38  517  516  516 1526649009.991694
   39  516  516  517 1526649009.996948
   38  516  516  517 1526649010.000949
   38  516  516  517 1526649010.004943
   38  517  516  517 1526649010.008940
   38  516  516  517 1526649010.012944
   38  516  516  516 1526649010.017193
   38  517  517  516 1526649010.021194
   38  517  516  516 1526649010.026551
   38  517  517  517 1526649010.030570
   38  517  516  517 1526649010.034441
   38  517  517  517 1526649010.038695
   38  517  517  517 1526649010.042686
   38  516  516  517 1526649010.046964
   38  517  517  516 1526649010.050814
   39  517  516  516 1526649010.054692
   39  516  516  516 1526649010.059560
   38  517  516  516 1526649010.063561
   38  516  516  517 1526649010.067973
   39  516  517  517 1526649010.071815
   38  516  517  516 1526649010.075817
   38  517  516  517 1526649010.079813
   38  517  516  516 1526649010.083931
   36  516  517  516 1526649010.089065
   38  517  516  516 1526649010.092941
   39  517  516  517 1526649010.096990
   32   39   39   34 1526649010.101311
   38  517  517  517 1526649010.105315
   38  517  516  517 1526649010.109691
   38  516  516  517 1526649010.113563
   39  516  517  517 1526649010.118812
   38  517  516  517 1526649010.122694
   39  517  516  516 1526649010.126748
   38  517  516  516 1526649010.130690
   38  517  516  516 1526649010.134689
   38  517  517  516 1526649010.138939
   38  516  516  517 1526649010.142938
   39  516  517  516 1526649010.148438
   39  517  516  517 1526649010.152435
   39  517  516  516 1526649010.156443
   38  517  516  516 1526649010.160439
   39  517  516  517 1526649010.164436
   39  517  516  517 1526649010.168832
   38  516  516  517 1526649010.172817
   38  517  516  516 1526649010.176809
   38  516  516  517 1526649010.181817
   38  516  516  517 1526649010.185811
   38  517  516  517 1526649010.190311
   38  516  516  517 1526649010.194314
   38  517  516  516 1526649010.198181
   38  516  516  517 1526649010.202685
   38  517  516  516 1526649010.206558
   38  517  516  517 1526649010.211306
   38  517  516  516 1526649010.215180
   38  517  516  516 1526649010.219711
   38  517  516  516 1526649010.223685
   38  517  516  516 1526649010.227685
   38  517  516  516 1526649010.232063
   38  516  516  517 1526649010.236057
   38  516  516  517 1526649010.241560
   38  517  516  516 1526649010.245561
   38  517  516  516 1526649010.250207
   38  516  516  516 1526649010.254185
   38  516  516  517 1526649010.258183
   38  516  516  517 1526649010.262311
   38  517  516  516 1526649010.266186
   38  516  516  517 1526649010.271681
   38  517  516  516 1526649010.275559
   39  517  517  516 1526649010.279560
   38  517  516  516 1526649010.283810
   38  517  516  516 1526649010.287805
   38  516  516  517 1526649010.292184
   38  516  516  517 1526649010.296185
   39  516  517  516 1526649010.301435
   38  516  516  516 1526649010.305435
   38  516  516  516 1526649010.309434
   38  516  516  517 1526649010.314058
   38  517  516  516 1526649010.318060
   37  516  517  516 1526649010.322431
   39  516  517  516 1526649010.326434
   38  517  516  516 1526649010.331808
   38  516  516  517 1526649010.335807
   38  516  516  517 1526649010.340100
   38  517  516  516 1526649010.344060
   38  517  516  516 1526649010.348050
   38  517  516  516 1526649010.351925
   38  516  516  516 1526649010.355801
   38  516  516  516 1526649010.360180
   38  517  516  516 1526649010.364550
   38  517  516  517 1526649010.368432
   38  517  516  516 1526649010.372431
   38  517  517  517 1526649010.376431
   38  517  516  516 1526649010.380801
   39  516  517  517 1526649010.384680
   38  517  517  516 1526649010.388677
   38  517  516  516 1526649010.393679
   38  517  516  516 1526649010.397680
   39  517  517  517 1526649010.402182
   38  517  517  516 1526649010.406183
   38  517  516  516 1526649010.410550
   38  517  517  516 1526649010.414554
   38  517  516  516 1526649010.418550
   38  517  516  516 1526649010.423553
   37  517  517  516 1526649010.427557
   38  517  516  517 1526649010.431929
   38  517  516  517 1526649010.435927
   38  516  516  516 1526649010.439930
   39  517  516  517 1526649010.444304
   39  516  517  516 1526649010.448182
   38  517  516  516 1526649010.453556
   38  517  517  516 1526649010.457556
   39  516  517  517 1526649010.461927
   38  517  516  517 1526649010.465925
   38  517  516  516 1526649010.469934
   38  517  516  516 1526649010.474303
   38  517  516  516 1526649010.478300
   38  516  516  517 1526649010.483928
   38  517  516  516 1526649010.487927
   38  517  516  516 1526649010.492303
   38  516  516  517 1526649010.496297
   38  517  517  517 1526649010.500170
   38  517  517  517 1526649010.504046
   38  517  516  516 1526649010.507921
   38  517  516  517 1526649010.512174
   39  517  516  516 1526649010.516920
   38  516  516  517 1526649010.521050
   29   41   39   33 1526649010.525548
   38  517  516  516 1526649010.529549
   38  516  516  517 1526649010.533925
   38  517  516  516 1526649010.537921
   38  516  516  517 1526649010.542554
   39  516  517  516 1526649010.546549
   39  517  516  517 1526649010.550550
   38  516  516  517 1526649010.554547
   39  516  517  517 1526649010.558553
   38  517  517  516 1526649010.562838
   38  517  516  516 1526649010.566800
   38  517  516  516 1526649010.570842
   38  517  516  516 1526649010.575681
   38  516  516  517 1526649010.579683
   38  517  516  516 1526649010.584051
   38  516  516  516 1526649010.588053
   38  517  516  516 1526649010.592596
   39  517  516  517 1526649010.596424
   38  517  516  516 1526649010.600297
   38  517  516  516 1526649010.605797
   38  516  516  517 1526649010.609800
   38  516  516  517 1526649010.614176
   38  516  516  517 1526649010.618174
   38  517  516  517 1526649010.622045
   38  516  516  517 1526649010.626288
   38  517  516  517 1526649010.630173
   38  517  516  516 1526649010.635674
   38  517  516  516 1526649010.639548
   39  516  517  517 1526649010.643819
   38  517  516  516 1526649010.647788
   38  517  516  516 1526649010.651672
   38  517  516  516 1526649010.655665
   38  516  516  516 1526649010.659674
   38  517  516  516 1526649010.665285
   39  517  516  517 1526649010.669301
   39  517  516  517 1526649010.673540
   39  516  517  516 1526649010.677546
   38  517  516  516 1526649010.681546
   38  517  516  517 1526649010.685799
   39  516  516  517 1526649010.689797
   38  516  516  517 1526649010.695167
   38  516  517  516 1526649010.699171
   38  517  517  516 1526649010.703168
   38  517  517  516 1526649010.707173
   38  517  517  516 1526649010.711167
   38  517  516  516 1526649010.715418
   38  516  516  517 1526649010.719291
   38  517  517  516 1526649010.725050
   29   42   39   33 1526649010.729056
   38  517  516  516 1526649010.733043
   39  516  517  517 1526649010.737044
   38  517  516  516 1526649010.741045
   38  517  516  516 1526649010.745300
   38  517  516  516 1526649010.749300
   38  517  516  516 1526649010.753291
   38  517  516  516 1526649010.758166
   38  517  516  516 1526649010.762169
   38  516  517  517 1526649010.766541
   38  517  516  517 1526649010.770419
   39  517  517  517 1526649010.774411
   38  517  516  516 1526649010.778661
   38  517  517  516 1526649010.782683
   38  516  516  517 1526649010.788286
   38  516  516  516 1526649010.792290
   38  517  516  517 1526649010.796676
   38  516  516  517 1526649010.800674
   39  517  517  517 1526649010.804671
   38  517  516  516 1526649010.808674
   38  517  517  516 1526649010.812677
   39  517  516  516 1526649010.818166
   39  516  517  517 1526649010.822163
   38  517  516  517 1526649010.826537
   38  516  516  516 1526649010.830541
   38  517  516  517 1526649010.834540
   38  517  516  517 1526649010.838677
   38  517  516  516 1526649010.842535
   38  517  516  516 1526649010.847915
   38  517  517  517 1526649010.851964
   38  516  516  517 1526649010.855916
   38  517  516  516 1526649010.860295
   38  517  516  516 1526649010.864288
   38  517  516  516 1526649010.868413
   39  516  517  517 1526649010.872419
   38  517  517  517 1526649010.877788
   38  517  516  516 1526649010.881792
   38  517  516  516 1526649010.885789
   38  516  516  516 1526649010.889785
   38  517  516  516 1526649010.893789
   38  517  516  516 1526649010.898040
   38  517  517  516 1526649010.902040
   38  517  516  516 1526649010.907625
   39  517  516  516 1526649010.911673
   38  517  516  516 1526649010.916284
   38  517  517  516 1526649010.920286
   39  516  516  516 1526649010.924289
   38  517  517  516 1526649010.928438
   38  516  516  517 1526649010.932281
   38  517  516  517 1526649010.936156
   38  517  516  516 1526649010.940031
   38  517  517  516 1526649010.943914
   38  516  517  517 1526649010.948282
   38  516  516  516 1526649010.952152
   38  517  516  516 1526649010.957450
   39  516  516  517 1526649010.961778
   38  517  517  516 1526649010.965662
   38  516  516  517 1526649010.970037
   38  517  516  516 1526649010.973902
   38  517  517  516 1526649010.977777
   39  516  517  517 1526649010.982034
   38  517  516  517 1526649010.986034
   38  517  517  516 1526649010.990535
   38  517  516  516 1526649010.994535
   39  517  516  517 1526649010.998907
   38  516  516  516 1526649011.002909
   38  517  516  516 1526649011.006908
   38  516  516  517 1526649011.010910
   38  516  516  517 1526649011.014905
   38  516  516  517 1526649011.019908
   38  516  516  517 1526649011.023926
   39  516  517  517 1526649011.027908
   38  517  516  517 1526649011.031907
   38  516  517  517 1526649011.035910
   38  516  516  517 1526649011.039904
   39  516  517  516 1526649011.043911
   38  516  516  517 1526649011.049164
   38  516  516  516 1526649011.053162
   38  516  516  516 1526649011.057032
   39  516  517  516 1526649011.061037
   38  517  517  517 1526649011.065027
   38  516  516  517 1526649011.068900
   38  517  516  517 1526649011.072901
   38  517  516  516 1526649011.076931
   38  517  516  516 1526649011.082278
   39  516  517  516 1526649011.086154
   38  516  516  517 1526649011.090173
   38  516  516  517 1526649011.094023
   38  517  516  516 1526649011.097898
   38  517  516  516 1526649011.101773
   39  516  516  516 1526649011.105780
   39  516  516  516 1526649011.110673
   38  516  516  516 1526649011.114664
   38  517  516  517 1526649011.118681
   38  517  516  517 1526649011.122784
   38  516  516  516 1526649011.126779
   38  517  516  517 1526649011.130670
   38  517  516  516 1526649011.135150
   38  517  516  516 1526649011.139032
   39  517  517  517 1526649011.143896
   38  516  516  517 1526649011.148396
   38  516  517  517 1526649011.152282
   38  517  516  516 1526649011.156661
   38  517  516  516 1526649011.160532
   38  517  517  517 1526649011.164775
   38  517  516  516 1526649011.168895
   38  517  516  516 1526649011.172895
