  282  517  517  516 1526649712.797419
  282  517  517  517 1526649712.801416
  282  516  517  517 1526649712.805417
  282  517  517  516 1526649712.809925
  283  516  517  516 1526649712.813921
  282  517  516  516 1526649712.818035
  282  517  517  517 1526649712.823042
  282  517  517  517 1526649712.827921
  282  517  517  516 1526649712.832294
  282  517  517  517 1526649712.836299
  283  517  516  516 1526649712.840293
  282  516  516  517 1526649712.844798
  283  517  517  517 1526649712.848710
  282  517  517  517 1526649712.853175
  282  517  517  517 1526649712.857167
  282  517  517  517 1526649712.861666
  283  517  517  516 1526649712.865920
  282  517  516  516 1526649712.869799
  282  517  516  517 1526649712.873794
  282  517  517  517 1526649712.877795
  282  517  517  517 1526649712.882071
  282  516  517  516 1526649712.886044
  283  516  517  516 1526649712.890076
  282  517  517  516 1526649712.895047
  282  517  517  517 1526649712.898921
  283  517  517  517 1526649712.903361
  283  516  517  516 1526649712.907296
  282  517  517  517 1526649712.911294
  282  517  517  517 1526649712.915164
  282  517  517  517 1526649712.919170
  282  516  517  516 1526649712.924168
  283  516  516  516 1526649712.928169
  282  517  516  517 1526649712.932172
  283  517  516  517 1526649712.936175
  282  516  517  517 1526649712.940168
  282  517  517  516 1526649712.944166
  282  516  516  517 1526649712.948180
  282  517  517  516 1526649712.953293
  282  517  516  516 1526649712.957290
  283  516  516  516 1526649712.961295
  282  517  517  517 1526649712.965169
  282  517  517  516 1526649712.969161
  282  517  516  516 1526649712.973036
  283  517  516  517 1526649712.976913
  282  517  517  517 1526649712.980791
  282  517  516  516 1526649712.985786
  283  516  517  516 1526649712.990035
  282  516  517  517 1526649712.993915
  282  517  517  517 1526649712.997919
  282  517  517  517 1526649713.001918
  282  517  517  517 1526649713.005784
  282  517  517  517 1526649713.009668
  282  517  517  516 1526649713.014834
  283  516  517  516 1526649713.018792
  282  517  517  516 1526649713.022793
  282  517  517  516 1526649713.026918
  282  517  517  516 1526649713.030917
  282  517  517  517 1526649713.034912
  282  517  516  516 1526649713.038913
  283  517  517  516 1526649713.043667
  283  517  516  517 1526649713.047668
  282  517  517  516 1526649713.052906
  282  517  517  516 1526649713.056781
  282  517  516  517 1526649713.060786
  282  516  516  517 1526649713.064707
  282  517  517  516 1526649713.068673
  282  517  516  516 1526649713.073037
  282  517  517  517 1526649713.078038
  283  517  517  517 1526649713.081912
  282  517  516  516 1526649713.086405
  282  517  517  517 1526649713.090405
  282  517  517  517 1526649713.094906
  283  516  517  517 1526649713.098903
  283  517  516  516 1526649713.103212
  282  517  517  516 1526649713.108155
  282  517  517  517 1526649713.112040
  282  516  517  516 1526649713.116290
  282  517  517  517 1526649713.120163
  283  517  517  516 1526649713.124527
  283  517  517  517 1526649713.128415
  283  517  517  517 1526649713.132289
  282  517  517  517 1526649713.136535
  283  516  517  516 1526649713.140914
  282  516  517  517 1526649713.145158
  282  517  517  517 1526649713.149028
  282  517  517  517 1526649713.153348
  282  517  516  516 1526649713.157157
  282  517  517  516 1526649713.161026
  283  517  516  516 1526649713.165418
  282  516  516  516 1526649713.170408
  283  516  517  517 1526649713.174527
  282  517  517  517 1526649713.178413
  282  517  517  516 1526649713.182278
  283  517  517  517 1526649713.186278
  282  517  517  516 1526649713.190156
  282  517  517  516 1526649713.194537
  282  517  517  517 1526649713.198407
  282  517  517  517 1526649713.203906
  282  516  517  517 1526649713.207781
  283  516  517  516 1526649713.211680
  282  516  517  517 1526649713.215901
  283  517  517  516 1526649713.219782
  282  517  517  517 1526649713.224304
  282  517  516  516 1526649713.228301
  282  516  516  516 1526649713.232776
  282  517  517  517 1526649713.236672
  282  516  516  516 1526649713.240527
  282  516  516  517 1526649713.244907
  282  517  517  516 1526649713.248775
  283  517  517  516 1526649713.252668
  283  517  516  517 1526649713.256676
  282  517  517  516 1526649713.261540
  282  517  517  517 1526649713.265782
  282  517  517  516 1526649713.269669
  283  516  517  516 1526649713.273675
  282  516  517  517 1526649713.277785
  282  517  517  516 1526649713.281667
  282  516  516  517 1526649713.285900
  282  516  516  517 1526649713.294021
  282  517  516  516 1526649713.298406
  282  517  516  516 1526649713.302398
  282  516  516  516 1526649713.306522
  282  517  517  517 1526649713.310541
  282  517  517  517 1526649713.314522
  283  517  517  516 1526649713.318900
  282  516  516  517 1526649713.324028
  282  517  517  516 1526649713.328028
  282  516  517  517 1526649713.331898
  282  517  517  516 1526649713.336145
  283  517  517  517 1526649713.340021
  282  517  517  516 1526649713.343904
  283  517  516  516 1526649713.347905
  282  516  517  517 1526649713.353101
  282  517  517  517 1526649713.357157
  282  517  517  516 1526649713.361027
  282  517  517  516 1526649713.364895
  283  516  517  516 1526649713.369158
  282  516  517  516 1526649713.373028
  282  516  517  516 1526649713.377277
  282  517  517  516 1526649713.381187
  283  516  516  517 1526649713.386399
  282  517  517  517 1526649713.390401
  282  517  517  516 1526649713.394406
  283  517  517  517 1526649713.398530
  282  517  517  517 1526649713.402531
  283  517  517  517 1526649713.406819
  282  516  517  517 1526649713.410778
  283  516  516  517 1526649713.415679
  283  516  517  517 1526649713.419900
  282  517  517  516 1526649713.423902
  282  517  516  516 1526649713.428400
  283  517  517  516 1526649713.432402
  283  517  517  516 1526649713.436779
  282  517  517  517 1526649713.440775
  282  516  517  517 1526649713.445673
  282  517  517  517 1526649713.450152
  283  517  517  517 1526649713.454155
  282  517  517  517 1526649713.458529
  283  516  517  517 1526649713.462526
  282  517  517  516 1526649713.467129
  282  517  517  516 1526649713.471151
  282  517  516  516 1526649713.476157
  282  517  517  517 1526649713.480407
  282  517  517  517 1526649713.484400
  282  517  517  517 1526649713.488673
  282  516  516  517 1526649713.492673
  283  516  517  516 1526649713.496663
  282  517  517  516 1526649713.501148
  282  517  517  517 1526649713.506146
  282  517  516  517 1526649713.510022
  282  517  517  517 1526649713.514024
  282  517  516  516 1526649713.518400
  283  516  517  517 1526649713.522396
  282  516  517  517 1526649713.526402
  283  517  517  517 1526649713.530899
  283  516  516  516 1526649713.536075
  283  517  517  516 1526649713.540018
  282  517  517  516 1526649713.544022
  282  517  517  517 1526649713.548429
  282  517  517  517 1526649713.552400
  282  517  517  517 1526649713.556269
  282  517  517  517 1526649713.560272
  282  517  517  517 1526649713.564271
  282  517  517  517 1526649713.569770
  282  516  517  517 1526649713.573777
  283  516  517  516 1526649713.578164
  282  517  517  516 1526649713.582146
  282  517  517  516 1526649713.586026
  282  517  517  517 1526649713.590398
  282  517  517  517 1526649713.594398
  282  517  517  517 1526649713.599771
  282  517  516  516 1526649713.603772
  282  517  517  516 1526649713.607770
  282  517  516  516 1526649713.612150
  282  517  516  517 1526649713.616140
  282  517  516  516 1526649713.620389
  282  516  517  516 1526649713.624389
  283  517  517  517 1526649713.629791
  283  517  516  517 1526649713.633648
  282  517  517  517 1526649713.637676
  282  517  517  517 1526649713.641671
  282  517  517  517 1526649713.645668
  282  516  517  517 1526649713.650014
  282  517  516  516 1526649713.654018
  282  516  517  516 1526649713.659494
  282  517  517  516 1526649713.663518
  282  517  517  516 1526649713.667522
  282  517  517  517 1526649713.671769
  283  517  517  517 1526649713.675771
  282  517  517  517 1526649713.679771
  283  517  517  516 1526649713.683768
  283  517  517  516 1526649713.688016
  282  517  516  517 1526649713.693016
  282  517  517  517 1526649713.697616
  282  517  517  516 1526649713.701675
  282  517  517  516 1526649713.705664
  282  517  517  516 1526649713.709767
  283  517  517  517 1526649713.713769
  282  516  517  517 1526649713.718072
  283  517  517  517 1526649713.722770
  282  517  517  516 1526649713.726669
  282  517  517  516 1526649713.731138
  283  516  517  517 1526649713.735142
  283  516  517  517 1526649713.739511
  283  516  516  516 1526649713.743517
  283  516  517  516 1526649713.747512
  283  517  517  516 1526649713.753016
  282  516  517  517 1526649713.757019
  282  517  516  516 1526649713.761014
  282  517  517  517 1526649713.765014
  282  517  517  516 1526649713.769266
  283  516  517  516 1526649713.773264
  283  517  517  516 1526649713.777139
  283  517  517  516 1526649713.782017
  282  517  517  516 1526649713.786021
  283  517  516  516 1526649713.790389
  282  517  517  517 1526649713.794395
  283  517  517  516 1526649713.798966
  282  516  516  517 1526649713.802889
  283  517  517  517 1526649713.806979
  282  517  517  517 1526649713.812012
  282  517  516  516 1526649713.816038
  283  517  516  517 1526649713.820516
  282  517  517  517 1526649713.824513
  282  517  517  517 1526649713.828514
  282  517  517  517 1526649713.833014
  282  517  516  517 1526649713.837163
  282  517  517  517 1526649713.842532
  282  517  517  517 1526649713.846511
  283  516  517  516 1526649713.850886
  282  517  516  516 1526649713.854887
  283  517  516  517 1526649713.858881
  281  517  517  516 1526649713.863386
  282  517  517  517 1526649713.867386
  282  516  517  517 1526649713.873013
  283  517  517  517 1526649713.877012
  283  517  517  517 1526649713.881264
  282  517  517  516 1526649713.885265
  282  517  516  516 1526649713.889262
  283  516  516  517 1526649713.893764
  282  516  517  517 1526649713.897874
  282  517  517  517 1526649713.903386
  282  517  517  517 1526649713.907385
  282  517  517  517 1526649713.911671
  283  517  517  516 1526649713.915662
  282  516  517  517 1526649713.921260
  282  517  517  517 1526649713.925262
  282  517  516  516 1526649713.929259
  282  517  517  516 1526649713.933648
  283  517  517  517 1526649713.937512
  282  517  516  516 1526649713.942040
  282  516  516  516 1526649713.946134
  282  516  517  517 1526649713.950599
  282  517  517  517 1526649713.954656
  283  516  516  517 1526649713.958758
  282  517  517  517 1526649713.962884
  283  517  517  517 1526649713.966882
  282  517  517  516 1526649713.971258
  283  516  516  517 1526649713.975265
  282  517  517  517 1526649713.979262
  283  517  517  517 1526649713.983271
  282  517  517  517 1526649713.987259
  282  517  517  517 1526649713.993133
  282  516  517  517 1526649713.997132
  283  516  517  516 1526649714.001377
  283  517  516  517 1526649714.006258
  282  516  517  517 1526649714.047693
  282  517  516  516 1526649714.051997
  282  517  517  517 1526649714.055871
  282  517  517  516 1526649714.059746
  282  516  517  517 1526649714.064648
  282  517  517  517 1526649714.069514
  282  516  517  517 1526649714.074254
  282  517  517  517 1526649714.078256
  282  516  516  517 1526649714.082749
  282  517  516  516 1526649714.086756
  283  516  517  516 1526649714.090762
  282  517  517  517 1526649714.094758
  283  516  516  516 1526649714.098757
  283  517  516  517 1526649714.103120
  282  517  517  517 1526649714.107212
  283  517  517  517 1526649714.112647
  282  517  517  517 1526649714.117116
  282  517  516  516 1526649714.121004
  282  517  516  516 1526649714.124870
  283  517  517  517 1526649714.128751
