  317  517  516  516 1526649244.933283
  317  517  516  517 1526649244.937281
  317  517  516  517 1526649244.941155
  317  517  516  516 1526649244.945548
  317  516  516  516 1526649244.949537
  318  517  516  517 1526649244.954669
  317  516  516  516 1526649244.958671
  318  516  517  516 1526649244.963663
  317  516  516  516 1526649244.967670
  317  516  516  516 1526649244.971674
  317  517  517  516 1526649244.975673
  318  516  516  517 1526649244.979533
  317  517  516  517 1526649244.983536
  318  517  516  517 1526649244.987538
  317  517  516  517 1526649244.991592
  317  517  516  517 1526649244.996670
  318  516  516  516 1526649245.000538
  318  517  516  516 1526649245.004536
  317  517  516  517 1526649245.008535
  318  517  516  516 1526649245.012539
  317  517  516  517 1526649245.016536
  318  516  516  516 1526649245.020536
  317  517  516  517 1526649245.025537
  317  517  516  517 1526649245.029537
  317  516  516  516 1526649245.033535
  317  516  516  516 1526649245.037532
  318  517  516  516 1526649245.041532
  318  517  517  516 1526649245.045533
  318  517  517  516 1526649245.049409
  317  517  517  516 1526649245.054442
  317  517  516  517 1526649245.058287
  318  517  516  516 1526649245.062288
  318  517  517  517 1526649245.066287
  318  516  516  516 1526649245.070282
  318  517  516  516 1526649245.074163
  318  517  517  517 1526649245.078161
  318  517  516  516 1526649245.082157
  318  516  517  517 1526649245.086786
  318  517  516  517 1526649245.090786
  318  517  516  516 1526649245.094783
  317  517  516  516 1526649245.098782
  317  517  516  516 1526649245.102657
  317  516  516  516 1526649245.106527
  317  516  517  516 1526649245.110401
  317  517  516  516 1526649245.115419
  317  517  517  517 1526649245.119399
  318  517  516  517 1526649245.123273
  317  517  517  516 1526649245.127157
  318  517  516  517 1526649245.130902
  317  517  516  517 1526649245.134898
  317  517  516  516 1526649245.138898
  318  517  516  517 1526649245.142902
  318  517  517  517 1526649245.147905
  318  517  517  516 1526649245.151904
  318  517  517  516 1526649245.155906
  317  517  516  516 1526649245.159906
  317  517  516  516 1526649245.163908
  317  517  516  516 1526649245.167903
  318  517  517  517 1526649245.172182
  317  517  516  516 1526649245.176030
  318  517  516  516 1526649245.181443
  317  517  516  517 1526649245.185446
  317  517  516  517 1526649245.189277
  317  516  516  516 1526649245.193676
  317  517  516  516 1526649245.197520
  318  516  517  516 1526649245.201772
  318  516  517  516 1526649245.205838
  317  517  517  517 1526649245.210813
  318  516  516  516 1526649245.214674
  318  517  517  516 1526649245.218522
  318  517  516  516 1526649245.222403
  318  517  516  517 1526649245.226268
  317  517  516  516 1526649245.230526
  317  517  516  517 1526649245.234396
  318  517  517  516 1526649245.239399
  317  516  516  516 1526649245.243519
  318  517  516  517 1526649245.247393
  317  517  516  516 1526649245.251664
  317  517  516  517 1526649245.255522
  317  517  516  517 1526649245.259404
  318  516  516  517 1526649245.263665
  317  517  516  517 1526649245.267527
  317  517  516  517 1526649245.272679
  317  517  516  517 1526649245.276530
  318  517  517  516 1526649245.280771
  317  517  516  517 1526649245.284768
  317  517  516  517 1526649245.288673
  317  516  516  517 1526649245.293027
  317  517  517  516 1526649245.296892
  318  517  516  516 1526649245.302398
  317  517  516  516 1526649245.306266
  317  517  516  517 1526649245.310153
  317  517  516  516 1526649245.314517
  318  516  517  516 1526649245.318392
  318  516  517  517 1526649245.322517
  318  516  517  517 1526649245.326527
  317  517  516  516 1526649245.332297
  318  517  516  516 1526649245.336267
  317  516  516  516 1526649245.340147
  317  517  516  517 1526649245.344524
  317  517  516  516 1526649245.348392
  318  517  517  516 1526649245.352659
  318  517  516  516 1526649245.356665
  317  517  516  516 1526649245.360524
  317  517  517  517 1526649245.365516
  317  517  516  516 1526649245.369514
  318  517  517  517 1526649245.373784
  317  517  516  516 1526649245.377659
  318  517  516  517 1526649245.381516
  317  516  516  516 1526649245.385524
  317  517  516  516 1526649245.389394
  318  516  516  517 1526649245.394891
  317  517  517  517 1526649245.398888
  317  517  516  516 1526649245.402897
  317  517  516  516 1526649245.407148
  318  517  517  516 1526649245.411026
  318  516  517  517 1526649245.415272
  317  517  516  517 1526649245.419145
  318  517  516  517 1526649245.424710
  318  517  517  517 1526649245.428513
  318  517  516  516 1526649245.432389
  317  517  516  516 1526649245.436263
  317  516  516  516 1526649245.440137
  317  517  516  516 1526649245.444512
  317  517  516  517 1526649245.448392
  317  517  516  517 1526649245.453404
  317  517  516  516 1526649245.457765
  317  517  516  517 1526649245.461664
  318  517  516  517 1526649245.465894
  318  517  516  516 1526649245.469886
  317  517  516  516 1526649245.473772
  317  517  516  517 1526649245.478021
  318  517  517  517 1526649245.481892
  317  517  516  516 1526649245.486898
  318  517  516  517 1526649245.490887
  317  517  516  517 1526649245.495269
  317  517  517  517 1526649245.499142
  317  516  516  516 1526649245.503011
  318  516  517  517 1526649245.506886
  317  517  516  517 1526649245.510804
  318  516  516  516 1526649245.515885
  317  517  516  517 1526649245.519897
  318  517  516  516 1526649245.523885
  318  517  516  517 1526649245.528509
  317  517  517  517 1526649245.532393
  317  517  516  517 1526649245.536768
  318  517  516  516 1526649245.540764
  317  517  516  516 1526649245.546266
  317  516  516  516 1526649245.550268
  317  517  516  516 1526649245.554270
  317  516  516  516 1526649245.558658
  317  517  516  516 1526649245.562514
  317  517  516  517 1526649245.566662
  318  516  517  516 1526649245.570665
  317  517  516  517 1526649245.575895
  317  517  516  517 1526649245.579890
  317  517  517  516 1526649245.583891
  318  517  517  516 1526649245.587892
  317  517  516  516 1526649245.591884
  318  517  516  516 1526649245.596010
  317  517  516  516 1526649245.599884
  317  517  516  516 1526649245.604903
  318  517  517  517 1526649245.609716
  317  517  516  516 1526649245.613667
  317  517  516  517 1526649245.617888
  317  517  516  517 1526649245.621893
  317  516  516  516 1526649245.626306
  318  517  516  517 1526649245.630265
  318  517  516  517 1526649245.635262
  317  517  516  517 1526649245.639768
  317  517  516  517 1526649245.643762
  318  517  517  517 1526649245.648269
  317  517  516  517 1526649245.652265
  317  517  516  516 1526649245.656510
  317  517  516  517 1526649245.660387
  317  517  516  516 1526649245.665262
  317  517  516  516 1526649245.669661
  318  516  516  517 1526649245.673666
  318  517  516  516 1526649245.677763
  318  517  516  516 1526649245.681764
  317  516  516  516 1526649245.685763
  317  517  516  517 1526649245.690384
  317  517  517  517 1526649245.695266
  318  517  517  516 1526649245.699260
  317  517  516  517 1526649245.703265
  318  517  516  517 1526649245.707655
  317  517  516  517 1526649245.711658
  318  517  517  516 1526649245.715650
  317  517  516  517 1526649245.720015
  318  516  516  516 1526649245.724012
  317  516  516  516 1526649245.728655
  317  517  516  517 1526649245.732662
  317  517  516  517 1526649245.737108
  317  517  516  516 1526649245.741005
  317  517  517  516 1526649245.744880
  317  517  516  516 1526649245.749380
  318  517  516  516 1526649245.753264
  318  517  516  516 1526649245.758639
  317  517  516  516 1526649245.762660
  318  517  517  516 1526649245.766660
  317  517  516  517 1526649245.771140
  318  517  516  517 1526649245.775133
  318  517  516  516 1526649245.779511
  317  517  516  517 1526649245.783381
  317  517  516  516 1526649245.788759
  317  517  516  516 1526649245.792800
  318  517  517  517 1526649245.796760
  317  517  516  517 1526649245.801011
  318  517  517  517 1526649245.805388
  318  516  517  516 1526649245.809258
  318  516  517  516 1526649245.813135
  317  517  516  517 1526649245.818650
  318  517  517  516 1526649245.822659
  317  517  516  516 1526649245.826885
  318  517  516  517 1526649245.830881
  317  516  516  516 1526649245.834885
  317  517  516  516 1526649245.839256
  317  517  516  517 1526649245.843257
  318  517  516  516 1526649245.848508
  318  516  516  517 1526649245.852505
  317  517  517  516 1526649245.856884
  317  517  516  517 1526649245.860882
  317  517  516  517 1526649245.864876
  317  516  516  516 1526649245.868751
  317  517  516  516 1526649245.872640
  317  517  517  516 1526649245.877009
  317  517  517  517 1526649245.881250
  318  517  517  516 1526649245.885378
  318  517  516  516 1526649245.889658
  319  517  516  517 1526649245.893656
  317  517  517  517 1526649245.898007
  317  517  516  516 1526649245.902019
  317  516  516  516 1526649245.906005
  317  517  516  516 1526649245.910758
  317  517  517  516 1526649245.914758
  318  517  516  516 1526649245.919004
  317  517  516  517 1526649245.923009
  318  517  517  516 1526649245.927381
  318  516  516  517 1526649245.931378
  317  516  516  516 1526649245.935310
  317  517  516  517 1526649245.940375
  317  517  516  517 1526649245.944257
  317  517  516  517 1526649245.948653
  319  517  516  516 1526649245.952648
  317  517  516  516 1526649245.956654
  318  517  517  516 1526649245.961129
  318  516  517  517 1526649245.965184
  317  517  516  516 1526649245.970668
  317  517  516  516 1526649245.974657
  318  517  516  517 1526649245.978999
  317  517  516  517 1526649245.983006
  317  517  516  517 1526649245.987003
  317  517  516  517 1526649245.991004
  317  517  516  517 1526649245.995000
  317  517  516  517 1526649246.000649
  317  517  516  517 1526649246.004649
  317  517  516  517 1526649246.008655
  317  517  516  517 1526649246.012752
  317  517  516  517 1526649246.016753
  318  517  516  516 1526649246.020998
  318  517  517  517 1526649246.025001
  317  517  516  517 1526649246.030252
  318  517  516  517 1526649246.034249
  318  517  516  517 1526649246.038251
  317  517  517  517 1526649246.042127
  317  517  516  516 1526649246.046119
  317  517  516  516 1526649246.050370
  317  517  516  517 1526649246.054245
  318  517  517  516 1526649246.059258
  317  517  516  516 1526649246.063619
  317  517  516  516 1526649246.067648
  318  517  517  517 1526649246.071877
  317  517  516  516 1526649246.075875
  317  517  516  517 1526649246.080506
  318  517  516  516 1526649246.084499
  318  517  516  517 1526649246.089373
  318  517  517  517 1526649246.093751
  317  517  516  516 1526649246.097680
  318  516  516  517 1526649246.102125
  317  517  517  517 1526649246.106123
  318  517  516  516 1526649246.110121
  317  517  517  517 1526649246.114500
  317  517  516  517 1526649246.119507
  318  517  516  516 1526649246.123372
  317  517  516  516 1526649246.127375
  318  516  517  516 1526649246.131624
  317  517  516  517 1526649246.135622
  318  517  517  516 1526649246.139624
  317  517  516  517 1526649246.143624
  317  517  516  516 1526649246.147557
  317  517  516  516 1526649246.152676
  318  517  517  517 1526649246.156622
  317  517  516  517 1526649246.160621
  318  517  517  516 1526649246.165123
  317  517  516  517 1526649246.168999
  317  517  516  516 1526649246.173123
  318  516  516  516 1526649246.177118
  317  517  516  516 1526649246.182240
  318  516  516  516 1526649246.186248
  317  516  517  516 1526649246.190246
  318  517  517  517 1526649246.194252
  317  517  516  516 1526649246.198239
  318  517  517  516 1526649246.202375
  317  516  516  516 1526649246.206364
  317  517  516  516 1526649246.211357
  317  517  516  517 1526649246.215742
  317  516  516  517 1526649246.219748
  317  517  516  516 1526649246.224244
  317  517  517  516 1526649246.228245
  317  517  516  516 1526649246.232490
  318  516  517  517 1526649246.236495
  317  516  517  517 1526649246.241600
  317  517  516  517 1526649246.246119
  317  517  516  517 1526649246.250119
  318  517  516  517 1526649246.254493
  317  517  516  516 1526649246.258498
  317  517  516  517 1526649246.262738
  317  517  517  517 1526649246.266742
  317  516  516  516 1526649246.271750
  317  517  516  516 1526649246.275988
  318  517  516  516 1526649246.279993
  317  517  516  516 1526649246.284369
  318  517  516  516 1526649246.288363
  317  517  516  517 1526649246.292751
  317  517  516  517 1526649246.296613
  317  517  516  516 1526649246.300616
  317  517  517  516 1526649246.305365
  317  517  516  517 1526649246.309367
  317  517  516  516 1526649246.313740
  318  516  516  516 1526649246.317772
  318  517  517  517 1526649246.321736
  318  516  517  516 1526649246.325610
  317  517  516  517 1526649246.329648
  317  517  517  516 1526649246.334986
  317  517  516  516 1526649246.338863
  318  516  517  516 1526649246.342739
  317  516  516  516 1526649246.347241
  318  516  516  516 1526649246.351244
  317  517  516  517 1526649246.355613
  317  517  516  516 1526649246.359702
  317  517  516  517 1526649246.364992
  318  517  516  516 1526649246.368989
  317  517  516  516 1526649246.372992
  317  516  516  516 1526649246.377491
  317  517  516  516 1526649246.381496
  317  517  516  516 1526649246.385990
  318  516  517  517 1526649246.390143
  318  517  516  516 1526649246.395494
  317  516  516  517 1526649246.399494
  317  516  516  517 1526649246.403491
  317  517  517  516 1526649246.407991
  317  517  516  517 1526649246.411991
  317  517  516  517 1526649246.416363
  318  517  516  517 1526649246.420328
  317  517  516  516 1526649246.425738
  317  516  517  516 1526649246.429736
  317  517  516  516 1526649246.433737
  318  516  517  516 1526649246.438240
  318  516  516  517 1526649246.442115
  318  517  516  517 1526649246.446361
  317  517  516  517 1526649246.450360
  317  516  516  516 1526649246.455741
  317  517  516  516 1526649246.459734
  317  517  517  517 1526649246.463737
  317  517  516  516 1526649246.468115
  318  517  517  516 1526649246.472105
  317  517  516  517 1526649246.476230
  317  517  516  517 1526649246.480105
  318  517  517  517 1526649246.485499
  317  516  516  516 1526649246.489536
  318  517  517  516 1526649246.493489
  317  516  516  516 1526649246.497486
  317  517  516  516 1526649246.501497
  317  517  516  516 1526649246.505741
  317  517  516  516 1526649246.509733
  317  517  517  516 1526649246.515264
  317  517  516  517 1526649246.519233
  318  517  517  516 1526649246.523232
  317  517  516  516 1526649246.527486
  318  517  516  516 1526649246.531486
  317  517  516  517 1526649246.535605
  317  516  516  516 1526649246.539484
  317  517  516  517 1526649246.544490
  317  517  516  517 1526649246.548735
  318  517  516  516 1526649246.552734
  317  516  517  516 1526649246.557109
  317  517  517  516 1526649246.561114
  317  517  516  517 1526649246.565112
  317  517  517  517 1526649246.569609
  317  517  516  517 1526649246.574602
  318  517  516  516 1526649246.578610
  317  517  516  517 1526649246.582607
  318  517  516  517 1526649246.586980
  317  516  516  516 1526649246.590981
  318  517  516  517 1526649246.594858
  317  516  517  516 1526649246.598732
  317  517  516  517 1526649246.602610
  318  517  517  517 1526649246.607732
  317  517  516  517 1526649246.611731
  317  517  516  517 1526649246.615729
  318  517  517  517 1526649246.620129
  317  517  516  517 1526649246.623976
  318  516  516  516 1526649246.628225
  318  517  516  517 1526649246.632240
  318  517  516  516 1526649246.637600
  317  516  516  517 1526649246.641478
  317  517  517  517 1526649246.645484
  318  516  516  516 1526649246.649980
  318  517  516  517 1526649246.653978
  317  517  516  517 1526649246.658229
  317  516  516  516 1526649246.662292
  317  517  516  516 1526649246.667729
  319  517  516  516 1526649246.671730
  318  516  516  517 1526649246.675731
  317  517  516  516 1526649246.680232
  317  516  516  516 1526649246.684231
  317  516  517  516 1526649246.688477
  318  517  516  516 1526649246.692498
  317  517  516  517 1526649246.697896
  317  517  517  517 1526649246.701729
  317  517  516  516 1526649246.705675
  318  516  517  516 1526649246.709731
  317  517  517  517 1526649246.713725
  318  517  517  517 1526649246.717986
  318  517  516  517 1526649246.721979
  317  517  516  516 1526649246.726855
  317  517  516  517 1526649246.731228
  317  517  516  517 1526649246.735231
  317  517  516  517 1526649246.739729
  318  517  516  517 1526649246.743729
  317  517  517  517 1526649246.747974
  317  517  516  516 1526649246.751977
  318  517  516  516 1526649246.756975
  318  517  516  517 1526649246.761477
  317  517  516  517 1526649246.765352
  317  517  516  517 1526649246.769475
  317  517  516  517 1526649246.773470
  317  516  516  517 1526649246.777344
  317  517  516  516 1526649246.781595
  318  517  516  517 1526649246.786657
  318  516  517  517 1526649246.790469
  318  517  516  516 1526649246.794478
  317  517  516  517 1526649246.798847
  318  516  516  516 1526649246.802850
  318  517  517  516 1526649246.806851
  317  516  516  516 1526649246.810667
  317  517  516  517 1526649246.814476
  317  516  516  516 1526649246.819474
  317  517  516  517 1526649246.823352
  318  517  516  517 1526649246.827349
  317  517  516  516 1526649246.831727
  317  517  516  517 1526649246.835721
  318  517  516  517 1526649246.840099
  317  517  516  516 1526649246.844158
  317  517  516  517 1526649246.849476
  317  516  516  516 1526649246.853475
  318  517  516  516 1526649246.857477
  317  517  516  516 1526649246.861475
  317  517  516  517 1526649246.865475
  318  517  517  517 1526649246.869888
  318  517  516  516 1526649246.873723
  318  517  516  516 1526649246.878726
  318  517  516  516 1526649246.883223
  317  517  516  516 1526649246.887225
  318  516  517  517 1526649246.891723
  318  517  516  517 1526649246.895723
  318  517  516  517 1526649246.899969
  317  517  516  517 1526649246.903975
  317  517  516  517 1526649246.908976
  318  517  516  516 1526649246.913346
  317  516  517  517 1526649246.917345
  318  517  517  517 1526649246.921717
  317  517  516  516 1526649246.925715
  317  516  516  516 1526649246.929955
  318  517  516  516 1526649246.933841
  317  517  516  517 1526649246.938851
  317  517  517  517 1526649246.943090
  318  517  517  516 1526649246.947095
  317  516  516  516 1526649246.951347
  318  517  516  516 1526649246.955351
  317  517  516  517 1526649246.959343
  318  516  516  516 1526649246.963843
  317  517  517  517 1526649246.968940
  318  517  516  516 1526649246.973471
  318  517  516  517 1526649246.977466
  318  517  517  517 1526649246.981717
  317  517  516  516 1526649246.985720
  317  517  516  516 1526649246.989721
  318  517  516  516 1526649246.994221
  318  516  516  516 1526649246.999229
  318  516  516  517 1526649247.003598
  317  517  517  516 1526649247.007591
  317  517  516  516 1526649247.011967
  318  516  516  516 1526649247.015968
  317  517  517  517 1526649247.019969
  317  517  516  517 1526649247.024470
  317  516  516  516 1526649247.029474
  318  517  517  516 1526649247.033468
  317  517  516  516 1526649247.037465
  318  516  516  516 1526649247.041972
  318  516  517  517 1526649247.045971
  317  517  517  516 1526649247.049972
  317  517  516  516 1526649247.054348
  317  517  516  516 1526649247.058343
  317  516  516  516 1526649247.062969
  317  516  516  516 1526649247.066841
  321  517  516  517 1526649247.070717
  317  517  516  517 1526649247.075213
  317  517  516  516 1526649247.079085
  317  517  516  517 1526649247.083460
  317  516  516  516 1526649247.087340
  317  517  516  516 1526649247.092838
  317  517  516  516 1526649247.096716
  318  517  517  516 1526649247.100717
  317  517  516  516 1526649247.105220
  318  516  516  517 1526649247.109215
  317  517  516  516 1526649247.113587
  318  517  516  516 1526649247.117465
  318  516  516  516 1526649247.122964
  318  517  517  516 1526649247.126714
  317  517  516  516 1526649247.130711
  318  517  516  516 1526649247.134712
  318  517  517  517 1526649247.138711
  317  517  517  517 1526649247.142838
  318  517  517  516 1526649247.146840
  318  517  516  516 1526649247.151846
  317  517  516  517 1526649247.156340
  318  516  516  517 1526649247.160339
  318  516  516  517 1526649247.164711
  318  517  516  516 1526649247.168711
  318  516  516  516 1526649247.173210
  317  517  516  517 1526649247.177243
  318  517  516  516 1526649247.182296
  318  517  517  517 1526649247.186592
  318  517  516  516 1526649247.190468
  317  517  517  517 1526649247.194586
  317  517  516  516 1526649247.198581
  317  516  516  516 1526649247.202458
  317  517  516  517 1526649247.206706
  317  517  517  516 1526649247.210586
  318  517  517  516 1526649247.215456
  317  517  516  517 1526649247.219334
  317  517  516  516 1526649247.223706
  318  516  516  517 1526649247.227712
  317  517  517  516 1526649247.231711
  318  516  517  517 1526649247.235963
  318  516  516  516 1526649247.239958
  317  517  516  517 1526649247.245211
  317  517  516  516 1526649247.249212
  318  517  516  516 1526649247.253212
  317  516  516  516 1526649247.257709
  317  517  516  517 1526649247.261707
  317  517  516  516 1526649247.266208
  317  516  516  516 1526649247.270208
  317  517  516  516 1526649247.275581
  317  517  516  517 1526649247.279598
  317  517  516  517 1526649247.283586
  317  517  516  516 1526649247.288082
  317  517  516  516 1526649247.292086
  317  516  517  516 1526649247.296586
  317  517  516  517 1526649247.300577
  317  517  516  517 1526649247.305990
  317  517  517  516 1526649247.309958
  318  517  516  516 1526649247.314459
  317  516  516  516 1526649247.318461
  318  517  516  517 1526649247.322335
  317  517  516  516 1526649247.326706
  318  517  516  516 1526649247.330704
  317  517  516  516 1526649247.336208
  318  516  517  517 1526649247.340205
  317  516  517  516 1526649247.344078
  317  517  516  516 1526649247.348335
  317  516  517  516 1526649247.352326
  317  516  516  516 1526649247.356451
  317  517  516  517 1526649247.360326
  317  516  517  516 1526649247.364200
  317  517  516  517 1526649247.368459
  317  517  516  516 1526649247.372447
  318  517  517  517 1526649247.376827
  317  517  516  516 1526649247.381701
  317  517  516  517 1526649247.385823
  317  517  516  517 1526649247.389698
  317  516  516  516 1526649247.393709
  318  516  517  517 1526649247.397707
  317  517  517  517 1526649247.401581
  318  516  516  516 1526649247.405897
  318  517  516  517 1526649247.409828
  317  517  517  517 1526649247.414830
  317  517  516  517 1526649247.419204
  317  517  516  517 1526649247.423201
  317  517  516  516 1526649247.427701
  317  517  516  516 1526649247.431703
  318  517  517  516 1526649247.435768
  318  517  517  517 1526649247.439703
  317  517  516  516 1526649247.443705
  317  516  516  516 1526649247.447581
  317  516  517  516 1526649247.451581
  318  517  517  516 1526649247.455580
  317  517  516  517 1526649247.459580
  317  517  516  517 1526649247.463581
  317  517  516  517 1526649247.467582
  317  517  516  517 1526649247.472577
  318  517  516  516 1526649247.476580
  317  517  516  517 1526649247.480577
  318  517  516  516 1526649247.484578
  317  517  516  516 1526649247.488452
  317  517  516  517 1526649247.492329
  318  517  516  516 1526649247.496325
  318  516  517  516 1526649247.500328
  317  517  516  516 1526649247.505328
  317  517  516  516 1526649247.509326
  317  517  516  517 1526649247.513326
  317  517  516  516 1526649247.517210
  317  517  516  517 1526649247.521077
  317  516  516  516 1526649247.524945
  317  517  517  517 1526649247.528935
  317  517  516  517 1526649247.534194
  318  517  516  517 1526649247.538066
  318  517  516  516 1526649247.541947
  317  517  516  517 1526649247.545825
  318  517  516  516 1526649247.549828
  318  517  517  516 1526649247.553701
  318  517  516  516 1526649247.557574
  317  517  516  516 1526649247.562324
  317  517  516  516 1526649247.566195
  317  517  516  516 1526649247.570076
  317  517  517  517 1526649247.574078
  317  517  516  517 1526649247.578114
  318  517  517  516 1526649247.582077
  317  517  516  517 1526649247.586697
  317  516  516  517 1526649247.590621
  317  517  516  516 1526649247.595454
  317  517  516  516 1526649247.599822
  317  517  517  517 1526649247.603697
  317  517  516  517 1526649247.607955
  318  517  516  517 1526649247.611825
  317  516  516  516 1526649247.615700
  317  516  516  516 1526649247.620069
  317  516  516  516 1526649247.624814
  317  516  516  516 1526649247.628821
  317  516  516  516 1526649247.632738
  318  517  516  516 1526649247.636942
  318  516  517  517 1526649247.640814
  317  517  516  516 1526649247.644694
  317  517  516  516 1526649247.648939
  317  516  516  516 1526649247.653939
  317  517  516  516 1526649247.658219
  318  517  516  517 1526649247.662188
  317  516  516  517 1526649247.666193
  317  516  517  516 1526649247.670820
  317  516  516  516 1526649247.674813
  317  516  516  516 1526649247.679063
  318  516  516  516 1526649247.684073
  317  516  516  516 1526649247.688313
   30   40   38   33 1526649247.692194
  317  516  516  516 1526649247.696073
  317  516  516  516 1526649247.700313
  318  517  516  517 1526649247.704186
  317  517  516  516 1526649247.708317
  317  517  516  517 1526649247.713398
  317  516  517  517 1526649247.717565
  318  516  516  516 1526649247.721447
  317  517  516  516 1526649247.725315
  317  517  517  517 1526649247.729570
  318  517  517  516 1526649247.733443
  317  517  516  517 1526649247.737922
  317  516  517  516 1526649247.741820
  317  517  516  517 1526649247.746318
  317  517  516  517 1526649247.750325
  317  516  516  516 1526649247.754191
  317  517  516  517 1526649247.758560
  318  516  516  516 1526649247.762434
  318  516  517  517 1526649247.766317
  317  517  516  517 1526649247.770184
  318  517  517  516 1526649247.775192
  318  516  516  516 1526649247.779447
  317  517  516  516 1526649247.783311
  318  516  517  516 1526649247.787308
  317  516  516  516 1526649247.791684
  318  517  516  517 1526649247.795692
  318  517  516  516 1526649247.799943
  317  517  516  517 1526649247.804067
  317  517  516  517 1526649247.808409
  317  517  516  516 1526649247.812309
