    0  516  517  516 1526648445.974416
    0  516  517  516 1526648445.978412
    0  516  516  517 1526648445.982287
    0  516  517  516 1526648445.986919
    0  517  517  516 1526648445.990919
    0  517  517  516 1526648445.994917
    0  516  516  516 1526648445.998918
    0  516  517  516 1526648446.004047
    0  516  517  516 1526648446.008420
    0  516  517  516 1526648446.012421
    0  516  517  516 1526648446.016417
    0  516  517  517 1526648446.020420
    0  516  516  517 1526648446.024420
    0  516  516  517 1526648446.028419
    0  516  516  516 1526648446.032422
    0  516  517  517 1526648446.037426
    0  516  516  517 1526648446.041416
    0  516  516  517 1526648446.045295
    0  516  517  517 1526648446.049296
    0  516  517  516 1526648446.053295
    0  516  517  517 1526648446.057303
    0  517  517  516 1526648446.061167
    0  516  517  516 1526648446.065167
    0  516  517  516 1526648446.070168
    0  516  517  516 1526648446.074167
    0  517  517  516 1526648446.078168
    0  517  517  517 1526648446.082295
    0  516  517  516 1526648446.086292
    0  517  517  516 1526648446.090294
    0  516  516  516 1526648446.094167
    0  517  516  516 1526648446.098671
    0  516  516  517 1526648446.102539
    0  517  517  516 1526648446.106544
    0  516  517  517 1526648446.110544
    0  516  517  516 1526648446.114541
    0  517  517  516 1526648446.118413
    0  516  517  516 1526648446.122290
    0  516  516  517 1526648446.127381
    0  516  517  516 1526648446.131420
    0  516  517  516 1526648446.135291
    0  516  517  517 1526648446.139291
    0  516  517  516 1526648446.143285
    0  516  517  516 1526648446.147159
    0  516  517  516 1526648446.151033
    0  517  517  517 1526648446.155012
    0  516  516  517 1526648446.160379
    0  516  517  517 1526648446.164156
    0  516  517  517 1526648446.168041
    0  516  517  516 1526648446.171912
    0  517  516  516 1526648446.175793
    0  516  517  516 1526648446.179663
    0  516  517  517 1526648446.183670
    0  516  517  516 1526648446.188410
    0  517  517  517 1526648446.192410
    0  516  517  517 1526648446.196414
    0  517  517  517 1526648446.200414
    0  517  516  516 1526648446.204410
    0  517  517  516 1526648446.208285
    0  516  517  517 1526648446.212205
    0  516  517  517 1526648446.216907
    0  516  516  516 1526648446.221729
    0  517  516  516 1526648446.225670
    0  516  517  517 1526648446.229528
    0  517  517  516 1526648446.233908
    0  516  516  517 1526648446.237787
    0  516  517  516 1526648446.241663
    0  516  517  517 1526648446.245530
    0  516  517  517 1526648446.250285
    0  516  517  517 1526648446.254538
    0  516  516  516 1526648446.258404
    0  516  516  516 1526648446.262404
    0  516  516  517 1526648446.266783
    0  516  517  516 1526648446.270777
    0  516  516  517 1526648446.275026
    0  517  517  516 1526648446.280034
    0  516  517  516 1526648446.284156
    0  517  517  516 1526648446.288038
    0  516  517  516 1526648446.291902
    0  517  517  516 1526648446.296289
    0  517  517  516 1526648446.300277
    0  516  517  517 1526648446.304673
    0  516  516  517 1526648446.309623
    0  516  516  517 1526648446.313535
    0  516  517  516 1526648446.317788
    0  516  516  517 1526648446.321668
    0  517  517  517 1526648446.325901
    0  516  517  516 1526648446.329908
    0  516  517  516 1526648446.333900
    0  516  517  516 1526648446.338409
    0  516  517  517 1526648446.342776
    0  516  516  517 1526648446.346901
    0  517  517  517 1526648446.350780
    0  516  517  517 1526648446.355152
    0  516  517  516 1526648446.359031
    0  516  517  516 1526648446.362911
    0  516  517  517 1526648446.367024
    0  516  517  517 1526648446.371777
    0  516  517  516 1526648446.376028
    0  516  517  517 1526648446.379907
    0  516  516  517 1526648446.383908
    0  516  516  516 1526648446.388409
    0  516  516  517 1526648446.392397
    0  516  517  516 1526648446.396659
    0  517  517  516 1526648446.401669
    0  516  516  517 1526648446.405899
    0  516  517  516 1526648446.409780
    0  517  517  516 1526648446.413682
    0  516  516  516 1526648446.417672
    0  516  517  517 1526648446.421522
    0  516  517  516 1526648446.425779
    0  517  517  517 1526648446.429670
    0  516  517  516 1526648446.434520
    0  516  517  517 1526648446.439029
    0  517  517  516 1526648446.442908
    0  516  516  517 1526648446.447273
    0  516  516  517 1526648446.451279
    0  516  517  516 1526648446.455145
    0  516  517  517 1526648446.459528
    0  517  517  517 1526648446.464675
    0  516  516  517 1526648446.468672
    0  517  517  517 1526648446.472520
    0  516  517  517 1526648446.476808
    0  516  516  517 1526648446.480669
    0  516  517  516 1526648446.484519
    0  516  517  517 1526648446.488520
    0  517  517  516 1526648446.493706
    0  516  517  517 1526648446.498030
    0  516  517  516 1526648446.501902
    0  517  517  517 1526648446.506393
    0  516  517  517 1526648446.510269
    0  517  517  516 1526648446.514152
    0  516  517  516 1526648446.518670
    0  517  517  516 1526648446.522670
    0  517  517  516 1526648446.527775
    0  516  516  516 1526648446.531779
    0  516  517  516 1526648446.535681
    0  516  516  517 1526648446.539894
    0  517  517  517 1526648446.543898
    0  516  517  517 1526648446.548143
    0  516  517  516 1526648446.552148
    0  516  517  516 1526648446.557395
    0  516  517  516 1526648446.561268
    0  516  517  517 1526648446.565143
    0  516  517  516 1526648446.569017
    0  517  517  517 1526648446.572900
    0  516  516  516 1526648446.577144
    0  516  516  516 1526648446.581154
    0  517  517  516 1526648446.586022
    0  516  517  516 1526648446.590400
    0  517  517  517 1526648446.594400
    0  516  516  517 1526648446.598676
    0  517  517  517 1526648446.602668
    0  516  517  516 1526648446.606668
    0  517  517  517 1526648446.611047
    0  516  517  517 1526648446.616161
    0  516  516  516 1526648446.620024
    0  516  516  517 1526648446.624030
    0  516  517  516 1526648446.628152
    0  516  516  517 1526648446.632151
    0  516  516  517 1526648446.636017
    0  517  517  516 1526648446.639892
    0  517  517  516 1526648446.643945
    0  516  517  517 1526648446.649142
    0  516  517  517 1526648446.653020
    0  516  517  516 1526648446.657027
    0  517  517  516 1526648446.661526
    0  516  516  516 1526648446.665522
    0  517  517  516 1526648446.670023
    0  516  517  516 1526648446.674166
    0  516  517  517 1526648446.679395
    0  516  517  516 1526648446.683397
    0  516  517  516 1526648446.687400
    0  516  516  517 1526648446.691896
    0  516  517  516 1526648446.695896
    0  516  517  516 1526648446.700395
    0  516  516  517 1526648446.704268
    0  517  516  516 1526648446.709667
    0  517  517  516 1526648446.713543
    0  517  517  517 1526648446.717523
    0  517  517  517 1526648446.722024
    0  516  516  516 1526648446.726017
    0  517  516  516 1526648446.730270
    0  517  517  516 1526648446.734147
    0  517  517  516 1526648446.739408
    0  516  517  516 1526648446.743398
    0  517  517  516 1526648446.747395
    0  516  517  516 1526648446.751393
    0  516  516  516 1526648446.755394
    0  517  517  516 1526648446.759662
    0  516  516  517 1526648446.763669
    0  516  516  517 1526648446.768775
    0  516  517  516 1526648446.773266
    0  517  516  516 1526648446.777144
    0  516  517  517 1526648446.781397
    0  516  517  516 1526648446.785387
    0  517  517  516 1526648446.789674
    0  517  516  516 1526648446.793511
    0  516  517  516 1526648446.797392
    0  516  517  516 1526648446.802262
    0  516  516  516 1526648446.806271
    0  516  517  517 1526648446.810512
    0  516  517  517 1526648446.814522
    0  516  517  516 1526648446.818516
    0  517  517  516 1526648446.822518
    0  516  516  516 1526648446.826390
    0  516  517  517 1526648446.831892
    0  516  517  517 1526648446.835892
    0  517  517  516 1526648446.839893
    0  517  517  516 1526648446.844518
    0  517  517  516 1526648446.848519
    0  516  517  517 1526648446.852770
    0  517  517  516 1526648446.856770
    0  517  517  516 1526648446.862019
    0  517  517  517 1526648446.866016
    0  516  517  517 1526648446.870385
    0  516  517  517 1526648446.874406
    0  517  517  517 1526648446.878389
    0  516  517  517 1526648446.882390
    0  516  516  516 1526648446.886394
    0  516  517  516 1526648446.890927
    0  517  517  516 1526648446.895888
    0  516  516  516 1526648446.900256
    0  516  516  517 1526648446.904139
    0  516  517  516 1526648446.908133
    0  516  517  516 1526648446.912507
    0  517  517  516 1526648446.916383
    0  516  516  517 1526648446.921925
    0  517  517  516 1526648446.925801
    0  516  517  517 1526648446.929889
    0  516  516  517 1526648446.934266
    0  516  517  517 1526648446.938263
    0  516  517  517 1526648446.942661
    0  516  516  516 1526648446.946656
    0  516  516  517 1526648446.952269
    0  516  517  516 1526648446.956261
    0  516  517  516 1526648446.960265
    0  516  517  516 1526648446.964265
    0  516  517  516 1526648446.968265
    0  516  517  516 1526648446.972664
    0  517  517  516 1526648446.976512
    0  516  516  516 1526648446.982055
    0  517  517  516 1526648446.986013
    0  516  517  517 1526648446.990012
    0  516  517  517 1526648446.994389
    0  517  517  516 1526648446.998387
    0  516  517  516 1526648447.002758
    0  516  517  516 1526648447.006759
    0  516  517  516 1526648447.011662
    0  516  517  517 1526648447.016263
    0  517  517  516 1526648447.020136
    0  516  517  516 1526648447.024514
    0  517  517  516 1526648447.028517
    0  517  517  516 1526648447.032756
    0  517  517  516 1526648447.036756
    0  516  516  517 1526648447.041713
    0  516  516  517 1526648447.046137
    0  516  517  516 1526648447.050010
    0  516  517  517 1526648447.054256
    0  516  517  516 1526648447.058253
    0  516  517  516 1526648447.062128
    0  516  517  516 1526648447.066378
    0  517  517  516 1526648447.070260
    0  516  517  517 1526648447.075128
    0  517  517  516 1526648447.079258
    0  516  516  516 1526648447.083759
    0  516  517  516 1526648447.087762
    0  516  517  517 1526648447.091759
    0  516  517  516 1526648447.095658
    0  517  517  516 1526648447.099651
    0  516  517  516 1526648447.105005
    0  516  517  517 1526648447.108884
    0  516  517  516 1526648447.112885
    0  517  517  516 1526648447.117383
    0  516  517  516 1526648447.121379
    0  516  517  516 1526648447.125759
    0  516  517  517 1526648447.129832
    0  517  517  516 1526648447.135254
    0  516  517  516 1526648447.139255
    0  516  517  517 1526648447.143256
    0  516  517  517 1526648447.147760
    0  516  516  517 1526648447.151755
    0  517  517  517 1526648447.156254
    0  516  517  517 1526648447.160251
    0  516  517  517 1526648447.165753
    0  516  517  517 1526648447.169754
    0  516  517  517 1526648447.174319
    0  516  517  517 1526648447.178255
    0  516  517  516 1526648447.182256
    0  516  517  516 1526648447.186375
    0  516  517  516 1526648447.190378
    0  516  517  517 1526648447.196002
    0  516  517  517 1526648447.199878
    0  517  517  516 1526648447.203881
    0  516  517  516 1526648447.208248
    0  517  517  516 1526648447.212122
    0  516  517  517 1526648447.216373
    0  517  517  516 1526648447.220248
    0  517  517  517 1526648447.224250
    0  516  517  516 1526648447.230003
    0  516  517  516 1526648447.234003
    0  516  517  516 1526648447.238381
    0  516  517  517 1526648447.242400
    0  516  517  516 1526648447.246749
    0  516  517  517 1526648447.250758
    0  516  517  517 1526648447.255652
    0  516  517  517 1526648447.260004
    0  517  517  516 1526648447.264006
    0  517  517  516 1526648447.268255
    0  516  517  517 1526648447.272249
    0  516  517  516 1526648447.276124
    0  516  517  516 1526648447.280652
    0  517  517  517 1526648447.285658
    0  516  517  516 1526648447.290129
    0  516  516  517 1526648447.294129
    0  516  517  516 1526648447.298500
    0  516  517  517 1526648447.302504
    0  516  517  517 1526648447.307022
    0  516  517  516 1526648447.310999
    0  516  516  517 1526648447.316136
    0  516  516  517 1526648447.320376
    0  516  517  517 1526648447.324374
    0  516  516  517 1526648447.328706
    0  516  516  516 1526648447.332618
    0  516  516  516 1526648447.336497
    0  516  517  516 1526648447.340744
    0  516  517  517 1526648447.344624
    0  516  516  516 1526648447.349493
    0  516  517  517 1526648447.353753
    0  516  516  517 1526648447.358123
    0  516  517  517 1526648447.362127
    0  517  517  516 1526648447.366127
    0  516  517  516 1526648447.370124
    0  516  517  516 1526648447.374122
    0  517  517  516 1526648447.379625
    0  516  517  517 1526648447.383680
    0  516  517  516 1526648447.388001
    0  516  517  516 1526648447.391999
    0  516  516  516 1526648447.400249
    0  516  517  517 1526648447.404123
    0  516  517  516 1526648447.409623
    0  517  517  516 1526648447.413647
    0  516  517  516 1526648447.417621
    0  516  517  516 1526648447.422122
    0  517  517  516 1526648447.425993
    0  516  516  517 1526648447.430251
    0  517  516  516 1526648447.434251
    0  516  517  516 1526648447.439624
    0  516  516  516 1526648447.443623
    0  516  516  516 1526648447.447621
    0  516  516  516 1526648447.451998
    0  516  517  517 1526648447.455864
    0  517  517  517 1526648447.459996
    0  516  517  517 1526648447.463864
    0  516  516  517 1526648447.469331
    0  516  516  516 1526648447.473247
    0  517  517  516 1526648447.477247
    0  516  517  516 1526648447.481621
    0  516  517  516 1526648447.485623
    0  517  517  516 1526648447.489992
    0  517  517  516 1526648447.493870
    0  516  516  517 1526648447.498874
    0  516  517  517 1526648447.503123
    0  517  517  516 1526648447.507119
    0  516  517  516 1526648447.511623
    0  516  517  516 1526648447.515616
    0  516  516  516 1526648447.520105
    0  516  517  516 1526648447.524121
    0  516  517  516 1526648447.528115
    0  516  516  517 1526648447.533621
    0  517  517  517 1526648447.537621
    0  517  517  517 1526648447.541999
    0  516  517  516 1526648447.545991
    0  516  517  516 1526648447.549999
    0  516  517  516 1526648447.554498
    0  517  517  516 1526648447.558493
    0  516  517  517 1526648447.563370
    0  516  517  516 1526648447.567365
    0  517  517  517 1526648447.571618
    0  516  516  516 1526648447.575611
    0  516  517  516 1526648447.579485
    0  517  517  516 1526648447.583362
    0  516  516  517 1526648447.587235
    0  516  517  517 1526648447.592610
    0  516  517  517 1526648447.596621
    0  516  517  516 1526648447.600617
    0  516  517  516 1526648447.604991
    0  516  517  516 1526648447.608993
    0  516  517  516 1526648447.613492
    0  517  517  517 1526648447.617367
    0  516  516  516 1526648447.622736
    0  516  517  516 1526648447.626619
    0  516  517  516 1526648447.630616
    0  516  517  516 1526648447.635117
    0  517  517  516 1526648447.639113
    0  516  517  516 1526648447.643489
    0  516  516  517 1526648447.647495
    0  516  517  517 1526648447.652864
    0  517  517  516 1526648447.656869
    0  516  516  517 1526648447.660741
    0  517  517  516 1526648447.664742
    0  516  517  516 1526648447.668739
    0  516  517  517 1526648447.672987
    0  516  517  517 1526648447.676990
    0  517  517  516 1526648447.681860
    0  517  517  516 1526648447.686361
    0  516  516  516 1526648447.690237
    0  516  517  516 1526648447.694619
    0  516  517  516 1526648447.698607
    0  517  517  516 1526648447.702981
    0  516  517  516 1526648447.706857
    0  516  516  516 1526648447.710737
    0  516  516  516 1526648447.715731
    0  516  517  517 1526648447.719611
    0  517  517  517 1526648447.724025
    0  516  516  516 1526648447.727991
    0  516  516  517 1526648447.731990
    0  516  516  517 1526648447.735983
    0  516  517  517 1526648447.739859
    0  516  517  516 1526648447.745236
    0  516  516  517 1526648447.749238
    0  516  517  517 1526648447.753235
    0  517  517  516 1526648447.757739
    0  517  517  516 1526648447.761733
    0  517  517  517 1526648447.766234
    0  516  517  516 1526648447.770231
    0  516  517  516 1526648447.775487
    0  516  517  516 1526648447.779486
    0  516  517  517 1526648447.783484
    0  516  517  516 1526648447.787736
    0  516  517  517 1526648447.791736
    0  516  517  517 1526648447.796111
    0  516  516  516 1526648447.800138
    0  516  516  517 1526648447.805607
    0  516  516  517 1526648447.809610
    0  517  517  516 1526648447.813610
    0  516  517  517 1526648447.817985
    0  516  517  517 1526648447.821856
    0  516  516  517 1526648447.826232
    0  517  517  516 1526648447.830229
    0  516  517  517 1526648447.835484
    0  516  517  516 1526648447.839481
    0  516  516  517 1526648447.843485
    0  516  517  517 1526648447.847482
    0  516  516  516 1526648447.851476
    0  516  516  517 1526648447.855729
    0  516  517  516 1526648447.859601
    0  516  516  517 1526648447.864587
    0  516  517  516 1526648447.869112
    0  516  517  516 1526648447.873108
    0  516  517  517 1526648447.877482
    0  516  517  517 1526648447.881484
    0  516  517  517 1526648447.885850
    0  516  516  517 1526648447.889730
    0  516  517  516 1526648447.893728
    0  516  516  517 1526648447.899233
    0  516  516  516 1526648447.903231
    0  516  517  517 1526648447.907608
    0  516  517  517 1526648447.911606
    0  516  517  517 1526648447.915609
    0  516  517  516 1526648447.920105
    0  517  517  517 1526648447.925225
    0  517  517  516 1526648447.929605
    0  517  517  516 1526648447.933604
    0  517  517  516 1526648447.937975
    0  516  517  516 1526648447.941979
    0  516  517  516 1526648447.946537
    0  516  517  516 1526648447.950476
    0  516  517  516 1526648447.955467
    0  517  517  517 1526648447.959852
    0  516  517  517 1526648447.963670
    0  517  517  516 1526648447.967979
    0  516  517  517 1526648447.971972
    0  516  517  517 1526648447.975847
    0  516  517  517 1526648447.980097
    0  516  516  517 1526648447.983978
    0  516  517  516 1526648447.988723
    0  517  517  517 1526648447.992853
    0  517  517  517 1526648447.997128
    0  516  517  517 1526648448.001107
    0  517  517  516 1526648448.005102
    0  516  517  517 1526648448.009351
    0  516  517  516 1526648448.013224
    0  516  516  517 1526648448.018601
    0  517  517  516 1526648448.022479
    0  516  516  517 1526648448.026473
    0  516  516  517 1526648448.030851
    0  517  516  517 1526648448.034856
    0  517  517  516 1526648448.039101
    0  516  517  517 1526648448.043102
    0  517  517  516 1526648448.048345
    0  516  516  517 1526648448.052351
    0  516  516  517 1526648448.056352
    0  516  517  516 1526648448.060357
    0  516  517  517 1526648448.064352
    0  516  517  517 1526648448.068658
    0  517  517  516 1526648448.072524
    0  516  516  517 1526648448.077651
    0  517  517  516 1526648448.082095
    0  517  517  517 1526648448.085970
    0  516  516  516 1526648448.090476
    0  516  517  516 1526648448.094468
    0  516  516  516 1526648448.098721
    0  516  517  517 1526648448.102594
    0  516  517  517 1526648448.106474
    0  516  517  516 1526648448.111342
    0  516  517  516 1526648448.115345
    0  516  517  516 1526648448.119596
    0  516  517  516 1526648448.123595
    0  516  517  517 1526648448.127601
    0  517  517  516 1526648448.131598
    0  516  517  517 1526648448.135767
    0  516  516  516 1526648448.141099
    0  516  516  517 1526648448.145097
    0  516  517  516 1526648448.149554
    0  516  517  516 1526648448.153600
    0  516  516  516 1526648448.157598
    0  517  517  516 1526648448.161848
    0  516  517  517 1526648448.165720
    0  517  517  516 1526648448.171098
    0  516  517  516 1526648448.174975
    0  516  516  517 1526648448.178972
    0  516  517  517 1526648448.183352
    0  516  517  516 1526648448.187348
    0  516  516  516 1526648448.191470
    0  516  516  517 1526648448.195474
    0  516  517  516 1526648448.200847
    0  516  517  516 1526648448.204848
    0  516  517  516 1526648448.208846
    0  516  516  517 1526648448.212841
    0  516  517  517 1526648448.216846
    0  516  517  517 1526648448.221221
    0  516  516  517 1526648448.225223
    0  517  517  517 1526648448.230095
    0  516  516  516 1526648448.234598
    0  516  517  517 1526648448.238472
    0  516  517  516 1526648448.242718
    0  516  517  517 1526648448.246714
    0  517  517  517 1526648448.251164
    0  516  516  517 1526648448.254963
    0  516  517  517 1526648448.259974
    0  516  517  517 1526648448.263838
    0  516  517  517 1526648448.267842
    0  516  517  517 1526648448.272093
    0  517  517  516 1526648448.276096
    0  517  517  516 1526648448.280093
    0  517  517  516 1526648448.284091
    0  517  517  516 1526648448.288093
    0  516  517  517 1526648448.292508
    0  516  517  517 1526648448.296468
    0  516  516  517 1526648448.300383
    0  516  516  517 1526648448.304349
    0  516  517  516 1526648448.308344
    0  517  517  516 1526648448.312716
    0  516  517  516 1526648448.316715
    0  516  517  516 1526648448.322296
    0  516  517  516 1526648448.326217
    0  516  517  516 1526648448.330215
    0  517  517  517 1526648448.334592
    0  516  517  517 1526648448.338594
    0  516  517  517 1526648448.342965
    0  517  517  516 1526648448.347086
    0  516  517  517 1526648448.352580
    0  516  516  516 1526648448.356591
    0  516  517  516 1526648448.360590
    0  516  517  516 1526648448.364718
    0  516  516  516 1526648448.368715
    0  516  516  516 1526648448.373100
    0  517  517  516 1526648448.377086
    0  516  516  517 1526648448.382100
    0  516  517  516 1526648448.386462
    0  517  517  516 1526648448.390468
    0  516  517  517 1526648448.394967
    0  516  516  517 1526648448.398840
    0  516  516  516 1526648448.403234
    0  517  517  516 1526648448.407218
    0  516  516  517 1526648448.412215
    0  516  516  517 1526648448.416592
    0  516  517  516 1526648448.420591
    0  517  517  516 1526648448.424837
    0  516  516  516 1526648448.428707
    0  517  517  516 1526648448.432582
    0  516  517  517 1526648448.436832
    0  516  517  516 1526648448.441844
    0  517  517  516 1526648448.445964
    0  516  516  516 1526648448.449968
    0  516  516  516 1526648448.454371
    0  517  517  516 1526648448.458338
    0  516  517  516 1526648448.462341
    0  517  517  517 1526648448.466335
    0  516  517  517 1526648448.470336
    0  517  517  516 1526648448.474720
    0  516  516  516 1526648448.478720
    0  517  517  517 1526648448.482712
    0  516  517  517 1526648448.486711
    0  517  517  517 1526648448.490708
    0  516  517  516 1526648448.494955
    0  516  517  517 1526648448.498960
    0  516  516  516 1526648448.503848
    0  516  516  517 1526648448.508336
    0  516  517  516 1526648448.512337
    0  516  517  517 1526648448.516838
    0  517  516  516 1526648448.520836
    0  517  517  517 1526648448.525207
    0  517  516  516 1526648448.529208
    0  516  517  516 1526648448.534214
    0  517  517  516 1526648448.538708
    0  516  517  517 1526648448.542742
    0  517  517  516 1526648448.547210
    0  516  517  516 1526648448.551203
    0  516  517  516 1526648448.555454
    0  517  517  516 1526648448.559327
    0  516  517  516 1526648448.564327
    0  517  517  516 1526648448.568955
    0  516  517  516 1526648448.572959
    0  516  517  516 1526648448.577456
    0  516  517  516 1526648448.581458
    0  517  517  516 1526648448.585707
    0  516  517  517 1526648448.589710
    0  516  516  516 1526648448.594708
    0  516  516  516 1526648448.599083
    0  517  517  517 1526648448.603081
    0  516  517  517 1526648448.607465
    0  516  517  516 1526648448.611456
    0  517  517  517 1526648448.615833
    0  516  516  517 1526648448.619832
    0  516  516  517 1526648448.624835
    0  516  517  517 1526648448.629331
    0  517  517  516 1526648448.633335
    0  516  516  516 1526648448.637830
    0  517  517  517 1526648448.641831
    0  516  517  516 1526648448.646201
    0  517  517  516 1526648448.650088
    0  516  516  517 1526648448.655089
    0  516  517  517 1526648448.659460
    0  516  516  517 1526648448.663456
    0  517  517  516 1526648448.667954
    0  516  516  516 1526648448.671830
    0  516  517  516 1526648448.676203
    0  517  516  517 1526648448.680209
    0  516  517  517 1526648448.685210
    0  516  516  517 1526648448.689579
    0  516  516  517 1526648448.693577
    0  516  517  516 1526648448.697950
    0  517  517  516 1526648448.701823
    0  516  516  517 1526648448.705699
    0  516  517  516 1526648448.709823
    0  516  517  517 1526648448.714726
    0  517  517  516 1526648448.718578
    0  516  517  517 1526648448.722707
    0  516  517  516 1526648448.727198
    0  516  517  517 1526648448.731201
    0  516  517  517 1526648448.735201
    0  516  517  517 1526648448.739202
    0  517  517  516 1526648448.743204
    0  516  517  517 1526648448.747826
    0  517  517  517 1526648448.751827
    0  516  517  517 1526648448.755826
    0  516  516  516 1526648448.760205
    0  516  517  516 1526648448.764202
    0  516  517  516 1526648448.768323
    0  517  517  516 1526648448.772323
    0  516  516  516 1526648448.777575
    0  517  517  516 1526648448.781573
    0  516  517  517 1526648448.785574
    0  516  517  517 1526648448.789576
    0  516  516  517 1526648448.793577
    0  517  517  516 1526648448.797823
    0  516  517  516 1526648448.802829
    0  517  517  516 1526648448.807401
    0  517  517  516 1526648448.811316
    0  517  517  516 1526648448.815320
    0  517  517  517 1526648448.820450
    0  517  517  516 1526648448.824450
    0  517  517  516 1526648448.828573
    0  516  517  516 1526648448.832454
    0  516  517  516 1526648448.836324
    0  516  517  517 1526648448.840198
    0  516  517  517 1526648448.844194
    0  516  517  516 1526648448.848572
    0  517  517  516 1526648448.853443
    0  516  517  517 1526648448.857859
    0  516  516  517 1526648448.861693
    0  516  517  516 1526648448.865566
    0  516  517  516 1526648448.869949
    0  516  517  517 1526648448.873815
    0  516  516  517 1526648448.878143
    0  517  517  516 1526648448.883189
    0  517  517  517 1526648448.887072
    0  516  516  517 1526648448.891074
    0  516  517  517 1526648448.894948
    0  516  517  517 1526648448.898821
    0  516  517  516 1526648448.902825
    0  517  517  516 1526648448.906820
    0  517  517  516 1526648448.911692
    0  516  517  517 1526648448.915938
    0  516  517  516 1526648448.919814
    0  516  516  517 1526648448.923689
    0  516  516  516 1526648448.927945
    0  517  517  517 1526648448.936945
    0  516  517  516 1526648448.941947
    0  516  517  516 1526648448.946192
    0  516  517  516 1526648448.950073
    0  516  517  516 1526648448.953938
    0  517  516  516 1526648448.958193
    0  516  517  516 1526648448.962062
    0  517  517  517 1526648448.966316
    0  516  516  517 1526648448.971311
    0  516  516  516 1526648448.975187
    0  516  517  517 1526648448.979443
    0  516  516  517 1526648448.983444
    0  516  517  517 1526648448.987695
    0  517  517  516 1526648448.991569
    0  516  516  516 1526648448.995437
    0  516  517  517 1526648448.999817
    0  516  517  517 1526648449.004691
    0  516  517  516 1526648449.008685
    0  516  516  517 1526648449.012559
    0  516  517  517 1526648449.016827
    0  516  517  516 1526648449.020811
    0  517  517  516 1526648449.024811
    0  517  517  516 1526648449.028983
    0  516  517  516 1526648449.033819
    0  516  517  516 1526648449.038192
    0  517  517  516 1526648449.042071
    0  516  517  516 1526648449.045944
    0  516  517  516 1526648449.050320
    0  517  517  516 1526648449.054184
    0  516  517  516 1526648449.058435
    0  516  517  516 1526648449.063432
    0  517  516  517 1526648449.067813
    0  516  516  517 1526648449.071816
    0  516  517  517 1526648449.075817
    0  516  516  517 1526648449.079809
    0  516  516  517 1526648449.083684
    0  517  517  516 1526648449.087947
    0  516  517  517 1526648449.093062
    0  516  517  517 1526648449.097475
    0  517  517  516 1526648449.101317
    0  516  517  516 1526648449.105318
    0  516  516  517 1526648449.109807
    0  517  517  516 1526648449.113812
    0  517  517  516 1526648449.118060
    0  516  517  517 1526648449.122063
    0  516  517  517 1526648449.126315
    0  516  517  516 1526648449.130306
    0  516  517  516 1526648449.134433
    0  516  516  516 1526648449.138938
    0  516  517  516 1526648449.142805
