   30  517  516  516 1526648985.374517
   30  516  516  517 1526648985.378514
   30  516  516  517 1526648985.382390
   30  517  516  517 1526648985.386769
   29  517  516  516 1526648985.390774
   30  517  517  516 1526648985.394773
   30  517  516  517 1526648985.398847
   30  517  517  516 1526648985.403661
   30  516  516  516 1526648985.407667
   30  516  516  517 1526648985.411676
   30  517  516  516 1526648985.415518
   30  517  517  516 1526648985.419521
   30  517  517  516 1526648985.423522
   30  517  516  516 1526648985.427401
   30  516  517  516 1526648985.431397
   30  517  517  516 1526648985.436267
   30  516  516  517 1526648985.440269
   30  517  516  516 1526648985.444270
   30  516  516  517 1526648985.448271
   30  517  516  516 1526648985.452269
   30  517  517  516 1526648985.456268
   30  517  517  516 1526648985.460265
   30  516  517  516 1526648985.464142
   30  517  516  516 1526648985.468158
   30  517  517  516 1526648985.472142
   30  516  516  517 1526648985.476145
   30  516  516  516 1526648985.480144
   29  517  517  516 1526648985.484145
   30  516  516  516 1526648985.488147
   30  516  516  517 1526648985.492143
   30  516  516  517 1526648985.497019
   30  517  516  516 1526648985.501140
   30  517  516  517 1526648985.505143
   30  516  517  516 1526648985.509138
   30  516  517  516 1526648985.513011
   30  516  516  517 1526648985.516886
   29   40   38   33 1526648985.520761
   29  517  516  516 1526648985.524761
   30  516  517  517 1526648985.529659
   30  516  516  517 1526648985.533514
   30  517  517  516 1526648985.537392
   30  516  516  517 1526648985.541259
   30  517  517  516 1526648985.545132
   29  517  517  516 1526648985.549016
   29   41   38   33 1526648985.552893
   29  517  516  516 1526648985.557882
   30  516  516  517 1526648985.562020
   30  517  516  516 1526648985.566015
   30  517  516  516 1526648985.570137
   30  517  516  516 1526648985.574139
   30  517  516  516 1526648985.578882
   30  517  516  516 1526648985.582758
   30  517  516  516 1526648985.586949
   30  516  516  517 1526648985.591887
   30  516  517  517 1526648985.596070
   30  516  516  516 1526648985.600018
   30  517  516  516 1526648985.603892
   30  516  517  517 1526648985.607882
   30  516  516  516 1526648985.611881
   30  517  517  516 1526648985.616278
   30  517  516  516 1526648985.621513
   30  517  516  516 1526648985.625893
   30  517  516  517 1526648985.629889
   30  517  516  516 1526648985.633880
   30  517  516  517 1526648985.638142
   30  517  517  516 1526648985.642007
   29  517  516  516 1526648985.646262
   30  516  516  517 1526648985.651130
   30  516  516  517 1526648985.655015
   30  516  516  516 1526648985.659387
   30  516  516  517 1526648985.663385
   30  516  517  516 1526648985.667652
   30  517  517  516 1526648985.671545
   30  517  516  516 1526648985.675378
   30  516  516  517 1526648985.680758
   30  517  516  517 1526648985.684666
   30  517  516  516 1526648985.688510
   30  516  516  517 1526648985.692515
   29  517  516  516 1526648985.696781
   30  517  516  516 1526648985.700643
   30  516  517  517 1526648985.704503
   30  516  517  516 1526648985.710176
   30  516  516  516 1526648985.714016
   29  516  516  517 1526648985.718262
   31  517  516  516 1526648985.722252
   30  516  516  517 1526648985.726135
   29  516  516  516 1526648985.730509
   30  516  516  517 1526648985.734384
   30  516  516  516 1526648985.738650
   30  517  516  516 1526648985.743505
   30  517  517  516 1526648985.747655
   30  517  517  516 1526648985.751500
   30  516  516  516 1526648985.755501
   30  517  517  516 1526648985.759500
   30  517  516  516 1526648985.763375
   30  517  517  516 1526648985.767644
   30  517  516  516 1526648985.772654
   29  516  516  517 1526648985.776512
   30  516  516  516 1526648985.780762
   30  516  516  517 1526648985.784652
   30  517  516  516 1526648985.788877
   30  516  516  517 1526648985.792758
   30  516  516  517 1526648985.796624
   30  517  516  516 1526648985.802328
   29  516  516  517 1526648985.806125
   29  516  516  516 1526648985.809999
   30  517  516  516 1526648985.814010
   30  516  517  517 1526648985.818251
   30  516  516  516 1526648985.822130
   30  516  516  516 1526648985.826001
   30  516  516  516 1526648985.830132
   30  516  516  516 1526648985.834248
   30  516  516  517 1526648985.838376
   30  517  516  517 1526648985.842257
   30  516  517  516 1526648985.846123
   30  517  516  516 1526648985.850382
   30  516  516  517 1526648985.854248
   30  517  516  516 1526648985.858503
   30  517  516  516 1526648985.863390
   30  517  516  516 1526648985.867246
   30  516  517  516 1526648985.871621
   30  517  517  517 1526648985.875664
   30  517  517  516 1526648985.880008
   30  516  516  517 1526648985.883872
   30  517  517  516 1526648985.887753
   30  517  517  516 1526648985.893121
   30  517  516  516 1526648985.897008
   30  516  516  517 1526648985.900871
   30  516  517  516 1526648985.904756
   30  517  516  517 1526648985.908995
   30  517  516  517 1526648985.912870
   30  516  516  516 1526648985.916755
   30  517  516  517 1526648985.921133
   30  516  516  517 1526648985.925750
   30  517  516  516 1526648985.929993
   29  516  516  517 1526648985.933877
   30  517  516  516 1526648985.937751
   30  516  516  516 1526648985.941751
   30  516  516  517 1526648985.945749
   30  516  516  516 1526648985.950130
   30  516  517  516 1526648985.955130
   29  516  516  517 1526648985.959497
   30  517  516  516 1526648985.963503
   30  517  517  516 1526648985.967506
   30  517  516  516 1526648985.971499
   30  517  516  516 1526648985.975375
   29  517  516  516 1526648985.979623
   30  517  516  516 1526648985.983622
   29  517  516  516 1526648985.988754
   30  516  516  516 1526648985.993248
   29  516  517  517 1526648985.997252
   30  517  516  516 1526648986.001750
   30  517  517  516 1526648986.005648
   30  516  516  517 1526648986.009997
   30  516  516  516 1526648986.013999
   30  517  516  516 1526648986.018877
   29  516  516  517 1526648986.023250
   30  517  516  517 1526648986.027250
   30  517  517  517 1526648986.031494
   30  517  517  516 1526648986.035368
   30  517  516  516 1526648986.039246
   31  516  516  517 1526648986.043621
   30  516  516  517 1526648986.048500
   30  517  516  516 1526648986.052645
   30  516  516  517 1526648986.056623
   30  517  516  517 1526648986.060913
   30  516  516  517 1526648986.064873
   29  517  516  516 1526648986.068748
   30  517  516  516 1526648986.072873
   30  516  516  517 1526648986.077750
   29  516  516  517 1526648986.082250
   31  517  516  516 1526648986.086250
   30  517  517  516 1526648986.090246
   30  516  516  517 1526648986.094752
   30  517  517  516 1526648986.098749
   30  517  516  516 1526648986.103245
   30  517  516  516 1526648986.108254
   30  517  517  516 1526648986.112622
   29  516  517  516 1526648986.116621
   30  517  516  516 1526648986.120619
   30  516  516  517 1526648986.124996
   30  516  517  516 1526648986.128917
   30  516  516  516 1526648986.132997
   30  516  516  517 1526648986.137868
   30  517  516  516 1526648986.142023
   30  516  516  516 1526648986.145998
   30  517  516  517 1526648986.149997
   30  517  517  517 1526648986.153865
   30  517  516  516 1526648986.157743
   30  517  516  516 1526648986.161995
   30  517  516  516 1526648986.165994
   30  517  516  516 1526648986.170364
   30  516  517  516 1526648986.174500
   30  517  516  516 1526648986.178501
   30  516  516  517 1526648986.182865
   30  517  516  516 1526648986.186747
   30  517  516  517 1526648986.190742
   30  516  516  516 1526648986.194747
   30  516  516  517 1526648986.199740
   30  516  516  517 1526648986.203994
   30  517  516  516 1526648986.207999
   30  517  517  516 1526648986.211993
   30  516  516  517 1526648986.215992
   31  516  516  516 1526648986.220369
   30  516  516  517 1526648986.224368
   30  517  516  517 1526648986.229999
   30  517  516  516 1526648986.233995
   30  516  516  517 1526648986.237996
   30  517  517  516 1526648986.242121
   30  516  516  517 1526648986.246115
   30  517  516  517 1526648986.250390
   30  517  516  517 1526648986.254244
   30  517  516  516 1526648986.259236
   30  516  516  516 1526648986.263495
   30  516  516  516 1526648986.267497
   30  517  516  516 1526648986.271866
   30  516  516  516 1526648986.275738
   30  516  516  517 1526648986.279744
   30  517  517  517 1526648986.284241
   29  516  516  517 1526648986.289372
   30  516  516  517 1526648986.293740
   30  516  517  516 1526648986.297739
   29  516  516  517 1526648986.302118
   29  517  517  516 1526648986.306109
   30  516  516  516 1526648986.309989
   30  516  517  517 1526648986.314233
   30  517  516  516 1526648986.318113
   30  516  516  516 1526648986.322863
   30  516  517  516 1526648986.326868
   30  517  517  517 1526648986.331238
   30  517  516  516 1526648986.335240
   29  517  517  516 1526648986.339243
   30  517  517  516 1526648986.343364
   29  517  516  517 1526648986.347471
   30  516  516  517 1526648986.352863
   30  517  516  516 1526648986.356771
   30  517  516  516 1526648986.360743
   31  517  516  516 1526648986.365237
   30  516  516  517 1526648986.369240
   30  516  516  517 1526648986.373866
   30  517  516  517 1526648986.377800
   30  516  516  517 1526648986.383136
   30  517  516  517 1526648986.387115
   30  516  516  516 1526648986.391109
   30  517  517  516 1526648986.395609
   29  516  516  517 1526648986.399484
   30  516  516  517 1526648986.403488
   30  516  516  517 1526648986.407488
   30  516  517  517 1526648986.412732
   30  516  516  517 1526648986.416736
   30  517  516  516 1526648986.420734
   30  517  516  516 1526648986.424779
   30  516  517  516 1526648986.428730
   30  517  516  516 1526648986.432855
   30  516  517  517 1526648986.436730
   30  517  516  516 1526648986.441694
   30  516  516  517 1526648986.445981
   30  517  516  516 1526648986.449983
   30  516  516  517 1526648986.454364
   30  517  516  516 1526648986.458363
   30  517  516  516 1526648986.462372
   30  517  516  516 1526648986.466733
   30  516  516  517 1526648986.470732
   30  516  516  517 1526648986.475734
   30  517  517  517 1526648986.479734
   30  516  517  516 1526648986.483987
   30  516  516  516 1526648986.487983
   29  516  516  516 1526648986.491989
   30  517  516  516 1526648986.495863
   30  517  516  517 1526648986.499734
   29  516  516  517 1526648986.504484
   29  516  517  517 1526648986.508486
   29  517  516  516 1526648986.512484
   29  516  517  517 1526648986.516858
   29  516  516  517 1526648986.520737
   30  517  517  516 1526648986.524981
   30  516  517  517 1526648986.528982
   31  516  516  517 1526648986.534102
   30  516  516  517 1526648986.538110
   30  516  516  516 1526648986.542109
   30  516  516  517 1526648986.546103
   30  516  516  517 1526648986.549982
   30  517  516  516 1526648986.554225
   30  516  516  517 1526648986.558232
   30  516  516  516 1526648986.563362
   30  517  516  516 1526648986.567857
   30  516  516  516 1526648986.571857
   30  517  516  516 1526648986.576359
   30  516  516  517 1526648986.580225
   29  516  516  517 1526648986.584478
   30  517  516  516 1526648986.588349
   30  516  516  516 1526648986.593364
   30  516  516  517 1526648986.597725
   30  516  516  517 1526648986.601731
   30  517  517  516 1526648986.605856
   30  517  517  516 1526648986.609729
   30  516  516  517 1526648986.613729
   30  516  516  517 1526648986.618226
   30  516  516  516 1526648986.623361
   30  517  516  517 1526648986.627353
   30  516  516  517 1526648986.631103
   30  517  516  516 1526648986.635664
   30  517  516  516 1526648986.639605
   30  516  516  517 1526648986.643603
   29  517  516  516 1526648986.647605
   29  516  516  516 1526648986.651603
   30  516  516  517 1526648986.656103
   30  516  516  517 1526648986.660108
   30  517  516  516 1526648986.664106
   29  517  517  516 1526648986.668480
   30  516  516  517 1526648986.672478
   30  517  517  516 1526648986.676854
   30  516  516  516 1526648986.680726
   30  516  516  517 1526648986.686259
   30  516  516  517 1526648986.690229
   30  517  516  516 1526648986.694225
   30  516  516  516 1526648986.698726
   30  516  516  517 1526648986.702603
   30  516  516  517 1526648986.706852
   30  516  516  517 1526648986.710847
   30  516  517  517 1526648986.716097
   30  517  516  516 1526648986.720102
   30  516  516  516 1526648986.724101
   30  517  516  517 1526648986.728113
   30  517  516  516 1526648986.732095
   30  517  516  516 1526648986.736345
   30  516  516  517 1526648986.740220
   29  517  516  516 1526648986.745812
   30  517  517  516 1526648986.749851
   30  517  516  516 1526648986.753725
   30  516  516  517 1526648986.758100
   30  516  516  517 1526648986.762101
   30  517  516  517 1526648986.766601
   30  516  516  516 1526648986.770600
   29  517  516  517 1526648986.775599
   30  516  517  516 1526648986.780099
   30  517  516  517 1526648986.784102
   30  516  517  516 1526648986.788599
   30  517  517  516 1526648986.792599
   30  517  517  516 1526648986.796844
   30  517  517  516 1526648986.800849
   29  516  516  517 1526648986.805847
   30  516  516  517 1526648986.810347
   30  517  516  517 1526648986.814348
   30  516  516  517 1526648986.818851
   31  516  516  517 1526648986.822848
   30  516  516  517 1526648986.827094
  158  516  516  516 1526648986.831101
   30   40   38   34 1526648986.835968
   30  517  516  516 1526648986.840346
   29  516  516  517 1526648986.844218
   30  517  516  516 1526648986.848475
   30  517  516  516 1526648986.852466
   30  517  517  516 1526648986.856340
   30  517  516  516 1526648986.860716
   30  516  516  516 1526648986.864596
   30  516  516  516 1526648986.869341
   30  517  516  516 1526648986.873472
   30  516  516  516 1526648986.877843
   30  517  516  517 1526648986.881847
   30  516  516  516 1526648986.885849
   30  516  516  517 1526648986.889719
   30  516  517  516 1526648986.893719
   30  517  517  516 1526648986.899219
   30  517  516  516 1526648986.903096
   30  517  516  517 1526648986.907096
   30  516  516  517 1526648986.911470
   30  516  516  516 1526648986.915469
   30  516  517  516 1526648986.919722
   30  516  516  517 1526648986.923718
   30  517  517  516 1526648986.928970
   30  516  516  516 1526648986.932965
   31  516  516  516 1526648986.936968
   30  517  516  517 1526648986.940967
   30  516  516  516 1526648986.944969
   30  516  516  516 1526648986.949219
   30  517  517  516 1526648986.953216
   30  516  516  516 1526648986.958263
   30  517  517  516 1526648986.962844
   30  517  517  516 1526648986.966717
   30  516  516  517 1526648986.971220
   29  517  517  516 1526648986.975213
   29  516  516  516 1526648986.979475
   30  516  516  517 1526648986.983338
   30  516  516  516 1526648986.988326
   30  517  516  516 1526648986.992587
   30  517  517  516 1526648986.996715
   30  517  516  517 1526648987.001093
   30  517  516  516 1526648987.005095
   30  517  517  516 1526648987.009096
   30  517  516  516 1526648987.013592
   30  516  516  517 1526648987.018588
   29  516  516  517 1526648987.022599
   30  517  516  516 1526648987.026595
   30  516  517  516 1526648987.030840
   29  516  516  517 1526648987.034843
   30  517  517  516 1526648987.038840
   30  516  516  517 1526648987.042718
   30  516  517  516 1526648987.046588
   30  517  516  516 1526648987.051090
   30  517  516  516 1526648987.054965
   30  517  516  516 1526648987.058966
   30  517  517  516 1526648987.062968
   30  517  517  516 1526648987.066961
   30  516  517  516 1526648987.071215
   30  517  516  516 1526648987.075212
   30  517  516  516 1526648987.080773
   30  517  516  516 1526648987.084714
   30  516  516  517 1526648987.088714
   30  516  516  517 1526648987.093215
   30  516  516  516 1526648987.097215
   30  516  516  517 1526648987.101708
   30  517  517  517 1526648987.105587
   30  517  517  516 1526648987.110468
   30  517  516  516 1526648987.114842
   30  516  517  517 1526648987.118837
   30  517  517  517 1526648987.123210
   30  517  516  516 1526648987.127084
   29  517  516  516 1526648987.130965
   30  517  516  516 1526648987.135458
   30  516  517  517 1526648987.140462
   30  516  516  516 1526648987.144463
   29  516  516  517 1526648987.148461
   29  517  516  516 1526648987.152838
   30  517  517  516 1526648987.156831
   30  517  517  517 1526648987.160707
   30  516  516  516 1526648987.164580
   30  517  516  517 1526648987.169595
   30  517  516  516 1526648987.173959
   30  517  517  516 1526648987.177961
   30  517  517  516 1526648987.182337
   30  516  516  516 1526648987.186335
   30  517  517  516 1526648987.190333
   30  516  516  516 1526648987.194584
   30  517  516  516 1526648987.198586
   30  517  516  517 1526648987.203079
   30  517  517  516 1526648987.207083
   30  516  516  517 1526648987.211086
   30  517  516  516 1526648987.215088
   30  517  516  516 1526648987.219084
   30  517  516  517 1526648987.223343
   31  516  516  516 1526648987.227489
   30  516  517  516 1526648987.232835
   30  516  516  517 1526648987.236837
   30  516  516  517 1526648987.240836
   30  516  516  517 1526648987.244962
   30  516  516  517 1526648987.248958
   30  516  516  517 1526648987.253332
   30  517  517  516 1526648987.257332
   30  517  517  516 1526648987.262086
   30  516  516  516 1526648987.266582
   30  516  516  517 1526648987.270458
   30  516  517  517 1526648987.274958
   30  517  516  516 1526648987.278952
   30  516  516  517 1526648987.283202
   30  517  516  517 1526648987.287202
   30  516  517  517 1526648987.292202
   30  516  516  517 1526648987.296578
   30  517  517  516 1526648987.300585
   30  517  517  516 1526648987.304830
   30  517  516  517 1526648987.308835
   30  516  516  517 1526648987.312829
   30  517  516  517 1526648987.317330
   30  516  517  517 1526648987.322335
   30  516  517  517 1526648987.326206
   30  516  517  516 1526648987.330209
   30  516  516  517 1526648987.334579
   30  517  516  516 1526648987.338584
   31  517  516  516 1526648987.342581
   30  517  517  516 1526648987.346581
   30  517  516  516 1526648987.351577
   30  517  516  516 1526648987.355827
   29  516  516  517 1526648987.359832
   30  517  516  516 1526648987.364218
   30  517  516  516 1526648987.368206
   30  517  516  516 1526648987.372202
   29  517  517  516 1526648987.376328
   30  516  516  517 1526648987.380326
   30  517  516  516 1526648987.385702
   30  517  516  517 1526648987.389707
   30  517  517  517 1526648987.393700
   30  516  516  516 1526648987.398205
   30  516  517  517 1526648987.402204
   30  516  517  516 1526648987.406720
   29  517  516  516 1526648987.411893
   30  516  516  516 1526648987.416204
   30  517  517  516 1526648987.420078
   30  517  516  516 1526648987.423957
   30  516  516  516 1526648987.428447
   29  517  516  516 1526648987.432322
   30  516  516  517 1526648987.436696
   30  517  517  516 1526648987.440578
   30  516  516  517 1526648987.445358
   30  516  516  517 1526648987.449453
   30  517  516  517 1526648987.453454
   30  516  516  517 1526648987.457451
   30  516  516  517 1526648987.461455
   30  516  516  517 1526648987.465820
   30  517  516  516 1526648987.469980
   29  517  516  516 1526648987.475321
   30  516  517  517 1526648987.479203
   30  517  516  516 1526648987.483202
   29   42   40   34 1526648987.487329
   30  517  517  516 1526648987.491329
   30  517  516  516 1526648987.495571
   30  516  516  517 1526648987.499572
   30  516  516  517 1526648987.504579
   30  516  516  517 1526648987.508947
   30  517  516  517 1526648987.512951
   30  516  516  517 1526648987.517329
   30  517  516  516 1526648987.521326
   30  516  517  517 1526648987.525730
   30  516  517  516 1526648987.529696
   30  517  517  517 1526648987.534698
   29  516  516  517 1526648987.539073
   29  516  516  517 1526648987.543074
   30  517  516  517 1526648987.547445
   30  517  516  516 1526648987.551322
   30  516  516  517 1526648987.555198
   30  516  516  517 1526648987.559697
   29  516  516  517 1526648987.564570
   29   42   40   34 1526648987.568573
   30  516  516  516 1526648987.572574
   30  516  516  517 1526648987.576839
   30  516  517  517 1526648987.580816
   30  517  517  516 1526648987.584694
   30  516  516  516 1526648987.588566
   30  516  516  517 1526648987.593603
   30  517  516  516 1526648987.598067
   30  516  516  517 1526648987.602069
   30  517  516  517 1526648987.606678
   30  516  516  517 1526648987.610699
   30  517  516  516 1526648987.614699
   30  516  516  517 1526648987.618823
   30  517  516  516 1526648987.623816
   30  516  516  517 1526648987.628194
   30  517  517  516 1526648987.632199
   30  516  517  517 1526648987.636199
   30  517  517  516 1526648987.640573
   30  517  516  516 1526648987.644571
   31  516  516  516 1526648987.648946
   30  516  516  516 1526648987.653815
   30  517  516  516 1526648987.658069
   30  517  517  516 1526648987.662071
   30  517  517  517 1526648987.666074
   29   41   40   34 1526648987.670068
   30  517  516  517 1526648987.674078
   29  517  517  516 1526648987.678447
   30  516  516  517 1526648987.682443
   30  516  516  517 1526648987.687815
   31  516  516  516 1526648987.691819
   30  516  516  517 1526648987.695819
   30  517  516  516 1526648987.701251
   30  517  516  516 1526648987.705068
   30  516  516  516 1526648987.709316
   30  517  517  516 1526648987.713315
   29  517  517  516 1526648987.717183
   31  517  517  517 1526648987.721567
   30  516  517  517 1526648987.725695
   30  516  516  517 1526648987.730066
   31  517  516  516 1526648987.733935
   30  517  516  516 1526648987.738234
   30  516  516  517 1526648987.742191
   29  517  517  516 1526648987.746068
   30  516  516  517 1526648987.750440
   30  517  516  517 1526648987.755311
   30  517  516  516 1526648987.759435
   30  516  516  517 1526648987.763311
   30  517  517  516 1526648987.767185
   30  516  517  517 1526648987.771685
   30  517  517  516 1526648987.775562
   30  517  516  516 1526648987.779809
   30  517  517  516 1526648987.783812
   30  516  516  517 1526648987.789067
   30  517  516  516 1526648987.792942
   29  516  516  516 1526648987.796811
   30  517  517  516 1526648987.800814
   30  516  517  517 1526648987.804688
   30  517  517  517 1526648987.808689
   30  517  516  516 1526648987.812728
   30  516  516  517 1526648987.817437
   30  516  516  517 1526648987.822056
   30  516  516  517 1526648987.825931
   29  516  516  517 1526648987.829806
   30  516  516  516 1526648987.833683
   30  517  516  516 1526648987.837556
   29  517  517  516 1526648987.842059
   30  516  517  517 1526648987.846931
   30   42   41   34 1526648987.850807
   30  516  516  517 1526648987.855062
   30  517  516  516 1526648987.858930
   29  517  516  516 1526648987.863061
   30  517  516  516 1526648987.866935
   30  516  517  517 1526648987.870804
   30  516  516  517 1526648987.874813
   30  516  516  517 1526648987.879062
   30  516  516  516 1526648987.883313
   30  517  517  517 1526648987.887188
   30  517  517  516 1526648987.891053
   29  516  516  516 1526648987.895553
   30  516  516  517 1526648987.899435
   29  516  516  517 1526648987.903809
   30  517  517  516 1526648987.909061
   29  517  516  516 1526648987.913307
   30  517  516  516 1526648987.917187
   30  517  516  516 1526648987.921069
   30  516  516  517 1526648987.924927
   30  516  516  516 1526648987.928928
   29  516  516  517 1526648987.933055
   30  517  516  516 1526648987.938061
   30  517  516  516 1526648987.942061
   30  516  516  516 1526648987.946561
   30  516  517  517 1526648987.950426
   30  517  516  517 1526648987.954808
   30  516  516  517 1526648987.958686
   30  517  516  516 1526648987.963002
   29  517  517  516 1526648987.967931
   30  517  516  516 1526648987.971814
   30  516  516  517 1526648987.975681
   30  516  517  517 1526648987.979560
   30  517  516  516 1526648987.983943
   30  516  516  517 1526648987.988302
   30  517  516  516 1526648987.992178
