  516  516   32  516 1526648805.480195
  516  516   32  516 1526648805.484194
  517  516   32  516 1526648805.488067
  516  517   32  517 1526648805.492813
  516  516   32  516 1526648805.496952
  517  517   32  516 1526648805.501199
  516  516   32  516 1526648805.505198
  516  516   32  517 1526648805.509948
  516  516   32  517 1526648805.513950
  516  517   32  516 1526648805.517947
  516  516   32  517 1526648805.521949
  516  516   32  516 1526648805.525949
  516  517   32  516 1526648805.529822
  516  516   32  516 1526648805.533827
  516  516   33  517 1526648805.537825
  516  517   32  516 1526648805.542817
  516  516   32  517 1526648805.546818
  516  516   32  516 1526648805.550822
  516  516   32  516 1526648805.554825
  517  516   32  516 1526648805.558825
  517  516   32  516 1526648805.562945
  516  516   32  517 1526648805.566949
  516  517   32  517 1526648805.572245
  516  516   32  517 1526648805.576072
  516  517   32  516 1526648805.580069
  516  516   32  516 1526648805.584071
  516  516   31  517 1526648805.588072
  517  516   32  517 1526648805.592074
  516  516   32  517 1526648805.596072
  516  517   32  517 1526648805.599946
  516  517   32  516 1526648805.604700
  516  516   32  517 1526648805.608572
  517  516   32  517 1526648805.612572
  516  516   32  517 1526648805.616573
  516  517   32  517 1526648805.620569
  516  517   32  517 1526648805.624443
  517  517   32  516 1526648805.628326
  516  516   32  517 1526648805.633481
  516  517   32  516 1526648805.637448
  516  516   32  517 1526648805.641444
  517  516   32  516 1526648805.645569
  516  516   32  516 1526648805.649443
  516  517   32  516 1526648805.653446
  516  516   32  516 1526648805.657442
  516  516   32  516 1526648805.661443
  516  516   32  517 1526648805.665818
  516  516   32  517 1526648805.669816
  516  516   32  516 1526648805.673819
  517  516   32  517 1526648805.677652
  516  517   32  516 1526648805.681441
  516  516   32  516 1526648805.685311
  517  517   32  517 1526648805.689438
  516  516   32  517 1526648805.693311
  516  517   32  517 1526648805.698061
  516  516   32  517 1526648805.701933
  516  516   32  517 1526648805.705810
  517  516   32  517 1526648805.709809
  516  516   32  516 1526648805.713820
  516  516   32  517 1526648805.717683
  516  516   32  517 1526648805.721690
  516  516   32  517 1526648805.725816
  517  517   32  516 1526648805.729819
  517  516   32  516 1526648805.733816
  517  516   32  517 1526648805.737820
  516  516   32  516 1526648805.742762
  516  517   32  517 1526648805.746683
  516  516   32  516 1526648805.750565
  517  516   32  517 1526648805.755683
  516  516   32  517 1526648805.759557
  517  517   32  516 1526648805.763742
  516  516   32  517 1526648805.767557
  516  516   32  516 1526648805.771565
  516  516   32  516 1526648805.775941
  517  516   32  517 1526648805.779940
  516  517   32  517 1526648805.785309
  517  516   32  516 1526648805.789188
  516  517   32  517 1526648805.793434
  516  516   32  517 1526648805.797439
  517  516   32  517 1526648805.801442
  516  516   32  516 1526648805.805438
  516  516   32  517 1526648805.809304
  516  516   32  517 1526648805.813808
  516  516   32  516 1526648805.818811
  517  517   32  517 1526648805.823367
  517  517   32  517 1526648805.827307
  517  517   32  516 1526648805.831187
  516  516   32  517 1526648805.835431
  516  516   32  516 1526648805.839304
  517  516   32  516 1526648805.843726
  516  516   32  517 1526648805.848814
  516  516   32  516 1526648805.852679
  517  516   32  517 1526648805.856929
  516  516   32  517 1526648805.860811
  516  516   32  517 1526648805.865178
  516  517   32  516 1526648805.869061
  516  517   32  517 1526648805.872936
  516  517   32  517 1526648805.878309
  516  516   32  517 1526648805.882189
  516  516   32  517 1526648805.886178
  516  516   32  516 1526648805.890185
  516  516   32  516 1526648805.894303
  516  516   32  517 1526648805.898178
  517  516   32  516 1526648805.902177
  516  516   32  516 1526648805.907442
  517  516   32  516 1526648805.911313
  516  517   32  517 1526648805.915432
  516  516   32  517 1526648805.919310
  516  516   32  516 1526648805.923185
  516  516   32  516 1526648805.927557
  516  516   32  516 1526648805.931439
  516  517   32  517 1526648805.935680
  516  516   32  517 1526648805.940683
  517  517   32  516 1526648805.944971
  517  516   32  517 1526648805.948802
  517  516   32  516 1526648805.952676
  516  516   32  516 1526648805.956808
  516  516   32  517 1526648805.960676
  516  516   32  517 1526648805.965195
  516  516   32  517 1526648805.970049
  517  516   32  517 1526648805.973934
  516  516   32  517 1526648805.978307
  516  516   32  517 1526648805.982173
  516  516   32  517 1526648805.986549
  516  516   32  516 1526648805.990435
  516  516   32  517 1526648805.994308
  516  516   32  517 1526648805.999675
  516  516   32  516 1526648806.003559
  516  516   32  516 1526648806.007549
  517  516   32  517 1526648806.011429
  516  517   32  517 1526648806.015677
  516  516   32  516 1526648806.019685
  516  516   32  517 1526648806.023583
  516  516   32  517 1526648806.028759
  516  517   32  517 1526648806.032678
  516  516   32  516 1526648806.036933
  517  517   32  517 1526648806.040799
  516  516   32  516 1526648806.044673
  516  516   32  517 1526648806.049057
  516  516   32  517 1526648806.052922
  516  516   32  516 1526648806.057426
  516  516   32  517 1526648806.061671
  516  516   32  517 1526648806.066005
  516  516   32  516 1526648806.069796
  516  516   32  517 1526648806.073807
  517  516   32  516 1526648806.078045
  516  516   32  516 1526648806.081928
  516  516   32  516 1526648806.086174
  516  516   32  516 1526648806.091171
  517  517   32  517 1526648806.095057
  516  516   32  516 1526648806.099427
  516  516   32  516 1526648806.103430
  516  516   32  516 1526648806.107678
  516  517   32  516 1526648806.111681
  517  517   32  516 1526648806.115680
  517  516   32  517 1526648806.121055
  517  516   32  516 1526648806.125056
  517  516   32  516 1526648806.128926
  517  516   32  517 1526648806.132926
  517  516   32  517 1526648806.141176
  517  516   32  516 1526648806.145177
  516  516   32  517 1526648806.149177
  516  516   32  516 1526648806.153423
  516  517   32  516 1526648806.157673
  516  516   32  516 1526648806.161552
  516  516   32  517 1526648806.165547
  516  516   32  517 1526648806.169421
  516  516   32  516 1526648806.173295
  517  516   32  517 1526648806.177545
  517  516   32  516 1526648806.182544
  516  517   32  516 1526648806.187155
  516  516   32  517 1526648806.191179
  516  516   32  517 1526648806.195177
  516  517   32  516 1526648806.199298
  516  516   32  517 1526648806.203300
  516  516   32  517 1526648806.207553
  516  516   32  516 1526648806.212299
  516  516   32  517 1526648806.216179
  517  516   32  516 1526648806.220751
  516  516   32  517 1526648806.224673
  517  517   31  516 1526648806.228928
  517  517   32  517 1526648806.232929
  516  516   32  516 1526648806.236923
  517  516   31  517 1526648806.242425
  516  517   32  517 1526648806.246422
  516  516   32  516 1526648806.250425
  517  516   31  517 1526648806.254421
  517  517   32  516 1526648806.258925
  516  517   32  517 1526648806.262923
  516  516   32  516 1526648806.266815
  517  516   32  517 1526648806.271171
  516  516   32  516 1526648806.276176
  516  516   32  517 1526648806.280173
  516  516   32  517 1526648806.284176
  516  516   32  517 1526648806.288433
  517  516   32  517 1526648806.292421
  516  516   32  516 1526648806.296425
  517  516   32  516 1526648806.300422
  517  516   32  517 1526648806.304676
  516  516   31  517 1526648806.308916
  516  516   32  516 1526648806.312923
  516  517   32  517 1526648806.316916
  517  516   32  516 1526648806.320790
  516  516   32  517 1526648806.324666
  516  516   32  517 1526648806.328947
  517  516   32  517 1526648806.333915
  516  516   32  517 1526648806.337804
  516  517   32  517 1526648806.342171
  516  516   32  516 1526648806.346175
  516  516   32  516 1526648806.350545
  516  516   32  516 1526648806.354543
  516  516   32  517 1526648806.358799
  516  516   32  516 1526648806.363796
  516  516   32  516 1526648806.367797
  516  516   32  517 1526648806.372168
  516  516   32  517 1526648806.376172
  517  516   32  517 1526648806.380420
  516  516   32  516 1526648806.384422
  516  517   32  517 1526648806.388791
  517  517   32  517 1526648806.393679
  516  516   32  516 1526648806.397673
  516  516   32  517 1526648806.402047
  516  516   32  517 1526648806.406039
  516  516   32  516 1526648806.410416
  516  516   32  517 1526648806.414418
  516  516   32  516 1526648806.418946
  516  517   32  517 1526648806.423919
  516  516   32  517 1526648806.427917
  516  517   32  517 1526648806.432164
  516  516   32  517 1526648806.436042
  516  516   32  517 1526648806.440412
  516  516   32  517 1526648806.444285
  516  516   32  516 1526648806.448162
  516  516   32  516 1526648806.452541
  517  516   32  517 1526648806.457823
  516  517   32  516 1526648806.461792
  517  516   32  517 1526648806.465794
  517  516   32  516 1526648806.470166
  517  517   32  517 1526648806.474165
  516  517   32  516 1526648806.478170
  517  517   32  517 1526648806.482171
  516  517   32  517 1526648806.486674
  516  516   32  517 1526648806.491168
  517  516   32  517 1526648806.495168
  516  516   31  517 1526648806.499165
  516  516   32  517 1526648806.503792
  516  516   32  517 1526648806.507789
  516  516   32  516 1526648806.512164
  517  516   32  517 1526648806.516791
  517  516   32  517 1526648806.521287
  516  516   32  517 1526648806.525290
  516  516   32  517 1526648806.529294
  516  516   32  517 1526648806.533679
  516  517   32  517 1526648806.537668
  517  516   32  516 1526648806.542038
  516  516   32  516 1526648806.546913
  516  516   32  516 1526648806.551291
  516  517   32  516 1526648806.555289
  517  516   32  517 1526648806.559289
  516  516   31  516 1526648806.563167
  516  516   32  517 1526648806.567167
  517  516   32  517 1526648806.571413
  517  517   32  516 1526648806.576451
  517  517   32  517 1526648806.581004
  516  516   32  517 1526648806.584913
  516  516   32  517 1526648806.588912
  517  517   32  517 1526648806.593282
  517  516   32  517 1526648806.597162
  516  516   32  517 1526648806.601408
  516  516   31  516 1526648806.605410
  516  516   32  516 1526648806.610283
  516  516   32  516 1526648806.614675
  516  517   32  517 1526648806.618676
  516  517   32  517 1526648806.622911
  516  517   32  517 1526648806.626914
  516  516   32  517 1526648806.630911
  516  517   32  516 1526648806.635411
  517  517   32  516 1526648806.639412
  516  516   32  517 1526648806.643912
  516  516   32  517 1526648806.647914
  516  516   32  517 1526648806.652285
  516  516   32  517 1526648806.656283
  516  516   32  517 1526648806.660156
  516  516   32  517 1526648806.664082
  516  517   32  516 1526648806.669163
  516  516   32  516 1526648806.673533
  517  516   32  516 1526648806.677535
  516  516   32  516 1526648806.682106
  516  516   32  516 1526648806.686035
  517  517   32  517 1526648806.690035
  516  516   32  517 1526648806.694157
  516  517   32  517 1526648806.699162
  516  516   32  517 1526648806.703673
  516  516   32  517 1526648806.707674
  516  516   32  516 1526648806.711668
  516  516   32  517 1526648806.716157
  516  517   32  516 1526648806.720160
  516  517   32  516 1526648806.724673
  516  516   31  517 1526648806.729532
  517  516   32  517 1526648806.733676
  516  516   32  517 1526648806.737679
  517  516   32  517 1526648806.741661
  516  516   32  517 1526648806.746027
  517  516   32  516 1526648806.749902
  516  516   32  517 1526648806.754026
  516  516   32  516 1526648806.759173
  516  516   32  516 1526648806.763419
  516  516   32  517 1526648806.767410
  516  516   32  517 1526648806.771407
  516  516   32  517 1526648806.775410
  516  517   32  517 1526648806.779410
  516  517   32  517 1526648806.783681
  516  516   32  517 1526648806.787671
  516  516   32  517 1526648806.792671
  517  517   32  516 1526648806.797159
  516  516   32  516 1526648806.801160
  516  516   32  517 1526648806.805674
  517  517   32  516 1526648806.810278
  516  516   32  516 1526648806.814528
  516  516   32  516 1526648806.818528
  517  516   32  516 1526648806.822530
  517  517   32  517 1526648806.826896
  516  516   32  517 1526648806.830900
  517  516   32  517 1526648806.836270
  517  516   32  517 1526648806.840271
  517  516   32  517 1526648806.844673
  517  516   32  516 1526648806.848530
  516  516   32  516 1526648806.852394
  516  516   32  517 1526648806.856277
  517  516   32  516 1526648806.860277
  516  517   32  516 1526648806.864663
  517  517   32  516 1526648806.869525
  516  516   32  517 1526648806.873397
  516  517   32  516 1526648806.877656
  517  517   32  517 1526648806.882022
  516  516   32  517 1526648806.886268
  516  516   32  516 1526648806.890153
  517  517   32  517 1526648806.895828
  517  517   32  517 1526648806.899676
  516  516   32  517 1526648806.903517
  516  517   32  517 1526648806.907527
  516  516   32  517 1526648806.915282
  516  517   32  517 1526648806.919406
  517  517   32  517 1526648806.923431
  516  516   32  517 1526648806.928027
  517  516   32  516 1526648806.932519
  516  516   32  517 1526648806.936393
  516  516   32  517 1526648806.940278
  516  516   32  517 1526648806.944273
  516  516   32  517 1526648806.948141
  517  517   32  517 1526648806.952409
  516  516   32  516 1526648806.957278
  516  516   32  517 1526648806.961266
  516  517   32  516 1526648806.965672
  517  517   32  517 1526648806.969677
  516  516   32  517 1526648806.973777
  516  516   32  517 1526648806.977657
  516  516   32  517 1526648806.981670
  516  516   32  517 1526648806.987024
  516  516   32  516 1526648806.990889
  517  517   32  517 1526648806.994891
  516  516   32  517 1526648806.998899
  517  517   32  516 1526648807.003144
  516  516   32  517 1526648807.007014
  516  517   32  517 1526648807.010890
  516  517   32  516 1526648807.015305
  517  516   32  517 1526648807.020020
  516  516   32  517 1526648807.024138
  516  516   32  517 1526648807.028015
  516  516   32  517 1526648807.031888
  516  516   32  517 1526648807.035898
  516  516   32  516 1526648807.039894
  517  516   32  517 1526648807.044021
  516  517   32  517 1526648807.049270
  516  516   32  517 1526648807.053768
  516  516   32  517 1526648807.057663
  517  517   32  517 1526648807.061651
