  499  517  517  517 1526649810.615273
  499  517  517  517 1526649810.619272
  499  517  517  517 1526649810.623463
  499  517  517  517 1526649810.627778
  501  517  516  517 1526649810.631907
  499  516  516  517 1526649810.636277
  499  517  517  517 1526649810.640153
  499  517  517  516 1526649810.645403
  499  517  516  516 1526649810.649404
  498  516  517  517 1526649810.653406
  499  516  516  516 1526649810.657530
  499  517  517  516 1526649810.661528
  499  517  517  516 1526649810.665528
  499  517  517  516 1526649810.669527
  499  517  517  516 1526649810.673525
  499  517  516  516 1526649810.677524
  499  516  516  517 1526649810.682675
  499  516  517  517 1526649810.686525
  498  517  517  517 1526649810.690530
  499  517  517  517 1526649810.694526
  499  517  517  517 1526649810.698528
  500  516  517  516 1526649810.702528
  499  517  517  517 1526649810.706544
  499  517  517  516 1526649810.711153
  499  517  517  517 1526649810.715023
  499  516  517  517 1526649810.719028
  499  517  517  517 1526649810.723023
  501  516  516  516 1526649810.727026
  499  516  517  517 1526649810.731030
  499  517  517  517 1526649810.735027
  499  517  517  516 1526649810.739898
  499  517  517  517 1526649810.743899
  499  517  517  516 1526649810.747903
  499  517  517  516 1526649810.751901
  499  517  517  517 1526649810.755900
  499  517  517  516 1526649810.759901
  499  517  516  517 1526649810.763896
  499  516  516  517 1526649810.767896
  499  516  517  517 1526649810.772901
  499  516  517  517 1526649810.776897
  499  516  517  517 1526649810.780900
  499  516  517  517 1526649810.784894
  499  516  517  516 1526649810.788897
  499  517  517  516 1526649810.792897
  499  517  517  516 1526649810.796970
  499  517  517  516 1526649810.802022
  499  517  517  517 1526649810.806146
  499  516  516  517 1526649810.810147
  499  517  516  517 1526649810.814147
  499  517  516  517 1526649810.818016
  500  516  517  516 1526649810.821893
  499  517  516  516 1526649810.825765
  500  517  516  517 1526649810.830664
  499  517  516  516 1526649810.834890
  500  517  517  517 1526649810.838768
  499  516  517  517 1526649810.842657
  499  516  517  517 1526649810.846524
  499  516  517  516 1526649810.850399
  499  517  516  516 1526649810.854262
  499  516  517  517 1526649810.858148
  500  517  517  517 1526649810.862767
  499  516  517  517 1526649810.866770
  499  517  517  517 1526649810.870768
  499  517  517  516 1526649810.874774
  499  516  517  517 1526649810.878776
  499  516  516  516 1526649810.882771
  499  517  517  516 1526649810.887516
  499  517  517  516 1526649810.891519
  499  517  517  517 1526649810.896743
  499  517  517  516 1526649810.900768
  499  517  516  517 1526649810.904664
  499  517  517  517 1526649810.909010
  499  517  516  516 1526649810.912886
  500  517  517  516 1526649810.917265
  499  517  516  516 1526649810.922137
  499  517  516  517 1526649810.926013
  499  517  517  517 1526649810.930394
  499  517  516  517 1526649810.934397
  499  517  517  516 1526649810.938511
  499  517  517  516 1526649810.942391
  500  517  517  517 1526649810.946270
  499  516  517  517 1526649810.950661
  498  517  517  517 1526649810.955772
  499  516  517  517 1526649810.959716
  499  517  517  517 1526649810.963649
  499  517  516  516 1526649810.968012
  499  516  517  517 1526649810.971890
  499  516  517  517 1526649810.975895
  499  517  516  517 1526649810.979890
  500  517  516  516 1526649810.984264
  499  517  517  517 1526649810.988509
  499  517  517  516 1526649810.992392
  499  516  517  517 1526649810.996258
  499  517  517  516 1526649811.000140
  499  517  517  517 1526649811.004007
  499  517  516  517 1526649811.008263
  499  517  517  517 1526649811.013381
  499  516  516  517 1526649811.017766
  499  516  517  517 1526649811.021761
  499  517  517  517 1526649811.025651
  499  516  517  517 1526649811.030014
  499  516  517  517 1526649811.033884
  499  517  517  516 1526649811.038261
  499  517  517  517 1526649811.043264
  499  517  517  516 1526649811.047130
  499  516  517  516 1526649811.051513
  499  516  517  516 1526649811.055514
  499  517  516  516 1526649811.059645
  499  517  517  516 1526649811.063515
  500  516  517  517 1526649811.067516
  499  517  517  516 1526649811.072947
  499  517  516  517 1526649811.076878
  499  517  517  517 1526649811.080891
  499  516  517  517 1526649811.084879
  499  516  517  517 1526649811.089267
  499  517  517  516 1526649811.093138
  500  517  516  517 1526649811.097004
  499  516  517  517 1526649811.101013
  499  517  516  517 1526649811.105645
  499  517  517  517 1526649811.109889
  499  517  517  516 1526649811.113879
  500  517  517  517 1526649811.117884
  499  517  517  516 1526649811.122261
  499  517  517  517 1526649811.126255
  499  517  517  516 1526649811.130662
  501  517  517  516 1526649811.135761
  499  517  516  517 1526649811.139887
  499  516  516  516 1526649811.143885
  499  517  516  516 1526649811.147877
  499  517  517  517 1526649811.151884
  499  517  517  516 1526649811.155878
  499  517  517  516 1526649811.160136
  499  516  516  516 1526649811.169001
  499  516  517  517 1526649811.173515
  499  517  517  517 1526649811.177375
  499  516  517  516 1526649811.181876
  498  517  517  516 1526649811.185760
  498  517  517  517 1526649811.190031
  499  517  516  517 1526649811.194883
  499  517  516  517 1526649811.198760
  499  517  517  517 1526649811.202654
  499  517  517  516 1526649811.206500
  500  517  516  517 1526649811.210920
  499  516  516  517 1526649811.214886
  499  517  517  516 1526649811.218875
  499  517  517  516 1526649811.222881
  499  517  517  516 1526649811.227875
  500  516  517  517 1526649811.232132
  499  517  517  516 1526649811.236013
  499  517  516  516 1526649811.239883
  499  517  517  516 1526649811.244258
  499  517  517  516 1526649811.248255
  499  517  516  516 1526649811.252651
  499  516  517  517 1526649811.257654
  499  516  517  516 1526649811.261885
  499  516  517  517 1526649811.265883
  499  517  516  517 1526649811.269877
  499  517  516  516 1526649811.274382
  499  517  516  517 1526649811.278384
  499  516  517  517 1526649811.282743
  499  516  517  517 1526649811.287755
  500  517  517  517 1526649811.292131
  500  517  517  517 1526649811.296135
  499  517  517  516 1526649811.300136
  499  517  516  516 1526649811.304382
  500  516  516  517 1526649811.308398
  499  517  516  517 1526649811.312753
  499  517  517  517 1526649811.317757
  500  517  517  517 1526649811.322003
  499  517  517  517 1526649811.326072
  499  516  517  517 1526649811.330009
  499  517  517  517 1526649811.333879
  499  517  516  517 1526649811.337882
  499  517  516  516 1526649811.342126
  499  517  516  517 1526649811.347004
  499  516  517  517 1526649811.351005
  500  517  517  517 1526649811.355506
  499  516  517  516 1526649811.359384
  499  517  517  516 1526649811.363879
  499  516  516  517 1526649811.367877
  499  516  517  516 1526649811.372292
  499  517  516  517 1526649811.377416
  499  517  517  516 1526649811.381252
  499  516  517  517 1526649811.385657
  500  517  517  516 1526649811.389656
  499  517  517  516 1526649811.394008
  499  517  517  516 1526649811.398002
  499  516  517  517 1526649811.402360
  499  516  517  517 1526649811.407391
  499  517  517  516 1526649811.411379
  499  516  516  517 1526649811.415751
  500  516  517  516 1526649811.419763
  499  516  517  517 1526649811.424128
  499  516  517  517 1526649811.428004
  499  517  517  517 1526649811.432004
  499  517  517  517 1526649811.436373
  499  517  517  517 1526649811.441500
  499  517  516  517 1526649811.445502
  499  517  517  517 1526649811.449501
  500  516  517  516 1526649811.453784
  499  517  516  517 1526649811.457652
  500  517  517  516 1526649811.461503
  499  516  517  517 1526649811.465511
  499  516  517  517 1526649811.470504
  499  516  517  516 1526649811.474751
  499  517  516  516 1526649811.478750
  499  516  517  517 1526649811.482753
  499  516  517  517 1526649811.487123
  499  516  517  517 1526649811.491001
  499  517  517  516 1526649811.495370
  499  516  516  517 1526649811.500246
  499  516  516  517 1526649811.504622
  500  516  517  517 1526649811.508623
  500  517  517  516 1526649811.512622
  499  516  516  516 1526649811.517117
  499  517  517  516 1526649811.520992
  499  517  516  516 1526649811.525369
  499  517  516  517 1526649811.530368
  500  517  516  516 1526649811.534618
  499  517  517  516 1526649811.538651
  499  517  517  516 1526649811.542992
  499  516  517  517 1526649811.546996
  499  517  516  517 1526649811.550872
  499  517  516  517 1526649811.554871
  499  517  517  517 1526649811.559745
  499  517  516  517 1526649811.564119
  499  517  517  516 1526649811.568122
  500  516  517  517 1526649811.572001
  499  516  517  516 1526649811.576371
  499  517  517  516 1526649811.580378
  499  517  516  516 1526649811.584872
  499  516  517  517 1526649811.588744
  499  517  517  516 1526649811.593996
  499  517  517  517 1526649811.597997
  499  517  517  516 1526649811.602072
  499  516  517  517 1526649811.606498
  498  517  517  516 1526649811.610496
  499  517  517  516 1526649811.614871
  499  517  517  516 1526649811.618744
  499  516  516  516 1526649811.624027
  499  517  517  516 1526649811.627995
  499  517  517  516 1526649811.631995
  499  517  517  517 1526649811.635999
  499  516  516  517 1526649811.639997
  499  516  516  517 1526649811.644364
  499  516  516  517 1526649811.648369
  499  517  516  516 1526649811.652374
  499  516  516  516 1526649811.656244
  499  517  517  516 1526649811.660240
  500  516  517  516 1526649811.664746
  499  517  517  516 1526649811.669492
  499  516  517  517 1526649811.673925
  499  516  517  516 1526649811.677750
  499  517  517  516 1526649811.681741
  500  516  517  517 1526649811.686242
  499  516  516  517 1526649811.690108
  499  517  517  516 1526649811.694616
  499  516  516  517 1526649811.699609
  499  517  516  517 1526649811.703483
  499  516  517  516 1526649811.707983
  499  517  517  517 1526649811.711996
  499  517  517  516 1526649811.716357
  499  517  517  516 1526649811.720243
  500  517  517  516 1526649811.724613
  499  517  516  517 1526649811.729499
  499  517  516  517 1526649811.733492
  499  517  517  516 1526649811.737867
  499  516  517  517 1526649811.741870
  499  516  517  516 1526649811.746250
  499  516  517  516 1526649811.750246
  499  517  516  516 1526649811.756237
  499  517  517  516 1526649811.760117
  499  517  517  516 1526649811.764115
  499  517  516  517 1526649811.768116
  499  517  516  517 1526649811.772116
  499  517  516  517 1526649811.776114
  499  517  516  517 1526649811.780114
  499  517  516  517 1526649811.784112
  499  517  516  516 1526649811.788236
  499  517  517  516 1526649811.792238
  499  516  517  517 1526649811.796239
  500  517  517  517 1526649811.800244
  499  517  517  516 1526649811.804243
  499  517  517  517 1526649811.808246
  499  516  517  517 1526649811.812242
  500  517  517  516 1526649811.816236
  499  517  517  516 1526649811.820358
  499  517  516  517 1526649811.825485
  500  517  517  516 1526649811.830957
  500  517  517  517 1526649811.834993
  499  516  517  517 1526649811.838989
  499  517  516  516 1526649811.843989
  499  516  517  517 1526649811.849504
  499  517  517  516 1526649811.854112
  499  516  517  516 1526649811.858103
  499  516  517  516 1526649811.861979
  499  517  517  517 1526649811.865853
  499  517  517  517 1526649811.869728
  499  517  517  516 1526649811.873602
  499  517  517  517 1526649811.877477
  499  516  517  517 1526649811.881351
  499  517  517  516 1526649811.885226
  499  517  517  516 1526649811.889100
  500  517  517  517 1526649811.892977
  501  517  517  517 1526649811.896852
  499  517  517  516 1526649811.900733
  499  516  516  516 1526649811.905862
  499  517  517  516 1526649811.910993
  499  517  517  516 1526649811.915234
  499  517  517  516 1526649811.919238
  499  517  517  516 1526649811.923237
  500  517  517  517 1526649811.927442
  499  516  517  517 1526649811.931362
  499  517  517  516 1526649811.936234
  499  517  517  516 1526649811.940234
  499  517  516  517 1526649811.944362
  499  517  517  517 1526649811.948485
  499  516  517  516 1526649811.952487
  500  516  517  517 1526649811.956489
  499  517  517  516 1526649811.960485
  500  517  516  517 1526649811.965727
  499  516  517  516 1526649811.969613
  499  516  516  517 1526649811.973608
  499  516  516  517 1526649811.977609
