  226  516  517  516 1526649225.948679
  226  516  516  516 1526649225.952673
  227  517  516  516 1526649225.956544
  226  516  516  516 1526649225.960427
  226  517  516  516 1526649225.964554
  227  517  516  516 1526649225.968547
  225  517  516  517 1526649225.972552
  226  517  516  517 1526649225.977678
  226  517  516  516 1526649225.981674
  226  517  516  517 1526649225.985681
  227  517  516  517 1526649225.989674
  226  517  516  516 1526649225.993673
  226  516  516  517 1526649225.997674
  226  517  516  516 1526649226.001673
  227  517  517  517 1526649226.005679
  227  517  516  517 1526649226.009697
  226  516  516  516 1526649226.014675
  226  516  516  516 1526649226.018669
  226  516  516  516 1526649226.022547
  226  517  516  516 1526649226.026549
  226  517  516  516 1526649226.030550
  227  516  517  517 1526649226.034548
  226  516  516  516 1526649226.038553
  227  516  516  517 1526649226.043550
  227  517  517  516 1526649226.047552
  225  517  516  517 1526649226.051548
  225  517  517  516 1526649226.055548
  226  517  516  517 1526649226.059548
  226  516  516  516 1526649226.063423
  226  517  517  516 1526649226.067422
  227  517  516  516 1526649226.071420
  226  517  517  517 1526649226.076427
  226  517  517  517 1526649226.080299
  226  517  516  516 1526649226.084173
  226  517  516  517 1526649226.088175
  226  517  516  517 1526649226.092170
  226  517  516  517 1526649226.096169
  226  517  516  516 1526649226.100046
  226  516  516  516 1526649226.105173
  226  517  516  517 1526649226.109106
  226  516  516  516 1526649226.113173
  226  517  516  516 1526649226.117169
  226  517  516  516 1526649226.121179
  226  517  516  516 1526649226.125046
  226  517  516  516 1526649226.128924
  226  516  516  516 1526649226.132917
  226  517  517  517 1526649226.138041
  226  517  516  516 1526649226.142041
  226  516  516  517 1526649226.146043
  226  516  516  516 1526649226.150045
  226  516  516  516 1526649226.154057
  227  517  516  516 1526649226.158046
  227  517  516  517 1526649226.161919
  226  517  516  517 1526649226.166421
  226  517  516  516 1526649226.170294
  225  517  516  516 1526649226.174288
  226  516  516  516 1526649226.178163
  226  517  516  516 1526649226.182040
  226  517  517  517 1526649226.185913
  226  516  516  516 1526649226.190287
  226  517  516  516 1526649226.195163
  226  517  516  517 1526649226.199034
  227  516  517  517 1526649226.202910
  226  517  516  516 1526649226.206787
  227  517  516  517 1526649226.210670
  226  516  516  516 1526649226.214537
  226  516  516  516 1526649226.218408
  225  516  516  516 1526649226.222414
  227  517  516  516 1526649226.227546
  225  517  516  517 1526649226.231541
  227  516  517  517 1526649226.235545
  226  516  517  517 1526649226.239540
  226  516  516  516 1526649226.244408
  226  517  516  516 1526649226.248283
  226  517  516  516 1526649226.252670
  226  517  517  516 1526649226.257532
  226  517  516  516 1526649226.261783
  226  516  516  517 1526649226.265788
  225  516  516  516 1526649226.269662
  226  516  516  516 1526649226.274031
  226  517  517  517 1526649226.277914
  226  517  516  517 1526649226.282282
  226  517  517  516 1526649226.287293
  226  516  516  516 1526649226.291530
  226  516  516  516 1526649226.295406
  227  517  517  517 1526649226.299283
  226  517  516  516 1526649226.303280
  226  517  516  517 1526649226.307156
  226  517  517  517 1526649226.311410
  227  516  516  516 1526649226.315287
  226  517  516  517 1526649226.319664
  226  516  516  516 1526649226.323532
  226  517  516  517 1526649226.327406
  226  517  517  517 1526649226.331659
  226  516  516  516 1526649226.335530
  226  516  516  516 1526649226.339417
  227  517  517  516 1526649226.343412
  226  516  516  517 1526649226.348439
  225  517  516  516 1526649226.352665
  226  517  516  517 1526649226.356531
  226  516  517  516 1526649226.360538
  226  516  516  516 1526649226.364904
  227  517  517  517 1526649226.368779
  226  517  516  517 1526649226.373028
  226  517  516  517 1526649226.376910
  225  517  516  516 1526649226.381788
  226  517  517  517 1526649226.385789
  226  517  517  517 1526649226.389668
  226  517  516  516 1526649226.393909
  226  516  517  517 1526649226.397902
  226  516  516  517 1526649226.402032
  226  516  517  517 1526649226.406031
  226  517  516  516 1526649226.411036
  226  516  516  516 1526649226.415286
  226  517  516  516 1526649226.419152
  226  517  516  517 1526649226.423401
  226  516  516  516 1526649226.427283
  226  517  517  516 1526649226.431181
  227  517  517  517 1526649226.435402
  226  517  517  516 1526649226.440275
  226  517  516  516 1526649226.444401
  226  517  516  516 1526649226.448282
  226  517  516  517 1526649226.452497
  226  516  516  516 1526649226.456287
  226  517  516  516 1526649226.460149
  226  517  516  517 1526649226.464406
  226  516  517  516 1526649226.468283
  226  516  516  516 1526649226.473673
  226  517  516  516 1526649226.477672
  226  517  517  516 1526649226.481530
  226  517  517  516 1526649226.485526
  226  517  516  516 1526649226.489408
  226  517  516  516 1526649226.493526
  226  516  516  516 1526649226.497411
  226  517  517  516 1526649226.502156
  227  516  517  516 1526649226.506524
  226  517  516  517 1526649226.510536
  226  517  516  517 1526649226.514898
  227  517  516  517 1526649226.518781
  227  517  516  516 1526649226.522664
  226  516  516  516 1526649226.527153
  226  517  516  517 1526649226.532275
  226  516  516  517 1526649226.536672
  225  517  516  517 1526649226.540521
  226  517  516  516 1526649226.544899
  226  517  516  516 1526649226.548783
  226  517  516  517 1526649226.552660
  226  516  516  516 1526649226.557023
  226  517  517  516 1526649226.562032
  226  516  516  516 1526649226.566035
  226  516  517  516 1526649226.569898
  226  517  516  516 1526649226.574278
  226  516  516  516 1526649226.578146
  227  516  516  516 1526649226.582155
  226  517  516  517 1526649226.586280
  226  516  516  517 1526649226.591290
  226  517  516  517 1526649226.595528
  226  517  516  517 1526649226.599530
  226  517  517  517 1526649226.603525
  226  517  516  517 1526649226.608030
  227  517  517  516 1526649226.612032
  227  516  516  517 1526649226.616533
  226  517  516  517 1526649226.621525
  226  517  516  516 1526649226.626033
  226  516  516  516 1526649226.629904
  226  517  516  517 1526649226.633902
  225  517  516  517 1526649226.638279
  226  517  516  517 1526649226.642278
  226  517  516  517 1526649226.646526
  226  516  516  516 1526649226.650527
  226  516  516  516 1526649226.655903
  226  516  517  517 1526649226.659900
  226  517  516  517 1526649226.663902
  226  516  516  516 1526649226.668406
  226  517  516  517 1526649226.672406
  226  517  516  517 1526649226.676667
  226  517  516  517 1526649226.680674
  226  517  516  516 1526649226.686029
  226  516  516  516 1526649226.690030
  226  516  517  517 1526649226.694028
  226  517  517  516 1526649226.698029
  226  516  516  516 1526649226.701901
  226  517  517  517 1526649226.706272
  226  517  516  517 1526649226.710275
  226  517  516  517 1526649226.714677
  226  516  516  516 1526649226.719025
  226  517  516  517 1526649226.723026
  226  517  516  516 1526649226.727318
  226  517  516  516 1526649226.731268
  226  516  516  516 1526649226.735148
  226  517  516  517 1526649226.739394
  226  517  516  516 1526649226.744393
  226  517  516  516 1526649226.748394
  226  516  516  516 1526649226.752398
  227  516  517  516 1526649226.756777
  226  517  516  516 1526649226.760773
  226  517  516  516 1526649226.764774
  226  516  516  516 1526649226.768775
  226  517  516  517 1526649226.773666
  226  516  516  517 1526649226.778025
  226  516  516  516 1526649226.782025
  226  517  516  516 1526649226.785896
  227  517  516  516 1526649226.790275
  226  517  516  517 1526649226.794272
  226  517  516  517 1526649226.798399
  226  517  516  517 1526649226.803532
  226  516  516  516 1526649226.807767
  226  516  516  516 1526649226.811774
  226  517  517  516 1526649226.815777
  226  517  517  516 1526649226.819775
  226  517  516  517 1526649226.823774
  226  517  516  517 1526649226.828048
  226  516  516  516 1526649226.832022
  227  517  516  517 1526649226.836146
  226  517  516  517 1526649226.840142
  226  517  516  517 1526649226.844149
  226  517  516  517 1526649226.848519
  226  517  516  516 1526649226.852521
  226  517  516  516 1526649226.856521
  226  517  516  516 1526649226.860894
  226  517  516  516 1526649226.865898
  226  516  516  516 1526649226.870022
  226  517  517  517 1526649226.874024
  227  517  517  516 1526649226.878021
  226  517  516  517 1526649226.882015
  226  516  516  516 1526649226.886139
  226  517  516  517 1526649226.890014
  226  516  516  516 1526649226.895007
  227  516  517  516 1526649226.899513
  225  516  516  516 1526649226.903670
  226  516  516  516 1526649226.907894
  226  517  516  517 1526649226.911895
  226  517  516  516 1526649226.916266
  226  517  516  516 1526649226.920271
  226  517  516  516 1526649226.925271
  226  517  516  517 1526649226.929662
  226  517  516  516 1526649226.933685
  226  516  516  516 1526649226.938143
  225  516  516  516 1526649226.942144
  226  517  517  516 1526649226.946387
  226  516  516  516 1526649226.950269
  226  516  516  516 1526649226.955269
  226  516  516  516 1526649226.959269
  226  517  516  517 1526649226.963264
  226  517  517  517 1526649226.967672
  226  516  516  516 1526649226.971664
  226  517  516  516 1526649226.975664
  226  517  516  517 1526649226.980144
  226  517  516  517 1526649226.984138
  226  517  516  517 1526649226.989267
  226  517  516  516 1526649226.993266
  226  517  516  517 1526649226.997791
  226  517  516  517 1526649227.001766
  226  517  516  517 1526649227.005766
  226  517  517  517 1526649227.009799
  226  517  516  516 1526649227.013764
  225  517  516  516 1526649227.018765
  226  516  517  516 1526649227.022764
  226  516  516  517 1526649227.026768
  226  517  517  517 1526649227.031263
  227  517  516  516 1526649227.035134
  226  517  516  516 1526649227.039387
  226  517  516  517 1526649227.043263
  226  516  516  516 1526649227.048762
  226  516  517  516 1526649227.053015
  226  516  516  517 1526649227.057018
  226  517  516  517 1526649227.061395
  225  517  516  516 1526649227.065393
  226  517  516  516 1526649227.069761
  226  516  517  517 1526649227.073761
  226  516  516  516 1526649227.079134
  226  517  516  517 1526649227.083014
  225  517  516  517 1526649227.087016
  225  517  516  516 1526649227.091388
  226  516  516  516 1526649227.095388
  226  516  516  516 1526649227.099513
  226  516  516  516 1526649227.103514
  226  516  516  516 1526649227.108888
  225  516  516  516 1526649227.112886
  226  517  516  516 1526649227.116884
  227  517  517  516 1526649227.120886
  226  517  517  517 1526649227.124888
  226  517  517  517 1526649227.129138
  225  517  517  517 1526649227.133075
  226  517  516  516 1526649227.138653
  226  517  516  516 1526649227.142768
  226  516  516  516 1526649227.146765
  226  516  516  516 1526649227.150762
  226  517  516  517 1526649227.154757
  225  517  516  517 1526649227.159063
  226  516  517  516 1526649227.162882
  226  517  516  517 1526649227.166759
  226  516  516  516 1526649227.171638
  226  517  517  516 1526649227.175654
  226  517  516  517 1526649227.180004
  226  517  516  516 1526649227.184012
  226  517  516  516 1526649227.188010
  226  517  516  517 1526649227.192007
  226  516  516  516 1526649227.196081
  226  517  516  516 1526649227.201653
  226  517  516  517 1526649227.205651
  226  517  517  517 1526649227.210011
  226  517  516  516 1526649227.214010
  226  517  516  516 1526649227.218011
  226  516  516  516 1526649227.222258
  226  517  516  517 1526649227.226269
  226  517  516  517 1526649227.231508
  226  516  516  516 1526649227.235517
  226  516  517  517 1526649227.239510
  226  517  517  516 1526649227.244134
  226  517  516  516 1526649227.248131
  226  516  516  516 1526649227.252655
  226  517  516  517 1526649227.256651
  226  517  516  516 1526649227.261758
  226  517  516  517 1526649227.265757
  226  517  516  516 1526649227.269758
  226  517  517  516 1526649227.274253
  226  517  516  516 1526649227.278129
  225  517  516  517 1526649227.282380
  226  516  516  516 1526649227.286497
  226  517  516  516 1526649227.291877
  226  517  516  517 1526649227.295883
  226  517  517  516 1526649227.299885
  226  517  516  516 1526649227.304389
  226  517  516  517 1526649227.308375
  226  517  517  516 1526649227.312503
  226  516  516  516 1526649227.316373
   29   40   38   33 1526649227.321647
  226  516  516  516 1526649227.325503
  226  516  517  516 1526649227.329509
  226  517  517  516 1526649227.333648
  227  517  517  516 1526649227.337648
  226  517  517  517 1526649227.341874
  226  517  517  516 1526649227.345880
  226  517  516  517 1526649227.350877
  226  517  517  517 1526649227.355378
  226  517  516  516 1526649227.359383
  226  517  516  517 1526649227.363881
  227  517  516  516 1526649227.367879
  226  517  516  516 1526649227.372249
  226  517  517  517 1526649227.376131
  226  516  516  517 1526649227.381004
  226  517  516  517 1526649227.385250
  226  517  516  516 1526649227.389256
  226  517  516  517 1526649227.393501
  226  516  517  517 1526649227.397504
  226  516  516  516 1526649227.401506
  226  517  516  516 1526649227.405750
  226  516  516  516 1526649227.409750
   30   40   38   33 1526649227.414624
  226  517  517  516 1526649227.418655
  225  517  516  517 1526649227.423035
  225  517  516  517 1526649227.426999
  226  516  516  516 1526649227.430879
  227  516  517  516 1526649227.434875
   29   41   39   33 1526649227.438784
  227  517  517  516 1526649227.443507
  227  517  516  517 1526649227.447501
  227  517  517  517 1526649227.451500
  226  517  516  516 1526649227.455502
  226  517  517  517 1526649227.459494
  226  517  516  516 1526649227.463778
  226  517  517  516 1526649227.467619
  227  517  516  517 1526649227.472620
  226  517  516  517 1526649227.476997
  226  517  516  516 1526649227.481254
  225  517  516  517 1526649227.485622
  226  516  516  516 1526649227.489653
  226  516  516  516 1526649227.493870
  226  517  516  517 1526649227.497878
  226  517  516  517 1526649227.502875
  226  516  516  516 1526649227.507249
  226  517  516  516 1526649227.511283
  226  516  516  516 1526649227.515750
  226  516  516  516 1526649227.519647
  226  517  517  517 1526649227.524073
  226  517  516  516 1526649227.528001
  226  517  516  516 1526649227.533124
  226  516  516  516 1526649227.537501
  226  517  516  516 1526649227.541495
  226  517  516  517 1526649227.545873
  226  516  516  516 1526649227.549745
  226  517  516  517 1526649227.553747
  227  517  516  517 1526649227.558248
  227  517  516  517 1526649227.563120
  226  517  516  517 1526649227.567031
  226  516  517  516 1526649227.570999
  226  516  517  517 1526649227.575245
  226  517  516  517 1526649227.579247
  226  517  516  516 1526649227.583119
  226  517  516  516 1526649227.587122
  226  517  516  516 1526649227.591991
  227  517  516  516 1526649227.596374
  226  517  516  517 1526649227.600371
  226  517  516  516 1526649227.604368
  226  517  516  516 1526649227.608872
  226  517  516  516 1526649227.612746
  227  517  517  517 1526649227.617246
  226  516  516  516 1526649227.621243
  227  516  517  516 1526649227.625616
  226  517  516  517 1526649227.629617
  226  516  516  516 1526649227.633619
  226  517  516  517 1526649227.637621
  226  516  516  516 1526649227.641489
  226  517  517  517 1526649227.645755
  226  517  517  516 1526649227.649738
  226  517  516  516 1526649227.654739
  226  517  516  517 1526649227.659117
  226  517  516  516 1526649227.663245
  226  517  516  517 1526649227.667742
  226  517  516  516 1526649227.671742
  225  516  516  516 1526649227.676117
  226  517  516  517 1526649227.680118
  225  517  516  516 1526649227.684995
  227  516  516  516 1526649227.689369
  226  517  516  517 1526649227.693366
  226  517  516  517 1526649227.697742
  226  517  516  516 1526649227.701741
  226  516  516  516 1526649227.706232
  227  517  517  517 1526649227.710116
  226  517  517  516 1526649227.715114
  226  517  516  516 1526649227.719499
  226  517  516  516 1526649227.723495
  226  517  516  517 1526649227.727865
  226  516  516  516 1526649227.731742
  226  517  516  516 1526649227.735742
  226  516  516  516 1526649227.740116
  226  516  516  516 1526649227.745119
  226  516  516  516 1526649227.749118
  226  517  516  516 1526649227.753116
  226  517  517  517 1526649227.757489
  226  516  516  516 1526649227.761489
  226  517  516  516 1526649227.765491
  226  516  516  516 1526649227.769493
  226  517  516  516 1526649227.774492
  226  516  516  516 1526649227.778868
  226  517  517  517 1526649227.782748
  226  517  517  517 1526649227.787260
  226  517  516  516 1526649227.791242
  226  517  517  516 1526649227.795241
  227  516  517  517 1526649227.799614
  226  517  516  516 1526649227.804743
  225  517  516  517 1526649227.808986
  226  517  517  517 1526649227.812862
  226  516  516  516 1526649227.816741
  225  517  516  517 1526649227.820982
  226  517  516  517 1526649227.824857
  226  517  516  516 1526649227.828982
  226  517  516  516 1526649227.832862
  227  517  516  517 1526649227.837231
  226  516  516  516 1526649227.841614
  226  516  517  516 1526649227.845615
  226  517  517  516 1526649227.849989
  226  517  516  517 1526649227.853987
  226  517  516  516 1526649227.858411
  227  517  517  516 1526649227.862237
  226  517  516  517 1526649227.867238
  227  516  516  516 1526649227.871739
  227  517  517  516 1526649227.875751
  226  516  516  516 1526649227.879988
  226  516  516  516 1526649227.883984
  226  517  516  516 1526649227.887863
  227  517  517  516 1526649227.892236
  227  517  516  517 1526649227.897240
  226  517  516  517 1526649227.901233
  226  517  516  516 1526649227.905238
  226  517  516  517 1526649227.909730
  227  517  517  517 1526649227.913737
  227  517  517  517 1526649227.917737
  226  517  517  516 1526649227.922238
  225  517  516  517 1526649227.927110
  227  517  517  516 1526649227.931358
  226  517  516  517 1526649227.935236
  226  517  516  516 1526649227.939481
  226  517  516  516 1526649227.943479
  226  517  516  517 1526649227.947353
  226  516  516  516 1526649227.951478
  226  517  516  517 1526649227.955359
  226  516  516  516 1526649227.960103
  226  517  517  516 1526649227.964233
  168  286  305  236 1526649227.968236
  226  517  516  517 1526649227.972236
  227  517  517  517 1526649227.976235
  226  516  516  517 1526649227.980609
  225  517  516  516 1526649227.984607
  226  517  516  516 1526649227.990111
  226  516  517  517 1526649227.994110
  225  517  517  517 1526649227.998111
  226  517  516  516 1526649228.002110
  226  517  516  516 1526649228.006105
  226  517  517  517 1526649228.010615
  226  517  516  516 1526649228.014606
  227  517  517  517 1526649228.020233
  226  517  517  517 1526649228.024230
  226  517  516  516 1526649228.028236
  225  517  516  516 1526649228.032356
  226  516  516  517 1526649228.036358
  226  517  517  517 1526649228.040729
  226  516  516  516 1526649228.044481
  225  516  516  516 1526649228.049481
  226  517  516  516 1526649228.053856
  226  517  516  517 1526649228.057857
  227  517  517  517 1526649228.062353
  226  516  516  517 1526649228.066227
  226  516  516  516 1526649228.070471
  226  517  516  516 1526649228.074478
  226  517  517  517 1526649228.079479
  226  516  516  516 1526649228.083732
  226  517  516  517 1526649228.087741
  226  516  517  516 1526649228.092103
  226  517  516  517 1526649228.096098
  226  517  516  516 1526649228.099973
  226  516  516  516 1526649228.104348
  226  517  517  517 1526649228.109371
  226  517  517  517 1526649228.113223
  226  517  516  516 1526649228.117354
  226  517  517  517 1526649228.121852
  226  517  516  517 1526649228.125855
  226  517  517  516 1526649228.129727
  226  517  516  517 1526649228.133604
  226  517  517  517 1526649228.137602
  226  517  516  517 1526649228.143226
  226  517  516  517 1526649228.147107
  226  516  516  516 1526649228.151473
  226  517  516  516 1526649228.155475
  226  517  516  517 1526649228.159476
  226  517  517  517 1526649228.163602
  226  517  517  516 1526649228.167601
  226  516  517  516 1526649228.172224
  227  516  517  516 1526649228.176107
  227  517  516  516 1526649228.180105
  226  517  517  516 1526649228.184104
  227  517  516  516 1526649228.188098
  227  516  517  516 1526649228.192511
  226  517  516  516 1526649228.196476
  226  516  516  516 1526649228.201354
  225  517  516  516 1526649228.205851
  226  516  516  516 1526649228.209752
  226  517  516  517 1526649228.214225
  226  517  516  516 1526649228.218227
  226  516  516  516 1526649228.222598
  226  517  516  517 1526649228.226601
  226  516  516  517 1526649228.231604
  226  517  516  516 1526649228.235971
  226  516  517  517 1526649228.239847
  225  517  517  517 1526649228.244100
  226  516  516  516 1526649228.248094
  226  517  516  516 1526649228.251969
  225  517  517  516 1526649228.256343
  226  517  516  516 1526649228.261322
  226  516  516  516 1526649228.265219
  227  517  516  516 1526649228.269226
  226  517  517  517 1526649228.273719
  226  517  516  516 1526649228.277724
  226  516  517  516 1526649228.281723
  227  516  516  516 1526649228.285723
  226  516  516  516 1526649228.289721
  226  516  517  516 1526649228.293972
  226  517  516  516 1526649228.297978
  227  517  516  517 1526649228.301975
  226  516  516  516 1526649228.305977
  226  516  516  516 1526649228.309967
  226  516  517  516 1526649228.314261
  227  516  516  517 1526649228.318221
  226  517  517  517 1526649228.323097
  226  517  516  516 1526649228.327601
  226  517  517  517 1526649228.331598
  226  516  516  516 1526649228.335853
  226  516  516  516 1526649228.339847
  226  516  516  517 1526649228.344090
  226  517  516  517 1526649228.347972
  227  516  517  517 1526649228.352974
  225  517  516  517 1526649228.357474
  226  516  516  516 1526649228.361471
  226  516  517  517 1526649228.365846
  226  517  517  516 1526649228.369721
  226  517  516  517 1526649228.374244
  226  517  516  516 1526649228.378220
  226  517  516  517 1526649228.383342
  226  517  516  516 1526649228.387718
  226  516  516  516 1526649228.391741
  226  517  516  516 1526649228.396096
  226  517  516  516 1526649228.400089
  226  516  516  517 1526649228.403963
  227  516  517  516 1526649228.408213
  225  517  516  516 1526649228.413088
  226  517  516  517 1526649228.417088
  226  517  516  516 1526649228.420971
  226  516  516  516 1526649228.425470
  226  516  516  516 1526649228.429472
  226  516  516  516 1526649228.433467
  226  516  516  516 1526649228.437469
  226  516  516  516 1526649228.442472
  226  516  516  516 1526649228.446844
  226  517  516  517 1526649228.450720
  226  517  516  516 1526649228.455181
  226  517  517  517 1526649228.459092
  226  517  516  517 1526649228.462971
  227  516  517  516 1526649228.467468
  226  517  517  516 1526649228.472476
  226  517  516  516 1526649228.476839
  226  517  516  516 1526649228.480844
  226  517  516  516 1526649228.484847
  226  517  516  517 1526649228.489345
  226  516  516  516 1526649228.493341
  226  517  516  516 1526649228.497841
  226  517  516  516 1526649228.502838
  226  517  516  516 1526649228.507219
  226  516  516  516 1526649228.511218
  226  517  516  516 1526649228.515768
  226  517  516  516 1526649228.519717
   29   41   39   33 1526649228.523715
  226  517  516  516 1526649228.527967
  226  516  516  516 1526649228.531962
  226  516  516  516 1526649228.537339
  226  516  516  516 1526649228.541346
  226  516  516  516 1526649228.545341
  226  516  516  516 1526649228.549840
  225  516  516  517 1526649228.553709
  226  517  517  516 1526649228.557836
  227  517  516  516 1526649228.561713
  227  517  517  516 1526649228.566585
  226  517  516  517 1526649228.570587
  225  516  516  516 1526649228.574591
  226  517  517  517 1526649228.578589
  226  517  516  517 1526649228.582588
  227  517  517  517 1526649228.586835
  226  517  516  516 1526649228.590858
  225  517  517  517 1526649228.595838
  227  517  517  516 1526649228.600212
  226  517  516  517 1526649228.604211
  226  517  516  516 1526649228.608590
  226  517  516  516 1526649228.612586
  226  517  516  516 1526649228.616942
  227  516  516  516 1526649228.620838
  226  517  516  517 1526649228.625714
  226  517  516  516 1526649228.629591
  227  516  516  516 1526649228.633584
  226  517  516  516 1526649228.637964
  226  517  516  516 1526649228.641958
  226  516  517  516 1526649228.645964
  226  517  516  517 1526649228.650460
  226  517  516  517 1526649228.655459
  226  516  517  517 1526649228.659457
  226  517  516  517 1526649228.663465
  226  516  516  516 1526649228.667716
  226  517  516  516 1526649228.671711
  226  516  516  516 1526649228.675584
  226  516  516  516 1526649228.679585
  226  517  516  516 1526649228.683584
  227  516  517  516 1526649228.688097
  226  517  516  517 1526649228.692081
  226  517  516  516 1526649228.696085
  226  517  516  516 1526649228.700087
  227  516  517  517 1526649228.704080
  226  516  516  516 1526649228.708329
  226  516  516  516 1526649228.712203
  226  517  516  516 1526649228.717204
  227  517  517  517 1526649228.721578
  226  517  516  516 1526649228.725836
  226  517  516  516 1526649228.730206
  226  516  516  516 1526649228.734207
  226  517  516  516 1526649228.738582
  225  517  516  516 1526649228.742580
  226  516  516  516 1526649228.747590
  226  517  516  517 1526649228.751956
  226  516  516  516 1526649228.755836
  226  516  516  516 1526649228.760332
  226  516  517  517 1526649228.764332
  226  516  516  516 1526649228.768701
  226  517  516  517 1526649228.772708
  226  517  517  516 1526649228.777676
  226  517  516  516 1526649228.781956
  226  517  516  516 1526649228.785957
  226  516  516  516 1526649228.790334
  226  517  516  517 1526649228.794335
  226  517  516  517 1526649228.798454
  226  517  517  516 1526649228.802332
  226  517  516  516 1526649228.807829
  226  516  517  517 1526649228.811831
  226  516  516  516 1526649228.815832
  227  516  517  517 1526649228.820336
  226  516  516  517 1526649228.824328
  225  516  516  517 1526649228.828451
  226  517  516  517 1526649228.832331
  226  517  516  516 1526649228.837578
  227  517  516  516 1526649228.841850
  226  516  516  516 1526649228.845830
  226  517  516  516 1526649228.849824
  226  517  517  516 1526649228.853937
  226  516  516  517 1526649228.858205
  226  517  516  516 1526649228.862071
  226  517  517  517 1526649228.865952
  226  516  517  517 1526649228.871450
  226  517  516  517 1526649228.875320
  226  516  516  516 1526649228.879702
  226  517  516  517 1526649228.883577
  226  517  516  516 1526649228.887452
  226  516  516  516 1526649228.891829
  225  516  516  516 1526649228.895827
  226  517  516  517 1526649228.900581
  227  516  517  516 1526649228.904581
  226  516  516  516 1526649228.908896
  226  517  517  516 1526649228.912827
  226  517  516  516 1526649228.916828
  227  517  516  517 1526649228.920825
  226  517  516  517 1526649228.924948
  226  517  516  517 1526649228.929952
  227  517  516  516 1526649228.933954
  226  517  516  517 1526649228.937950
  226  517  516  517 1526649228.941954
  226  517  516  516 1526649228.945821
  225  517  516  516 1526649228.949698
  226  516  516  516 1526649228.953570
  227  517  517  516 1526649228.958615
  226  517  516  516 1526649228.963070
  226  516  516  516 1526649228.966942
  225  517  516  517 1526649228.970823
  226  516  517  516 1526649228.974703
  226  517  516  516 1526649228.978594
  227  516  517  516 1526649228.982579
  226  516  516  516 1526649228.986577
  226  516  516  516 1526649228.991447
  226  517  517  517 1526649228.995452
  226  517  516  516 1526649228.999584
  226  516  516  517 1526649229.003576
  226  517  517  517 1526649229.007576
  226  517  516  516 1526649229.011574
  226  516  516  516 1526649229.016070
  226  517  516  516 1526649229.019941
  226  517  517  517 1526649229.025448
  226  517  517  517 1526649229.029315
  226  516  516  516 1526649229.033190
  226  516  516  516 1526649229.037563
  226  517  516  516 1526649229.041566
  226  516  516  516 1526649229.045819
  226  517  516  516 1526649229.050818
  226  517  516  516 1526649229.055113
  226  516  516  516 1526649229.058939
  226  516  516  517 1526649229.062824
  226  516  517  517 1526649229.066814
  226  516  516  516 1526649229.070817
  226  517  516  516 1526649229.075073
  226  517  517  517 1526649229.079067
  226  517  517  516 1526649229.084064
  226  517  517  517 1526649229.088573
  226  517  516  517 1526649229.092453
  226  517  516  516 1526649229.096813
  225  516  516  516 1526649229.100698
  227  517  516  516 1526649229.104563
  226  517  516  516 1526649229.109072
  225  517  516  517 1526649229.113561
  227  516  516  516 1526649229.117685
  226  517  516  517 1526649229.121572
  226  516  516  516 1526649229.125813
  226  517  516  517 1526649229.129688
  226  517  516  517 1526649229.133569
  226  516  517  516 1526649229.137941
  226  517  516  516 1526649229.142937
  226  517  517  516 1526649229.147310
  226  517  516  516 1526649229.151194
  226  516  517  517 1526649229.155060
  226  517  517  516 1526649229.159445
  227  516  516  516 1526649229.163449
  226  517  516  516 1526649229.167811
  226  516  516  516 1526649229.172811
  226  516  517  516 1526649229.177195
  226  517  516  516 1526649229.181197
  226  516  516  516 1526649229.185059
  226  517  516  516 1526649229.189567
  225  517  516  517 1526649229.193435
  226  516  517  517 1526649229.197678
  226  516  516  517 1526649229.201940
  226  516  516  516 1526649229.207432
  227  517  517  517 1526649229.211308
  226  517  516  516 1526649229.215182
  226  517  516  516 1526649229.219058
  226  517  516  517 1526649229.223190
