  517  517  516  516 1526649824.115320
  517  517  516  517 1526649824.119317
  516  517  517  517 1526649824.123191
  517  517  517  516 1526649824.127576
  516  517  517  516 1526649824.131571
  517  516  516  517 1526649824.135574
  517  516  517  517 1526649824.139446
  517  517  517  517 1526649824.144451
  517  516  517  517 1526649824.148326
  516  517  517  517 1526649824.152323
  517  517  516  516 1526649824.156322
  516  517  517  516 1526649824.160323
  517  517  516  516 1526649824.164326
  517  517  517  516 1526649824.168319
  517  517  517  517 1526649824.172195
  517  517  517  517 1526649824.177278
  517  517  517  516 1526649824.181202
  516  516  517  516 1526649824.185201
  517  517  517  517 1526649824.189199
  516  517  517  516 1526649824.193193
  517  517  517  517 1526649824.197198
  516  517  517  516 1526649824.201199
  517  517  517  517 1526649824.205197
  517  517  516  517 1526649824.209451
  517  517  516  516 1526649824.213451
  516  517  517  516 1526649824.217446
  517  517  516  516 1526649824.221451
  517  517  516  516 1526649824.225450
  516  517  517  516 1526649824.229447
  517  516  517  517 1526649824.233446
  517  517  516  517 1526649824.238449
  516  517  517  516 1526649824.242448
  516  517  516  516 1526649824.246572
  517  516  516  517 1526649824.250572
  517  517  517  517 1526649824.254572
  517  517  516  516 1526649824.258445
  517  517  517  517 1526649824.262319
  517  517  517  516 1526649824.267491
  517  517  517  516 1526649824.271445
  517  517  517  517 1526649824.275442
  516  517  517  517 1526649824.279444
  517  517  517  516 1526649824.283319
  517  517  516  516 1526649824.287196
  516  517  517  516 1526649824.291197
  516  517  516  517 1526649824.295205
  517  516  516  517 1526649824.299819
  517  516  516  517 1526649824.303820
  517  517  517  517 1526649824.307819
  517  517  517  517 1526649824.311687
  516  516  516  516 1526649824.315568
  516  516  517  516 1526649824.319437
  517  517  517  517 1526649824.323311
  517  517  517  517 1526649824.327311
  516  517  517  517 1526649824.332310
  517  517  517  517 1526649824.336186
  517  517  517  516 1526649824.340060
  517  517  517  516 1526649824.343945
  516  517  517  516 1526649824.347820
  516  516  517  517 1526649824.351811
  516  516  516  517 1526649824.355691
  516  516  516  517 1526649824.360685
  517  516  517  517 1526649824.364688
  517  517  517  517 1526649824.368750
  517  517  517  516 1526649824.372694
  516  516  517  517 1526649824.376685
  517  517  517  517 1526649824.381431
  517  517  517  516 1526649824.385309
  517  517  517  516 1526649824.389563
  517  517  516  517 1526649824.394071
  516  517  517  517 1526649824.398190
  516  516  516  516 1526649824.402181
  517  516  517  517 1526649824.406056
  517  517  517  516 1526649824.410056
  516  517  517  516 1526649824.414061
  517  517  517  516 1526649824.418350
  517  517  516  517 1526649824.423313
  517  517  517  517 1526649824.427181
  516  517  517  516 1526649824.431430
  517  517  517  516 1526649824.435441
  517  516  516  517 1526649824.439555
  517  517  517  516 1526649824.443432
  517  517  516  517 1526649824.447318
  517  517  517  516 1526649824.452684
  517  516  517  516 1526649824.456567
  517  517  517  516 1526649824.460563
  516  517  517  516 1526649824.464561
  517  517  517  516 1526649824.468679
  516  517  517  517 1526649824.472554
  517  517  516  516 1526649824.476429
  517  517  517  517 1526649824.480688
  517  517  517  517 1526649824.485054
  517  517  516  517 1526649824.489189
  516  516  517  517 1526649824.493053
  516  517  516  517 1526649824.497066
  517  517  517  517 1526649824.500937
  517  516  517  517 1526649824.504803
  517  517  516  516 1526649824.509186
  517  517  517  517 1526649824.514178
  517  517  517  517 1526649824.518064
  517  517  517  517 1526649824.522552
  516  517  516  517 1526649824.526560
  516  517  517  516 1526649824.531054
  516  517  517  516 1526649824.535060
  517  517  517  516 1526649824.539311
  517  516  517  517 1526649824.544182
  516  516  517  517 1526649824.548187
  517  517  517  517 1526649824.552433
  517  517  517  517 1526649824.556301
  517  517  517  517 1526649824.560434
  517  517  517  517 1526649824.564428
  516  517  517  516 1526649824.568300
  517  517  517  517 1526649824.572806
  517  517  516  516 1526649824.577816
  516  517  517  516 1526649824.581801
  517  517  517  517 1526649824.585804
  517  517  517  517 1526649824.589931
  517  516  517  517 1526649824.593801
  517  517  517  517 1526649824.597812
  517  517  517  517 1526649824.601856
  516  517  517  517 1526649824.606812
  517  517  517  517 1526649824.611173
  517  517  516  516 1526649824.615056
  516  516  517  517 1526649824.619054
  517  517  517  516 1526649824.623439
  517  517  517  516 1526649824.627299
  517  517  516  516 1526649824.631423
  517  517  516  516 1526649824.636309
  517  517  517  516 1526649824.640428
  517  517  517  516 1526649824.644308
  517  516  517  516 1526649824.648185
  517  517  517  516 1526649824.652305
  516  517  517  516 1526649824.656172
  517  516  516  517 1526649824.660440
  517  517  517  516 1526649824.665542
  516  517  517  517 1526649824.669438
  517  517  517  516 1526649824.673809
  517  516  517  517 1526649824.677798
  517  517  517  517 1526649824.682172
  516  517  517  516 1526649824.686046
  517  517  517  516 1526649824.689934
  517  517  517  517 1526649824.694429
  517  516  517  516 1526649824.699421
  516  516  517  517 1526649824.703930
  517  517  517  516 1526649824.707798
  517  517  517  516 1526649824.711927
  516  516  517  517 1526649824.715797
  516  517  517  516 1526649824.719681
  517  517  517  517 1526649824.723552
  516  517  517  517 1526649824.728672
  517  517  517  516 1526649824.733180
  517  516  516  517 1526649824.737179
  517  516  516  517 1526649824.741435
  517  517  517  516 1526649824.745431
  516  517  517  516 1526649824.749424
  516  516  517  517 1526649824.753550
  516  516  517  517 1526649824.758552
  517  516  517  516 1526649824.762927
  517  517  517  517 1526649824.766803
  517  517  517  517 1526649824.770801
  517  517  517  517 1526649824.775177
  517  517  517  517 1526649824.779177
  517  517  517  516 1526649824.783425
  517  516  517  517 1526649824.788437
  517  516  517  516 1526649824.792803
  517  516  517  517 1526649824.796802
  517  517  517  517 1526649824.800804
  517  517  517  517 1526649824.805177
  517  517  517  516 1526649824.809176
  517  517  516  516 1526649824.813550
  517  516  517  517 1526649824.818549
  517  517  516  516 1526649824.822928
  516  517  516  516 1526649824.826924
  517  517  516  516 1526649824.830927
  516  517  517  516 1526649824.835300
  517  517  517  516 1526649824.839305
  517  517  517  516 1526649824.843673
  517  517  517  517 1526649824.848673
  516  517  516  517 1526649824.853050
  517  517  517  517 1526649824.857052
  517  517  517  516 1526649824.861049
  516  516  517  517 1526649824.864928
  517  516  517  517 1526649824.868799
  517  517  516  517 1526649824.873045
  517  517  517  516 1526649824.877920
  516  517  517  516 1526649824.881920
  516  517  517  516 1526649824.886303
  516  517  517  517 1526649824.890302
  517  517  516  516 1526649824.894673
  516  517  517  517 1526649824.898674
  517  517  517  516 1526649824.903224
  516  517  517  517 1526649824.907171
  517  517  517  516 1526649824.912294
  516  517  517  517 1526649824.916676
  517  516  516  516 1526649824.920799
  517  517  517  516 1526649824.925172
  516  517  517  516 1526649824.929041
  517  516  517  517 1526649824.932917
  517  517  517  516 1526649824.937297
  516  517  517  516 1526649824.941666
  517  517  516  517 1526649824.945918
  516  517  517  517 1526649824.949920
  516  517  517  517 1526649824.954297
  517  516  516  516 1526649824.958297
  517  517  517  516 1526649824.962299
  517  517  517  516 1526649824.966295
  517  517  517  517 1526649824.971045
  517  517  517  516 1526649824.975296
  516  517  516  517 1526649824.979297
  517  517  517  517 1526649824.983296
  517  516  517  517 1526649824.987919
  516  517  517  516 1526649824.991920
  517  517  517  516 1526649824.996295
  517  516  517  517 1526649825.001292
  516  517  517  517 1526649825.005673
  517  517  517  517 1526649825.009683
  516  516  516  517 1526649825.013917
  516  517  516  517 1526649825.017924
  517  517  517  517 1526649825.021919
  517  517  517  516 1526649825.026292
  517  517  517  517 1526649825.031418
  517  516  516  517 1526649825.035421
  517  516  517  516 1526649825.039421
  516  517  517  517 1526649825.043792
  517  517  516  517 1526649825.047794
  517  516  516  517 1526649825.051795
  517  517  516  516 1526649825.055677
  517  516  517  517 1526649825.060674
  517  517  516  517 1526649825.065045
  517  517  517  517 1526649825.069040
  517  517  517  516 1526649825.073449
  517  517  517  517 1526649825.077421
  517  516  516  517 1526649825.081416
  517  517  517  516 1526649825.085543
  517  517  517  516 1526649825.090683
  517  516  517  516 1526649825.095044
  516  517  517  517 1526649825.099048
  517  517  517  516 1526649825.103040
  517  516  516  517 1526649825.107428
  517  516  516  516 1526649825.111417
  517  517  517  517 1526649825.115916
  517  517  516  517 1526649825.121091
  516  516  516  517 1526649825.125288
  516  516  516  517 1526649825.129288
  516  517  517  516 1526649825.133536
  517  517  517  517 1526649825.138031
  517  517  517  517 1526649825.141910
  516  516  517  517 1526649825.146419
  517  517  517  517 1526649825.151547
  517  517  517  517 1526649825.155907
  517  517  517  517 1526649825.159963
  517  517  517  516 1526649825.163906
  516  517  517  517 1526649825.168280
  516  517  517  516 1526649825.172287
  516  517  517  516 1526649825.176538
  517  517  517  516 1526649825.181693
  517  517  516  517 1526649825.185911
  517  517  516  516 1526649825.189912
  517  517  516  516 1526649825.193914
  516  517  516  516 1526649825.198413
  516  517  517  516 1526649825.202411
  517  517  517  516 1526649825.206674
  517  517  517  516 1526649825.211714
  517  517  517  516 1526649825.215681
  517  516  517  517 1526649825.219677
  516  517  517  516 1526649825.223688
  516  516  517  517 1526649825.227680
  517  517  517  516 1526649825.231680
  516  517  517  517 1526649825.235674
  516  517  517  516 1526649825.239757
  517  517  517  516 1526649825.244682
  516  517  517  516 1526649825.248685
  516  516  516  517 1526649825.254409
  517  516  517  517 1526649825.258285
  516  517  517  517 1526649825.262289
  517  517  517  516 1526649825.266288
  517  517  517  516 1526649825.270287
  516  517  516  516 1526649825.274285
  517  517  517  517 1526649825.278285
  517  517  516  517 1526649825.282287
  516  517  517  516 1526649825.286286
  516  517  517  516 1526649825.290288
  517  517  517  516 1526649825.294290
  517  517  517  516 1526649825.298291
  516  517  516  516 1526649825.302329
  517  516  516  517 1526649825.306786
  517  517  516  517 1526649825.310785
  517  517  517  516 1526649825.314784
  517  516  516  517 1526649825.318782
  517  517  517  517 1526649825.324783
  517  516  517  517 1526649825.328783
  517  516  516  516 1526649825.332782
  516  516  517  517 1526649825.337286
  517  517  517  516 1526649825.342916
  517  517  517  516 1526649825.347910
  517  517  516  517 1526649825.370148
  517  517  517  516 1526649825.374023
  516  516  516  517 1526649825.377898
  516  517  517  517 1526649825.381773
  517  517  517  517 1526649825.385651
  516  517  517  517 1526649825.389524
  517  516  517  517 1526649825.393398
  517  517  516  517 1526649825.397273
  517  516  517  516 1526649825.401159
  516  517  516  517 1526649825.407152
  516  517  517  517 1526649825.412282
  517  517  517  516 1526649825.416533
  517  517  516  517 1526649825.420722
  517  516  517  517 1526649825.424783
  517  517  516  516 1526649825.428907
  517  517  517  516 1526649825.432902
  517  517  516  517 1526649825.436908
  517  517  516  517 1526649825.441035
  516  517  517  516 1526649825.445032
  517  517  517  516 1526649825.449031
  517  517  517  516 1526649825.453026
  517  517  516  516 1526649825.457032
