   26  516  517  517 1526649455.966439
   26  516  516  516 1526649455.970431
   26  516  517  516 1526649455.974304
   26  516  516  516 1526649455.979062
   26  516  517  517 1526649455.983066
   26  516  516  517 1526649455.987177
   26  516  517  517 1526649455.991062
   26  516  516  517 1526649455.995312
   26  517  517  516 1526649455.999311
   26  517  517  517 1526649456.003313
   26  516  517  516 1526649456.007309
   26  516  517  516 1526649456.011312
   26  517  517  516 1526649456.015311
   26  516  517  516 1526649456.019310
   26  517  517  517 1526649456.023185
   26  516  517  517 1526649456.028186
   26  516  517  516 1526649456.032186
   26  517  517  517 1526649456.036184
   26  516  517  516 1526649456.040188
   26  517  517  516 1526649456.044185
   26  516  517  516 1526649456.048054
   26  516  517  516 1526649456.052063
   26  516  516  516 1526649456.056058
   26  516  516  516 1526649456.060311
   26  517  516  517 1526649456.064182
   26  517  517  516 1526649456.068184
   26  516  517  516 1526649456.072186
   26  517  517  517 1526649456.076186
   26  516  517  516 1526649456.080055
   26  516  516  516 1526649456.083939
   26  516  517  516 1526649456.088810
   26  516  517  516 1526649456.092811
   26  516  517  516 1526649456.096807
   26  516  516  517 1526649456.100804
   26  516  517  516 1526649456.104811
   26  516  517  516 1526649456.108804
   26  516  517  517 1526649456.112933
   26  517  517  517 1526649456.116805
   26  517  516  517 1526649456.121808
   26  516  516  517 1526649456.125810
   26  516  516  517 1526649456.129802
   26  516  517  517 1526649456.133676
   26  517  517  516 1526649456.137551
   26  517  517  517 1526649456.141428
   26  517  517  517 1526649456.145677
   26  517  517  517 1526649456.150675
   26  516  517  517 1526649456.154547
   26  516  517  516 1526649456.158434
   26  517  517  517 1526649456.162434
   26  516  517  516 1526649456.166297
   26  516  517  516 1526649456.170297
   26  517  517  516 1526649456.174180
   26  516  517  516 1526649456.178178
   26  516  517  516 1526649456.183306
   26  517  517  516 1526649456.187304
   26  516  517  516 1526649456.191301
   26  517  517  516 1526649456.195390
   26  517  517  516 1526649456.199796
   26  517  517  517 1526649456.203673
   26  516  516  517 1526649456.207934
   26  517  517  517 1526649456.213053
   26  516  517  517 1526649456.217325
   26  517  517  517 1526649456.221181
   26  516  516  517 1526649456.225058
   26  517  517  516 1526649456.228921
   26  517  517  517 1526649456.232799
   26  516  516  516 1526649456.237098
   26  516  517  517 1526649456.241802
   26  516  516  516 1526649456.245677
   26  516  517  516 1526649456.249545
   26  517  517  517 1526649456.253418
   26  517  517  516 1526649456.257921
   26  516  517  516 1526649456.261795
   26  516  517  517 1526649456.265794
   26  516  517  516 1526649456.269799
   26  516  517  517 1526649456.274544
   26  516  517  516 1526649456.278800
   26  517  517  517 1526649456.282682
   26  516  517  516 1526649456.286553
   26  516  516  516 1526649456.290804
   26  516  517  516 1526649456.294796
   26  517  517  517 1526649456.299058
   26  516  516  517 1526649456.304052
   26  516  516  516 1526649456.308293
   26  516  517  516 1526649456.312171
   26  516  517  516 1526649456.316176
   26  516  516  517 1526649456.320168
   26  516  516  516 1526649456.324042
   26  517  517  516 1526649456.328298
   26  516  516  517 1526649456.333368
   26  516  517  516 1526649456.337178
   26  516  517  517 1526649456.341676
   26  516  516  516 1526649456.345672
   26  517  517  516 1526649456.350171
   26  517  517  517 1526649456.354177
   26  517  517  516 1526649456.358293
   26  516  517  517 1526649456.362298
   26  516  516  517 1526649456.366551
   26  517  517  517 1526649456.370423
   26  516  516  516 1526649456.374290
   26  517  517  517 1526649456.378419
   26  516  517  517 1526649456.382288
   26  517  517  517 1526649456.386164
   26  516  517  517 1526649456.390415
   26  516  516  517 1526649456.395414
   26  516  517  517 1526649456.399791
   26  516  517  517 1526649456.403794
   26  516  517  516 1526649456.407676
   26  516  516  516 1526649456.411922
   26  517  517  516 1526649456.415797
   26  516  516  517 1526649456.420048
   26  517  517  516 1526649456.425137
   26  516  517  517 1526649456.429293
   26  516  517  517 1526649456.433290
   26  516  516  516 1526649456.437287
   26  516  516  516 1526649456.441287
   26  516  517  516 1526649456.445296
   26  516  516  516 1526649456.449538
   26  517  517  517 1526649456.453421
   26  516  517  517 1526649456.457796
   26  516  517  517 1526649456.462296
   26  516  516  516 1526649456.466170
   26  516  517  516 1526649456.470418
   26  516  516  516 1526649456.474287
   26  516  517  516 1526649456.478161
   26  517  516  516 1526649456.482548
   26  516  517  516 1526649456.487419
   26  517  516  516 1526649456.491410
   26  516  516  516 1526649456.495285
   26  517  517  517 1526649456.499543
   26  516  517  516 1526649456.503538
   26  516  517  516 1526649456.507410
   26  516  516  517 1526649456.511662
   26  516  517  516 1526649456.515542
   26  516  517  517 1526649456.520919
   26  516  517  517 1526649456.524785
   26  517  517  516 1526649456.528669
   26  516  517  516 1526649456.533037
   26  516  517  517 1526649456.537045
   26  516  517  517 1526649456.541292
   26  516  517  516 1526649456.545292
   26  516  517  516 1526649456.549419
   26  516  517  516 1526649456.553788
   26  517  517  516 1526649456.557794
   26  517  517  517 1526649456.562295
   26  516  517  516 1526649456.566293
   26  516  516  517 1526649456.570670
   26  516  517  516 1526649456.574540
   26  516  517  517 1526649456.579421
   26  516  517  516 1526649456.583921
   26  516  517  516 1526649456.587919
   26  516  517  516 1526649456.592291
   26  516  517  517 1526649456.596289
   26  517  517  516 1526649456.600846
   26  517  517  516 1526649456.604791
   26  516  516  517 1526649456.609538
   26  516  517  516 1526649456.613544
   26  516  517  516 1526649456.617543
   26  517  517  517 1526649456.622039
   26  516  517  517 1526649456.626040
   26  516  517  517 1526649456.629916
   26  516  517  516 1526649456.634466
   26  516  517  517 1526649456.639418
   26  516  517  517 1526649456.643420
   26  516  517  517 1526649456.647413
   26  516  517  516 1526649456.651664
   26  516  516  517 1526649456.655673
   26  516  516  517 1526649456.659675
   26  516  516  516 1526649456.663791
   26  516  516  516 1526649456.668789
   26  516  517  516 1526649456.673038
   26  516  517  517 1526649456.676912
   26  516  517  517 1526649456.680989
   26  516  517  517 1526649456.685158
   26  517  516  516 1526649456.689032
   26  516  517  517 1526649456.693283
   26  516  517  516 1526649456.698293
   26  517  516  517 1526649456.702407
   26  516  516  517 1526649456.710415
   26  516  517  516 1526649456.714413
   26  517  517  517 1526649456.718415
   26  516  517  517 1526649456.722803
   26  516  517  517 1526649456.726673
   26  516  517  516 1526649456.730790
   26  516  516  516 1526649456.734787
   26  516  517  517 1526649456.738785
   26  516  516  516 1526649456.743031
   26  516  517  517 1526649456.747039
   26  516  516  516 1526649456.751035
   26  516  517  517 1526649456.755037
   26  516  517  517 1526649456.759913
   26  516  517  517 1526649456.764288
   26  517  517  517 1526649456.768284
   26  517  517  517 1526649456.772850
   26  517  517  517 1526649456.776785
   26  516  517  516 1526649456.780677
   26  517  517  516 1526649456.785038
   26  517  517  517 1526649456.790038
   26  517  517  517 1526649456.794415
   26  517  517  517 1526649456.798412
   26  517  517  517 1526649456.802414
   26  517  517  516 1526649456.806788
   26  517  516  516 1526649456.810787
   26  517  516  517 1526649456.815160
   26  516  516  517 1526649456.820162
   26  517  517  517 1526649456.824527
   26  516  517  517 1526649456.828411
   26  516  516  517 1526649456.832530
   26  516  517  517 1526649456.836527
   26  517  517  517 1526649456.840403
   26  517  516  516 1526649456.844403
   26  517  516  517 1526649456.849541
   26  516  517  517 1526649456.853779
   26  516  517  516 1526649456.857781
   26  516  517  516 1526649456.861786
   26  516  517  516 1526649456.866035
   26  516  517  516 1526649456.870035
   26  516  517  516 1526649456.874406
   26  517  517  516 1526649456.879581
   26  516  517  517 1526649456.883780
   26  516  517  516 1526649456.887679
   26  516  516  517 1526649456.891677
   26  516  516  517 1526649456.895672
   26  516  516  517 1526649456.899685
   26  517  517  517 1526649456.904031
   26  517  517  517 1526649456.908029
   26  517  517  516 1526649456.912280
   26  517  516  517 1526649456.916674
   26  517  517  516 1526649456.920681
   26  517  517  516 1526649456.925032
   26  516  517  517 1526649456.929031
   26  517  517  517 1526649456.932904
   26  516  517  516 1526649456.937405
   26  516  517  517 1526649456.942155
   26  516  517  516 1526649456.946153
   26  516  517  517 1526649456.950158
   26  516  516  517 1526649456.954568
   26  517  517  516 1526649456.958530
   26  517  517  516 1526649456.962528
   26  517  516  517 1526649456.966535
   26  517  517  516 1526649456.971533
   26  517  517  517 1526649456.975905
   26  517  517  517 1526649456.979904
   26  517  517  517 1526649456.984275
   26  517  517  516 1526649456.988152
   26  516  517  517 1526649456.992028
   26  516  517  517 1526649456.996400
   26  516  516  517 1526649457.001468
   26  516  516  517 1526649457.005672
   26  516  516  516 1526649457.009668
   26  516  517  516 1526649457.013682
   26  516  517  517 1526649457.017896
   26  517  517  517 1526649457.021770
   26  516  517  517 1526649457.025895
   26  516  517  516 1526649457.029778
   26  516  517  517 1526649457.034624
   26  517  517  517 1526649457.038529
   26  516  516  517 1526649457.042524
   26  517  517  517 1526649457.046695
   26  516  517  516 1526649457.050672
   26  517  517  517 1526649457.055059
   26  516  516  516 1526649457.059043
   26  516  517  517 1526649457.064029
   26  516  516  516 1526649457.068400
   26  517  517  517 1526649457.072399
   26  516  517  516 1526649457.077684
   26  516  517  516 1526649457.081824
   26  516  517  517 1526649457.085893
   26  516  517  516 1526649457.089925
   26  516  516  517 1526649457.094774
   26  516  517  517 1526649457.099153
   26  517  516  517 1526649457.103028
   26  516  517  517 1526649457.107267
   26  516  517  516 1526649457.111148
   26  516  517  517 1526649457.115026
   26  516  517  517 1526649457.119523
   26  517  517  516 1526649457.124525
   26  516  517  516 1526649457.128524
   26  516  517  517 1526649457.132525
   26  517  517  516 1526649457.137022
   26  516  516  516 1526649457.141023
   26  516  516  517 1526649457.145021
   26  517  517  517 1526649457.149021
   26  516  516  517 1526649457.153898
   26  516  517  517 1526649457.158023
   26  517  517  517 1526649457.162026
   26  517  517  516 1526649457.166023
   26  517  517  516 1526649457.170017
   26  516  517  516 1526649457.173894
   26  516  516  517 1526649457.177897
   26  516  517  517 1526649457.181895
   26  517  517  517 1526649457.186893
   26  517  517  517 1526649457.190901
   26  516  517  516 1526649457.194896
   26  517  517  517 1526649457.198894
   26  517  517  516 1526649457.202765
   26  516  517  516 1526649457.206652
   26  516  516  517 1526649457.210520
   26  516  516  517 1526649457.215649
   26  517  517  516 1526649457.219888
   26  517  517  517 1526649457.223767
   26  516  517  517 1526649457.227656
   26  516  516  516 1526649457.231523
   26  516  516  517 1526649457.235386
   26  517  517  517 1526649457.239386
   26  516  517  516 1526649457.244395
   26  517  517  517 1526649457.248268
   26  517  517  517 1526649457.252273
   26  516  516  516 1526649457.256273
   26  516  516  517 1526649457.260269
   26  517  517  517 1526649457.264267
   26  517  517  517 1526649457.268141
   26  516  516  516 1526649457.272662
   26  516  517  516 1526649457.276891
   27  517  516  516 1526649457.281682
   26  516  516  516 1526649457.285893
   26  517  517  516 1526649457.289894
   26  516  516  516 1526649457.294383
   26  516  517  517 1526649457.298262
   26  516  517  516 1526649457.302696
