   66  516  517  516 1526649593.341437
   66  517  517  516 1526649593.345435
   65  517  517  516 1526649593.349310
   66  517  516  516 1526649593.353691
   66  517  517  516 1526649593.357695
   66  517  516  516 1526649593.361704
   66  516  517  516 1526649593.365688
   65  517  517  516 1526649593.370689
   66  517  517  517 1526649593.374689
   66  517  517  516 1526649593.378688
   65  516  517  516 1526649593.382563
   66  517  517  516 1526649593.386569
   66  516  517  517 1526649593.390569
   66  517  517  517 1526649593.394690
   66  516  517  516 1526649593.398694
   66  517  517  516 1526649593.403563
   66  517  517  516 1526649593.407565
   66  517  517  516 1526649593.411564
   66  517  517  516 1526649593.415566
   66  517  516  516 1526649593.419563
   66  517  517  516 1526649593.423564
   66  517  517  516 1526649593.427564
   66  517  517  517 1526649593.432588
   66  517  517  517 1526649593.436484
   65  517  517  517 1526649593.440443
   66  517  517  516 1526649593.444436
   66  517  517  516 1526649593.448440
   66  517  516  516 1526649593.452311
   66  517  516  516 1526649593.456195
   66  517  516  517 1526649593.460184
   66  517  517  516 1526649593.465067
   66  517  517  516 1526649593.469065
   66  517  517  517 1526649593.473061
   66  516  517  517 1526649593.477064
   66  517  517  516 1526649593.480932
   66  517  516  516 1526649593.484807
   66  517  517  517 1526649593.488681
   66  516  517  517 1526649593.492685
   66  517  516  516 1526649593.498303
   66  517  517  516 1526649593.502187
   65  517  517  516 1526649593.506071
   65  517  517  516 1526649593.509945
   66  517  517  516 1526649593.513808
   66  517  516  517 1526649593.517813
   65  517  517  516 1526649593.521772
   65  517  517  516 1526649593.526812
   66  516  517  517 1526649593.530808
   66  516  517  516 1526649593.534813
   66  517  517  517 1526649593.538813
   66  517  517  517 1526649593.542808
   66  517  517  517 1526649593.546804
   66  517  517  517 1526649593.551301
   66  517  517  516 1526649593.556426
   65  516  517  516 1526649593.560302
   66  517  517  516 1526649593.564187
   65  517  516  516 1526649593.568429
   66  517  516  516 1526649593.576301
   66  517  517  516 1526649593.580186
   66  517  517  517 1526649593.584059
   65  516  517  516 1526649593.588682
   66  516  517  516 1526649593.592676
   66  517  517  516 1526649593.596560
   66  516  517  517 1526649593.600424
   66  517  517  517 1526649593.604300
   66  517  517  517 1526649593.608563
   66  516  516  516 1526649593.612425
   65  516  517  517 1526649593.617434
   66  516  517  516 1526649593.621800
   66  516  517  516 1526649593.625805
   67  516  517  516 1526649593.630184
   66  517  517  517 1526649593.634062
   66  517  517  516 1526649593.638405
   66  517  517  516 1526649593.642186
   66  517  517  516 1526649593.647226
   65  517  517  517 1526649593.651064
   66  516  517  516 1526649593.654923
   67  516  517  516 1526649593.659182
   66  517  517  516 1526649593.663054
   66  517  517  516 1526649593.666922
   66  517  517  517 1526649593.670922
   66  516  516  516 1526649593.674830
   66  517  517  517 1526649593.680183
   66  517  516  516 1526649593.684173
   66  516  517  516 1526649593.688059
   66  517  517  517 1526649593.692298
   65  516  517  516 1526649593.696303
   65  517  517  516 1526649593.700550
   66  516  517  517 1526649593.704578
   66  517  517  517 1526649593.709926
   66  517  517  517 1526649593.713797
   66  517  517  517 1526649593.717754
   66  517  516  516 1526649593.721553
   66  517  516  517 1526649593.725421
   66  517  516  516 1526649593.729672
   66  517  517  517 1526649593.733672
   66  517  517  517 1526649593.738688
   66  517  517  517 1526649593.742928
   66  517  517  516 1526649593.746795
   65  517  517  516 1526649593.751052
   66  517  517  517 1526649593.754930
   66  516  517  516 1526649593.758795
   66  517  517  516 1526649593.763054
   66  516  517  516 1526649593.766927
   66  517  516  517 1526649593.771801
   66  517  517  516 1526649593.776670
   66  517  516  516 1526649593.781169
   66  517  517  517 1526649593.785181
   66  516  517  516 1526649593.789054
   66  517  517  516 1526649593.793554
   66  516  517  517 1526649593.797426
   66  517  517  516 1526649593.802306
   66  517  517  517 1526649593.806178
   66  517  517  516 1526649593.810467
   66  517  517  516 1526649593.814292
   66  516  517  517 1526649593.818176
   66  516  517  517 1526649593.822550
   66  517  517  516 1526649593.826542
   66  517  517  517 1526649593.832175
   66  517  517  516 1526649593.836179
   66  517  516  517 1526649593.840064
   65  517  516  516 1526649593.844419
   66  517  517  517 1526649593.848293
   66  517  516  517 1526649593.852542
   66  517  516  516 1526649593.856416
   66  517  517  516 1526649593.861988
   66  517  517  516 1526649593.865797
   66  517  516  517 1526649593.869676
   66  517  517  517 1526649593.874172
   65  517  517  517 1526649593.878046
   66  516  517  517 1526649593.882301
   66  517  517  516 1526649593.886168
   66  517  516  517 1526649593.890049
   66  516  517  516 1526649593.894797
   66  517  517  517 1526649593.898804
   66  517  517  517 1526649593.903045
   66  517  517  517 1526649593.907050
   66  516  517  516 1526649593.911050
   66  517  517  517 1526649593.919188
   66  517  516  517 1526649593.924549
   66  517  517  517 1526649593.928424
   66  516  517  516 1526649593.932424
   66  517  516  516 1526649593.937045
   65  516  517  517 1526649593.941047
   66  516  516  516 1526649593.945421
   66  516  517  516 1526649593.949417
   66  517  517  516 1526649593.954548
   66  517  516  516 1526649593.958546
   66  517  516  517 1526649593.962546
   66  517  517  516 1526649593.966926
   65  517  517  517 1526649593.970919
   66  517  516  516 1526649593.975170
   67  517  517  517 1526649593.979043
   66  517  517  517 1526649593.984420
   66  517  517  517 1526649593.988426
   66  517  517  517 1526649593.992421
   66  517  517  516 1526649593.996296
   66  517  517  516 1526649594.000298
   66  516  517  516 1526649594.004669
   66  517  517  516 1526649594.008684
   66  517  516  516 1526649594.013672
   66  516  517  516 1526649594.018168
   66  517  517  516 1526649594.022171
   66  517  517  516 1526649594.026546
   66  517  517  517 1526649594.030538
   66  516  516  517 1526649594.034807
   66  516  516  516 1526649594.038788
   66  516  517  516 1526649594.043788
   66  516  517  516 1526649594.048040
   66  516  517  516 1526649594.052045
   66  517  516  517 1526649594.056542
   66  517  517  517 1526649594.060544
   66  516  517  516 1526649594.064983
   66  516  517  517 1526649594.068915
   66  517  517  516 1526649594.073919
   66  516  517  517 1526649594.078295
   65  517  517  517 1526649594.082293
   66  517  517  517 1526649594.086677
   66  517  517  517 1526649594.090675
   66  516  516  517 1526649594.094665
   66  517  517  517 1526649594.099040
   66  516  517  516 1526649594.103920
   66  517  517  516 1526649594.107915
   66  516  516  517 1526649594.111916
   66  516  516  516 1526649594.116286
   66  517  517  516 1526649594.120292
   65  517  516  517 1526649594.124169
   66  517  516  516 1526649594.128166
   66  516  517  516 1526649594.132164
   66  517  517  517 1526649594.137680
   66  517  517  517 1526649594.141675
   66  517  517  517 1526649594.146034
   66  516  517  516 1526649594.150041
   65  517  517  516 1526649594.154040
   66  517  517  517 1526649594.158164
   66  517  517  517 1526649594.162163
   66  517  517  517 1526649594.167417
   66  516  517  516 1526649594.171288
   66  517  516  517 1526649594.175292
   66  517  517  516 1526649594.179677
   66  517  517  517 1526649594.184558
   66  517  517  516 1526649594.188533
   67  517  517  516 1526649594.192408
   66  517  517  516 1526649594.196785
   66  517  516  516 1526649594.200912
   65  517  517  517 1526649594.205154
   65  516  517  517 1526649594.209036
   66  516  517  516 1526649594.214404
   66  517  516  517 1526649594.218279
   66  517  517  517 1526649594.222154
   66  517  516  516 1526649594.226163
   66  517  516  516 1526649594.230031
   66  517  517  517 1526649594.234409
   66  517  517  517 1526649594.238412
   66  517  517  516 1526649594.243411
   66  516  516  517 1526649594.248033
   66  517  516  516 1526649594.252039
   66  517  516  516 1526649594.256041
   66  517  517  516 1526649594.260039
   66  517  516  517 1526649594.264047
   66  517  516  516 1526649594.267907
   66  517  517  516 1526649594.272785
   66  517  517  516 1526649594.276783
   66  517  516  517 1526649594.284786
   66  517  517  516 1526649594.288783
   66  517  517  517 1526649594.292671
   66  517  516  516 1526649594.296674
   66  516  517  517 1526649594.300670
   66  517  516  517 1526649594.305037
   66  516  517  516 1526649594.309037
   66  516  517  516 1526649594.313035
   66  516  517  516 1526649594.317035
   66  516  517  516 1526649594.320904
   66  516  516  516 1526649594.324778
   65  517  517  517 1526649594.328653
   66  516  517  516 1526649594.333683
   66  517  517  517 1526649594.337660
   66  517  516  516 1526649594.341524
   66  517  517  517 1526649594.345410
   66  517  516  516 1526649594.349401
   66  517  517  516 1526649594.353286
   66  516  517  516 1526649594.357148
   66  517  517  516 1526649594.361029
   66  517  517  517 1526649594.365782
   66  516  516  517 1526649594.369785
   66  517  517  516 1526649594.373779
   66  517  517  516 1526649594.377781
   66  516  517  517 1526649594.381787
   66  517  517  517 1526649594.385781
   66  517  517  517 1526649594.390150
   66  517  517  517 1526649594.394148
   65  517  517  517 1526649594.399274
   66  517  516  516 1526649594.403157
   66  517  517  516 1526649594.407023
   66  517  516  516 1526649594.411273
   66  517  517  517 1526649594.415147
   66  517  517  517 1526649594.419523
   65  516  517  517 1526649594.424681
   66  517  516  516 1526649594.428523
   66  516  517  516 1526649594.433022
   66  516  517  517 1526649594.436898
   66  517  516  517 1526649594.441146
   66  517  517  516 1526649594.445022
   66  517  517  517 1526649594.448897
   66  517  516  516 1526649594.453403
   65  517  517  517 1526649594.458398
   66  517  517  516 1526649594.462858
   66  516  517  516 1526649594.467022
   65  517  517  517 1526649594.471276
   65  516  517  516 1526649594.475145
   66  517  516  516 1526649594.479021
   65  517  516  517 1526649594.483281
   66  517  517  516 1526649594.487157
   66  517  517  517 1526649594.491403
