  517    0  517  516 1526648707.795232
  517    0  517  516 1526648707.799230
  517    0  517  516 1526648707.803105
  516    0  517  516 1526648707.807495
  516    0  516  517 1526648707.815491
  516    0  517  517 1526648707.819485
  517    0  517  517 1526648707.823606
  517    0  516  516 1526648707.827614
  516    0  517  516 1526648707.831743
  516    0  517  517 1526648707.836735
  516    0  516  516 1526648707.840607
  516    0  517  517 1526648707.844609
  517    0  517  516 1526648707.848609
  516    0  516  516 1526648707.852733
  517    0  517  516 1526648707.856737
  517    0  516  516 1526648707.860735
  516    0    0    0 1526648707.864731
  516    0  517  516 1526648707.869729
  516    0  517  516 1526648707.873730
  516    0  517  517 1526648707.877655
  516    0  517  517 1526648707.881612
  516    0  517  517 1526648707.885608
  517    0  517  517 1526648707.889611
  516    0  517  516 1526648707.893607
  516    0  517  517 1526648707.897735
  516    0  517  516 1526648707.902230
  516    0  516  516 1526648707.906233
  516    0  517  517 1526648707.910231
  516    0  517  517 1526648707.914225
  516    0  517  517 1526648707.918232
  517    0  517  517 1526648707.922233
  516    0  517  517 1526648707.926111
  516    0  517  517 1526648707.931108
  516    0  517  517 1526648707.934984
  516    0  517  517 1526648707.938985
  516    0  517  516 1526648707.942983
  517    0  517  517 1526648707.946978
  517    0  517  516 1526648707.950853
  516    0  517  516 1526648707.954742
  516    0  517  517 1526648707.958730
  516    0  517  516 1526648707.962858
  516    0  516  517 1526648707.966860
  516    0  516  516 1526648707.970742
  516    0  517  517 1526648707.974730
  516    0  517  516 1526648707.978724
  517    0  516  517 1526648707.982599
  516    0  517  517 1526648707.986474
  517    0  517  517 1526648707.991533
  516    0  516  516 1526648707.995855
  516    0  517  516 1526648707.999722
  516    0  517  517 1526648708.003596
  516    0  516  517 1526648708.007605
  516    0  517  517 1526648708.011480
  516    0  517  516 1526648708.015346
  516    0  516  517 1526648708.019354
  516    0  516  516 1526648708.023726
  516    0  517  517 1526648708.027607
  516    0  517  517 1526648708.031609
  516    0  517  516 1526648708.035607
  516    0  517  517 1526648708.039599
  516    0  517  517 1526648708.043607
  516    0  517  517 1526648708.047672
  517    0  517  517 1526648708.051470
  516    0  516  517 1526648708.055725
  516    0  516  517 1526648708.060093
  516    0  517  516 1526648708.064220
  516    0  517  517 1526648708.068093
  516    0  516  516 1526648708.072229
  517    0  517  516 1526648708.076093
  516    0  516  516 1526648708.079976
  516    0  517  517 1526648708.084855
  516    0  516  517 1526648708.088726
  517    0  517  516 1526648708.092849
  516    0  517  517 1526648708.096720
  516    0  517  517 1526648708.100602
  516    0  517  516 1526648708.105093
  516    0  517  517 1526648708.108976
  516    0  517  517 1526648708.114470
  517    0  517  517 1526648708.118350
  516    0  517  516 1526648708.122472
  516    0  517  517 1526648708.126342
  516    0  516  516 1526648708.130225
  516    0  517  516 1526648708.134217
  516    0  517  517 1526648708.138107
  516    0  517  517 1526648708.142347
  517    0  517  517 1526648708.146845
  516    0  517  516 1526648708.150728
  517    0  517  516 1526648708.155093
  516    0  517  517 1526648708.158969
  516    0  517  517 1526648708.163341
  516    0  517  516 1526648708.167224
  517    0  517  517 1526648708.171221
  516    0  517  517 1526648708.176721
  516    0  517  517 1526648708.180716
  517    0  517  516 1526648708.184735
  517    0  517  517 1526648708.188724
  516    0  517  517 1526648708.192981
  516    0  517  516 1526648708.196849
  516    0  516  516 1526648708.200854
  517    0  517  517 1526648708.205751
  516    0  516  516 1526648708.209851
  516    0  516  517 1526648708.214225
  516    0  516  516 1526648708.218230
  517    0  516  516 1526648708.222097
  516    0  516  517 1526648708.226478
  516    0  516  517 1526648708.230347
  517    0  517  516 1526648708.234972
  516    0  516  516 1526648708.239221
  517    0  517  517 1526648708.243342
  516    0  517  516 1526648708.247222
  517    0  516  517 1526648708.251088
  516    0  517  517 1526648708.255337
  516    0  517  517 1526648708.259212
  516    0  517  516 1526648708.263539
  516    0  516  517 1526648708.268587
  516    0  516  517 1526648708.272474
  516    0  517  517 1526648708.276718
  516    0  517  517 1526648708.280585
  517    0  516  516 1526648708.284970
  516    0  516  516 1526648708.288838
  516    0  516  516 1526648708.292841
  516    0  517  517 1526648708.298094
  516    0  517  517 1526648708.301967
  516    0  516  517 1526648708.305837
  516    0  517  517 1526648708.309714
  516    0  517  516 1526648708.313967
  516    0  516  517 1526648708.317845
  516    0  517  517 1526648708.321712
  516    0  516  517 1526648708.326092
  516    0  517  516 1526648708.331094
  516    0  517  517 1526648708.335346
  517    0  517  516 1526648708.339335
  516    0  517  516 1526648708.343210
  516    0  516  516 1526648708.347463
  516    0  517  517 1526648708.351348
  517    0  517  516 1526648708.355591
  516    0  516  516 1526648708.360584
  516    0  516  517 1526648708.364718
  516    0  517  517 1526648708.368716
  516    0  517  516 1526648708.372583
  517    0  517  517 1526648708.376965
  517    0  516  517 1526648708.380966
  516    0  517  517 1526648708.385341
  516    0  516  517 1526648708.390458
  517    0  516  516 1526648708.394584
  516    0  517  516 1526648708.398466
  516    0  517  517 1526648708.402467
  516    0  517  516 1526648708.406339
  516    0  517  516 1526648708.410218
  516    0  517  516 1526648708.414418
  516    0  517  517 1526648708.419206
  516    0  516  517 1526648708.423094
  516    0  517  516 1526648708.427089
  516    0  517  516 1526648708.431093
  516    0  517  517 1526648708.435467
  516    0  517  517 1526648708.439464
  516    0  517  517 1526648708.443469
  516    0  517  517 1526648708.447339
  516    0  517  517 1526648708.451713
  516    0  516  516 1526648708.456096
  517    0  517  516 1526648708.460093
  516    0  516  516 1526648708.464088
  516    0  516  516 1526648708.468460
  517    0  517  516 1526648708.472337
  516    0  517  516 1526648708.476585
  517    0  517  517 1526648708.481465
  517    0  517  517 1526648708.485857
  517    0  517  517 1526648708.489838
  517    0  516  517 1526648708.493839
  517    0  517  517 1526648708.497839
  516    0  517  517 1526648708.501836
  516    0  517  517 1526648708.506083
  516    0  516  516 1526648708.511088
  516    0  517  516 1526648708.515514
  516    0  516  517 1526648708.519460
  516    0  516  517 1526648708.523462
  516    0  516  516 1526648708.527839
  517    0  517  517 1526648708.531834
  517    0  517  517 1526648708.536211
  516    0  517  516 1526648708.541087
  516    0  517  516 1526648708.544960
  516    0  516  516 1526648708.549466
  516    0  516  517 1526648708.553455
  516    0  517  517 1526648708.557830
  516    0  516  516 1526648708.561830
  516    0  516  516 1526648708.566081
  517    0  517  517 1526648708.570956
  517    0  517  516 1526648708.574962
  516    0  517  516 1526648708.579336
  516    0  516  516 1526648708.583338
  516    0  516  516 1526648708.587709
  517    0  517  517 1526648708.591709
  517    0  516  516 1526648708.595584
  516    0  517  517 1526648708.600960
  517    0  517  516 1526648708.604962
  516    0  516  517 1526648708.608963
  516    0  516  517 1526648708.612962
  516    0  517  517 1526648708.617332
  517    0  517  516 1526648708.621331
  516    0  517  517 1526648708.625212
  516    0  517  517 1526648708.629209
  517    0  517  517 1526648708.633460
  516    0  517  517 1526648708.637706
  516    0  517  516 1526648708.641706
  516    0  517  517 1526648708.645707
  517    0  517  516 1526648708.650085
  516    0  517  517 1526648708.653958
  516    0  517  517 1526648708.658330
  516    0  517  516 1526648708.663087
  516    0  516  517 1526648708.667326
  516    0  517  516 1526648708.671333
  516    0  517  516 1526648708.675327
  516    0  517  516 1526648708.679451
  516    0  517  517 1526648708.687451
  516    0  517  516 1526648708.692451
  516    0  516  517 1526648708.696325
  516    0  516  517 1526648708.700585
  516    0  517  517 1526648708.704831
  516    0  517  516 1526648708.708835
  516    0  517  516 1526648708.712829
  516    0  516  517 1526648708.716831
  516    0  517  517 1526648708.721830
  516    0  516  517 1526648708.726207
  516    0  516  516 1526648708.730201
  516    0  517  517 1526648708.734590
  516    0  516  516 1526648708.738580
  517    0  516  516 1526648708.742576
  516    0  517  516 1526648708.746956
  516    0  516  516 1526648708.751949
  516    0  517  516 1526648708.756205
  517    0  517  516 1526648708.760205
  516    0  516  516 1526648708.764204
  516    0  516  516 1526648708.768581
  516    0  517  517 1526648708.772579
  517    0  516  517 1526648708.776956
  516    0  517  517 1526648708.780951
  516    0  517  516 1526648708.786329
  517    0  517  516 1526648708.790328
  517    0  517  516 1526648708.794332
  517    0  516  516 1526648708.798704
  516    0  516  517 1526648708.802701
  516    0  516  516 1526648708.806854
  516    0  517  516 1526648708.810828
  517    0  516  517 1526648708.815214
  516    0  516  516 1526648708.819702
  516    0  516  517 1526648708.823704
  516    0  516  517 1526648708.828198
  517    0  516  517 1526648708.832071
  516    0  517  517 1526648708.836323
  516    0  516  516 1526648708.840339
  516    0  516  517 1526648708.845320
  517    0  517  517 1526648708.849700
  517    0  517  516 1526648708.853703
  517    0  516  516 1526648708.858076
  517    0  516  517 1526648708.862078
  516    0  516  517 1526648708.866615
  516    0  517  516 1526648708.870476
  517    0  517  516 1526648708.875448
  517    0  517  517 1526648708.879950
  516    0  516  517 1526648708.883954
  517    0  516  517 1526648708.888074
  516    0  516  516 1526648708.892075
  516    0  516  516 1526648708.896077
  516    0  516  516 1526648708.900599
  516    0  516  516 1526648708.905577
  516    0  517  517 1526648708.909580
  516    0  516  516 1526648708.913579
  516    0  516  516 1526648708.917943
  517    0  516  516 1526648708.921950
  516    0  517  516 1526648708.925950
  516    0  516  516 1526648708.929828
  516    0  517  517 1526648708.934850
  516    0  517  517 1526648708.939075
  517    0  517  516 1526648708.943074
  516    0  517  517 1526648708.947498
  516    0  516  517 1526648708.951448
  516    0  517  516 1526648708.955450
  517    0  516  516 1526648708.959947
  516    0  517  517 1526648708.964946
  517    0  517  517 1526648708.969198
  516    0  517  516 1526648708.973196
  516    0  517  516 1526648708.977199
  516    0  516  516 1526648708.981691
  516    0  517  517 1526648708.985564
  517    0  517  517 1526648708.989816
  516    0  517  516 1526648708.994833
  516    0  517  517 1526648708.999069
  516    0  517  517 1526648709.002947
  516    0  517  517 1526648709.006967
  516    0  517  517 1526648709.011447
  516    0  516  516 1526648709.015450
  517    0  517  517 1526648709.019692
  516    0  516  516 1526648709.023691
  517    0  517  516 1526648709.029069
  516    0  517  517 1526648709.032943
  516    0  517  516 1526648709.036945
  516    0  517  516 1526648709.040941
  516    0  516  516 1526648709.044944
  516    0  517  516 1526648709.049320
  516    0  516  516 1526648709.053320
  516    0  517  516 1526648709.058946
  516    0  516  517 1526648709.062819
  516    0  517  517 1526648709.066818
  516    0  516  517 1526648709.071065
  517    0  516  517 1526648709.075069
  516    0  516  517 1526648709.079314
  516    0  517  517 1526648709.083316
  517    0  517  517 1526648709.088070
  516    0  517  517 1526648709.092446
  516    0  517  517 1526648709.096442
  516    0  517  517 1526648709.100815
  516    0  517  516 1526648709.104815
  516    0  517  516 1526648709.108819
  516    0  517  516 1526648709.113189
  517    0  517  516 1526648709.118316
  516    0  516  517 1526648709.122820
  516    0  516  516 1526648709.126817
  516    0  517  516 1526648709.131064
  516    0  517  517 1526648709.134935
  517    0  517  516 1526648709.138811
  516    0  516  517 1526648709.143061
  516    0  517  516 1526648709.147935
  516    0  517  517 1526648709.151942
  516    0  517  516 1526648709.155943
  517    0  517  516 1526648709.160200
  516    0  516  516 1526648709.164189
  516    0  517  516 1526648709.168189
  516    0  517  517 1526648709.172192
  516    0  517  516 1526648709.177311
  517    0  516  517 1526648709.181566
  516    0  516  517 1526648709.185567
  517    0  516  517 1526648709.189570
  516    0  517  516 1526648709.194070
  516    0  516  516 1526648709.198066
  517    0  516  517 1526648709.202565
  516    0  517  516 1526648709.207559
  517    0  516  517 1526648709.211936
  517    0  517  517 1526648709.215939
  517    0  517  517 1526648709.219938
  517    0  517  516 1526648709.224438
  516    0  517  517 1526648709.228313
  516    0  517  517 1526648709.232565
  517    0  516  517 1526648709.236563
  516    0  517  516 1526648709.241037
  517    0  517  517 1526648709.245065
  516    0  517  516 1526648709.249064
  516    0  517  517 1526648709.253313
  516    0  516  516 1526648709.257307
  516    0  517  517 1526648709.261557
  517    0  516  516 1526648709.265586
  516    0  517  517 1526648709.270556
  517    0  516  516 1526648709.274966
  517    0  516  516 1526648709.278939
  516    0  517  517 1526648709.283310
  517    0  517  517 1526648709.287313
  517    0  517  517 1526648709.291855
  516    0  517  516 1526648709.295805
  516    0  517  517 1526648709.300810
  516    0  517  517 1526648709.305183
  516    0  516  516 1526648709.309189
  517    0  517  517 1526648709.313563
  516    0  517  517 1526648709.317561
  517    0  516  517 1526648709.322106
  516    0  516  516 1526648709.326056
  516    0  517  516 1526648709.331062
  516    0  517  517 1526648709.335316
  517    0  516  517 1526648709.339313
  516    0  517  516 1526648709.343682
  516    0  516  516 1526648709.347682
  517    0  517  517 1526648709.351684
  516    0  517  517 1526648709.356181
  516    0  516  517 1526648709.361183
  516    0  517  516 1526648709.365060
  516    0  517  517 1526648709.369058
  516    0  517  516 1526648709.373432
  516    0  517  516 1526648709.377433
  516    0  516  516 1526648709.381435
  516    0  516  516 1526648709.385959
  516    0  516  516 1526648709.390679
  516    0  517  516 1526648709.394937
  516    0  516  516 1526648709.398933
  516    0  516  517 1526648709.403223
  516    0  517  516 1526648709.407056
  516    0  516  516 1526648709.410932
  516    0  517  517 1526648709.415183
  516    0  516  516 1526648709.420314
  516    0  517  517 1526648709.424560
  516    0  517  516 1526648709.428556
  516    0  516  517 1526648709.432554
  517    0  517  517 1526648709.437049
  516    0  517  517 1526648709.440926
  516    0  517  517 1526648709.445175
  516    0  517  517 1526648709.449056
  516    0  517  517 1526648709.453804
  517    0  517  516 1526648709.457934
  516    0  516  516 1526648709.461933
  516    0  517  516 1526648709.465932
  516    0  517  516 1526648709.469929
  516    0  517  516 1526648709.474176
  516    0  517  517 1526648709.478195
  516    0  517  517 1526648709.483181
  517    0  517  517 1526648709.487555
  516    0  517  516 1526648709.491553
  517    0  516  516 1526648709.496180
  516    0  517  517 1526648709.500178
  516    0  517  517 1526648709.504423
  517    0  517  517 1526648709.508425
  517    0  517  517 1526648709.513303
  516    0  517  517 1526648709.517556
  516    0  517  517 1526648709.521558
  517    0  516  516 1526648709.525930
  516    0  517  517 1526648709.529927
  517    0  517  517 1526648709.533800
  517    0  517  517 1526648709.538049
  516    0  517  517 1526648709.543061
  516    0  517  517 1526648709.547053
  516    0  516  516 1526648709.551053
  516    0  517  516 1526648709.555299
  516    0  517  516 1526648709.559305
  516    0  517  516 1526648709.563306
  516    0  517  517 1526648709.567303
  516    0  516  516 1526648709.572183
  516    0  517  517 1526648709.576677
  516    0  517  517 1526648709.580678
  517    0  517  517 1526648709.584554
  516    0  517  517 1526648709.589045
  516    0  517  516 1526648709.592921
  516    0  517  517 1526648709.597295
  517    0  516  516 1526648709.602431
  517    0  517  516 1526648709.606706
  517    0  517  517 1526648709.610806
  517    0  517  517 1526648709.614803
  516    0  516  516 1526648709.619303
  516    0  516  516 1526648709.623303
  517    0  516  517 1526648709.627928
  516    0  517  516 1526648709.632924
  517    0  517  517 1526648709.637174
  517    0  516  516 1526648709.641172
  516    0  516  516 1526648709.645175
  516    0  517  517 1526648709.649804
  516    0  516  517 1526648709.653799
  516    0  516  516 1526648709.658173
  516    0  516  517 1526648709.663175
  517    0  517  517 1526648709.667549
  516    0  516  517 1526648709.671549
  516    0  517  517 1526648709.675552
  516    0  517  517 1526648709.680052
  517    0  517  517 1526648709.683926
  516    0  516  517 1526648709.688176
  516    0  517  516 1526648709.693047
  517    0  517  516 1526648709.697420
  516    0  517  517 1526648709.701421
  517    0  517  516 1526648709.705427
  517    0  516  516 1526648709.709800
  516    0  517  517 1526648709.713799
  516    0  517  516 1526648709.718171
  516    0  516  517 1526648709.723335
  516    0  516  516 1526648709.727666
  516    0  517  516 1526648709.731672
  516    0  517  516 1526648709.735682
  516    0  517  516 1526648709.739665
  516    0  517  516 1526648709.743539
  516    0  517  517 1526648709.747798
  517    0  517  516 1526648709.751670
  516    0  516  516 1526648709.756040
  516    0  517  517 1526648709.760422
  517    0  517  517 1526648709.764426
  516    0  517  517 1526648709.768794
  517    0  517  516 1526648709.772799
  517    0  516  517 1526648709.776791
  516    0  516  517 1526648709.781156
  516    0  517  516 1526648709.786170
  516    0  517  516 1526648709.790171
  517    0  517  516 1526648709.794168
  516    0  516  517 1526648709.798420
  516    0  517  517 1526648709.802416
  516    0  517  516 1526648709.806424
  516    0  517  517 1526648709.810292
  516    0  517  517 1526648709.815296
  516    0  516  516 1526648709.819680
  516    0  517  517 1526648709.823679
  516    0  517  517 1526648709.828260
  516    0  516  517 1526648709.832168
  516    0  517  516 1526648709.836042
  516    0  516  516 1526648709.840418
  516    0  517  517 1526648709.845422
  516    0  516  516 1526648709.849664
  516    0  517  516 1526648709.853678
  516    0  516  517 1526648709.857674
  516    0  517  516 1526648709.861917
  517    0  517  517 1526648709.865789
  516    0  517  517 1526648709.870169
  517    0  517  517 1526648709.875298
  516    0  517  517 1526648709.879670
  517    0  517  517 1526648709.883666
  516    0  517  517 1526648709.887685
  517    0  517  516 1526648709.891536
  516    0  517  517 1526648709.895409
  516    0  517  517 1526648709.899537
  516    0  516  516 1526648709.903414
  516    0  517  516 1526648709.908109
  516    0  517  517 1526648709.911920
  516    0  517  517 1526648709.915917
  516    0  517  517 1526648709.920180
  517    0  517  517 1526648709.924166
  516    0  517  517 1526648709.928164
  516    0  517  517 1526648709.932168
  516    0  517  516 1526648709.941294
  517    0  517  517 1526648709.945294
  517    0  517  517 1526648709.949291
  516    0  517  517 1526648709.953792
  516    0  517  517 1526648709.957790
  516    0  516  516 1526648709.962291
  516    0  517  517 1526648709.967413
  516    0  517  517 1526648709.971788
  516    0  516  516 1526648709.975785
  516    0  516  516 1526648709.979788
  517    0  517  516 1526648709.984288
  516    0  517  516 1526648709.988289
  516    0  517  516 1526648709.992787
  516    0  516  516 1526648709.997787
  516    0  516  516 1526648710.002163
  517    0  517  516 1526648710.006038
  516    0  517  517 1526648710.009914
  517    0  517  516 1526648710.014281
  517    0  517  516 1526648710.018162
  516    0  517  516 1526648710.022406
  516    0  516  517 1526648710.027451
  516    0  517  516 1526648710.031954
  516    0  516  516 1526648710.035914
  517    0  516  517 1526648710.039910
  516    0  516  516 1526648710.043910
  517    0  517  516 1526648710.047913
  516    0  516  517 1526648710.052166
  516    0  517  517 1526648710.056161
  516    0  516  516 1526648710.060285
  516    0  517  517 1526648710.064289
  516    0  517  517 1526648710.068288
  516    0  517  517 1526648710.072661
  516    0  517  517 1526648710.076670
  516    0  516  517 1526648710.080532
  516    0  516  516 1526648710.084536
  516    0  517  517 1526648710.089535
  516    0  517  517 1526648710.094037
  516    0  517  517 1526648710.098036
  517    0  517  517 1526648710.102282
  517    0  516  516 1526648710.106287
  517    0  516  517 1526648710.110286
  516    0  516  517 1526648710.114291
  517    0  516  517 1526648710.119346
  516    0  517  516 1526648710.123674
  516    0  516  517 1526648710.127535
  516    0  517  517 1526648710.131534
  516    0  517  517 1526648710.136029
  516    0  517  517 1526648710.139900
  516    0  517  516 1526648710.144402
  516    0  516  516 1526648710.149455
  516    0  517  516 1526648710.153660
  516    0  517  517 1526648710.157681
  516    0  517  517 1526648710.161681
  516    0  517  517 1526648710.166036
  516    0  517  516 1526648710.170029
  517    0  517  517 1526648710.174405
  516    0  516  516 1526648710.178406
  516    0  517  517 1526648710.183676
  516    0  517  516 1526648710.187680
  516    0  516  517 1526648710.191680
  516    0  516  516 1526648710.196034
  516    0  517  516 1526648710.200029
  516    0  517  517 1526648710.204281
  516    0  516  516 1526648710.208337
  517    0  516  516 1526648710.213151
  516    0  517  517 1526648710.217189
  517    0  517  516 1526648710.221159
  517    0  517  517 1526648710.225281
  517    0  516  517 1526648710.229275
  516    0  517  517 1526648710.233535
  516    0  517  516 1526648710.237527
  516    0  517  517 1526648710.242529
  516    0  516  516 1526648710.247030
  516    0  517  516 1526648710.251028
  516    0  516  516 1526648710.255531
  517    0  517  517 1526648710.259527
  517    0  517  517 1526648710.263773
  516    0  516  517 1526648710.267778
  517    0  517  517 1526648710.272781
  517    0  517  517 1526648710.277153
  517    0  516  516 1526648710.281153
  516    0  517  516 1526648710.285282
  516    0  517  517 1526648710.289271
  517    0  517  516 1526648710.293147
  516    0  516  517 1526648710.297396
  517    0  517  517 1526648710.302408
  516    0  517  517 1526648710.306271
  516    0  517  516 1526648710.310276
  516    0  517  516 1526648710.314522
  516    0  517  516 1526648710.318533
  516    0  516  517 1526648710.322526
  516    0  516  517 1526648710.326673
  516    0  516  517 1526648710.330525
  516    0  517  517 1526648710.335299
  516    0  517  516 1526648710.339281
  516    0  517  517 1526648710.343279
  516    0  516  517 1526648710.347280
  516    0  517  516 1526648710.351275
  517    0  517  517 1526648710.355659
  516    0  517  517 1526648710.359804
  516    0  517  516 1526648710.365251
  516    0  517  517 1526648710.369278
  516    0  516  517 1526648710.373279
  517    0  517  517 1526648710.377524
  517    0  516  517 1526648710.381524
  517    0  516  517 1526648710.385776
  516    0  517  517 1526648710.389673
  516    0  516  516 1526648710.394675
  516    0  517  516 1526648710.399021
  517    0  517  517 1526648710.403026
  517    0  516  517 1526648710.407273
  516    0  517  516 1526648710.411271
  517    0  516  517 1526648710.415275
  516    0  517  517 1526648710.419776
  516    0  517  516 1526648710.425025
  516    0  516  516 1526648710.429523
  516    0  517  517 1526648710.433524
  517    0  517  517 1526648710.437666
  516    0  516  517 1526648710.441654
  517    0  516  517 1526648710.445515
  516    0  517  516 1526648710.449766
  517    0  516  517 1526648710.453649
  516    0  517  517 1526648710.458273
  516    0  517  516 1526648710.462265
  516    0  516  517 1526648710.466662
  516    0  517  517 1526648710.470667
  517    0  517  517 1526648710.474671
  517    0  517  517 1526648710.478893
  516    0  517  516 1526648710.482897
  516    0  516  516 1526648710.487269
  516    0  516  516 1526648710.491262
  516    0  517  517 1526648710.495273
  516    0  516  516 1526648710.499277
  516    0  516  516 1526648710.504276
  516    0  517  517 1526648710.508660
  516    0  517  517 1526648710.512673
  516    0  517  516 1526648710.517198
  516    0  516  517 1526648710.521149
  516    0  517  517 1526648710.525144
  516    0  516  517 1526648710.529396
  516    0  517  517 1526648710.534520
  517    0  517  517 1526648710.538521
  516    0  517  517 1526648710.542519
  517    0  516  516 1526648710.546518
  517    0  516  517 1526648710.550522
  516    0  517  516 1526648710.554518
  516    0  517  517 1526648710.558583
  516    0  516  516 1526648710.563698
  516    0  517  516 1526648710.567663
  516    0  516  517 1526648710.571517
  516    0  517  517 1526648710.575392
  516    0  516  516 1526648710.579387
  516    0  516  517 1526648710.583262
  516    0  517  517 1526648710.587136
  516    0  517  517 1526648710.591162
  516    0  517  517 1526648710.596886
  517    0  517  517 1526648710.601009
  516    0  517  516 1526648710.604884
  516    0  517  517 1526648710.608894
  516    0  516  516 1526648710.612884
  516    0  517  517 1526648710.616884
  516    0  516  516 1526648710.620760
  516    0  517  516 1526648710.624634
  516    0  517  517 1526648710.628508
  517    0  517  516 1526648710.632383
  516    0  517  517 1526648710.636258
  517    0  516  517 1526648710.640134
  516    0  517  517 1526648710.644008
