   79  516  517  516 1526649596.803824
   79  517  516  516 1526649596.807819
   79  517  517  517 1526649596.811693
   79  517  517  517 1526649596.816077
   79  517  516  517 1526649596.820076
   79  517  516  516 1526649596.824072
   79  517  517  516 1526649596.827977
   79  516  517  516 1526649596.832076
   79  517  517  516 1526649596.836200
   79  516  517  516 1526649596.840453
   79  516  517  516 1526649596.844447
   79  517  517  517 1526649596.848455
   79  516  517  517 1526649596.852452
   79  517  517  517 1526649596.856449
   78  517  517  517 1526649596.860448
   79  517  517  517 1526649596.864324
   79  517  517  516 1526649596.869196
   79  517  517  516 1526649596.873202
   79  516  517  517 1526649596.877198
   79  516  517  517 1526649596.881196
   79  516  517  516 1526649596.885196
   79  517  516  517 1526649596.889073
   79  516  516  517 1526649596.892973
   79  517  517  517 1526649596.896950
   79  517  517  517 1526649596.901450
   79  517  516  516 1526649596.905449
   79  516  517  516 1526649596.909447
   79  517  517  516 1526649596.913573
   79  516  516  516 1526649596.917569
   78  517  517  517 1526649596.921449
   79  517  517  516 1526649596.925323
   79  517  517  517 1526649596.930321
   79  516  517  517 1526649596.934320
   79  517  517  516 1526649596.938322
   79  517  517  517 1526649596.942324
   79  517  516  516 1526649596.946200
   79  517  517  517 1526649596.950071
   79  517  517  517 1526649596.954074
   79  517  516  517 1526649596.958069
   79  517  517  516 1526649596.962947
   79  517  517  517 1526649596.966950
   79  517  517  517 1526649596.970939
   79  517  517  517 1526649596.974814
   79  517  516  516 1526649596.978689
   79  516  516  516 1526649596.982563
   79  516  517  517 1526649596.986819
   79  517  517  517 1526649596.991941
   79  517  517  517 1526649596.995811
   79  517  517  516 1526649596.999686
   79  517  517  516 1526649597.003568
   79  517  517  516 1526649597.007435
   79  516  517  516 1526649597.011317
   79  517  516  516 1526649597.015185
   79  517  517  517 1526649597.019071
   79  517  517  516 1526649597.023686
   79  517  517  517 1526649597.027694
   79  517  517  517 1526649597.031693
   79  516  516  517 1526649597.035694
   79  517  517  517 1526649597.039938
   79  517  517  516 1526649597.043813
   79  517  517  517 1526649597.048067
   79  517  516  517 1526649597.053059
   79  517  517  516 1526649597.056935
   79  517  517  516 1526649597.065058
   79  516  517  516 1526649597.069182
   79  517  517  516 1526649597.073191
   79  517  517  516 1526649597.077192
   79  516  517  516 1526649597.081564
   79  517  517  516 1526649597.086442
   79  517  517  517 1526649597.090566
   79  517  517  517 1526649597.094440
   79  517  517  517 1526649597.098800
   79  517  517  517 1526649597.102692
   79  516  516  517 1526649597.106556
   79  517  517  517 1526649597.110939
   79  517  517  517 1526649597.115318
   79  517  516  517 1526649597.119561
   79  517  516  516 1526649597.123569
   79  517  516  516 1526649597.127431
   79  517  517  517 1526649597.131439
   79  517  517  516 1526649597.135317
   79  516  517  516 1526649597.139560
   79  517  516  516 1526649597.144556
   79  517  516  517 1526649597.148431
   79  517  517  517 1526649597.152816
   79  517  517  517 1526649597.156816
   79  517  517  517 1526649597.161318
   79  517  516  517 1526649597.165180
   79  516  517  516 1526649597.169435
   79  517  517  516 1526649597.174438
   79  517  516  517 1526649597.178304
   79  517  517  516 1526649597.182746
   79  516  516  516 1526649597.186564
   79  517  517  516 1526649597.190681
   79  517  517  516 1526649597.194567
   79  517  517  517 1526649597.198440
   79  517  516  516 1526649597.202439
   79  516  517  516 1526649597.206805
   79  516  517  516 1526649597.211058
   79  517  517  517 1526649597.214938
   79  516  517  516 1526649597.218689
   79  517  516  516 1526649597.222678
   79  517  517  517 1526649597.226561
   79  517  517  517 1526649597.230685
   79  517  517  516 1526649597.235679
   79  517  517  517 1526649597.240245
   79  517  516  517 1526649597.244189
   79  517  517  517 1526649597.248052
   79  516  517  516 1526649597.252439
   79  517  517  516 1526649597.256305
   79  517  517  517 1526649597.260660
   79  516  517  516 1526649597.265680
   79  516  516  516 1526649597.269552
   79  517  516  516 1526649597.273809
   79  517  517  517 1526649597.277810
   79  517  517  516 1526649597.282059
   79  516  517  517 1526649597.285938
   79  516  516  517 1526649597.289812
   79  516  516  517 1526649597.295300
   79  517  517  516 1526649597.299176
   79  517  517  516 1526649597.303058
   79  517  517  516 1526649597.306935
   79  517  517  517 1526649597.311181
   79  516  517  516 1526649597.315050
   79  516  516  517 1526649597.318927
   79  517  517  516 1526649597.323368
   79  517  517  516 1526649597.327807
   79  517  516  516 1526649597.332058
   79  517  517  516 1526649597.335924
   78  517  517  517 1526649597.339806
   79  517  517  517 1526649597.343808
   79  516  517  517 1526649597.347675
   79  517  517  516 1526649597.352057
   78  517  517  517 1526649597.357172
   79  517  517  516 1526649597.361559
   79  516  517  516 1526649597.365423
   79  516  517  517 1526649597.369434
   79  517  516  517 1526649597.373680
   79  517  516  516 1526649597.377550
   79  517  517  516 1526649597.381804
   79  517  517  516 1526649597.386801
   79  517  516  516 1526649597.390672
   79  516  517  516 1526649597.395057
   79  516  517  516 1526649597.399056
   79  517  517  516 1526649597.403431
   79  516  516  517 1526649597.407433
   79  517  517  517 1526649597.411433
   79  517  517  516 1526649597.416931
   79  517  516  516 1526649597.420930
   79  516  517  516 1526649597.424803
   79  516  517  516 1526649597.428679
   79  517  517  517 1526649597.432932
   79  516  517  516 1526649597.436933
   79  517  517  516 1526649597.440931
   79  517  517  516 1526649597.444804
   79  516  517  516 1526649597.449176
   78  517  517  517 1526649597.453432
   79  517  517  516 1526649597.457432
   79  517  517  516 1526649597.461423
   79  517  517  516 1526649597.465673
   79  517  516  516 1526649597.469548
   79  516  517  517 1526649597.473673
   79  517  516  517 1526649597.478674
   78  517  516  516 1526649597.483049
   79  516  517  516 1526649597.487054
   79  516  517  516 1526649597.491059
   78  517  517  516 1526649597.495054
   79  517  517  516 1526649597.499054
   79  516  517  516 1526649597.503298
   79  517  516  516 1526649597.508297
   79  517  517  516 1526649597.512304
   79  517  516  516 1526649597.516685
   78  517  517  517 1526649597.520681
   79  517  516  516 1526649597.525057
   79  517  517  516 1526649597.529052
   79  517  517  516 1526649597.533381
   79  517  516  516 1526649597.538400
   79  517  516  517 1526649597.542423
   79  516  517  516 1526649597.546805
   79  517  517  517 1526649597.550802
   79  516  517  517 1526649597.555053
   79  517  517  517 1526649597.558926
   78  517  517  517 1526649597.562829
   79  517  517  517 1526649597.567173
   79  517  517  517 1526649597.571302
   79  517  516  517 1526649597.575675
   79  517  517  517 1526649597.579680
   79  517  517  516 1526649597.584117
   79  517  517  517 1526649597.588044
   79  517  517  517 1526649597.591923
   79  517  517  517 1526649597.596296
   79  517  517  517 1526649597.601043
   79  517  517  516 1526649597.605543
   79  517  517  516 1526649597.609548
   79  516  517  516 1526649597.613552
   79  516  517  516 1526649597.617923
   79  517  516  517 1526649597.621922
   79  517  516  516 1526649597.626172
   79  516  517  517 1526649597.631047
   79  517  517  516 1526649597.635425
   79  517  517  516 1526649597.639420
   79  517  517  517 1526649597.643422
   79  517  517  516 1526649597.647425
   79  516  517  516 1526649597.651421
   79  517  517  517 1526649597.655672
   79  517  517  516 1526649597.660716
   79  516  517  517 1526649597.664551
   79  516  517  517 1526649597.669052
   79  517  517  516 1526649597.673295
   79  517  517  517 1526649597.677299
   78  517  517  517 1526649597.681301
   78  517  517  517 1526649597.685297
   79  517  517  516 1526649597.689295
   79  517  516  516 1526649597.693818
   79  516  517  516 1526649597.697804
   79  517  517  517 1526649597.701796
   79  517  517  516 1526649597.706173
   79  517  517  517 1526649597.710173
   79  517  517  516 1526649597.714422
   78  517  517  517 1526649597.718416
   78  517  516  517 1526649597.723542
   78  516  517  517 1526649597.727545
   79  517  517  517 1526649597.731543
   79  517  517  517 1526649597.735545
   79  517  517  516 1526649597.739537
   79  517  516  516 1526649597.743615
   79  517  517  516 1526649597.747413
   79  517  516  516 1526649597.752459
   78  516  516  516 1526649597.756413
   79  516  517  516 1526649597.760296
   78  516  517  516 1526649597.764546
   79  517  517  516 1526649597.768543
   79  517  517  516 1526649597.772544
   79  517  517  516 1526649597.776541
   78  517  516  516 1526649597.780544
   79  516  517  516 1526649597.785045
   79  517  517  517 1526649597.789046
   79  516  517  517 1526649597.793047
   79  517  517  516 1526649597.797425
   79  516  517  516 1526649597.801419
   79  517  517  517 1526649597.805792
   79  517  516  516 1526649597.809792
   79  517  517  516 1526649597.815293
   79  517  517  517 1526649597.819201
   79  516  517  516 1526649597.823172
   79  517  516  516 1526649597.827676
   79  516  517  517 1526649597.831672
   79  516  517  517 1526649597.835915
   79  517  517  516 1526649597.839916
   79  517  516  516 1526649597.845294
   78  517  517  517 1526649597.849291
   79  517  516  516 1526649597.853293
   79  517  517  516 1526649597.857165
   78  517  517  517 1526649597.861165
   79  517  517  517 1526649597.865540
   79  517  517  517 1526649597.869540
   79  517  517  516 1526649597.873538
   79  517  517  517 1526649597.879166
   79  517  517  517 1526649597.883039
   79  517  517  516 1526649597.887289
   79  517  517  517 1526649597.891283
   79  517  517  517 1526649597.895158
   79  517  517  517 1526649597.899658
   79  517  517  516 1526649597.903538
   79  517  517  516 1526649597.908283
   79  517  517  516 1526649597.912162
   79  517  516  517 1526649597.916537
   79  516  517  516 1526649597.920541
   79  516  517  516 1526649597.924538
   79  517  517  516 1526649597.928678
   79  517  516  516 1526649597.932771
   79  516  517  516 1526649597.938035
   79  517  517  517 1526649597.942039
   79  516  517  517 1526649597.946038
   79  517  517  517 1526649597.950536
   79  516  517  516 1526649597.954413
   79  517  516  516 1526649597.958910
   78  517  517  517 1526649597.962997
   79  516  517  517 1526649597.968411
   79  516  517  516 1526649597.972412
   79  516  517  517 1526649597.976414
   79  516  517  516 1526649597.980911
   79  517  517  516 1526649597.984909
   79  517  516  517 1526649597.989287
   79  517  516  517 1526649597.993234
   79  517  517  516 1526649597.998535
   79  516  517  516 1526649598.002539
   79  516  517  516 1526649598.006536
   79  516  517  516 1526649598.010909
   79  516  517  517 1526649598.014912
   79  517  517  517 1526649598.019160
   79  516  517  517 1526649598.023157
   79  517  516  517 1526649598.028414
   79  516  516  516 1526649598.032415
   79  517  517  516 1526649598.036410
   79  517  517  517 1526649598.040412
   79  517  517  517 1526649598.044403
   79  517  517  516 1526649598.048664
   79  516  517  517 1526649598.052527
   79  517  516  517 1526649598.057548
   78  517  517  517 1526649598.062155
   79  517  517  517 1526649598.066164
   79  517  517  517 1526649598.070535
   79  517  517  516 1526649598.074783
   79  517  517  517 1526649598.079149
   79  517  516  517 1526649598.083328
   79  516  517  516 1526649598.087157
   79  517  517  516 1526649598.092537
   79  517  517  517 1526649598.096408
   79  517  516  517 1526649598.100778
   79  517  517  517 1526649598.104678
   79  517  517  516 1526649598.108670
   78  517  517  517 1526649598.112911
   79  517  517  517 1526649598.116918
   79  517  517  517 1526649598.126031
   79  517  517  517 1526649598.130425
   79  517  517  517 1526649598.134410
   78  517  517  517 1526649598.138408
   79  517  517  516 1526649598.142406
   79  517  517  517 1526649598.146466
   79  517  516  517 1526649598.151530
   79  517  517  517 1526649598.155532
   79  517  517  517 1526649598.159535
   79  517  517  517 1526649598.163279
   79  516  517  516 1526649598.167281
   79  516  517  516 1526649598.171281
   79  517  516  516 1526649598.175441
   79  516  517  516 1526649598.180623
   79  517  517  517 1526649598.184678
   79  517  517  517 1526649598.188532
   79  517  517  516 1526649598.192405
   79  517  517  516 1526649598.196398
   79  516  517  516 1526649598.200273
   79  517  517  517 1526649598.204273
   79  516  516  516 1526649598.208276
   79  517  517  516 1526649598.212153
   79  517  517  517 1526649598.217023
   79  517  517  516 1526649598.220904
   79  517  517  516 1526649598.224773
   79  516  517  516 1526649598.228662
   79  517  517  517 1526649598.232677
   79  517  517  516 1526649598.236526
   79  516  517  516 1526649598.240527
   79  516  517  516 1526649598.245670
   79  516  517  516 1526649598.249670
   78  516  517  516 1526649598.253683
   79  517  517  517 1526649598.257674
   79  517  517  516 1526649598.262152
   79  516  517  517 1526649598.266018
   79  517  517  517 1526649598.269900
   79  517  517  516 1526649598.275147
   79  517  517  516 1526649598.279025
   79  517  517  516 1526649598.283393
   79  517  517  517 1526649598.287279
   79  517  517  517 1526649598.291505
   79  517  517  517 1526649598.295274
   79  517  517  517 1526649598.299141
