   87  517  516  516 1526648559.639466
   79  516  517  517 1526648559.643464
   79  516  517  516 1526648559.647338
   79  516  516  517 1526648559.651973
   79  516  517  517 1526648559.655970
   78  516  517  516 1526648559.659970
   79  517  517  516 1526648559.664469
   79  517  517  516 1526648559.669095
   79  516  517  517 1526648559.673347
   79  516  516  517 1526648559.677345
   78  516  516  517 1526648559.681344
   78  516  516  517 1526648559.685348
   79  516  516  517 1526648559.689344
   79  517  517  516 1526648559.693346
   79  516  516  517 1526648559.697344
   79  516  516  516 1526648559.702340
   79  516  516  517 1526648559.706345
   78  517  517  516 1526648559.710348
   79  517  517  516 1526648559.714344
   79  516  516  517 1526648559.718341
   78  516  516  517 1526648559.722343
   79  516  517  517 1526648559.726466
   79  516  516  516 1526648559.731468
   79  516  517  516 1526648559.735467
   79  517  517  516 1526648559.739470
   79  517  517  517 1526648559.743555
   79  517  517  516 1526648559.747592
   79  516  517  517 1526648559.751596
   79  516  517  516 1526648559.755593
   79  516  516  516 1526648559.759464
   78  517  517  517 1526648559.764597
   79  516  517  516 1526648559.768592
   79  517  517  517 1526648559.772594
   79  516  516  517 1526648559.776587
   79  516  517  516 1526648559.780463
   79  516  517  517 1526648559.784341
   79  516  517  517 1526648559.788337
   78  516  516  517 1526648559.793335
   79  516  516  516 1526648559.797347
   79  516  516  516 1526648559.801345
   79  516  517  517 1526648559.805336
   79  516  516  517 1526648559.809209
   79  517  517  516 1526648559.813086
   79  516  517  516 1526648559.816959
   79  517  517  517 1526648559.820834
   78  516  517  516 1526648559.825719
   79  516  517  516 1526648559.829588
   78  516  517  516 1526648559.833467
   79  516  517  517 1526648559.837345
   78  517  517  516 1526648559.841206
   79  516  517  517 1526648559.845088
   78  516  517  516 1526648559.849086
   78  517  517  516 1526648559.853962
   79  516  516  517 1526648559.857964
   79  516  516  517 1526648559.861962
   78  516  516  517 1526648559.865961
   79  517  517  516 1526648559.869969
   78  516  517  517 1526648559.874578
   79  517  516  516 1526648559.878461
   79  516  517  516 1526648559.882588
   79  516  517  516 1526648559.887579
   79  517  517  516 1526648559.891836
   78  516  516  516 1526648559.895710
   79  516  517  517 1526648559.899588
   78  517  517  517 1526648559.903458
   79  516  517  517 1526648559.907338
   79  516  517  516 1526648559.911708
   79  517  517  516 1526648559.916578
   79  517  517  516 1526648559.920458
   79  516  517  516 1526648559.924746
   79  516  517  517 1526648559.928703
   79  517  517  516 1526648559.932961
   79  516  516  517 1526648559.936834
   78  516  517  517 1526648559.940838
   78  516  517  517 1526648559.946267
   79  516  517  517 1526648559.950078
   78  516  516  517 1526648559.954076
   79  516  516  517 1526648559.957951
   79  516  517  517 1526648559.962202
   78  516  517  516 1526648559.966076
   78  516  517  517 1526648559.969952
   79  516  517  516 1526648559.974239
   79  516  517  516 1526648559.978951
   79  516  517  516 1526648559.983088
   79  516  517  516 1526648559.987075
   78  516  517  517 1526648559.991078
   79  516  517  517 1526648559.995450
   79  516  517  516 1526648559.999334
   78  516  517  516 1526648560.003582
   79  516  516  517 1526648560.008582
   79  516  516  517 1526648560.012761
   78  516  517  516 1526648560.016749
   79  516  516  517 1526648560.020583
   79  516  517  516 1526648560.024706
   79  516  517  517 1526648560.028707
   78  516  517  516 1526648560.032953
   78  516  517  517 1526648560.038036
   79  517  516  516 1526648560.041825
   79  516  517  516 1526648560.046086
   79  516  517  516 1526648560.049951
   79  516  516  516 1526648560.054207
   78  516  517  517 1526648560.058082
   78  516  517  517 1526648560.061957
   79  516  517  517 1526648560.066207
   78  516  516  517 1526648560.070707
   78  516  516  516 1526648560.075207
   79  517  516  517 1526648560.079074
   78  516  517  516 1526648560.083327
   78  516  517  516 1526648560.087198
   79  517  517  516 1526648560.091073
   78  517  517  516 1526648560.095448
   79  516  517  517 1526648560.100322
   78  516  517  517 1526648560.104572
   79  516  517  516 1526648560.108454
   78  516  517  517 1526648560.112332
   79  516  517  516 1526648560.116573
   79  516  516  516 1526648560.120456
   78  516  516  516 1526648560.124707
   79  516  517  517 1526648560.129836
   79  516  516  517 1526648560.134080
   78  517  517  516 1526648560.137956
   79  516  516  517 1526648560.141831
   79  516  517  517 1526648560.145705
   78  516  517  517 1526648560.149577
   78  517  516  517 1526648560.153953
   79  516  517  517 1526648560.157828
   79  516  517  517 1526648560.162195
   79  516  517  517 1526648560.166070
   79  516  516  517 1526648560.169953
   79  516  516  516 1526648560.174212
   79  516  516  516 1526648560.178078
   78  516  516  516 1526648560.181956
   79  516  516  516 1526648560.186069
   78  516  516  517 1526648560.191074
   78  516  516  517 1526648560.195202
   78  516  516  517 1526648560.199068
   79  516  517  517 1526648560.202944
   79  516  517  516 1526648560.207444
   79  517  517  516 1526648560.211453
   79  516  517  516 1526648560.215700
   79  516  517  516 1526648560.219574
   79  516  517  517 1526648560.223819
   79  516  517  516 1526648560.228076
   79  516  517  516 1526648560.231952
   79  516  517  516 1526648560.236451
   79  516  516  517 1526648560.240452
   79  516  516  516 1526648560.244823
   79  516  517  516 1526648560.248826
   79  516  517  516 1526648560.254079
   79  516  517  516 1526648560.262452
   79  516  517  517 1526648560.266953
   79  516  516  517 1526648560.270950
   79  517  517  516 1526648560.275322
   79  516  517  517 1526648560.279321
   78  516  517  517 1526648560.284323
   78  516  517  517 1526648560.288824
   79  516  517  517 1526648560.292824
   78  516  517  516 1526648560.297323
   78  516  517  516 1526648560.301325
   79  516  517  516 1526648560.305575
   78  516  517  517 1526648560.309452
   79  516  517  516 1526648560.314447
   79  517  517  517 1526648560.318820
   78  516  517  516 1526648560.322824
   78  516  516  517 1526648560.327198
   78  516  516  517 1526648560.331199
   79  516  517  517 1526648560.335071
   79  516  517  516 1526648560.339572
   78  517  517  517 1526648560.344696
   78  516  517  517 1526648560.349205
   78  516  517  516 1526648560.353197
   79  516  517  516 1526648560.357575
   79  517  517  516 1526648560.361574
   79  516  517  516 1526648560.365572
   79  516  517  516 1526648560.370069
   78  516  516  516 1526648560.375068
   79  516  516  516 1526648560.379072
   79  516  517  517 1526648560.382943
   79  516  516  516 1526648560.387199
   79  517  517  516 1526648560.391191
   79  516  517  517 1526648560.395064
   79  516  517  517 1526648560.399065
   79  516  516  517 1526648560.404105
   79  516  516  516 1526648560.408315
   78  516  517  516 1526648560.412575
   79  517  517  516 1526648560.417067
   78  516  517  517 1526648560.421067
   79  517  517  516 1526648560.425071
   79  516  517  517 1526648560.429071
   79  516  517  517 1526648560.434188
   78  516  517  517 1526648560.438569
   79  517  517  516 1526648560.442445
   79  517  517  516 1526648560.446454
   79  517  517  516 1526648560.450945
   79  516  516  516 1526648560.459441
   79  516  516  517 1526648560.464446
   79  517  517  517 1526648560.468696
   78  516  517  516 1526648560.472692
   79  516  516  516 1526648560.476694
   79  516  516  517 1526648560.480941
   79  516  516  516 1526648560.484947
   79  516  516  516 1526648560.489444
   78  516  516  517 1526648560.494444
   79  516  517  517 1526648560.498816
   79  516  517  517 1526648560.502818
   79  516  517  517 1526648560.507066
   78  516  517  517 1526648560.511069
   79  516  516  517 1526648560.515065
   78  516  517  517 1526648560.519068
   79  517  517  516 1526648560.523066
   79  517  517  516 1526648560.527565
   79  516  516  517 1526648560.531569
   78  516  516  517 1526648560.535568
   79  516  516  517 1526648560.539937
   79  516  517  516 1526648560.543809
   78  516  516  517 1526648560.548063
   78  516  517  516 1526648560.551934
   78  516  517  516 1526648560.557186
   79  516  516  516 1526648560.561063
   78  516  516  517 1526648560.565068
   79  516  517  517 1526648560.569187
   79  517  517  516 1526648560.573065
   79  516  517  516 1526648560.577312
   78  516  516  517 1526648560.581315
   79  516  517  517 1526648560.586311
   78  516  517  516 1526648560.590816
   79  516  517  517 1526648560.594813
   79  516  516  516 1526648560.599313
   79  517  517  516 1526648560.603318
   79  516  517  516 1526648560.607698
   79  517  517  516 1526648560.611691
   79  517  517  516 1526648560.616560
   79  517  517  516 1526648560.620934
   78  516  517  517 1526648560.624942
   79  516  517  517 1526648560.629310
   79  517  517  516 1526648560.633315
   79  516  516  516 1526648560.637739
   78  516  516  517 1526648560.641711
   79  516  516  516 1526648560.646822
   78  516  517  517 1526648560.651309
   79  516  517  517 1526648560.655183
   79  516  516  516 1526648560.659314
   79  516  517  517 1526648560.663306
   78  516  516  516 1526648560.667181
   79  517  517  517 1526648560.671555
   78  516  516  517 1526648560.675436
   79  516  516  516 1526648560.680305
   79  516  516  517 1526648560.684314
   78  516  516  517 1526648560.688806
   78  516  517  517 1526648560.692813
   79  516  517  516 1526648560.696811
   79  516  516  517 1526648560.700806
   79  517  517  517 1526648560.704808
   79  516  516  516 1526648560.710186
   78  516  517  517 1526648560.714060
   79  516  517  517 1526648560.718587
   79  517  517  517 1526648560.722564
   78  516  516  517 1526648560.726561
   78  516  517  516 1526648560.730810
   78  516  516  517 1526648560.734943
   79  516  517  516 1526648560.740062
   79  516  517  517 1526648560.744061
   79  517  517  516 1526648560.748058
   78  516  517  516 1526648560.752562
   79  516  516  516 1526648560.756560
   78  516  516  517 1526648560.761060
   79  516  517  517 1526648560.765054
   78  516  517  516 1526648560.770559
   79  517  517  517 1526648560.774557
   78  516  517  517 1526648560.778558
   79  516  517  516 1526648560.782682
   79  516  517  517 1526648560.786677
   79  516  517  517 1526648560.790926
   78  516  516  516 1526648560.794801
   79  516  516  517 1526648560.800052
   79  517  517  516 1526648560.804053
   79  516  517  516 1526648560.807928
   79  516  516  517 1526648560.811935
   79  516  517  517 1526648560.815930
   79  516  516  517 1526648560.820307
   78  516  516  517 1526648560.824308
   79  517  516  516 1526648560.829303
   78  516  517  516 1526648560.833809
   78  516  516  517 1526648560.837808
   78  516  516  517 1526648560.842057
   79  516  517  517 1526648560.846055
   79  516  516  517 1526648560.850484
   79  517  517  516 1526648560.854303
   78  516  517  517 1526648560.859302
   79  517  517  517 1526648560.863561
   79  516  516  516 1526648560.867556
   79  517  517  516 1526648560.871927
   79  516  516  516 1526648560.875928
   79  516  517  516 1526648560.880473
   78  516  516  517 1526648560.884431
   78  516  517  517 1526648560.889429
   79  517  517  516 1526648560.893803
   78  516  517  517 1526648560.897809
   79  517  516  516 1526648560.902053
   79  517  517  516 1526648560.906055
   79  516  517  516 1526648560.910054
   79  517  517  516 1526648560.914556
   79  516  517  517 1526648560.919430
   79  517  517  517 1526648560.923426
   79  516  516  516 1526648560.927299
   79  516  517  517 1526648560.931671
   78  516  516  517 1526648560.935672
   79  516  517  516 1526648560.939546
   78  516  517  516 1526648560.943422
   78  516  516  517 1526648560.947302
   79  516  517  516 1526648560.952175
   79  516  517  517 1526648560.956307
   79  516  516  516 1526648560.960301
   78  516  517  517 1526648560.964675
   79  516  516  516 1526648560.968675
   79  517  517  517 1526648560.973051
   79  517  517  516 1526648560.976925
   79  516  517  517 1526648560.981921
   79  516  516  517 1526648560.985928
   78  516  516  516 1526648560.989926
   79  516  516  517 1526648560.994181
   79  516  517  516 1526648560.998175
   78  516  517  516 1526648561.002550
   79  516  517  517 1526648561.006549
   79  516  517  517 1526648561.012248
   78  516  516  517 1526648561.016173
   79  516  517  517 1526648561.020183
   79  516  517  517 1526648561.024548
   79  516  517  516 1526648561.028548
   79  516  517  516 1526648561.032833
   78  516  517  517 1526648561.036934
   78  516  517  516 1526648561.041811
   79  516  516  516 1526648561.046177
   78  516  516  517 1526648561.050173
   79  517  517  516 1526648561.054546
   78  517  517  517 1526648561.058424
   79  517  517  517 1526648561.062297
   79  517  516  517 1526648561.066794
   79  517  517  516 1526648561.071676
   79  516  517  516 1526648561.075671
   79  516  517  516 1526648561.079740
   79  516  517  516 1526648561.084169
   79  516  517  517 1526648561.088041
   78  516  516  516 1526648561.091918
   79  516  517  516 1526648561.095917
   79  517  517  516 1526648561.100853
   79  516  517  516 1526648561.105292
   79  516  517  517 1526648561.109300
   79  516  517  517 1526648561.113671
   79  516  517  516 1526648561.117679
   79  517  517  517 1526648561.121674
   79  516  517  516 1526648561.125799
   79  516  516  516 1526648561.129795
   79  516  516  517 1526648561.135172
   79  516  517  517 1526648561.139173
   79  516  516  516 1526648561.143170
   79  517  517  516 1526648561.147675
   79  516  516  517 1526648561.151671
   79  516  516  517 1526648561.156166
   79  516  517  517 1526648561.161268
   78  516  517  517 1526648561.165815
   79  516  516  516 1526648561.169799
   79  516  517  516 1526648561.174248
   79  517  517  517 1526648561.178168
   79  516  516  516 1526648561.182042
   79  517  517  517 1526648561.186418
   79  516  517  517 1526648561.190418
   79  516  517  517 1526648561.194922
   79  516  517  516 1526648561.198918
   78  516  517  516 1526648561.202917
   79  516  516  517 1526648561.206917
   79  516  516  517 1526648561.210914
   78  516  516  517 1526648561.215176
   78  516  517  517 1526648561.219037
   79  516  517  516 1526648561.224037
   79  516  516  517 1526648561.228414
   78  516  517  516 1526648561.232546
   78  516  516  517 1526648561.237042
   78  516  516  517 1526648561.241043
   79  516  517  516 1526648561.245418
   79  517  516  517 1526648561.249416
   79  516  516  516 1526648561.254293
   79  516  517  516 1526648561.258792
   79  516  516  517 1526648561.262791
   78  516  517  517 1526648561.267291
   79  516  516  517 1526648561.271289
   79  516  516  516 1526648561.275696
   78  516  517  517 1526648561.279544
   79  517  516  516 1526648561.284542
   78  517  516  516 1526648561.288963
   79  516  517  517 1526648561.292916
   79  516  517  516 1526648561.297287
   78  516  516  517 1526648561.301287
   79  517  517  516 1526648561.305754
   78  517  517  516 1526648561.309541
   78  516  516  517 1526648561.314542
   78  516  516  517 1526648561.318544
   79  516  517  517 1526648561.322539
   79  516  517  516 1526648561.326913
   78  516  517  517 1526648561.330921
   79  516  517  516 1526648561.334917
   79  517  517  516 1526648561.339413
   78  517  517  516 1526648561.344287
   79  516  517  516 1526648561.348416
   78  516  517  516 1526648561.352287
   78  516  517  517 1526648561.356533
   79  516  517  517 1526648561.360533
   78  516  516  517 1526648561.364406
   78  516  517  516 1526648561.368532
   79  516  517  516 1526648561.372413
   79  516  516  517 1526648561.377043
   78  516  517  516 1526648561.385041
   79  516  517  517 1526648561.389036
   79  516  516  516 1526648561.393040
   78  517  517  516 1526648561.397408
   78  516  516  517 1526648561.401412
   79  516  516  516 1526648561.406987
   79  516  517  516 1526648561.410792
   78  516  516  517 1526648561.414789
   79  517  517  517 1526648561.419289
   79  517  517  516 1526648561.423285
   79  516  517  516 1526648561.427666
   79  516  516  517 1526648561.431669
   79  516  516  516 1526648561.436678
   79  517  517  516 1526648561.441159
   79  516  516  516 1526648561.445164
   79  516  517  517 1526648561.449539
   79  516  516  516 1526648561.453535
   79  516  517  516 1526648561.457782
   79  516  516  517 1526648561.461786
   78  516  517  516 1526648561.466787
   79  516  516  517 1526648561.471163
   78  516  517  517 1526648561.475158
   79  517  517  516 1526648561.479536
   79  517  517  516 1526648561.483410
   79  516  517  517 1526648561.487291
   79  516  517  516 1526648561.491783
   79  516  516  517 1526648561.496783
   79  516  517  517 1526648561.500674
   79  516  517  517 1526648561.504676
   79  516  516  516 1526648561.509154
   79  517  517  516 1526648561.513026
   79  516  516  517 1526648561.516901
   79  517  516  517 1526648561.520902
   79  516  516  517 1526648561.525918
   79  516  516  517 1526648561.530409
   79  516  517  516 1526648561.534412
   79  517  517  517 1526648561.538792
   79  516  517  516 1526648561.542784
   79  516  517  516 1526648561.546781
   79  516  517  517 1526648561.550784
   79  516  516  516 1526648561.555921
   79  516  517  517 1526648561.560154
   79  516  517  517 1526648561.564159
   79  516  517  517 1526648561.568158
   79  516  516  517 1526648561.572675
   78  516  517  516 1526648561.576679
   79  517  517  517 1526648561.581158
   79  516  516  516 1526648561.585154
   78  516  516  517 1526648561.590530
   79  516  517  516 1526648561.594532
   79  516  517  516 1526648561.598530
   78  517  517  516 1526648561.603031
   79  516  517  516 1526648561.607032
   79  516  516  517 1526648561.611410
   79  516  516  517 1526648561.615405
   78  516  517  516 1526648561.620027
   78  516  517  516 1526648561.624031
   78  516  516  516 1526648561.628028
   78  516  516  516 1526648561.632028
   79  516  516  517 1526648561.635898
   79  516  517  516 1526648561.640290
   79  516  517  517 1526648561.644148
   79  516  517  517 1526648561.649273
   79  517  517  516 1526648561.653784
   78  516  517  516 1526648561.657780
   79  517  517  516 1526648561.662283
   79  516  517  516 1526648561.666282
   78  516  517  517 1526648561.670672
   78  516  516  516 1526648561.674530
   79  516  517  517 1526648561.679527
   78  516  516  517 1526648561.683903
   79  516  517  516 1526648561.687902
   78  517  517  516 1526648561.692151
   78  516  517  516 1526648561.696153
   79  517  517  517 1526648561.700026
   79  517  517  517 1526648561.704530
   79  517  517  516 1526648561.709528
   79  516  517  516 1526648561.713903
   79  516  517  516 1526648561.718621
   78  516  517  517 1526648561.723026
   79  516  517  517 1526648561.727022
   79  516  517  516 1526648561.731364
   78  517  517  516 1526648561.735398
   79  517  517  517 1526648561.740985
   79  516  516  517 1526648561.744898
   78  516  516  517 1526648561.748895
   78  516  517  517 1526648561.753149
   79  517  517  517 1526648561.757018
   79  516  516  516 1526648561.761270
   79  516  517  516 1526648561.765275
   78  516  517  516 1526648561.770273
   79  516  517  516 1526648561.774779
   78  517  517  516 1526648561.778774
   79  516  517  517 1526648561.783276
   79  517  517  517 1526648561.787291
   79  517  517  517 1526648561.791518
   78  516  517  516 1526648561.795521
   78  516  517  516 1526648561.800526
   79  516  516  517 1526648561.804522
   79  516  516  517 1526648561.808525
   79  516  516  517 1526648561.812580
   79  516  517  517 1526648561.816516
   78  517  517  517 1526648561.820394
   79  516  516  516 1526648561.824266
   79  516  516  516 1526648561.828518
   79  516  517  516 1526648561.832392
   79  516  516  516 1526648561.836264
   79  516  517  517 1526648561.840138
   79  517  517  516 1526648561.844138
   79  516  517  516 1526648561.848012
   79  516  517  517 1526648561.851889
   78  516  517  516 1526648561.855765
   79  517  517  516 1526648561.859645
   79  517  517  517 1526648561.863515
   79  516  516  516 1526648561.867388
   79  516  517  517 1526648561.871264
   79  516  517  517 1526648561.875138
   79  516  516  517 1526648561.879014
