    0  396  517  517 1526649728.562262
    0  397  517  517 1526649728.566260
    0  396  517  517 1526649728.570135
    0  397  517  517 1526649728.574668
    0  397  517  517 1526649728.578664
    0  396  517  516 1526649728.582661
    0  397  517  517 1526649728.586514
    0  397  516  517 1526649728.591669
    0  397  517  517 1526649728.595519
    0  397  517  517 1526649728.599661
    0  396  516  517 1526649728.603654
    0  396  517  517 1526649728.607665
    0  397  517  517 1526649728.611667
    0  397  516  517 1526649728.615666
    0  397  517  517 1526649728.619515
    0  396  517  517 1526649728.624390
    0  396  516  517 1526649728.628263
    0  396  517  516 1526649728.632263
    0  396  517  517 1526649728.636269
    0  397  517  517 1526649728.640270
    0  397  516  517 1526649728.644266
    0  396  516  517 1526649728.648267
    0  397  516  516 1526649728.652263
    0  396  516  517 1526649728.657264
    0  397  516  516 1526649728.661268
    0  397  517  517 1526649728.665138
    0  396  517  517 1526649728.669142
    0  397  517  517 1526649728.673144
    0  396  517  517 1526649728.677140
    0  397  516  516 1526649728.681164
    0  396  517  517 1526649728.686262
    0  396  517  517 1526649728.690266
    0  397  517  517 1526649728.694267
    0  396  517  517 1526649728.698260
    0  397  517  516 1526649728.702262
    0  396  517  517 1526649728.706139
    0  397  516  517 1526649728.710137
    0  397  517  517 1526649728.715039
    0  396  516  517 1526649728.719015
    0  396  517  517 1526649728.723016
    0  397  517  517 1526649728.727015
    0  396  517  517 1526649728.730890
    0  397  517  517 1526649728.734889
    0  397  517  517 1526649728.738888
    0  396  516  517 1526649728.742884
    0  396  517  517 1526649728.747760
    0  397  516  516 1526649728.751760
    0  396  517  517 1526649728.755762
    0  396  517  517 1526649728.759643
    0  397  516  517 1526649728.763505
    0  396  517  516 1526649728.767380
    0  396  516  517 1526649728.771255
    0  396  517  517 1526649728.776260
    0  396  517  517 1526649728.780639
    0  397  517  516 1526649728.784647
    0  396  517  516 1526649728.788508
    0  396  516  517 1526649728.792376
    0  397  517  517 1526649728.796252
    0  397  517  517 1526649728.800128
    0  397  516  517 1526649728.804010
    0  396  517  516 1526649728.808133
    0  396  516  517 1526649728.812139
    0  397  517  516 1526649728.816134
    0  397  517  516 1526649728.820141
    0  397  516  517 1526649728.824134
    0  396  517  517 1526649728.828007
    0  396  516  516 1526649728.832128
    0  397  516  517 1526649728.836009
    0  397  517  517 1526649728.840881
    0  397  516  516 1526649728.845008
    0  396  517  517 1526649728.848882
    0  397  517  516 1526649728.853384
    0  397  517  517 1526649728.857377
    0  397  517  517 1526649728.861258
    0  397  517  517 1526649728.866656
    0  396  516  517 1526649728.870646
    0  396  517  517 1526649728.874513
    0  397  517  517 1526649728.878506
    0  396  517  517 1526649728.882750
    0  396  517  517 1526649728.886623
    0  397  517  516 1526649728.894502
    0  396  516  516 1526649728.899497
    0  397  517  517 1526649728.903748
    0  397  517  517 1526649728.907751
    0  396  517  517 1526649728.911644
    0  396  517  517 1526649728.915998
    0  396  517  517 1526649728.919877
    0  397  517  517 1526649728.924184
    0  396  517  517 1526649728.928651
    0  396  516  517 1526649728.932937
    0  396  517  517 1526649728.936874
    0  396  517  517 1526649728.940747
    0  397  517  517 1526649728.944751
    0  396  516  517 1526649728.948620
    0  396  517  516 1526649728.952876
    0  397  517  517 1526649728.957876
    0  396  516  517 1526649728.961884
    0  396  517  517 1526649728.966133
    0  396  517  517 1526649728.969996
    0  397  517  517 1526649728.974252
    0  396  517  517 1526649728.978119
    0  397  517  517 1526649728.982130
    0  396  517  517 1526649728.986502
    0  397  516  517 1526649728.991501
    0  397  517  517 1526649728.995500
    0  397  517  517 1526649728.999376
    0  396  517  517 1526649729.003745
    0  396  517  517 1526649729.007618
    0  396  517  516 1526649729.011507
    0  397  517  517 1526649729.015374
    0  396  517  517 1526649729.020377
    0  397  517  517 1526649729.024640
    0  397  517  516 1526649729.028650
    0  396  516  517 1526649729.032493
    0  396  516  517 1526649729.036752
    0  397  517  516 1526649729.040617
    0  396  517  517 1526649729.044867
    0  397  517  517 1526649729.049878
    0  396  517  517 1526649729.054255
    0  396  517  517 1526649729.058118
    0  396  517  517 1526649729.061998
    0  397  517  517 1526649729.065876
    0  397  516  516 1526649729.069868
    0  396  516  516 1526649729.074034
    0  397  517  517 1526649729.077873
    0  396  517  516 1526649729.082873
    0  397  516  516 1526649729.087241
    0  396  517  517 1526649729.091241
    0  397  517  516 1526649729.095373
    0  396  517  517 1526649729.099241
    0  397  517  516 1526649729.103115
    0  396  516  516 1526649729.107372
    0  396  517  516 1526649729.112375
    0  397  517  516 1526649729.116240
    0  396  517  517 1526649729.120240
    0  396  517  517 1526649729.124749
    0  397  517  517 1526649729.128615
    0  397  516  516 1526649729.132497
    0  397  516  517 1526649729.136376
    0  397  517  516 1526649729.141373
    0  396  517  517 1526649729.145615
    0  397  517  517 1526649729.149491
    0  396  517  517 1526649729.153373
    0  396  517  517 1526649729.157746
    0  396  517  517 1526649729.161623
    0  396  516  517 1526649729.165998
    0  396  517  517 1526649729.169994
    0  396  517  517 1526649729.175243
    0  396  516  517 1526649729.179250
    0  396  517  517 1526649729.183246
    0  397  516  516 1526649729.187649
    0  396  517  517 1526649729.191622
    0  397  516  517 1526649729.195870
    0  396  517  517 1526649729.199743
    0  396  517  517 1526649729.205116
    0  396  517  517 1526649729.209126
    0  396  517  517 1526649729.213124
    0  396  517  517 1526649729.217125
    0  397  517  517 1526649729.221125
    0  397  517  517 1526649729.225365
    0  396  517  517 1526649729.229244
    0  396  517  517 1526649729.233622
    0  396  517  517 1526649729.237994
    0  397  516  517 1526649729.241992
    0  396  517  517 1526649729.246374
    0  396  517  517 1526649729.250368
    0  396  517  517 1526649729.254890
    0  396  516  516 1526649729.258739
    0  396  517  517 1526649729.263744
    0  396  517  516 1526649729.268248
    0  396  516  517 1526649729.272243
    0  396  517  517 1526649729.276368
    0  396  517  517 1526649729.280374
    0  397  517  516 1526649729.288739
    0  396  517  516 1526649729.293865
    0  397  517  517 1526649729.297743
    0  397  516  517 1526649729.301741
    0  396  517  517 1526649729.306145
    0  397  517  516 1526649729.310116
    0  397  516  517 1526649729.313995
    0  396  517  517 1526649729.317991
    0  396  517  516 1526649729.322869
    0  396  517  517 1526649729.326994
    0  396  516  517 1526649729.330990
    0  397  517  517 1526649729.334994
    0  397  516  516 1526649729.339493
    0  396  517  516 1526649729.343365
    0  397  516  516 1526649729.347618
    0  396  516  517 1526649729.352623
    0  396  517  517 1526649729.356869
    0  397  517  517 1526649729.360736
    0  396  517  517 1526649729.364742
    0  396  517  517 1526649729.369239
    0  396  516  516 1526649729.373240
    0  397  516  517 1526649729.377487
    0  397  517  517 1526649729.382603
    0  397  517  517 1526649729.387030
    0  396  517  517 1526649729.390988
    0  397  517  516 1526649729.394988
    0  396  517  517 1526649729.399019
    0  396  517  517 1526649729.402983
    0  397  516  517 1526649729.407148
    0  396  517  517 1526649729.410989
    0  397  517  517 1526649729.415483
    0  396  517  516 1526649729.419733
    0  397  516  516 1526649729.423737
    0  396  516  517 1526649729.428114
    0  396  517  517 1526649729.432110
    0  396  517  517 1526649729.436114
    0  397  517  517 1526649729.440484
    0  396  517  516 1526649729.445494
    0  396  517  516 1526649729.449364
    0  397  517  517 1526649729.453365
    0  397  516  516 1526649729.457485
    0  397  517  517 1526649729.461492
    0  397  516  516 1526649729.465612
    0  397  516  517 1526649729.469613
    0  396  517  516 1526649729.474614
    0  396  517  516 1526649729.479111
    0  396  517  517 1526649729.483112
    0  396  517  517 1526649729.487486
    0  397  516  517 1526649729.491490
    0  397  517  517 1526649729.495771
    0  397  516  517 1526649729.499729
    0  396  517  517 1526649729.503857
    0  396  516  517 1526649729.508860
    0  396  517  516 1526649729.512731
    0  397  517  516 1526649729.516981
    0  396  517  517 1526649729.520983
    0  397  517  517 1526649729.524997
    0  397  516  517 1526649729.528986
    0  396  517  517 1526649729.532985
    0  397  517  517 1526649729.538361
    0  396  517  517 1526649729.542356
    0  396  517  517 1526649729.546359
    0  396  516  516 1526649729.550856
    0  397  517  517 1526649729.554733
    0  397  517  517 1526649729.559114
    0  397  517  517 1526649729.563105
    0  396  517  516 1526649729.568360
    0  396  516  517 1526649729.572359
    0  396  517  517 1526649729.576360
    0  396  517  517 1526649729.580737
    0  397  517  517 1526649729.584730
    0  396  517  517 1526649729.588981
    0  397  517  517 1526649729.592981
    0  397  517  517 1526649729.597110
    0  396  516  517 1526649729.601484
    0  396  517  517 1526649729.605492
    0  397  517  516 1526649729.609979
    0  397  517  516 1526649729.613994
    0  396  517  517 1526649729.618352
    0  397  517  516 1526649729.622355
    0  396  516  516 1526649729.627231
    0  397  517  516 1526649729.631609
    0  397  517  517 1526649729.635608
    0  396  517  517 1526649729.639855
    0  396  517  517 1526649729.643859
    0  397  517  517 1526649729.647856
    0  397  517  517 1526649729.652353
    0  396  517  517 1526649729.657483
    0  396  517  517 1526649729.661979
    0  397  517  517 1526649729.665980
    0  396  517  517 1526649729.670234
    0  397  517  517 1526649729.674244
    0  396  517  517 1526649729.680856
    0  396  517  517 1526649729.684728
    0  397  517  517 1526649729.689062
    0  396  516  516 1526649729.692855
    0  397  517  516 1526649729.696736
    0  397  517  517 1526649729.701229
    0  396  516  517 1526649729.705230
    0  397  517  517 1526649729.709604
    0  397  517  517 1526649729.713597
    0  397  516  516 1526649729.717606
    0  396  517  517 1526649729.721604
    0  396  517  517 1526649729.725611
    0  396  517  517 1526649729.729854
    0  397  516  517 1526649729.733858
    0  397  517  517 1526649729.737854
    0  396  517  517 1526649729.741738
    0  396  517  517 1526649729.745728
    0  397  516  517 1526649729.750608
    0  397  517  517 1526649729.754607
    0  397  517  517 1526649729.760852
    0  397  517  516 1526649729.764980
    0  397  517  516 1526649729.768977
    0  396  517  517 1526649729.775745
    0  396  516  517 1526649729.780149
    0  396  517  517 1526649729.784347
    0  396  517  517 1526649729.788611
    0  397  517  517 1526649729.793591
    0  396  516  517 1526649729.797467
    0  396  517  517 1526649729.801843
    0  396  517  517 1526649729.805717
    0  397  517  517 1526649729.809591
    0  396  517  517 1526649729.813841
    0  396  517  517 1526649729.817716
    0  397  517  517 1526649729.822091
    0  396  516  517 1526649729.825966
    0  397  517  517 1526649729.829842
    0  397  517  517 1526649729.834090
    0  397  516  516 1526649729.837965
    0  397  517  517 1526649729.844100
    0  396  517  517 1526649729.848345
    0  397  517  516 1526649729.854107
    0  396  517  517 1526649729.858352
    0  396  517  517 1526649729.862722
    0  396  517  516 1526649729.866726
    0  397  517  517 1526649729.870763
    0  396  516  517 1526649729.875098
    0  397  517  517 1526649729.879103
    0  397  517  517 1526649729.883348
    0  397  516  517 1526649729.887352
    0  396  517  516 1526649729.892021
    0  397  517  517 1526649729.895973
    0  396  517  516 1526649729.899975
    0  396  516  517 1526649729.904399
    0  397  517  517 1526649729.909350
    0  397  517  517 1526649729.913725
    0  397  517  517 1526649729.917723
    0  397  517  516 1526649729.922293
    0  397  517  517 1526649729.926220
    0  397  517  517 1526649729.930221
    0  396  516  517 1526649729.934469
    0  396  516  517 1526649729.939477
    0  397  517  517 1526649729.943971
    0  397  516  517 1526649729.948005
    0  397  517  517 1526649729.951846
    0  397  517  517 1526649729.956223
    0  396  517  517 1526649729.960218
    0  397  517  517 1526649729.964594
    0  396  516  517 1526649729.969592
    0  396  517  517 1526649729.974686
    0  396  516  517 1526649729.978846
    0  396  517  517 1526649729.983257
    0  396  516  516 1526649729.987210
    0  396  517  517 1526649729.991217
    0  396  517  517 1526649729.995133
    0  396  517  517 1526649729.999969
    0  396  517  516 1526649730.004472
    0  396  516  517 1526649730.008347
    0  396  517  517 1526649730.012213
    0  396  516  516 1526649730.016590
    0  396  516  517 1526649730.020459
    0  396  517  517 1526649730.024784
    0  397  517  517 1526649730.029851
    0  397  516  517 1526649730.034219
    0  397  517  517 1526649730.038341
    0  397  516  516 1526649730.042406
    0  397  517  517 1526649730.046343
    0  396  516  517 1526649730.050218
    0  396  516  517 1526649730.054841
    0  397  517  517 1526649730.058722
    0  396  516  517 1526649730.063469
    0  396  517  516 1526649730.067600
    0  397  516  516 1526649730.071588
    0  397  517  517 1526649730.075591
    0  397  516  516 1526649730.079586
    0  397  516  517 1526649730.083592
    0  397  517  517 1526649730.087594
    0  397  517  517 1526649730.092594
    0  396  517  517 1526649730.096597
    0  396  517  516 1526649730.100593
    0  396  517  517 1526649730.104590
    0  397  517  517 1526649730.108593
    0  396  517  517 1526649730.112591
    0  396  517  517 1526649730.116590
    0  397  517  517 1526649730.121856
    0  397  517  516 1526649730.125716
    0  396  516  516 1526649730.129715
    0  397  516  517 1526649730.133712
    0  397  517  517 1526649730.137713
    0  397  516  517 1526649730.141714
    0  397  517  517 1526649730.145715
    0  397  517  517 1526649730.149712
    0  397  517  516 1526649730.153841
    0  397  516  516 1526649730.157842
    0  396  517  516 1526649730.161841
    0  397  517  517 1526649730.165842
    0  396  516  517 1526649730.169839
    0  396  516  517 1526649730.173836
    0  397  517  517 1526649730.177841
    0  397  517  517 1526649730.182965
    0  396  517  517 1526649730.186963
    0  397  516  517 1526649730.190964
    0  397  517  516 1526649730.194963
    0  396  517  517 1526649730.198961
    0  397  517  516 1526649730.202962
    0  396  517  517 1526649730.206991
    0  396  517  517 1526649730.211958
    0  396  517  516 1526649730.215958
    0  397  517  516 1526649730.219967
    0  397  517  517 1526649730.223963
    0  396  517  516 1526649730.227962
    0  396  517  516 1526649730.231841
    0  396  516  517 1526649730.235712
    0  396  517  517 1526649730.239740
    0  396  517  517 1526649730.244210
    0  396  516  517 1526649730.248210
    0  396  517  517 1526649730.252213
    0  397  517  517 1526649730.256208
    0  396  517  517 1526649730.260204
    0  397  517  516 1526649730.264085
    0  396  517  517 1526649730.268080
    0  396  516  517 1526649730.271956
    0  397  517  517 1526649730.277204
    0  396  517  516 1526649730.281075
    0  396  517  516 1526649730.284964
    0  397  517  517 1526649730.288826
    0  396  517  517 1526649730.292703
    0  396  517  517 1526649730.296582
    0  396  517  517 1526649730.300581
    0  397  517  517 1526649730.305585
    0  397  517  517 1526649730.309456
    0  397  517  516 1526649730.313462
    0  397  517  517 1526649730.317455
    0  397  517  517 1526649730.321462
    0  396  517  517 1526649730.325458
    0  397  517  517 1526649730.330203
    0  396  517  517 1526649730.334161
    0  397  516  517 1526649730.339076
    0  397  517  517 1526649730.343332
    0  396  516  517 1526649730.347207
    0  397  517  517 1526649730.352087
    0  397  517  517 1526649730.359948
    0  397  517  517 1526649730.363826
    0  397  517  517 1526649730.367707
    0  396  517  517 1526649730.372236
    0  396  517  517 1526649730.376824
    0  397  517  517 1526649730.380823
    0  396  516  516 1526649730.385072
    0  397  517  517 1526649730.389072
    0  397  517  517 1526649730.393455
    0  397  517  517 1526649730.397322
    0  396  516  517 1526649730.401206
    0  396  517  517 1526649730.406321
    0  396  517  517 1526649730.410196
    0  397  517  517 1526649730.414197
    0  397  516  517 1526649730.418195
    0  396  517  517 1526649730.422447
    0  397  516  517 1526649730.426328
    0  396  517  517 1526649730.430228
    0  396  517  517 1526649730.435447
    0  396  517  517 1526649730.443453
    0  397  517  517 1526649730.447445
    0  396  517  517 1526649730.451445
    0  396  517  516 1526649730.455834
    0  396  516  517 1526649730.459829
    0  396  517  517 1526649730.465070
    0  396  517  516 1526649730.468945
    0  397  517  516 1526649730.473201
    0  396  517  517 1526649730.477204
    0  397  517  517 1526649730.481072
    0  397  517  517 1526649730.484948
    0  396  516  517 1526649730.488944
    0  396  517  517 1526649730.493072
    0  396  517  517 1526649730.497445
    0  396  516  516 1526649730.501330
    0  396  516  516 1526649730.505194
    0  397  517  516 1526649730.509204
    0  397  517  517 1526649730.513470
    0  397  517  516 1526649730.517456
    0  396  517  516 1526649730.521461
    0  397  517  516 1526649730.526451
    0  396  516  516 1526649730.530450
    0  396  517  517 1526649730.534819
    0  396  517  516 1526649730.538825
    0  396  516  517 1526649730.542694
    0  397  517  517 1526649730.546950
    0  397  517  517 1526649730.550941
    0  397  517  517 1526649730.556257
    0  396  517  517 1526649730.560072
    0  397  517  517 1526649730.564319
    0  397  517  516 1526649730.568326
    0  397  516  517 1526649730.572190
    0  396  516  517 1526649730.576202
    0  397  517  517 1526649730.580065
    0  396  517  517 1526649730.584573
    0  397  517  517 1526649730.589691
    0  396  517  517 1526649730.594059
    0  397  517  517 1526649730.598064
    0  396  517  517 1526649730.601949
    0  397  517  517 1526649730.606199
    0  397  517  517 1526649730.610203
    0  396  516  517 1526649730.614444
    0  397  517  517 1526649730.618815
    0  396  517  517 1526649730.622820
    0  397  517  517 1526649730.626737
    0  397  517  517 1526649730.630563
    0  397  517  517 1526649730.634693
    0  397  517  517 1526649730.638578
    0  396  516  517 1526649730.642460
    0  397  517  517 1526649730.647314
    0  396  516  516 1526649730.651698
    0  396  517  517 1526649730.656062
    0  396  517  517 1526649730.659939
    0  396  517  517 1526649730.663818
    0  396  517  517 1526649730.668195
    0  396  517  517 1526649730.672067
    0  397  517  517 1526649730.677572
    0  397  517  517 1526649730.681601
    0  397  516  517 1526649730.685945
    0  396  517  516 1526649730.689951
    0  397  516  517 1526649730.693948
    0  397  517  516 1526649730.698194
    0  396  516  517 1526649730.702200
    0  396  517  517 1526649730.707571
    0  396  517  517 1526649730.711571
    0  396  517  516 1526649730.716071
    0  396  516  517 1526649730.720069
    0  397  517  517 1526649730.724074
    0  396  517  517 1526649730.728446
    0  396  517  517 1526649730.732453
    0  396  517  516 1526649730.737315
    0  396  517  517 1526649730.741322
    0  396  517  517 1526649730.745320
    0  396  517  517 1526649730.749318
    0  397  517  516 1526649730.753197
    0  396  517  517 1526649730.757204
    0  396  517  517 1526649730.761196
    0  396  516  517 1526649730.765316
    0  397  516  517 1526649730.770445
    0  397  517  517 1526649730.774443
    0  397  517  517 1526649730.778447
    0  396  517  517 1526649730.782312
    0  397  516  517 1526649730.786192
    0  397  517  517 1526649730.790062
    0  397  517  516 1526649730.794314
    0  396  516  517 1526649730.798247
    0  397  517  516 1526649730.803058
    0  397  516  516 1526649730.806933
    0  397  517  516 1526649730.810821
    0  397  517  517 1526649730.814809
    0  397  517  517 1526649730.818809
    0  397  517  516 1526649730.823308
    0  397  516  517 1526649730.827183
    0  396  517  517 1526649730.831060
    0  397  517  517 1526649730.834934
    0  396  517  516 1526649730.838809
    0  397  517  517 1526649730.842686
