  410  517  516  516 1526649258.258961
  410  517  517  516 1526649258.262958
  410  516  517  516 1526649258.266832
  409  516  516  517 1526649258.271247
  410  517  516  516 1526649258.275218
  410  517  516  516 1526649258.279217
  409  517  516  517 1526649258.283212
  410  517  516  517 1526649258.288340
  410  517  516  517 1526649258.292338
  409  516  517  516 1526649258.296339
  410  517  516  517 1526649258.300217
  410  517  516  516 1526649258.304214
  410  517  516  516 1526649258.308216
  410  517  516  517 1526649258.312211
  410  517  516  517 1526649258.316213
  410  517  517  516 1526649258.321087
  410  517  516  516 1526649258.325085
  410  517  516  516 1526649258.329092
  409  517  516  516 1526649258.333091
  410  517  517  516 1526649258.337088
  409  516  517  517 1526649258.341086
  410  517  516  516 1526649258.345089
  409  517  516  517 1526649258.349086
  409  517  516  517 1526649258.354086
  409  516  516  516 1526649258.358084
  410  516  517  517 1526649258.362089
  410  517  517  517 1526649258.366087
  410  517  516  517 1526649258.370086
  409  517  516  517 1526649258.373963
  409  517  517  516 1526649258.377959
  410  517  516  517 1526649258.382838
  410  517  516  516 1526649258.386963
  410  517  516  517 1526649258.390958
  410  517  516  517 1526649258.394960
  409  517  516  517 1526649258.398829
  410  517  516  517 1526649258.402704
  410  517  516  517 1526649258.406579
  410  517  517  516 1526649258.411846
  409  517  517  517 1526649258.416076
  409  517  516  517 1526649258.419959
  410  517  516  516 1526649258.423951
  410  517  517  517 1526649258.427844
  410  517  516  517 1526649258.431826
  410  517  516  517 1526649258.435837
  409  517  516  517 1526649258.439707
  410  517  516  516 1526649258.443961
  410  517  516  517 1526649258.447958
  409  517  516  516 1526649258.451955
  409  517  516  517 1526649258.455954
  410  517  516  516 1526649258.459834
  410  517  517  517 1526649258.463830
  410  517  516  517 1526649258.467703
  410  516  517  517 1526649258.471699
  410  517  517  517 1526649258.476954
  410  517  516  517 1526649258.480826
  411  517  516  516 1526649258.484827
  410  517  516  517 1526649258.489323
  410  517  517  516 1526649258.493211
  409  517  517  517 1526649258.497581
  410  516  516  516 1526649258.501455
  409  517  516  517 1526649258.506206
  410  516  516  517 1526649258.510198
  409  517  516  517 1526649258.514082
  410  516  516  516 1526649258.518084
  409  517  516  517 1526649258.521947
  410  517  516  517 1526649258.526201
  409  517  516  517 1526649258.530207
  410  516  517  516 1526649258.535072
  409  517  516  516 1526649258.539331
  410  517  516  517 1526649258.543208
  410  517  516  517 1526649258.547455
  410  517  516  517 1526649258.551324
  409  517  516  517 1526649258.555196
  410  517  516  517 1526649258.559450
  410  517  516  517 1526649258.564461
  409  517  517  517 1526649258.568447
  409  517  516  517 1526649258.572330
  409  517  516  517 1526649258.576701
  409  517  516  516 1526649258.580577
  410  517  516  517 1526649258.584449
  409  517  516  517 1526649258.588696
  409  516  516  516 1526649258.592577
  410  516  516  517 1526649258.597195
  409  517  516  516 1526649258.601069
  410  516  517  517 1526649258.604945
  410  517  516  517 1526649258.608957
  410  517  516  517 1526649258.612821
  409  516  516  516 1526649258.617074
  409  517  516  516 1526649258.620943
  410  517  516  516 1526649258.625951
  409  517  516  516 1526649258.630194
  410  516  516  517 1526649258.634069
  410  517  516  516 1526649258.638331
  410  516  516  516 1526649258.642202
  409  517  516  517 1526649258.646079
  410  517  516  516 1526649258.650373
  409  517  516  516 1526649258.655455
  409  516  516  517 1526649258.659320
  409  517  516  516 1526649258.663193
  410  517  517  517 1526649258.667491
  409  517  516  517 1526649258.671447
  410  517  516  517 1526649258.675316
  409  517  516  516 1526649258.679325
  410  516  517  517 1526649258.683203
  410  517  516  517 1526649258.688193
  410  516  516  516 1526649258.692074
  409  516  516  516 1526649258.695950
  410  517  516  517 1526649258.699826
  410  517  516  517 1526649258.703694
  410  517  516  517 1526649258.707947
  410  517  517  516 1526649258.711818
  410  516  516  516 1526649258.716816
   31   39   38   34 1526649258.721193
  409  517  517  516 1526649258.725070
  410  517  516  516 1526649258.729198
  410  517  516  517 1526649258.733065
  410  517  516  517 1526649258.736949
  409  517  516  516 1526649258.741191
  409  517  516  517 1526649258.746178
  410  517  516  517 1526649258.750316
  410  516  516  517 1526649258.754189
  410  517  516  517 1526649258.758566
  409  517  516  517 1526649258.762448
  410  516  516  516 1526649258.766314
  410  517  516  516 1526649258.770564
  410  517  516  516 1526649258.774447
  410  517  517  517 1526649258.779190
  409  517  516  516 1526649258.783070
  410  516  516  517 1526649258.786948
  410  516  516  516 1526649258.790814
  409  517  516  516 1526649258.794689
  409  517  516  516 1526649258.798939
  409  516  516  516 1526649258.802822
  410  517  516  517 1526649258.807816
  409  517  516  516 1526649258.812188
  410  517  517  516 1526649258.816065
  410  517  516  517 1526649258.820188
  410  516  517  516 1526649258.824073
  409  517  516  517 1526649258.827936
  410  517  516  517 1526649258.832323
  410  517  516  516 1526649258.837301
  409  517  516  516 1526649258.841320
  410  516  516  517 1526649258.845320
  410  517  516  517 1526649258.849836
  410  517  516  517 1526649258.853820
  410  517  516  517 1526649258.857817
  410  517  516  517 1526649258.861817
  409  517  516  517 1526649258.865816
  410  517  516  516 1526649258.871192
  410  516  516  516 1526649258.875198
  410  517  516  516 1526649258.879577
  410  516  516  516 1526649258.883571
  410  516  517  516 1526649258.887447
  409  517  517  517 1526649258.891821
  410  517  516  516 1526649258.895818
  410  517  516  516 1526649258.900322
  410  516  517  516 1526649258.904319
  409  516  517  516 1526649258.908321
  409  517  517  516 1526649258.912189
  410  516  517  516 1526649258.916064
  409  517  517  517 1526649258.920314
  410  517  516  517 1526649258.924312
  410  517  516  517 1526649258.929317
  410  517  516  516 1526649258.933821
  409  517  516  517 1526649258.937819
  409  517  516  517 1526649258.942326
  410  516  517  516 1526649258.946185
  410  517  516  517 1526649258.950436
  409  516  516  516 1526649258.954310
  410  517  516  517 1526649258.959311
  411  516  517  516 1526649258.963691
  410  517  516  516 1526649258.967758
  409  517  517  517 1526649258.972078
  410  517  516  516 1526649258.976064
  408  517  516  517 1526649258.980072
  410  517  516  516 1526649258.984567
  410  517  517  517 1526649258.989568
  409  517  516  516 1526649258.993440
  410  517  516  516 1526649258.997444
  410  517  516  517 1526649259.001818
  410  517  516  517 1526649259.005812
  410  517  517  516 1526649259.009815
  410  516  516  516 1526649259.013817
  409  517  516  516 1526649259.018812
  410  517  516  517 1526649259.023219
  410  517  516  517 1526649259.027191
  410  517  516  517 1526649259.031554
  410  517  516  517 1526649259.035564
  410  517  516  517 1526649259.039562
  409  517  517  516 1526649259.043691
  410  516  516  516 1526649259.048719
  409  517  516  516 1526649259.053063
  410  517  517  517 1526649259.057068
  409  517  517  517 1526649259.061067
  410  516  516  516 1526649259.065563
  410  517  517  517 1526649259.069563
  410  517  516  517 1526649259.074061
  410  517  516  516 1526649259.078063
  409  517  516  517 1526649259.083439
  409  516  516  517 1526649259.087315
  410  517  516  517 1526649259.091322
  409  517  516  517 1526649259.095681
  409  517  516  517 1526649259.099807
  410  517  516  517 1526649259.103681
  409  517  516  516 1526649259.107561
  410  517  516  516 1526649259.112306
  410  517  516  516 1526649259.116313
  411  517  516  517 1526649259.120556
  410  516  516  517 1526649259.124565
  409  517  516  517 1526649259.128564
  409  517  516  517 1526649259.132565
  409  517  516  517 1526649259.136434
  409  517  517  517 1526649259.141807
  409  517  516  517 1526649259.145813
  410  517  516  517 1526649259.149808
  410  517  517  517 1526649259.154309
  410  517  517  517 1526649259.158311
  410  516  516  516 1526649259.162811
   29   42   39   33 1526649259.166808
  409  517  516  517 1526649259.172312
  410  517  517  516 1526649259.176309
  410  517  517  516 1526649259.180841
  410  517  516  517 1526649259.184806
  409  517  516  516 1526649259.188811
  410  517  516  516 1526649259.192936
  409  516  516  517 1526649259.196933
  410  516  517  516 1526649259.202430
  410  516  517  517 1526649259.206433
  410  516  516  517 1526649259.210436
  409  517  517  516 1526649259.214935
  409  517  516  517 1526649259.218935
  410  517  516  517 1526649259.223491
  409  517  517  516 1526649259.227429
  410  517  516  517 1526649259.232802
  410  517  517  516 1526649259.236804
  410  517  517  517 1526649259.240807
  409  517  516  516 1526649259.245301
  410  517  516  517 1526649259.249176
  409  517  516  516 1526649259.253425
  409  517  516  517 1526649259.257301
  410  517  516  517 1526649259.262474
  410  517  516  516 1526649259.266304
  409  517  516  517 1526649259.270305
  410  517  516  516 1526649259.274305
   29   41   39   34 1526649259.278306
  410  517  516  516 1526649259.282675
  409  517  516  517 1526649259.286558
  410  517  517  516 1526649259.291700
  410  517  516  517 1526649259.296056
  409  517  517  517 1526649259.300058
  410  517  516  517 1526649259.304555
  410  517  516  516 1526649259.308554
  410  517  517  516 1526649259.312674
  410  517  516  516 1526649259.316680
  409  517  516  517 1526649259.321751
  410  516  516  517 1526649259.326179
  409  516  517  516 1526649259.330177
  409  517  517  517 1526649259.334550
  410  517  516  516 1526649259.338554
  409  517  516  517 1526649259.343091
  410  517  516  516 1526649259.347048
  410  517  516  516 1526649259.352065
  410  517  516  516 1526649259.356428
  410  517  516  516 1526649259.360302
  410  517  517  516 1526649259.364554
  409  516  516  517 1526649259.368547
  409  517  516  517 1526649259.372421
  410  517  516  517 1526649259.376545
  409  517  516  516 1526649259.380426
  409  517  516  517 1526649259.385297
  410  516  516  516 1526649259.389304
  410  516  516  516 1526649259.393676
  410  517  516  517 1526649259.397679
  410  517  516  516 1526649259.401680
  410  517  517  516 1526649259.405678
  410  517  516  516 1526649259.409674
  409  516  516  516 1526649259.415048
  409  517  516  517 1526649259.418925
  409  517  516  516 1526649259.422927
  410  517  517  516 1526649259.427425
  410  517  516  517 1526649259.431424
  410  517  517  517 1526649259.435929
  410  516  516  516 1526649259.439998
  410  517  516  517 1526649259.445423
  409  517  516  516 1526649259.449424
  410  517  517  517 1526649259.453423
  410  517  516  516 1526649259.457927
  410  516  517  516 1526649259.461928
  410  516  516  517 1526649259.466424
  410  517  516  516 1526649259.470428
  410  517  516  517 1526649259.475798
  409  517  516  517 1526649259.479798
  410  517  516  516 1526649259.483798
  409  517  516  516 1526649259.488047
  410  517  517  517 1526649259.492049
  410  517  516  516 1526649259.496302
   28   42   40   34 1526649259.500299
  409  517  516  516 1526649259.505795
  410  516  517  516 1526649259.509798
  410  517  516  516 1526649259.513800
  410  517  517  517 1526649259.517794
  409  516  517  516 1526649259.521666
  410  517  516  517 1526649259.525917
  409  516  516  516 1526649259.529791
  409  517  517  516 1526649259.534804
  410  517  516  517 1526649259.539293
  410  517  516  517 1526649259.543301
  409  517  516  516 1526649259.547796
  409  517  516  516 1526649259.551796
  410  517  516  517 1526649259.556173
  410  517  517  517 1526649259.560174
  410  517  516  517 1526649259.565171
  409  517  516  517 1526649259.569674
  410  517  516  516 1526649259.573678
  410  517  516  517 1526649259.578049
  410  516  516  516 1526649259.582045
  409  517  517  516 1526649259.586331
  410  516  516  517 1526649259.590295
  410  517  516  516 1526649259.595293
  409  517  516  517 1526649259.599921
  410  517  516  517 1526649259.603920
  409  517  516  517 1526649259.608296
  409  517  516  516 1526649259.612295
  409  516  516  516 1526649259.616541
  409  517  516  517 1526649259.620420
  410  517  517  516 1526649259.625435
  409  517  516  517 1526649259.629795
  410  517  516  517 1526649259.633798
  410  517  516  516 1526649259.638047
  410  517  517  516 1526649259.641917
  409  517  517  516 1526649259.645920
  410  517  516  516 1526649259.650295
  410  516  516  517 1526649259.654291
  410  517  516  517 1526649259.659293
  409  517  516  517 1526649259.663291
  410  517  516  517 1526649259.667790
  410  517  516  516 1526649259.671787
  410  516  516  516 1526649259.675661
  409  517  516  516 1526649259.679536
  409  516  517  516 1526649259.683917
  409  516  516  516 1526649259.688667
  410  516  517  516 1526649259.692674
  410  516  516  516 1526649259.696533
  410  517  516  516 1526649259.701042
  410  517  516  516 1526649259.705166
  410  517  516  516 1526649259.709546
  410  517  516  517 1526649259.713419
  410  517  516  517 1526649259.717662
  410  517  517  516 1526649259.721540
  410  517  516  517 1526649259.725420
  409  517  516  517 1526649259.729787
  409  517  516  516 1526649259.734795
  409  516  516  516 1526649259.739165
  410  517  517  517 1526649259.743163
  409  517  516  517 1526649259.747166
  410  517  516  517 1526649259.751678
  410  517  516  516 1526649259.755676
  410  516  516  516 1526649259.759917
  410  517  517  517 1526649259.764915
  409  516  516  516 1526649259.768909
  409  516  516  516 1526649259.772913
  410  517  516  517 1526649259.776916
  410  517  516  517 1526649259.780913
  410  516  517  516 1526649259.784914
  409  517  516  516 1526649259.788911
  409  517  516  517 1526649259.794046
  410  517  517  516 1526649259.798036
  409  517  516  516 1526649259.802041
  410  517  516  517 1526649259.806036
  410  517  516  516 1526649259.809914
  409  517  516  517 1526649259.813911
  410  517  516  517 1526649259.817978
  409  517  516  517 1526649259.821913
  410  517  516  517 1526649259.826288
  409  517  516  517 1526649259.830288
  410  517  517  517 1526649259.834290
  410  516  517  516 1526649259.838157
  410  517  516  517 1526649259.842032
  410  517  516  516 1526649259.845904
  410  517  516  516 1526649259.850158
  410  517  516  517 1526649259.854161
  410  517  516  517 1526649259.858903
  410  517  516  516 1526649259.862779
  410  517  516  517 1526649259.866665
  410  517  517  516 1526649259.870665
  410  516  516  516 1526649259.874537
  410  517  516  516 1526649259.878496
  410  516  516  516 1526649259.882408
  410  516  517  516 1526649259.887409
  409  517  517  516 1526649259.891409
  410  516  516  516 1526649259.895411
  410  517  516  517 1526649259.899410
  410  517  516  517 1526649259.903908
  409  517  516  517 1526649259.907776
  409  517  516  517 1526649259.911663
  410  517  517  517 1526649259.917155
  409  517  516  516 1526649259.921027
  409  517  516  516 1526649259.925283
  409  517  516  517 1526649259.929150
  410  517  516  516 1526649259.933403
  409  517  516  517 1526649259.937413
  409  517  516  517 1526649259.941410
  409  517  516  517 1526649259.945534
  410  517  516  517 1526649259.949775
  410  516  517  517 1526649259.954026
  409  517  516  516 1526649259.957905
  410  516  517  516 1526649259.961899
  409  517  516  516 1526649259.965906
  410  517  517  516 1526649259.969781
  410  517  516  517 1526649259.973903
  410  516  517  516 1526649259.978899
  410  517  517  516 1526649259.983815
  410  517  516  517 1526649259.987668
  410  517  516  516 1526649259.991536
  409  517  516  517 1526649259.995782
  410  517  516  516 1526649259.999672
  410  517  516  517 1526649260.003902
  409  516  517  516 1526649260.007897
  410  517  516  517 1526649260.011772
