   85  516  516  516 1526649016.710214
   85  516  516  516 1526649016.714210
   84  517  517  516 1526649016.718085
   84  516  516  516 1526649016.722841
   84  516  516  516 1526649016.726841
   84  516  516  516 1526649016.730844
   84  516  516  516 1526649016.734842
   85  516  516  517 1526649016.739092
   84  516  516  517 1526649016.742970
   85  516  517  517 1526649016.746965
   85  516  517  517 1526649016.751074
   85  517  516  516 1526649016.755093
   84  517  517  516 1526649016.759089
   84  517  516  516 1526649016.763091
   85  516  516  517 1526649016.766966
   85  517  517  516 1526649016.771709
   85  517  516  516 1526649016.775725
   85  516  516  516 1526649016.779714
   85  516  516  516 1526649016.783839
   85  517  516  517 1526649016.787841
   85  517  516  516 1526649016.791795
   84  517  516  516 1526649016.795591
   84  517  517  517 1526649016.799589
   84  516  516  517 1526649016.803962
   85  517  516  516 1526649016.807837
   85  517  516  516 1526649016.811845
   85  516  516  516 1526649016.815841
   84  517  516  516 1526649016.819836
   85  517  517  517 1526649016.823713
   84  516  516  517 1526649016.827590
   85  517  516  516 1526649016.832584
   84  517  516  516 1526649016.836585
   85  517  517  516 1526649016.840588
   85  516  516  517 1526649016.844586
   84  516  516  517 1526649016.848586
   85  516  516  517 1526649016.852586
   84  517  516  516 1526649016.856585
   84  517  516  516 1526649016.861621
   84  517  517  516 1526649016.865586
   84  517  516  516 1526649016.869465
   85  516  517  517 1526649016.873462
   84  516  516  517 1526649016.877331
   84  517  517  516 1526649016.881206
   85  517  516  516 1526649016.885080
   84  517  517  516 1526649016.889333
   85  517  516  517 1526649016.894332
   84  517  516  516 1526649016.898202
   85  516  516  516 1526649016.902088
   85  517  516  516 1526649016.905963
   85  516  516  516 1526649016.909827
   85  516  516  516 1526649016.913711
   85  516  517  516 1526649016.917714
   84  517  517  517 1526649016.922708
   85  517  516  516 1526649016.926708
   85  516  516  517 1526649016.930713
   84  517  517  516 1526649016.934710
   84  516  516  517 1526649016.938705
   85  517  516  516 1526649016.943576
   85  516  516  516 1526649016.947452
   84  516  516  516 1526649016.952081
   85  517  516  516 1526649016.957207
   85  516  516  517 1526649016.961577
   85  516  516  516 1526649016.965586
   85  516  516  516 1526649016.969585
   84  517  516  516 1526649016.973827
   84  517  516  516 1526649016.977703
   85  517  516  516 1526649016.982081
   85  516  517  517 1526649016.986700
   85  517  516  516 1526649016.990959
   85  517  516  516 1526649016.994834
   84  517  516  516 1526649016.998711
   85  516  516  516 1526649017.002708
   85  517  516  516 1526649017.006583
   84  517  516  516 1526649017.010828
   85  516  516  516 1526649017.015824
   84  517  516  516 1526649017.019699
   85  516  517  517 1526649017.024084
   84  517  516  517 1526649017.028081
   85  517  516  517 1526649017.032331
   85  517  517  517 1526649017.036199
   85  517  516  516 1526649017.040078
   85  517  516  516 1526649017.045326
   83  516  516  517 1526649017.049208
   85  517  517  517 1526649017.053333
   84  516  516  517 1526649017.057197
   85  517  516  516 1526649017.061450
   85  516  516  517 1526649017.065321
   84  517  516  517 1526649017.069205
   84  517  517  516 1526649017.073453
   85  516  516  517 1526649017.078447
   85  517  516  516 1526649017.082705
   85  517  516  516 1526649017.086582
   85  516  516  517 1526649017.090447
   85  517  517  516 1526649017.094697
   85  516  516  516 1526649017.098580
   85  516  516  517 1526649017.102951
   84  517  517  516 1526649017.107952
   85  517  517  516 1526649017.112196
   84  517  516  516 1526649017.116071
   85  517  517  516 1526649017.119946
   84  516  516  517 1526649017.123945
   84  517  516  517 1526649017.127820
   85  516  517  516 1526649017.132073
   85  517  517  516 1526649017.137071
   84  517  517  516 1526649017.140956
   84  517  516  516 1526649017.145320
   85  517  517  517 1526649017.149194
   85  517  516  517 1526649017.153444
   84  516  516  516 1526649017.157318
   85  516  516  517 1526649017.161201
   85  516  516  516 1526649017.165448
   85  517  516  517 1526649017.170444
   84  516  516  517 1526649017.174581
   85  516  516  516 1526649017.178455
   85  516  517  516 1526649017.182744
   84  517  517  516 1526649017.186576
   85  517  517  516 1526649017.190580
   85  517  516  516 1526649017.194824
   84  517  516  517 1526649017.198821
   84  516  516  516 1526649017.203072
   85  517  517  516 1526649017.206947
   84  517  516  516 1526649017.210825
   85  516  516  517 1526649017.215066
   84  517  517  516 1526649017.218946
   84  517  516  516 1526649017.223195
   85  517  517  516 1526649017.228202
   84  517  516  517 1526649017.232065
   85  517  516  516 1526649017.236444
   85  516  516  516 1526649017.240315
   85  517  516  517 1526649017.244704
   84  516  516  517 1526649017.248579
   85  517  516  517 1526649017.252441
   85  516  516  517 1526649017.257696
   84  517  516  517 1526649017.261571
   85  517  516  516 1526649017.265564
   84  517  516  516 1526649017.269578
   85  517  516  516 1526649017.273821
   85  517  516  516 1526649017.277821
   85  516  516  517 1526649017.281825
   85  517  516  516 1526649017.285826
   85  517  517  516 1526649017.290449
   85  517  516  516 1526649017.294824
   85  516  517  516 1526649017.298824
   84  516  516  517 1526649017.302825
   85  516  516  517 1526649017.307323
   84  517  516  516 1526649017.311324
   84  517  516  516 1526649017.315717
   85  517  517  517 1526649017.320450
   84  517  516  516 1526649017.324821
   84  516  516  516 1526649017.328697
   85  517  516  516 1526649017.332698
   84  516  516  517 1526649017.336948
   85  517  517  517 1526649017.340821
   84  516  516  517 1526649017.345200
   84  516  516  517 1526649017.350194
   85  517  516  516 1526649017.354568
   84  517  516  516 1526649017.358570
   84  517  516  516 1526649017.362571
   85  517  516  516 1526649017.366564
   85  517  516  517 1526649017.370439
   85  517  516  516 1526649017.374691
   85  517  516  516 1526649017.379686
   84  517  516  516 1526649017.383695
   85  516  516  516 1526649017.388197
   84  517  516  516 1526649017.392197
   84  517  516  516 1526649017.396696
   84  516  516  516 1526649017.400693
   85  517  516  517 1526649017.405064
   85  517  517  517 1526649017.409067
   85  516  516  516 1526649017.414200
   84  516  516  517 1526649017.418694
   85  517  516  517 1526649017.422690
   85  517  516  516 1526649017.427198
   85  516  516  517 1526649017.431192
   84  516  516  517 1526649017.435438
   84  517  517  516 1526649017.440438
   85  517  516  516 1526649017.444443
   85  516  516  516 1526649017.448821
   85  516  516  517 1526649017.452818
   84  517  516  516 1526649017.457193
   84  517  517  516 1526649017.461068
   84  517  516  516 1526649017.465582
   85  517  516  516 1526649017.469565
   84  517  516  516 1526649017.474445
   85  517  516  517 1526649017.478942
   84  517  516  516 1526649017.482940
   85  517  517  516 1526649017.487190
   84  517  517  516 1526649017.491190
   85  516  516  516 1526649017.495188
   85  516  516  516 1526649017.499689
   84  517  516  516 1526649017.504067
   85  517  516  516 1526649017.508188
   29   42   40   34 1526649017.512065
   85  516  517  517 1526649017.516437
   85  517  516  516 1526649017.520308
   28   42   39   33 1526649017.524184
   84  517  517  516 1526649017.528435
   85  517  516  516 1526649017.533567
   85  517  517  516 1526649017.537821
   85  517  517  517 1526649017.541816
   85  516  517  516 1526649017.545819
   84  517  516  516 1526649017.550314
   85  517  516  516 1526649017.554316
   85  517  516  516 1526649017.558811
   85  517  517  517 1526649017.563814
   84  516  516  517 1526649017.568188
   84  517  516  516 1526649017.572195
   84  517  516  516 1526649017.576437
   85  516  516  516 1526649017.580439
   85  517  516  516 1526649017.584683
   84  517  517  516 1526649017.588682
   84  517  516  516 1526649017.593688
   84  517  516  516 1526649017.598067
   84  516  516  517 1526649017.602062
   85  517  516  517 1526649017.606311
   84  516  516  517 1526649017.610189
   85  516  516  517 1526649017.614062
   85  517  516  517 1526649017.618565
   85  516  516  517 1526649017.623569
   85  516  517  516 1526649017.628067
   84  517  517  516 1526649017.632060
   85  517  516  516 1526649017.636436
   84  517  517  516 1526649017.640430
   85  517  516  516 1526649017.644308
   84  517  516  517 1526649017.648430
   85  517  516  516 1526649017.653435
   84  517  516  516 1526649017.657430
   85  517  516  516 1526649017.661308
   85  516  516  517 1526649017.665680
   85  517  516  516 1526649017.669689
   84  517  517  516 1526649017.673685
   84  517  516  517 1526649017.677683
   85  516  516  517 1526649017.681559
   85  516  516  516 1526649017.685932
   84  517  517  517 1526649017.689937
   84  516  516  517 1526649017.693934
   84  517  516  516 1526649017.697937
   85  516  516  517 1526649017.701935
   85  516  516  516 1526649017.706180
   85  516  516  517 1526649017.710182
   85  517  516  516 1526649017.715184
   85  517  516  517 1526649017.719440
   85  517  517  516 1526649017.723438
   85  517  516  516 1526649017.727809
   85  516  516  516 1526649017.731804
   84  517  516  516 1526649017.736355
   84  517  516  516 1526649017.740304
   85  517  517  516 1526649017.745311
   85  517  516  516 1526649017.749434
   84  517  516  516 1526649017.753432
   84  517  516  516 1526649017.757804
   84  516  516  517 1526649017.761806
   85  516  516  517 1526649017.765808
   85  516  517  517 1526649017.770181
   85  517  516  516 1526649017.775182
   85  516  516  517 1526649017.779180
   85  516  516  517 1526649017.784176
   84  516  516  517 1526649017.788680
   85  517  516  516 1526649017.792676
   84  517  516  516 1526649017.797063
   85  517  516  517 1526649017.800925
   84  517  517  516 1526649017.804799
   85  516  516  516 1526649017.809306
   85  517  517  516 1526649017.813298
   85  517  516  516 1526649017.817673
   84  516  516  517 1526649017.822675
   85  516  516  516 1526649017.826555
   85  516  516  517 1526649017.830805
   84  517  516  516 1526649017.834808
   85  517  516  516 1526649017.839056
   84  517  516  517 1526649017.842921
   85  517  516  517 1526649017.846805
   85  517  516  516 1526649017.851054
   85  517  516  516 1526649017.855180
   85  517  516  516 1526649017.859804
   84  516  516  516 1526649017.863801
   84  516  516  516 1526649017.868182
   85  517  516  517 1526649017.872179
   84  517  516  516 1526649017.876178
   84  517  516  516 1526649017.880177
   85  517  516  516 1526649017.885303
   85  517  516  516 1526649017.889308
   85  517  516  516 1526649017.893305
   85  517  516  517 1526649017.897303
   85  516  516  517 1526649017.901304
   84  517  516  516 1526649017.905176
   85  517  516  517 1526649017.909208
   85  517  516  517 1526649017.914333
   84  517  516  516 1526649017.918298
   84  517  516  516 1526649017.922178
   84  517  517  516 1526649017.926054
   85  517  517  516 1526649017.930046
   85  517  516  517 1526649017.933921
   85  517  516  516 1526649017.937795
   85  516  516  516 1526649017.941818
   84  517  516  516 1526649017.947046
   85  517  516  516 1526649017.950918
   85  517  516  517 1526649017.954795
   85  517  517  517 1526649017.958672
   85  516  517  517 1526649017.962542
   85  516  516  516 1526649017.966552
   84  517  516  516 1526649017.970427
   85  517  517  517 1526649017.975556
   85  517  516  516 1526649017.979550
   84  517  516  516 1526649017.983551
   85  517  516  516 1526649017.987552
   85  517  516  517 1526649017.991553
   84  517  516  516 1526649017.995424
   85  516  517  516 1526649017.999918
   85  516  517  517 1526649018.003919
   84  517  517  517 1526649018.008670
   84  517  517  516 1526649018.012922
   85  517  516  516 1526649018.016798
   85  517  516  517 1526649018.021297
   85  517  516  516 1526649018.025164
   85  516  516  516 1526649018.029039
   85  517  517  517 1526649018.033798
   85  517  516  516 1526649018.037670
   84  517  516  517 1526649018.041920
