   39  517  517  516 1526649578.397568
   39  517  517  516 1526649578.401563
   39  516  517  516 1526649578.405437
   39  517  517  517 1526649578.409698
   39  517  517  517 1526649578.413693
   39  516  516  516 1526649578.418443
   39  517  516  517 1526649578.422441
   39  517  517  516 1526649578.427763
   39  517  517  517 1526649578.431693
   39  517  517  516 1526649578.435688
   39  517  517  516 1526649578.439694
   39  517  517  517 1526649578.443696
   39  517  517  516 1526649578.447690
   40  517  517  517 1526649578.451692
   39  516  517  516 1526649578.455693
   39  517  517  517 1526649578.460691
   39  517  517  516 1526649578.464693
   39  517  517  517 1526649578.468691
   39  517  517  516 1526649578.472694
   39  517  517  517 1526649578.476691
   39  517  516  517 1526649578.480691
   39  517  516  517 1526649578.484566
   39  517  517  517 1526649578.489744
   39  517  517  517 1526649578.493815
   39  517  517  516 1526649578.497820
   39  517  517  517 1526649578.501815
   39  516  516  517 1526649578.505816
   39  517  516  516 1526649578.509818
   39  517  517  517 1526649578.513819
   39  517  516  516 1526649578.517817
   39  517  517  517 1526649578.522190
   39  516  517  517 1526649578.526188
   39  517  517  517 1526649578.530190
   39  517  516  517 1526649578.534192
   39  517  517  517 1526649578.538193
   39  516  517  516 1526649578.542188
   39  517  517  517 1526649578.546191
   39  517  517  517 1526649578.551313
   39  517  517  517 1526649578.555315
   39  517  517  517 1526649578.559313
   39  517  516  517 1526649578.563314
   39  516  517  516 1526649578.567184
   39  517  517  517 1526649578.571059
   39  516  517  516 1526649578.574933
   39  517  517  517 1526649578.579187
   39  517  516  517 1526649578.583057
   39  517  517  516 1526649578.587929
   39  517  517  516 1526649578.591806
   39  517  517  517 1526649578.595683
   39  516  517  517 1526649578.599684
   39  516  517  516 1526649578.603553
   39  517  517  517 1526649578.607441
   39  517  517  516 1526649578.612309
   39  517  516  517 1526649578.616319
   39  517  516  517 1526649578.620311
   39  516  516  516 1526649578.624314
   38  517  516  517 1526649578.628392
   39  517  517  516 1526649578.632443
   39  517  517  517 1526649578.636302
   39  516  517  516 1526649578.640684
   39  517  517  516 1526649578.645052
   39  517  517  517 1526649578.648928
   39  516  517  517 1526649578.653429
   39  517  516  516 1526649578.657307
   39  517  516  516 1526649578.661724
   39  517  517  517 1526649578.665562
   39  517  517  517 1526649578.669436
   39  516  517  516 1526649578.675053
   39  517  517  516 1526649578.678926
   39  517  517  517 1526649578.682803
   39  516  517  516 1526649578.686804
   39  516  517  516 1526649578.691057
   39  517  517  517 1526649578.694935
   39  517  516  516 1526649578.698802
   39  517  517  516 1526649578.703814
   39  517  517  517 1526649578.707685
   39  517  516  516 1526649578.712055
   39  517  517  517 1526649578.715925
   39  517  517  517 1526649578.719803
   38  517  517  517 1526649578.724313
   39  517  516  517 1526649578.728176
   39  517  517  517 1526649578.732555
   39  517  517  516 1526649578.736801
   39  517  516  517 1526649578.741249
   39  517  517  516 1526649578.745050
   39  517  517  517 1526649578.748925
   39  516  517  517 1526649578.753433
   38  517  517  517 1526649578.757298
   39  516  517  516 1526649578.761803
   39  517  517  516 1526649578.766559
   39  517  516  517 1526649578.770424
   39  517  517  516 1526649578.774935
   39  516  517  516 1526649578.778802
   39  516  517  516 1526649578.783058
   39  516  516  516 1526649578.786930
   39  517  517  516 1526649578.790798
   39  516  517  517 1526649578.796305
   39  517  516  517 1526649578.800306
   39  517  516  516 1526649578.804182
   39  517  517  517 1526649578.808048
   39  517  516  516 1526649578.812307
   39  516  517  517 1526649578.816308
   39  516  517  517 1526649578.820172
   39  517  517  516 1526649578.824429
   39  517  516  516 1526649578.829434
   39  517  517  516 1526649578.833679
   39  517  517  516 1526649578.837554
   38  516  517  516 1526649578.841423
   39  517  517  517 1526649578.845796
   39  516  517  516 1526649578.849680
   39  517  517  517 1526649578.853930
   39  517  516  517 1526649578.858921
   39  517  517  517 1526649578.863055
   39  517  517  517 1526649578.866921
   39  517  517  516 1526649578.870800
   39  517  517  517 1526649578.875046
   39  516  517  516 1526649578.879044
   39  517  517  517 1526649578.883171
   39  517  517  517 1526649578.888044
   39  517  516  517 1526649578.892045
   39  516  517  517 1526649578.896420
   39  516  517  516 1526649578.900303
   39  516  517  516 1526649578.904553
   39  517  517  517 1526649578.908421
   39  516  517  516 1526649578.912299
   39  516  517  517 1526649578.916675
   39  517  516  516 1526649578.921795
   39  517  517  517 1526649578.925804
   39  517  517  517 1526649578.929796
   39  517  517  517 1526649578.934047
   39  516  517  517 1526649578.937918
   39  516  517  516 1526649578.941793
   39  517  517  516 1526649578.945928
   39  517  517  516 1526649578.950056
   39  517  517  516 1526649578.954422
   39  516  516  517 1526649578.962301
   39  517  517  517 1526649578.966293
   39  516  517  516 1526649578.970175
   39  517  517  517 1526649578.974422
   39  517  517  516 1526649578.979428
   39  516  517  516 1526649578.983425
   39  517  517  516 1526649578.987803
   39  517  516  517 1526649578.991671
   39  517  517  516 1526649578.996050
   39  517  517  517 1526649579.000049
   39  517  517  516 1526649579.004454
   39  517  517  517 1526649579.009428
   39  516  516  516 1526649579.013425
   39  517  516  516 1526649579.017799
   39  516  517  517 1526649579.021802
   39  517  517  517 1526649579.026173
   39  517  517  516 1526649579.030178
   39  517  516  517 1526649579.034719
   39  517  516  516 1526649579.039544
   39  517  517  517 1526649579.043553
   39  517  516  516 1526649579.048046
   39  517  517  516 1526649579.052046
   39  517  517  516 1526649579.056297
   39  517  516  516 1526649579.060177
   39  516  517  516 1526649579.064175
   39  516  517  516 1526649579.069547
   39  516  517  516 1526649579.077175
   39  517  517  516 1526649579.081167
   39  516  517  516 1526649579.085417
   39  517  517  516 1526649579.089291
   39  516  517  517 1526649579.093166
   39  517  517  516 1526649579.097420
   39  517  516  516 1526649579.101800
   39  516  517  516 1526649579.106173
   39  517  517  517 1526649579.110172
   39  517  517  517 1526649579.114171
   39  517  517  516 1526649579.122170
   39  517  517  517 1526649579.126544
   39  517  516  517 1526649579.131544
   39  516  517  516 1526649579.136048
   39  517  517  516 1526649579.140049
   39  517  517  517 1526649579.144042
   39  516  517  516 1526649579.148048
   39  516  517  516 1526649579.152046
   39  517  517  517 1526649579.156416
   39  517  517  517 1526649579.161294
   39  517  517  517 1526649579.165295
   39  517  517  516 1526649579.169792
   39  517  516  516 1526649579.173797
   39  517  517  516 1526649579.178293
   39  517  517  517 1526649579.182296
   39  516  517  516 1526649579.186539
   39  516  517  517 1526649579.191419
   39  516  516  517 1526649579.195295
   39  517  517  516 1526649579.199678
   39  516  517  516 1526649579.203662
   39  517  517  516 1526649579.207914
   39  516  517  516 1526649579.211787
   39  516  517  516 1526649579.215662
   39  517  517  517 1526649579.220041
   39  517  517  517 1526649579.225170
   39  517  517  516 1526649579.229170
   38  517  517  517 1526649579.233174
   39  517  517  517 1526649579.237536
   39  517  517  517 1526649579.241542
   39  517  517  517 1526649579.245419
   39  517  517  516 1526649579.249415
   39  517  516  517 1526649579.254291
   39  517  517  517 1526649579.258540
   39  516  517  517 1526649579.262541
   40  517  517  517 1526649579.266544
   39  517  517  517 1526649579.270540
   39  517  516  516 1526649579.274913
   39  517  517  516 1526649579.278913
   39  517  517  516 1526649579.283170
   39  516  517  516 1526649579.287042
   39  517  516  517 1526649579.291042
   39  517  517  516 1526649579.295416
   39  517  516  517 1526649579.299416
   39  517  517  516 1526649579.303417
   39  516  517  516 1526649579.307415
   39  517  517  517 1526649579.312413
   39  517  516  517 1526649579.316791
   39  517  516  517 1526649579.320789
   39  517  517  516 1526649579.325285
   39  517  517  517 1526649579.329287
   39  516  517  516 1526649579.333051
   39  517  517  517 1526649579.337413
   39  517  517  517 1526649579.342413
   38  517  517  517 1526649579.346542
   39  517  516  516 1526649579.350542
   39  517  517  516 1526649579.354533
   39  517  517  516 1526649579.358906
   39  516  517  516 1526649579.362782
   39  517  517  517 1526649579.367157
   39  517  517  516 1526649579.372175
   39  517  517  517 1526649579.376410
   39  517  517  516 1526649579.380412
   39  516  516  516 1526649579.384411
   39  517  517  517 1526649579.388289
   39  517  517  517 1526649579.392288
   39  516  517  517 1526649579.396673
   39  517  517  516 1526649579.400668
   39  517  517  516 1526649579.405038
   39  516  517  517 1526649579.409437
   39  516  517  517 1526649579.413415
   39  517  517  516 1526649579.417678
   39  517  517  516 1526649579.421675
   39  517  517  517 1526649579.425539
   39  517  516  517 1526649579.429797
   39  516  516  516 1526649579.434782
   39  517  517  516 1526649579.438789
   39  516  517  517 1526649579.442785
   39  516  517  516 1526649579.447185
   39  516  516  516 1526649579.451159
   39  516  517  516 1526649579.455158
   39  517  516  516 1526649579.459171
   39  516  516  516 1526649579.464159
   39  517  517  516 1526649579.468672
   39  517  517  516 1526649579.472675
   39  517  516  516 1526649579.477039
   39  517  517  516 1526649579.480911
   39  517  517  516 1526649579.484907
   39  516  517  517 1526649579.489298
   40  517  516  517 1526649579.494285
   39  516  517  517 1526649579.498410
   39  516  516  516 1526649579.502408
   39  516  517  516 1526649579.506405
   39  517  516  516 1526649579.510902
   38  517  516  516 1526649579.514780
   39  516  517  517 1526649579.519027
   39  517  517  517 1526649579.524058
   39  517  517  517 1526649579.528185
   39  516  517  517 1526649579.532157
   39  517  517  517 1526649579.536159
   39  517  517  517 1526649579.544158
   39  517  516  516 1526649579.548402
   39  516  517  516 1526649579.552408
   39  516  517  516 1526649579.556781
   39  517  517  517 1526649579.561158
   39  516  516  516 1526649579.565158
   39  517  517  517 1526649579.569406
   39  517  517  516 1526649579.573405
   39  516  517  516 1526649579.577407
   39  517  517  517 1526649579.581952
   39  516  517  516 1526649579.586681
   39  517  517  516 1526649579.590531
   39  517  517  516 1526649579.594528
   39  517  517  517 1526649579.598906
   39  517  516  517 1526649579.602904
   39  516  516  516 1526649579.606903
   39  517  517  517 1526649579.610906
   39  517  516  516 1526649579.615905
   39  517  516  517 1526649579.620282
   39  516  517  516 1526649579.624282
   39  517  517  517 1526649579.628733
   39  517  517  517 1526649579.632669
   39  517  517  517 1526649579.636673
   39  517  517  517 1526649579.640777
   38  516  517  516 1526649579.645738
   39  517  517  516 1526649579.650156
   39  517  516  517 1526649579.654025
   39  516  517  516 1526649579.657902
   39  516  517  516 1526649579.662272
   39  517  516  517 1526649579.666146
   39  516  517  516 1526649579.670396
   39  516  517  517 1526649579.674276
   39  517  516  517 1526649579.678521
   39  516  517  516 1526649579.682904
   39  516  517  516 1526649579.686904
   39  516  517  516 1526649579.691403
   39  517  517  516 1526649579.695400
   39  517  517  517 1526649579.699772
   39  516  517  516 1526649579.703793
   39  517  517  516 1526649579.708524
   39  517  517  517 1526649579.712902
   39  517  517  516 1526649579.716899
   39  517  517  517 1526649579.721278
   39  516  517  516 1526649579.725276
   39  516  517  516 1526649579.729277
   39  517  517  516 1526649579.733773
   39  516  517  517 1526649579.738664
   39  516  517  516 1526649579.742700
   39  517  516  517 1526649579.746676
   39  516  517  517 1526649579.750919
   39  517  516  517 1526649579.754896
   39  517  517  517 1526649579.758895
   39  517  517  517 1526649579.762901
   39  517  517  517 1526649579.767898
   39  517  516  516 1526649579.772270
   39  517  517  517 1526649579.776274
   39  517  517  517 1526649579.780758
   39  517  517  516 1526649579.784772
   39  517  516  517 1526649579.788771
   39  517  517  517 1526649579.793021
   39  517  517  517 1526649579.798027
   39  517  516  516 1526649579.802396
   39  517  516  517 1526649579.806402
   39  517  517  517 1526649579.810398
   39  516  517  517 1526649579.814898
   39  517  516  517 1526649579.818936
   39  517  516  517 1526649579.823397
   39  517  517  517 1526649579.828395
   39  516  516  516 1526649579.832667
   39  517  517  516 1526649579.836674
   39  517  517  517 1526649579.840653
   39  516  517  516 1526649579.845015
   39  517  517  517 1526649579.848891
   39  517  517  516 1526649579.853140
   39  517  517  517 1526649579.858127
   39  517  517  516 1526649579.862397
   39  517  517  517 1526649579.866393
   39  517  517  517 1526649579.870397
   39  517  516  516 1526649579.874396
   39  517  517  517 1526649579.878397
   39  516  517  516 1526649579.882665
   39  517  517  517 1526649579.886518
   39  517  517  516 1526649579.890669
   39  517  516  516 1526649579.894671
   39  517  517  517 1526649579.898674
   39  517  517  517 1526649579.903143
   39  517  517  517 1526649579.907143
   39  517  517  517 1526649579.911022
   39  516  517  517 1526649579.915520
   39  517  517  517 1526649579.920521
   39  516  516  517 1526649579.924524
   39  517  517  517 1526649579.928519
   39  516  517  517 1526649579.932930
   39  517  517  516 1526649579.936892
   39  517  517  517 1526649579.940891
   39  517  516  516 1526649579.944894
   39  517  516  516 1526649579.949891
   39  517  516  516 1526649579.954269
   39  516  517  517 1526649579.958141
   39  517  517  517 1526649579.966387
   39  517  517  517 1526649579.970262
   39  517  517  516 1526649579.974511
   39  516  517  516 1526649579.979527
   39  516  517  516 1526649579.983657
   39  516  517  516 1526649579.987770
   39  517  517  516 1526649579.991771
   39  517  516  517 1526649579.995663
   39  516  517  516 1526649579.999665
   39  517  517  516 1526649580.004018
   39  517  516  517 1526649580.007889
   39  517  517  517 1526649580.012891
   39  517  517  517 1526649580.017392
   39  517  516  517 1526649580.021393
   39  516  517  517 1526649580.025767
   39  517  517  517 1526649580.029767
   39  517  516  516 1526649580.034055
   39  517  517  516 1526649580.038014
   39  517  516  517 1526649580.043143
   39  517  516  516 1526649580.047664
   39  517  517  516 1526649580.051662
   39  516  517  517 1526649580.056140
   39  517  517  517 1526649580.060138
   39  517  517  517 1526649580.064385
   39  517  517  516 1526649580.068388
   39  517  516  516 1526649580.073520
   39  517  517  517 1526649580.077889
   39  516  517  516 1526649580.081885
   39  516  517  516 1526649580.086392
   39  517  517  517 1526649580.090387
   39  517  517  516 1526649580.094763
   39  516  517  517 1526649580.098783
   39  517  517  517 1526649580.103266
   39  517  516  516 1526649580.107268
   39  517  516  517 1526649580.111262
   39  517  516  517 1526649580.115762
   39  517  517  517 1526649580.119643
   39  516  517  516 1526649580.123508
   39  516  517  516 1526649580.127380
   39  517  516  517 1526649580.132381
   39  517  517  517 1526649580.136884
   39  517  517  517 1526649580.140885
   39  516  517  516 1526649580.145407
   39  517  516  517 1526649580.149390
   39  517  517  516 1526649580.153384
   39  517  516  517 1526649580.157657
   39  517  517  517 1526649580.162666
   39  517  517  516 1526649580.166888
   39  517  517  516 1526649580.170761
   39  516  517  516 1526649580.174762
   39  516  517  517 1526649580.179130
   39  517  516  517 1526649580.183134
   39  517  517  516 1526649580.187511
   39  517  516  516 1526649580.192393
   39  516  517  517 1526649580.196885
   39  517  516  517 1526649580.200885
   39  517  517  516 1526649580.204883
   39  517  517  517 1526649580.209260
   39  517  517  516 1526649580.213262
   39  517  517  517 1526649580.217654
   39  517  517  516 1526649580.222658
   39  516  517  516 1526649580.227009
   39  516  517  516 1526649580.231010
   39  516  517  516 1526649580.235011
   39  516  516  516 1526649580.239384
   39  517  516  516 1526649580.243257
   39  517  517  517 1526649580.247658
   39  517  517  517 1526649580.252661
   40  516  517  516 1526649580.257007
   39  517  517  517 1526649580.261007
   39  517  516  516 1526649580.265008
   39  517  517  516 1526649580.268876
   39  517  516  516 1526649580.272753
   39  517  517  516 1526649580.277037
   39  517  517  516 1526649580.281005
   39  517  516  516 1526649580.285580
   39  516  517  516 1526649580.290009
   39  516  516  516 1526649580.294007
   39  517  516  517 1526649580.298256
   39  517  517  517 1526649580.302260
   39  517  517  517 1526649580.306255
   39  517  517  517 1526649580.310765
   39  517  516  516 1526649580.315505
   39  517  517  517 1526649580.319509
   39  517  517  517 1526649580.323504
   39  517  516  516 1526649580.327881
   39  516  516  516 1526649580.331878
   39  517  517  517 1526649580.335882
   39  516  517  517 1526649580.339881
   39  517  517  516 1526649580.344880
   39  517  517  517 1526649580.349505
   39  517  517  517 1526649580.353505
   39  517  517  517 1526649580.357749
   39  517  517  517 1526649580.361754
   39  516  517  516 1526649580.365752
   39  517  517  517 1526649580.369754
   39  516  517  517 1526649580.374749
   39  517  517  517 1526649580.379125
   39  516  516  517 1526649580.383000
   39  517  517  517 1526649580.386876
   39  517  517  517 1526649580.391371
   39  517  517  516 1526649580.395247
   39  517  516  517 1526649580.399497
   39  517  517  516 1526649580.403377
   39  516  517  516 1526649580.408141
   39  517  517  517 1526649580.412123
   39  517  517  517 1526649580.416131
   39  517  517  516 1526649580.420375
   39  517  517  517 1526649580.424375
   39  516  517  516 1526649580.428622
   38  517  517  517 1526649580.432753
   39  516  516  516 1526649580.437753
   39  517  516  517 1526649580.442253
   39  517  517  517 1526649580.446253
   39  516  517  517 1526649580.450647
   39  517  517  517 1526649580.454622
   39  517  517  517 1526649580.460119
   39  517  517  517 1526649580.464122
   39  517  517  516 1526649580.469622
   39  517  517  516 1526649580.473653
   39  517  517  517 1526649580.477657
   39  516  517  517 1526649580.481624
   39  516  517  517 1526649580.485620
   39  517  517  517 1526649580.489745
   39  517  517  517 1526649580.493749
   39  517  517  516 1526649580.498127
   39  517  517  516 1526649580.502124
   39  517  516  517 1526649580.506127
   39  517  516  516 1526649580.510503
   39  516  516  517 1526649580.514500
   39  517  516  516 1526649580.518500
   39  516  517  516 1526649580.522495
   39  517  517  517 1526649580.527516
   39  517  517  516 1526649580.531875
   39  517  517  517 1526649580.535872
   39  517  517  517 1526649580.544124
   39  517  517  516 1526649580.547999
   39  517  517  516 1526649580.552371
   39  517  517  517 1526649580.557371
   40  517  517  517 1526649580.561746
   39  517  517  516 1526649580.565747
   39  517  516  517 1526649580.569749
   39  517  516  516 1526649580.573991
   39  517  516  517 1526649580.577868
   39  517  516  516 1526649580.582115
   39  516  517  517 1526649580.587128
   39  517  517  516 1526649580.591495
   39  517  516  516 1526649580.595500
   39  517  516  516 1526649580.599498
   39  517  517  516 1526649580.603495
   39  517  516  516 1526649580.607495
   39  516  517  516 1526649580.611744
   39  517  517  516 1526649580.615746
   39  517  517  517 1526649580.619746
   39  517  516  517 1526649580.623745
   39  517  516  517 1526649580.627747
   39  517  516  517 1526649580.631994
   39  517  517  517 1526649580.635993
   39  517  516  516 1526649580.639868
   39  517  517  517 1526649580.643748
   39  517  517  517 1526649580.648745
   39  517  516  517 1526649580.653119
   39  517  517  517 1526649580.657119
   39  517  517  517 1526649580.661622
   39  517  517  516 1526649580.665618
   39  517  517  516 1526649580.669618
   39  516  517  517 1526649580.673872
   39  517  517  517 1526649580.678868
   39  517  516  517 1526649580.683242
   39  517  517  517 1526649580.687243
   39  517  517  516 1526649580.691249
   39  517  516  517 1526649580.695745
   39  517  517  517 1526649580.699741
   39  517  517  517 1526649580.704242
   39  517  517  516 1526649580.709115
   39  517  517  517 1526649580.713243
   39  516  517  517 1526649580.717247
   39  517  517  517 1526649580.721236
   39  517  517  517 1526649580.725610
   39  517  517  516 1526649580.729486
   39  517  517  517 1526649580.734036
   39  517  517  516 1526649580.738238
   39  517  516  517 1526649580.742810
   39  517  516  516 1526649580.746858
   39  516  517  517 1526649580.750863
   39  516  516  517 1526649580.755990
   39  517  517  516 1526649580.759868
   39  517  516  517 1526649580.763993
   39  516  517  516 1526649580.767864
   39  517  517  517 1526649580.771732
   39  517  517  517 1526649580.776233
   39  517  516  516 1526649580.780112
   39  516  517  517 1526649580.785593
   39  517  517  516 1526649580.789617
   39  516  517  516 1526649580.793990
   39  517  517  516 1526649580.797987
   39  516  516  517 1526649580.801991
   39  517  517  517 1526649580.805993
   39  517  516  516 1526649580.809989
   39  516  517  516 1526649580.814487
   39  517  517  517 1526649580.819488
   39  516  517  516 1526649580.823489
   39  517  517  516 1526649580.827491
   39  517  517  516 1526649580.831490
   39  517  516  516 1526649580.835490
   39  516  517  516 1526649580.839362
   39  516  517  517 1526649580.843237
   38  517  516  517 1526649580.847491
   39  516  517  516 1526649580.851491
   39  516  517  516 1526649580.855488
   39  516  517  516 1526649580.859486
   39  516  516  516 1526649580.863544
   39  517  517  516 1526649580.867366
   39  517  517  517 1526649580.871363
   39  517  517  516 1526649580.876369
   39  517  517  516 1526649580.880360
   39  517  517  517 1526649580.884359
   39  517  517  517 1526649580.888364
   39  517  517  517 1526649580.892230
   39  517  517  517 1526649580.896106
   39  517  517  517 1526649580.899979
   39  516  516  516 1526649580.904270
   39  517  517  516 1526649580.909215
   39  516  517  516 1526649580.913103
   40  517  517  517 1526649580.917103
   39  517  517  517 1526649580.921117
   39  517  516  517 1526649580.924976
   39  517  517  517 1526649580.928859
   39  517  517  516 1526649580.932728
   39  517  517  517 1526649580.937600
   39  517  517  517 1526649580.941493
   39  517  517  516 1526649580.945485
   39  517  517  517 1526649580.949487
   39  517  517  517 1526649580.953484
   39  517  516  517 1526649580.957727
   39  516  516  517 1526649580.961608
   39  517  517  516 1526649580.965980
   39  517  517  517 1526649580.970852
   39  517  517  517 1526649580.974732
   39  516  516  517 1526649580.979099
   39  516  517  516 1526649580.982974
   39  517  516  517 1526649580.987108
   39  516  517  516 1526649580.990973
   39  517  517  517 1526649580.994983
   39  517  517  516 1526649581.000607
   39  517  517  516 1526649581.004598
   39  517  517  517 1526649581.008610
   39  517  517  516 1526649581.012484
   39  517  517  517 1526649581.016738
   39  517  517  516 1526649581.020606
   39  517  517  516 1526649581.024474
   39  517  516  516 1526649581.029856
   39  517  517  517 1526649581.033725
   39  517  517  517 1526649581.038229
   39  516  516  517 1526649581.042109
   39  517  517  517 1526649581.045977
   39  516  517  516 1526649581.050222
   39  516  517  517 1526649581.054097
   39  517  516  516 1526649581.058480
   39  517  517  516 1526649581.062849
   39  516  517  517 1526649581.067107
   39  517  517  517 1526649581.070973
   39  517  516  517 1526649581.074858
   39  517  517  517 1526649581.079347
   39  516  517  516 1526649581.083224
   39  516  517  516 1526649581.087476
   39  516  517  516 1526649581.092596
   39  517  516  516 1526649581.096611
   39  516  517  516 1526649581.100855
   39  517  516  517 1526649581.104727
   39  517  517  516 1526649581.109115
