  517  516  516  210 1526648954.032198
  517  516  516  210 1526648954.036194
  516  516  516  210 1526648954.040068
  516  516  516  209 1526648954.044449
  517  517  517  210 1526648954.048452
  516  517  516  210 1526648954.052453
  517  516  516  210 1526648954.056451
  517  517  516  210 1526648954.061697
  517  516  516  210 1526648954.065829
  516  516  517  210 1526648954.069828
  516  516  516  210 1526648954.073830
  516  516  516  209 1526648954.077822
  516  516  517  210 1526648954.081821
  517  516  516  210 1526648954.085826
  517  516  517  209 1526648954.089825
  517  517  516  210 1526648954.094827
  517  516  516  210 1526648954.098825
  516  516  516  210 1526648954.102823
  516  516  517  210 1526648954.106827
  517  516  517  210 1526648954.110825
  517  516  516  210 1526648954.114822
  516  516  516  210 1526648954.118824
  516  516  517  210 1526648954.124042
  517  517  516  211 1526648954.128077
  516  517  517  209 1526648954.132074
  516  516  516  210 1526648954.136201
  517  516  517  210 1526648954.140197
  516  516  516  210 1526648954.144072
  517  516  516  210 1526648954.148074
  517  516  516  210 1526648954.152071
  516  516  516  210 1526648954.156699
  517  517  516  210 1526648954.160698
  517  517  517  210 1526648954.164575
  516  516  516  210 1526648954.168573
  517  516  516  210 1526648954.172572
  516  516  516  210 1526648954.176573
  517  516  516  210 1526648954.180443
  517  517  516  210 1526648954.185453
  516  517  516  210 1526648954.189327
  516  516  517  210 1526648954.193323
  517  516  516  210 1526648954.197318
  516  516  516  210 1526648954.201318
  517  516  516  210 1526648954.205196
  517  516  516  210 1526648954.209070
  516  516  516  210 1526648954.213108
  516  516  516  210 1526648954.217824
  516  516  516  210 1526648954.221820
  516  516  517  209 1526648954.225820
  517  516  516  210 1526648954.229819
  517  516  516  210 1526648954.233689
  516  517  517  210 1526648954.237566
  516  516  517  209 1526648954.241439
  516  516  516  209 1526648954.245316
  516  517  516  210 1526648954.250687
  516  517  517  209 1526648954.254559
  516  516  517  209 1526648954.258438
  516  516  516  209 1526648954.262311
  517  517  516  210 1526648954.266186
  517  516  516  210 1526648954.270072
  516  516  516  209 1526648954.273939
  516  516  517  210 1526648954.278816
  516  517  516  210 1526648954.282686
  517  516  517  210 1526648954.286745
  517  516  517  209 1526648954.290695
   29   42   40   34 1526648954.294690
  516  516  516  210 1526648954.298695
  517  516  516  210 1526648954.303189
  516  516  517  209 1526648954.307062
  516  517  516  210 1526648954.311934
  516  516  516  210 1526648954.315935
  516  517  517  210 1526648954.319810
  516  516  516  210 1526648954.324071
  517  516  517  210 1526648954.327945
  516  516  516  209 1526648954.331815
  517  516  516  210 1526648954.335940
  516  516  516  210 1526648954.340932
  516  516  517  210 1526648954.345309
  516  516  516  210 1526648954.349197
  517  517  516  210 1526648954.353057
  517  516  516  210 1526648954.357317
  516  516  517  210 1526648954.361192
  516  516  517  210 1526648954.365442
  517  516  516  210 1526648954.370435
  517  517  516  210 1526648954.374683
  516  516  516  210 1526648954.378556
  516  516  516  210 1526648954.382566
  516  516  516  210 1526648954.386567
  516  516  516  209 1526648954.390442
  517  516  517  210 1526648954.394560
  516  516  517  210 1526648954.399693
  516  516  517  209 1526648954.403563
  516  516  516  210 1526648954.407805
  516  516  516  210 1526648954.411808
  516  516  516  210 1526648954.416055
  516  516  516  209 1526648954.419950
  516  516  516  210 1526648954.423943
  516  517  516  210 1526648954.428438
  517  516  516  210 1526648954.432439
  517  516  516  209 1526648954.436816
  517  516  516  210 1526648954.440680
  516  517  516  210 1526648954.445060
  516  517  516  210 1526648954.449066
  517  516  516  210 1526648954.452939
  516  516  516  210 1526648954.457431
  516  516  516  210 1526648954.462312
  516  516  516  210 1526648954.466680
  516  516  517  210 1526648954.470553
  517  516  517  210 1526648954.474433
  516  516  516  210 1526648954.478686
  517  516  516  210 1526648954.482554
  516  516  516  210 1526648954.486939
  516  516  516  210 1526648954.491951
  517  517  517  209 1526648954.496177
  516  516  516  210 1526648954.500052
  517  516  516  210 1526648954.503933
  517  516  517  210 1526648954.507927
  516  516  516  210 1526648954.511812
  516  516  516  210 1526648954.516178
  516  516  516  210 1526648954.520061
  516  517  516  210 1526648954.524301
  516  516  516  210 1526648954.528302
  517  516  516  210 1526648954.532175
  516  516  517  210 1526648954.536427
  517  516  516  210 1526648954.540425
  516  516  516  210 1526648954.544300
  516  516  516  209 1526648954.548433
  516  516  516  210 1526648954.553437
  516  516  516  209 1526648954.557683
  517  516  516  210 1526648954.561556
  517  516  517  210 1526648954.565431
  516  516  516  210 1526648954.569810
  516  517  517  209 1526648954.573685
  516  517  516  210 1526648954.577847
  517  516  516  210 1526648954.582905
  516  516  516  210 1526648954.587189
  517  516  516  210 1526648954.591061
  517  517  517  210 1526648954.594924
  517  516  517  210 1526648954.599185
  517  516  517  210 1526648954.603048
  517  516  516  210 1526648954.607302
  516  516  517  209 1526648954.611304
  516  516  516  210 1526648954.616679
  517  516  516  210 1526648954.620548
  517  517  516  209 1526648954.624433
  517  516  516  210 1526648954.628422
  517  516  517  209 1526648954.632298
  517  516  516  210 1526648954.636551
  516  517  517  209 1526648954.640552
  516  516  517  210 1526648954.645799
  516  517  516  210 1526648954.649925
  516  516  516  210 1526648954.653803
  517  517  517  210 1526648954.658054
  517  516  516  210 1526648954.661932
  517  516  516  210 1526648954.665809
  517  517  516  209 1526648954.670176
  517  516  516  210 1526648954.675183
  517  516  516  210 1526648954.679182
  516  516  516  209 1526648954.683179
  516  517  516  210 1526648954.687557
  517  516  516  209 1526648954.691550
  516  516  516  209 1526648954.695555
  517  516  516  210 1526648954.699554
  516  516  516  210 1526648954.704554
  517  516  517  210 1526648954.709073
  517  516  516  210 1526648954.713050
  517  516  516  210 1526648954.717463
  516  516  516  210 1526648954.721431
  517  516  516  210 1526648954.725301
  516  516  517  210 1526648954.729304
  516  516  516  210 1526648954.734303
  517  516  516  210 1526648954.738678
  516  517  516  210 1526648954.742744
  516  516  516  210 1526648954.746677
  517  517  516  209 1526648954.751180
  517  516  517  210 1526648954.755180
  517  516  516  210 1526648954.759680
  516  516  517  210 1526648954.764678
  517  517  516  209 1526648954.769050
  516  516  516  209 1526648954.773055
  517  516  517  210 1526648954.777050
  516  516  516  210 1526648954.781545
  517  516  516  210 1526648954.785422
  517  516  517  210 1526648954.789545
  517  517  516  210 1526648954.794569
  516  516  516  209 1526648954.799047
  516  516  517  210 1526648954.803051
  517  516  516  210 1526648954.807053
  517  516  517  210 1526648954.811424
  516  517  516  209 1526648954.815423
  517  516  516  210 1526648954.819798
  516  516  517  210 1526648954.824795
  516  516  517  210 1526648954.829049
  517  516  517  210 1526648954.833051
  516  516  516  210 1526648954.837054
  516  516  516  209 1526648954.840927
  517  517  516  210 1526648954.844926
  517  517  516  209 1526648954.849170
  516  516  517  210 1526648954.853049
  516  516  516  210 1526648954.858747
  517  517  517  210 1526648954.862676
  517  516  517  210 1526648954.866800
  516  517  516  210 1526648954.870801
  517  517  516  210 1526648954.874801
  517  517  517  210 1526648954.879169
  517  517  516  210 1526648954.883171
  517  516  516  210 1526648954.887299
  516  516  516  210 1526648954.891298
  516  516  517  210 1526648954.895300
  517  516  516  209 1526648954.899797
  517  516  517  210 1526648954.903800
  516  517  516  210 1526648954.907795
  517  517  517  209 1526648954.911793
  516  516  516  210 1526648954.916681
  516  517  516  210 1526648954.921045
  517  516  516  209 1526648954.925049
  516  517  516  210 1526648954.929595
  516  516  516  210 1526648954.933414
  517  517  516  209 1526648954.937544
  516  516  517  210 1526648954.941415
  516  516  517  210 1526648954.946965
  516  517  517  210 1526648954.951048
  516  516  516  210 1526648954.955048
  516  517  516  210 1526648954.959171
  516  517  516  210 1526648954.963170
  516  517  516  210 1526648954.967416
  517  516  516  210 1526648954.971422
  517  516  516  210 1526648954.976547
  517  516  516  210 1526648954.981048
  516  516  516  210 1526648954.985046
  517  516  516  210 1526648954.989547
  517  516  516  210 1526648954.993539
  517  516  516  210 1526648954.997789
  516  517  516  210 1526648955.001794
  517  516  516  210 1526648955.006685
  517  516  517  210 1526648955.011047
  517  516  516  210 1526648955.015048
  517  516  517  210 1526648955.019415
  516  517  516  209 1526648955.023417
  516  516  516  209 1526648955.027845
  516  517  517  210 1526648955.031672
  516  516  516  209 1526648955.035792
  516  516  516  210 1526648955.040296
  516  516  516  210 1526648955.044291
  517  516  516  210 1526648955.048672
  517  516  516  210 1526648955.052543
  516  516  517  210 1526648955.056536
  517  516  517  210 1526648955.060535
  516  516  516  210 1526648955.064411
  517  517  517  210 1526648955.069913
  516  516  516  210 1526648955.073789
  516  516  516  209 1526648955.077918
  516  516  516  210 1526648955.082416
  517  516  517  209 1526648955.086416
  516  517  516  210 1526648955.090919
  516  517  516  210 1526648955.094915
  516  517  517  210 1526648955.100288
  517  516  517  210 1526648955.104290
  517  516  517  210 1526648955.108289
  517  516  516  210 1526648955.112918
  517  517  516  210 1526648955.116918
  517  517  516  210 1526648955.121290
  517  517  516  210 1526648955.125343
  516  516  516  210 1526648955.130916
  517  517  516  210 1526648955.134915
  516  516  516  210 1526648955.139320
  516  516  516  210 1526648955.143289
  517  517  516  210 1526648955.147290
  516  516  516  210 1526648955.151541
  516  517  516  210 1526648955.155414
  516  517  516  210 1526648955.160913
  517  516  516  210 1526648955.164913
  516  516  517  210 1526648955.168912
  516  516  516  209 1526648955.173541
  516  516  516  209 1526648955.177414
  517  516  516  210 1526648955.181679
  517  517  517  210 1526648955.185680
  516  516  517  210 1526648955.191158
  516  517  516  209 1526648955.195161
  516  517  516  210 1526648955.199161
  516  517  516  210 1526648955.203538
  516  516  516  210 1526648955.207406
  517  516  516  210 1526648955.211657
  516  516  516  210 1526648955.215530
  516  516  516  210 1526648955.220561
  516  516  516  209 1526648955.224905
  516  516  516  211 1526648955.229164
  516  516  516  210 1526648955.233539
  517  517  516  211 1526648955.237536
  517  516  516  210 1526648955.241781
  517  516  516  209 1526648955.245788
  516  516  516  210 1526648955.250782
  517  516  516  210 1526648955.255159
  516  517  517  210 1526648955.259035
  516  516  516  210 1526648955.264535
  516  516  517  210 1526648955.268534
  516  516  516  210 1526648955.273032
  516  517  516  210 1526648955.277038
  517  517  516  210 1526648955.281033
  517  516  517  209 1526648955.285413
  516  517  516  210 1526648955.289409
  516  516  516  209 1526648955.293910
  517  516  517  209 1526648955.297906
  516  516  516  210 1526648955.302279
  517  517  516  210 1526648955.306283
  517  516  517  209 1526648955.310285
  516  516  516  210 1526648955.314530
  516  516  517  210 1526648955.318534
  516  517  516  210 1526648955.322907
  516  516  516  210 1526648955.326905
  516  517  516  210 1526648955.330908
  516  517  516  210 1526648955.334907
  516  516  516  210 1526648955.338904
  517  517  516  209 1526648955.344411
  517  516  517  210 1526648955.348284
  517  516  517  210 1526648955.352160
  517  516  516  210 1526648955.356686
  516  516  516  210 1526648955.360676
  516  516  516  210 1526648955.365154
  517  517  517  210 1526648955.369157
  516  517  517  210 1526648955.374671
  516  516  516  209 1526648955.378668
  516  516  516  210 1526648955.382675
  517  516  516  210 1526648955.387155
  517  516  517  209 1526648955.391159
  516  516  516  210 1526648955.395668
  516  516  516  210 1526648955.399667
  517  517  516  210 1526648955.405030
  517  516  516  210 1526648955.409030
  516  516  516  210 1526648955.413030
  517  517  516  210 1526648955.417404
  516  516  517  211 1526648955.421405
  516  517  516  210 1526648955.425780
  517  516  516  210 1526648955.429778
  516  517  516  209 1526648955.435151
  517  517  516  210 1526648955.439157
  517  516  516  210 1526648955.443153
  517  517  517  210 1526648955.447528
  516  516  517  210 1526648955.451528
  516  516  517  210 1526648955.455779
  517  516  516  209 1526648955.459779
  517  516  516  210 1526648955.465149
  516  516  516  210 1526648955.469156
  516  516  516  210 1526648955.473032
  516  516  516  210 1526648955.477031
  516  517  516  210 1526648955.480897
  516  516  516  209 1526648955.485147
  517  517  516  210 1526648955.489021
  517  516  516  210 1526648955.494016
  516  517  516  209 1526648955.498524
  517  516  517  210 1526648955.502678
  516  516  516  210 1526648955.506901
  517  517  516  210 1526648955.510917
  517  516  516  210 1526648955.515149
  516  517  516  210 1526648955.519150
  517  516  517  210 1526648955.524162
  516  517  517  209 1526648955.528665
  517  516  516  210 1526648955.532688
  517  517  516  210 1526648955.537148
  517  516  516  210 1526648955.541151
  517  516  516  209 1526648955.545670
  516  516  516  209 1526648955.549524
  517  517  517  210 1526648955.554521
  516  517  517  210 1526648955.559029
  517  516  516  210 1526648955.563025
  516  516  516  210 1526648955.567402
  517  517  516  210 1526648955.571400
  516  517  516  210 1526648955.575675
  516  516  516  210 1526648955.579667
  516  517  517  210 1526648955.584526
  517  516  516  210 1526648955.588900
   30   40   38   33 1526648955.592899
  517  516  516  210 1526648955.597270
  517  517  516  210 1526648955.601275
  516  516  516  210 1526648955.605274
  516  516  516  209 1526648955.609772
  516  516  517  210 1526648955.613770
  517  516  516  210 1526648955.619399
  516  517  516  210 1526648955.623274
  517  517  517  209 1526648955.627677
  517  516  517  210 1526648955.631652
  516  516  516  210 1526648955.635518
  516  517  516  210 1526648955.639892
  517  516  516  210 1526648955.643770
  517  517  516  210 1526648955.648651
  517  516  516  210 1526648955.652776
  516  517  516  209 1526648955.657145
  516  517  516  210 1526648955.661150
  517  517  516  209 1526648955.665150
  516  517  516  210 1526648955.669146
  517  516  516  210 1526648955.673018
  517  516  516  210 1526648955.678394
  517  516  516  210 1526648955.682272
  517  517  517  209 1526648955.686274
  517  517  516  210 1526648955.690671
  517  516  516  210 1526648955.694669
  516  517  517  210 1526648955.698896
  517  516  516  210 1526648955.702897
  517  516  516  210 1526648955.708270
  517  516  516  210 1526648955.712274
  516  517  516  209 1526648955.716270
  517  516  516  210 1526648955.720674
  517  516  516  210 1526648955.724665
  516  516  517  209 1526648955.728894
  516  517  516  210 1526648955.732892
  517  517  517  210 1526648955.738299
  516  516  516  210 1526648955.742271
  517  516  517  210 1526648955.746268
  517  517  516  210 1526648955.750269
  517  517  516  210 1526648955.754263
  516  517  516  210 1526648955.758512
  517  517  516  209 1526648955.762388
  517  517  516  210 1526648955.767923
  517  516  517  210 1526648955.771887
  516  517  516  210 1526648955.776018
  517  517  516  210 1526648955.780146
  516  517  516  210 1526648955.784143
  516  516  516  210 1526648955.788519
  517  516  516  210 1526648955.792519
  516  516  516  210 1526648955.797387
  516  516  516  209 1526648955.801890
  517  517  516  210 1526648955.805767
  517  516  517  210 1526648955.810271
  517  516  516  209 1526648955.814265
  517  516  517  210 1526648955.818657
  516  516  516  210 1526648955.822665
  516  516  516  210 1526648955.827677
  516  517  516  210 1526648955.832144
  517  517  516  209 1526648955.836146
  516  516  517  209 1526648955.840520
  516  516  516  210 1526648955.844512
  517  516  516  210 1526648955.848886
  516  517  516  210 1526648955.852891
  517  516  517  210 1526648955.857778
  517  516  516  210 1526648955.862142
  517  517  516  210 1526648955.866143
  517  517  516  210 1526648955.870514
  516  517  517  210 1526648955.874515
  517  516  516  210 1526648955.878902
  517  516  517  209 1526648955.882892
  517  516  516  210 1526648955.886887
  517  516  517  210 1526648955.892394
  517  516  516  210 1526648955.896386
   30   40   39   34 1526648955.900763
  517  516  517  209 1526648955.904761
  517  517  516  210 1526648955.908641
  516  516  517  210 1526648955.912881
  517  516  516  210 1526648955.916761
  517  516  516  210 1526648955.921642
  517  516  517  210 1526648955.925658
  517  516  516  210 1526648955.930136
  517  516  516  210 1526648955.934138
  517  517  516  209 1526648955.938138
  516  516  516  210 1526648955.942135
  516  516  517  210 1526648955.946135
  516  516  516  210 1526648955.951387
  516  517  516  210 1526648955.955265
  517  517  517  209 1526648955.959262
  517  517  516  210 1526648955.963660
  517  516  516  210 1526648955.967658
  517  516  516  210 1526648955.972012
  517  516  517  210 1526648955.976010
  517  516  517  210 1526648955.981382
  516  516  516  210 1526648955.985389
  516  517  516  210 1526648955.989386
  517  517  516  210 1526648955.993763
  516  516  516  210 1526648955.997760
  516  516  516  210 1526648956.002010
  516  517  517  210 1526648956.005882
  516  517  517  210 1526648956.011259
  517  516  516  209 1526648956.015262
  517  516  516  210 1526648956.019258
  517  516  516  210 1526648956.023257
  516  517  516  209 1526648956.027263
  516  516  517  210 1526648956.031651
  517  516  517  210 1526648956.035759
  516  516  517  210 1526648956.041147
  516  516  516  210 1526648956.045134
  517  517  516  210 1526648956.049132
  517  516  516  210 1526648956.053385
  516  517  516  210 1526648956.057377
  517  517  516  211 1526648956.061646
  517  516  516  210 1526648956.065636
  517  516  516  210 1526648956.070662
  516  516  516  210 1526648956.074879
  516  517  516  210 1526648956.078887
  517  516  517  210 1526648956.083132
  517  517  517  210 1526648956.087135
  517  516  516  209 1526648956.091130
  516  516  516  210 1526648956.095649
  516  516  516  210 1526648956.100764
  516  516  517  210 1526648956.105258
  516  516  516  210 1526648956.109259
  517  517  516  210 1526648956.113656
  516  517  517  210 1526648956.117649
  516  517  516  210 1526648956.122143
  517  516  516  210 1526648956.126130
  516  516  516  210 1526648956.131128
  516  517  517  211 1526648956.135508
  516  516  517  210 1526648956.139508
  516  517  516  210 1526648956.143760
  517  516  517  210 1526648956.147752
  516  517  516  210 1526648956.151652
  516  516  516  210 1526648956.156008
  517  517  516  210 1526648956.161216
  516  516  517  211 1526648956.165002
  517  517  516  209 1526648956.169005
  517  516  516  210 1526648956.173382
  516  516  516  210 1526648956.177382
  516  516  516  210 1526648956.181247
  516  516  517  209 1526648956.185123
  517  516  516  209 1526648956.189145
  516  516  516  210 1526648956.194748
  517  517  517  210 1526648956.198652
  517  516  517  210 1526648956.203153
  516  516  516  210 1526648956.207131
  516  516  517  210 1526648956.211128
  517  516  516  210 1526648956.215129
  516  516  516  210 1526648956.219245
  516  516  517  210 1526648956.224504
  517  516  517  210 1526648956.228503
  517  516  517  210 1526648956.232501
  516  516  517  209 1526648956.237003
   30   41   39   33 1526648956.241006
  517  516  516  210 1526648956.245501
  516  516  516  210 1526648956.249501
  517  516  516  210 1526648956.254755
  517  516  517  209 1526648956.258747
  516  516  516  210 1526648956.262757
  517  517  516  210 1526648956.267252
  517  517  517  209 1526648956.271249
  517  516  516  210 1526648956.275624
  517  516  516  210 1526648956.279706
  516  516  516  210 1526648956.284997
  516  516  516  210 1526648956.289005
  517  516  516  210 1526648956.293001
  516  516  516  210 1526648956.297499
  516  517  516  210 1526648956.301376
  517  516  517  210 1526648956.305649
  517  516  517  210 1526648956.309623
  516  517  517  209 1526648956.314871
  517  516  516  210 1526648956.318875
  516  517  516  210 1526648956.322750
  517  517  517  210 1526648956.327872
  516  516  517  210 1526648956.332118
  516  516  516  209 1526648956.336243
  516  517  516  210 1526648956.340118
  516  516  517  210 1526648956.344370
  517  516  517  209 1526648956.348374
  516  517  516  210 1526648956.352370
  516  516  516  210 1526648956.356368
  516  516  517  210 1526648956.361619
  517  517  517  210 1526648956.365871
  516  516  517  210 1526648956.369744
  516  517  517  209 1526648956.373624
  516   41   46  207 1526648956.377873
  516  517  516  210 1526648956.381870
  517  516  516  210 1526648956.386246
  517  517  516  210 1526648956.391434
  517  516  516  210 1526648956.395619
  516  516  516  209 1526648956.399496
  517  516  516  210 1526648956.403502
  517  516  516  210 1526648956.407497
  517  516  516  209 1526648956.411497
  516  516  516  209 1526648956.415994
  517  517  517  210 1526648956.419997
  517  516  517  210 1526648956.424246
  517  517  516  210 1526648956.428248
  516  517  516  210 1526648956.432244
  517  517  516  210 1526648956.436119
  517  517  516  210 1526648956.440120
  516  517  516  210 1526648956.444120
  517  516  516  210 1526648956.448124
  517  516  517  209 1526648956.453120
  516  517  516  209 1526648956.457118
  517  516  517  209 1526648956.461119
  517  516  517  209 1526648956.465177
  517  516  517  210 1526648956.468995
  516  516  517  210 1526648956.473003
  517  516  516  210 1526648956.476995
  517  516  516  210 1526648956.482001
  517  516  516  210 1526648956.485868
  516  516  516  210 1526648956.489745
  516  516  516  210 1526648956.493739
  517  516  516  209 1526648956.497613
  517  517  517  210 1526648956.501487
  516  517  517  210 1526648956.505427
  516  516  516  210 1526648956.509741
  517  516  516  210 1526648956.514747
  517  516  516  210 1526648956.518743
  517  516  517  209 1526648956.522611
  516  517  516  209 1526648956.526487
  516  516  516  210 1526648956.530361
  516  516  516  210 1526648956.534241
  516  516  516  210 1526648956.538110
  516  516  516  210 1526648956.543167
  517  516  516  210 1526648956.546989
  516  516  516  210 1526648956.550995
  517  516  516  210 1526648956.555238
  516  516  516  210 1526648956.559242
  516  516  516  210 1526648956.563107
