   26  517  517  516 1526648513.738262
   26  516  516  517 1526648513.742258
   26  516  517  517 1526648513.746133
   26  516  517  516 1526648513.750889
   26  516  516  517 1526648513.754892
   26  516  517  517 1526648513.758889
   26  516  517  516 1526648513.762891
   26  516  517  517 1526648513.767138
   25  516  517  516 1526648513.771018
   26  516  517  517 1526648513.775014
   26  516  516  517 1526648513.779015
   26  516  516  517 1526648513.783015
   26  516  517  517 1526648513.787015
   26  516  516  517 1526648513.791016
   26  516  517  516 1526648513.794891
   26  516  516  516 1526648513.799885
   26  517  517  516 1526648513.803894
   26  516  517  516 1526648513.807889
   26  516  517  516 1526648513.811890
   26  517  517  516 1526648513.815887
   26  516  517  516 1526648513.819942
   26  516  517  516 1526648513.823886
   26  516  517  516 1526648513.827886
   26  517  517  516 1526648513.832012
   26  516  517  516 1526648513.835886
   26  516  517  516 1526648513.839887
   26  516  517  516 1526648513.843888
   26  516  517  516 1526648513.847885
   26  516  517  516 1526648513.851886
   26  517  517  516 1526648513.855957
   26  517  517  516 1526648513.860887
   26  516  516  516 1526648513.864889
   26  517  517  517 1526648513.868888
   26  517  516  517 1526648513.872887
   26  516  517  517 1526648513.876886
   26  516  516  516 1526648513.880886
   26  516  516  517 1526648513.884886
   26  516  517  516 1526648513.889895
   26  517  517  516 1526648513.893886
   26  517  517  516 1526648513.897893
   26  516  516  517 1526648513.901881
   26  517  517  516 1526648513.905754
   26  516  517  517 1526648513.909639
   26  516  516  517 1526648513.913504
   26  516  517  516 1526648513.917482
   26  516  517  516 1526648513.922501
   26  516  517  516 1526648513.926377
   26  516  517  516 1526648513.930262
   26  517  517  516 1526648513.934250
   26  516  516  517 1526648513.938125
   26  516  516  517 1526648513.942003
   26  516  517  516 1526648513.945875
   26  517  517  517 1526648513.951014
   26  516  516  517 1526648513.955010
   26  516  516  517 1526648513.959006
   26  516  516  517 1526648513.963005
   26  516  517  516 1526648513.968019
   26  516  517  516 1526648513.971874
   26  516  516  516 1526648513.975759
   26  516  517  516 1526648513.979684
   26  516  517  516 1526648513.984506
   26  517  517  516 1526648513.988757
   26  517  517  516 1526648513.992661
   26  516  517  516 1526648513.996652
   26  517  517  517 1526648514.000878
   26  516  517  516 1526648514.004874
   26  516  517  517 1526648514.009269
   26  516  517  517 1526648514.014255
   26  517  517  516 1526648514.018652
   26  516  517  517 1526648514.022509
   26  517  517  517 1526648514.026382
   26  516  516  517 1526648514.030247
   26  516  517  516 1526648514.034129
   26  516  516  516 1526648514.038247
   26  516  516  516 1526648514.043249
   26  516  517  517 1526648514.047258
   26  516  516  516 1526648514.051504
   26  516  516  517 1526648514.055378
   26  516  517  516 1526648514.059506
   26  516  516  517 1526648514.063371
   26  516  516  516 1526648514.067247
   26  516  516  517 1526648514.071643
   26  516  517  517 1526648514.076753
   26  516  516  517 1526648514.080620
   26  516  517  516 1526648514.084501
   26  516  516  516 1526648514.088751
   26  516  517  516 1526648514.092745
   26  516  516  517 1526648514.096652
   26  516  516  516 1526648514.100914
   26  516  517  517 1526648514.105644
   26  516  517  516 1526648514.109870
   26  516  517  516 1526648514.113749
   26  516  517  517 1526648514.117621
   26  517  517  516 1526648514.121500
   26  516  516  516 1526648514.125383
   26  516  517  516 1526648514.129753
   26  517  517  516 1526648514.134646
   26  516  516  517 1526648514.138492
   26  516  517  516 1526648514.142877
   26  516  517  517 1526648514.146750
   26  516  516  517 1526648514.151001
   26  517  517  516 1526648514.154868
   26  516  517  516 1526648514.159431
   26  517  517  516 1526648514.164382
   26  516  517  516 1526648514.168257
   26  516  517  517 1526648514.172752
   26  516  516  517 1526648514.176753
   26  516  517  517 1526648514.180992
   26  517  517  516 1526648514.184867
   26  516  516  517 1526648514.188868
   26  516  516  517 1526648514.193248
   26  516  517  516 1526648514.198126
   26  516  516  517 1526648514.202116
   26  517  517  516 1526648514.206115
   26  516  517  517 1526648514.210248
   26  516  517  516 1526648514.214122
   26  516  517  517 1526648514.217998
   26  516  516  517 1526648514.222172
   26  516  517  516 1526648514.227129
   26  516  517  516 1526648514.231373
   26  516  517  517 1526648514.235250
   26  516  517  517 1526648514.239127
   26  516  517  516 1526648514.243490
   26  517  517  516 1526648514.247374
   26  517  517  516 1526648514.251646
   26  516  517  517 1526648514.256622
   25  517  517  516 1526648514.260865
   26  516  517  516 1526648514.264743
   26  516  516  517 1526648514.268616
   26  516  517  516 1526648514.272867
   26  517  517  516 1526648514.276748
   26  517  517  516 1526648514.280992
   26  517  517  516 1526648514.286292
   26  516  517  517 1526648514.290128
   26  516  517  517 1526648514.294500
   26  516  517  516 1526648514.298490
   26  516  517  516 1526648514.302863
   26  516  517  517 1526648514.306746
   26  516  516  516 1526648514.311118
   26  516  517  516 1526648514.316253
   26  516  517  516 1526648514.320121
   26  517  517  516 1526648514.324497
   26  516  517  516 1526648514.328496
   26  517  516  517 1526648514.332871
   26  516  517  517 1526648514.336749
   26  516  517  517 1526648514.340752
   26  516  516  517 1526648514.345119
   26  516  517  517 1526648514.350121
   26  516  517  516 1526648514.354120
   26  516  517  516 1526648514.357998
   26  516  516  517 1526648514.362368
   26  516  517  517 1526648514.366373
   26  516  517  516 1526648514.370368
   26  517  517  516 1526648514.374867
   26  516  517  516 1526648514.379869
   26  516  517  516 1526648514.383744
   26  516  517  517 1526648514.387744
   26  516  516  517 1526648514.391988
   26  516  517  516 1526648514.395996
   26  516  517  517 1526648514.399992
   26  516  516  516 1526648514.403992
   26  516  517  516 1526648514.409117
   26  517  517  517 1526648514.413512
   26  516  517  516 1526648514.417496
   26  517  517  516 1526648514.421489
   26  517  517  516 1526648514.425993
   26  516  517  516 1526648514.429994
   26  517  517  517 1526648514.434520
   26  516  517  517 1526648514.443866
   26  516  517  517 1526648514.447738
   26  516  517  517 1526648514.451741
   26  517  517  516 1526648514.455993
   26  516  516  517 1526648514.459866
   26  517  517  517 1526648514.464245
   26  516  517  517 1526648514.469245
   26  517  517  516 1526648514.473613
   26  516  517  517 1526648514.477617
   26  516  516  516 1526648514.481614
   26  516  517  517 1526648514.485484
   26  517  517  516 1526648514.489362
   26  516  516  516 1526648514.493495
   26  516  516  517 1526648514.498684
   26  516  517  516 1526648514.502490
   26  516  516  517 1526648514.506737
   26  516  516  516 1526648514.510740
   26  516  517  516 1526648514.514990
   26  516  517  517 1526648514.518986
   26  517  517  516 1526648514.522989
   26  517  517  516 1526648514.527485
   26  517  517  516 1526648514.532616
   26  516  517  517 1526648514.537113
   26  516  517  516 1526648514.541113
   26  517  517  516 1526648514.545362
   26  516  516  517 1526648514.549365
   26  516  517  517 1526648514.553361
   26  516  516  516 1526648514.558869
   26  516  517  516 1526648514.562737
   26  516  517  517 1526648514.566736
   26  517  517  516 1526648514.570738
   25  516  516  517 1526648514.574982
   26  516  516  517 1526648514.578990
   26  516  517  517 1526648514.582988
   26  516  517  516 1526648514.587032
   26  516  516  517 1526648514.592112
   26  516  516  517 1526648514.596485
   26  516  517  517 1526648514.600492
   26  517  517  517 1526648514.604613
   26  516  517  517 1526648514.608610
   26  516  516  516 1526648514.612614
   25  516  516  517 1526648514.617007
   26  516  517  517 1526648514.621988
   25  516  516  517 1526648514.625859
   26  516  516  517 1526648514.629741
   26  516  517  517 1526648514.633979
   26  517  517  517 1526648514.637854
   26  516  517  517 1526648514.641730
   26  516  516  517 1526648514.645980
   26  516  517  517 1526648514.650976
   26  516  517  516 1526648514.655233
   26  517  517  516 1526648514.659231
   26  516  516  517 1526648514.663238
   26  516  517  517 1526648514.667856
   26  516  517  517 1526648514.671736
   26  516  517  516 1526648514.676113
   26  516  517  517 1526648514.681104
   26  517  517  517 1526648514.685609
   25  517  516  517 1526648514.689609
   26  516  517  516 1526648514.693605
   26  516  517  517 1526648514.698104
   26  516  517  517 1526648514.702111
   26  516  516  517 1526648514.706608
   26  516  517  517 1526648514.711606
   26  516  517  517 1526648514.715981
   26  517  517  516 1526648514.719981
   26  517  517  516 1526648514.723983
   26  517  517  516 1526648514.728484
   26  517  517  516 1526648514.732481
   26  516  516  517 1526648514.736860
   26  516  517  517 1526648514.741730
   26  516  517  516 1526648514.746102
   26  517  517  516 1526648514.749979
   26  517  517  516 1526648514.753981
   26  517  517  516 1526648514.758351
   26  516  517  517 1526648514.762224
   26  517  517  516 1526648514.766352
   26  517  517  517 1526648514.770231
   26  516  517  517 1526648514.774600
   26  517  517  516 1526648514.779233
   26  516  517  516 1526648514.783232
   26  517  516  516 1526648514.787611
   26  516  517  516 1526648514.791610
   26  516  516  516 1526648514.795728
   26  517  517  516 1526648514.799747
   26  517  517  516 1526648514.804732
   26  516  517  516 1526648514.808977
   26  516  517  517 1526648514.812983
   26  516  516  517 1526648514.817228
   26  516  517  517 1526648514.821232
   26  516  517  517 1526648514.825231
   26  516  517  516 1526648514.829850
   26  517  517  517 1526648514.834852
   26  516  517  516 1526648514.839228
   26  516  516  516 1526648514.843232
   26  516  517  516 1526648514.847480
   26  516  517  516 1526648514.851479
   26  516  517  517 1526648514.855477
   26  516  517  516 1526648514.859854
   26  516  517  517 1526648514.865108
   26  516  516  517 1526648514.869602
   26  516  517  516 1526648514.873604
   26  516  517  517 1526648514.877978
   26  516  517  516 1526648514.881724
   26  517  517  516 1526648514.885605
   26  517  517  516 1526648514.889973
   26  516  516  517 1526648514.894853
   26  516  516  516 1526648514.898728
   26  516  516  516 1526648514.902737
   26  516  517  517 1526648514.907222
   26  517  517  516 1526648514.911220
   26  516  517  516 1526648514.915098
   26  516  516  517 1526648514.918969
   26  516  517  517 1526648514.923984
   26  516  516  517 1526648514.928546
   26  516  517  516 1526648514.932477
   26  517  517  516 1526648514.937061
   26  516  516  516 1526648514.940973
   26  516  516  516 1526648514.944973
   26  517  517  516 1526648514.949348
   26  517  517  516 1526648514.954355
   26  516  517  516 1526648514.958600
   26  516  517  516 1526648514.962602
   26  517  517  516 1526648514.966603
   26  517  517  516 1526648514.971098
   26  516  517  517 1526648514.975099
   26  517  517  516 1526648514.979475
   26  516  517  517 1526648514.984345
   26  516  516  517 1526648514.988722
   26  516  517  516 1526648514.992723
   26  517  517  517 1526648514.996725
   26  516  517  517 1526648515.000971
   26  516  517  516 1526648515.004847
   26  516  516  516 1526648515.009099
   26  516  517  517 1526648515.013097
   26  516  517  516 1526648515.018348
   26  516  516  517 1526648515.022346
   26  516  517  517 1526648515.026349
   26  516  516  517 1526648515.030347
   26  516  517  517 1526648515.034350
   26  516  517  517 1526648515.038591
   26  516  516  516 1526648515.042595
   26  516  516  517 1526648515.047093
   26  516  517  516 1526648515.051470
   26  517  517  517 1526648515.055474
   25  516  517  517 1526648515.059844
   26  517  516  516 1526648515.063715
   26  516  516  516 1526648515.067590
   26  516  517  517 1526648515.071967
   25  517  517  517 1526648515.077090
   25  516  517  516 1526648515.081096
   26  516  517  517 1526648515.085094
   26  516  517  517 1526648515.089340
   26  516  517  516 1526648515.093344
   25  516  516  517 1526648515.097341
   26  517  517  517 1526648515.101346
   26  517  517  516 1526648515.106342
   26  516  516  516 1526648515.110595
   26  516  517  517 1526648515.114595
   26  517  517  516 1526648515.119013
   26  516  517  517 1526648515.122973
   26  516  517  517 1526648515.126971
   26  516  517  517 1526648515.131344
   26  516  517  517 1526648515.136212
   26  516  517  516 1526648515.140591
   26  516  516  516 1526648515.144597
   26  516  516  517 1526648515.148591
   26  516  517  517 1526648515.152969
   26  516  517  517 1526648515.156843
   26  517  517  516 1526648515.160968
   26  516  517  517 1526648515.164965
   26  516  517  517 1526648515.168972
   26  516  517  517 1526648515.173592
   26  516  517  517 1526648515.177591
   26  516  516  516 1526648515.181965
   26  516  517  517 1526648515.185836
   26  516  517  517 1526648515.190087
   26  516  516  517 1526648515.194130
   26  516  516  517 1526648515.199086
   26  516  517  517 1526648515.203466
   26  516  517  516 1526648515.207466
   26  516  517  516 1526648515.211713
   26  516  517  516 1526648515.215716
   26  516  516  517 1526648515.219712
   26  516  517  516 1526648515.224356
   26  516  517  517 1526648515.229340
   26  516  516  517 1526648515.233718
   26  516  516  517 1526648515.237714
   26  517  517  516 1526648515.241968
   26  517  517  516 1526648515.246090
   25  516  517  517 1526648515.250095
   26  516  517  517 1526648515.254734
   26  516  517  517 1526648515.259717
   26  516  517  516 1526648515.264223
   26  516  517  517 1526648515.268219
   26  517  516  516 1526648515.272591
   26  516  516  516 1526648515.276587
   26  516  516  516 1526648515.280463
   26  516  517  517 1526648515.284837
   26  517  517  517 1526648515.289961
   26  516  516  516 1526648515.293967
   26  516  517  516 1526648515.297959
   26  517  517  516 1526648515.302338
   26  517  516  517 1526648515.306215
   26  516  517  516 1526648515.310217
   26  516  517  517 1526648515.314089
   26  516  517  516 1526648515.319089
   26  516  517  516 1526648515.323591
   26  516  517  516 1526648515.327585
   26  516  517  517 1526648515.331958
   26  516  517  517 1526648515.335961
   26  516  516  517 1526648515.339958
   26  516  517  517 1526648515.343970
   26  516  516  517 1526648515.348964
   26  516  517  517 1526648515.353215
   26  516  517  517 1526648515.357212
   26  517  517  516 1526648515.361208
   26  516  516  516 1526648515.365580
   26  516  517  517 1526648515.369456
   26  516  517  517 1526648515.373704
   26  516  516  516 1526648515.378713
   26  516  517  516 1526648515.383134
   26  516  516  517 1526648515.387084
   26  516  517  517 1526648515.391088
   26  516  517  517 1526648515.395085
   26  516  517  517 1526648515.399085
   26  517  517  516 1526648515.403460
   25  516  517  516 1526648515.407456
   27  516  517  517 1526648515.412829
   26  516  517  517 1526648515.416872
   26  517  517  516 1526648515.420840
   26  516  517  516 1526648515.424961
   26  516  517  516 1526648515.428960
   26  516  517  516 1526648515.433219
   26  516  517  517 1526648515.437207
   26  516  517  517 1526648515.441337
   26  516  517  517 1526648515.445335
   26  517  517  517 1526648515.449335
   26  516  517  517 1526648515.453703
   26  516  517  516 1526648515.457712
   26  517  517  516 1526648515.461581
   26  516  516  516 1526648515.465457
   26  516  516  517 1526648515.470456
   26  516  516  517 1526648515.474829
   26  516  516  516 1526648515.478830
   26  516  516  516 1526648515.482836
   26  516  517  516 1526648515.487330
   26  516  517  516 1526648515.491210
   26  516  517  517 1526648515.495832
   26  517  517  516 1526648515.500831
   26  516  517  516 1526648515.505206
   26  516  517  517 1526648515.509210
   26  516  516  517 1526648515.513207
   26  517  517  517 1526648515.517700
   26  516  516  517 1526648515.521574
   25  516  517  517 1526648515.525824
   26  516  517  517 1526648515.530824
   26  516  516  517 1526648515.535076
   26  517  517  516 1526648515.539083
   26  517  517  516 1526648515.543078
   26  516  517  516 1526648515.547582
   26  517  517  516 1526648515.551583
   26  516  517  516 1526648515.555827
   26  516  516  517 1526648515.560830
   26  516  517  516 1526648515.565329
   26  517  517  517 1526648515.569329
   26  516  517  517 1526648515.573326
   26  516  516  516 1526648515.577327
   26  516  516  517 1526648515.581326
   25  516  516  517 1526648515.585578
   26  516  517  517 1526648515.590585
   26  516  516  517 1526648515.594454
   26  517  517  516 1526648515.598953
   26  517  517  516 1526648515.602953
   26  516  517  516 1526648515.607324
   26  517  517  517 1526648515.611330
   26  516  517  516 1526648515.615595
   26  516  516  517 1526648515.619576
   26  517  517  516 1526648515.624580
   26  517  517  516 1526648515.629077
   26  516  517  517 1526648515.633079
   26  516  516  517 1526648515.637452
   26  517  517  516 1526648515.641452
   26  516  516  517 1526648515.645952
   26  516  517  516 1526648515.649951
   26  517  516  516 1526648515.654201
   26  516  517  516 1526648515.658205
   26  516  517  517 1526648515.662202
   25  516  517  517 1526648515.666699
   26  516  517  517 1526648515.670569
   26  516  517  516 1526648515.674444
   26  517  517  517 1526648515.678319
   26  517  517  516 1526648515.683321
   26  517  517  516 1526648515.687702
   26  516  517  516 1526648515.691749
   26  516  517  516 1526648515.696074
   26  516  517  516 1526648515.700079
   26  516  516  516 1526648515.704075
   26  516  516  517 1526648515.708074
   26  516  516  517 1526648515.712947
   26  516  517  517 1526648515.717325
   26  517  516  516 1526648515.721322
   26  516  516  517 1526648515.725327
   26  516  516  516 1526648515.729697
   26  516  516  517 1526648515.733700
   26  516  517  517 1526648515.738198
   26  516  517  516 1526648515.743196
   26  516  517  517 1526648515.747571
   26  517  517  516 1526648515.751572
   26  516  517  516 1526648515.755576
   26  516  517  516 1526648515.760077
   26  516  517  517 1526648515.763950
   26  517  517  517 1526648515.768325
   26  517  517  516 1526648515.773354
   26  516  517  516 1526648515.777696
   26  516  517  516 1526648515.781741
   26  517  517  516 1526648515.785697
   26  516  517  516 1526648515.789824
   26  517  517  516 1526648515.793826
   26  516  517  517 1526648515.798194
   26  516  517  516 1526648515.802197
   26  516  517  517 1526648515.807448
   26  516  517  516 1526648515.811321
   26  517  517  516 1526648515.815253
   26  516  516  517 1526648515.819065
   26  516  517  516 1526648515.822941
   26  517  517  516 1526648515.827049
   26  516  517  516 1526648515.830943
   26  517  517  516 1526648515.836067
   26  516  517  516 1526648515.840698
   26  517  517  517 1526648515.844694
   26  516  516  517 1526648515.848945
   25  516  517  517 1526648515.852943
   26  516  517  516 1526648515.861196
   26  516  517  517 1526648515.866193
   26  517  517  516 1526648515.870194
   26  516  517  517 1526648515.874195
   26  516  517  516 1526648515.878571
   26  517  517  516 1526648515.882569
   26  516  516  516 1526648515.886444
   26  516  517  517 1526648515.890450
   26  516  517  517 1526648515.895445
   26  516  516  517 1526648515.900068
   26  517  517  516 1526648515.904066
   26  516  516  516 1526648515.908314
   25  516  517  517 1526648515.912317
   26  517  517  516 1526648515.916317
   26  516  517  516 1526648515.920343
   26  517  517  517 1526648515.924316
   26  516  517  516 1526648515.929689
   26  517  517  517 1526648515.933568
   26  516  517  517 1526648515.937442
   26  517  517  516 1526648515.941814
   26  517  517  517 1526648515.945685
   26  516  516  517 1526648515.949935
   26  516  517  516 1526648515.953815
   26  516  516  517 1526648515.958757
   26  516  517  517 1526648515.962687
   26  516  517  517 1526648515.966691
   26  516  516  516 1526648515.970942
   26  516  516  517 1526648515.974939
   25  516  517  516 1526648515.979185
   26  516  517  516 1526648515.983188
   26  516  517  517 1526648515.988069
   26  516  517  516 1526648515.992439
   26  517  516  516 1526648515.996439
   26  517  517  516 1526648516.000813
   26  516  516  516 1526648516.004818
   26  516  517  517 1526648516.008821
   25  516  517  517 1526648516.013312
   26  516  516  516 1526648516.018188
   26  517  517  517 1526648516.022254
   26  517  517  517 1526648516.026192
   26  516  516  517 1526648516.030566
   26  516  516  517 1526648516.034566
   26  516  517  516 1526648516.038440
   26  516  517  516 1526648516.042439
   26  516  516  517 1526648516.047440
   25  516  516  517 1526648516.051940
   26  516  517  516 1526648516.055936
   26  516  517  516 1526648516.060306
   26  516  517  517 1526648516.064314
   26  516  516  516 1526648516.068314
   26  516  516  517 1526648516.072308
   26  516  516  517 1526648516.077312
   26  516  517  517 1526648516.081559
   26  516  517  517 1526648516.085437
   26  516  516  517 1526648516.089439
   26  516  517  517 1526648516.093806
   26  516  516  517 1526648516.097679
   26  516  517  517 1526648516.101808
   26  516  516  517 1526648516.105684
   26  516  517  516 1526648516.110054
   26  516  517  517 1526648516.114665
   26  516  517  517 1526648516.118564
   26  516  517  517 1526648516.123062
   26  516  517  517 1526648516.127071
   26  516  517  517 1526648516.131438
   26  516  517  517 1526648516.135481
   26  517  517  516 1526648516.140061
   26  516  516  516 1526648516.144436
   26  516  517  517 1526648516.148465
   26  517  517  516 1526648516.152939
   26  516  517  517 1526648516.156933
   26  516  516  517 1526648516.161437
   26  516  517  516 1526648516.165308
   26  516  517  517 1526648516.170059
   26  516  517  516 1526648516.174309
   26  516  517  516 1526648516.178311
   26  516  517  517 1526648516.182559
   26  517  517  516 1526648516.186559
   26  516  517  516 1526648516.190559
   26  516  517  516 1526648516.195125
   26  516  517  516 1526648516.200186
   26  517  517  516 1526648516.204681
   26  516  517  516 1526648516.208682
   26  517  517  516 1526648516.213053
   26  517  517  517 1526648516.217057
   25  517  517  516 1526648516.221516
   26  516  517  516 1526648516.225554
   26  516  517  517 1526648516.230436
   26  516  517  517 1526648516.234932
   26  516  517  517 1526648516.238935
   26  516  516  516 1526648516.243305
   26  516  516  517 1526648516.247056
   26  516  517  517 1526648516.250935
   26  517  517  516 1526648516.255430
   26  516  516  517 1526648516.260427
   26  516  517  517 1526648516.264431
   25  516  516  517 1526648516.268432
   26  516  516  517 1526648516.272675
   26  517  517  516 1526648516.276548
   26  517  517  516 1526648516.280425
   26  517  517  517 1526648516.284674
   26  516  517  517 1526648516.289690
   26  517  517  516 1526648516.294178
   26  517  517  516 1526648516.298183
   26  517  517  516 1526648516.302179
   26  516  517  516 1526648516.306680
   26  516  517  516 1526648516.310680
   26  517  517  516 1526648516.315057
   26  516  517  516 1526648516.320180
   26  516  517  516 1526648516.324425
   26  516  516  516 1526648516.328431
   26  516  516  516 1526648516.332430
   25  516  517  517 1526648516.336932
   26  517  517  516 1526648516.340930
   26  517  517  516 1526648516.345428
   26  516  517  517 1526648516.350304
   26  516  517  516 1526648516.354555
   26  516  517  517 1526648516.358550
   26  516  517  517 1526648516.362554
   26  516  517  517 1526648516.366929
   26  517  517  516 1526648516.370927
   26  516  516  517 1526648516.375425
   26  517  517  516 1526648516.380605
   26  517  517  517 1526648516.384928
   26  516  517  516 1526648516.388798
   26  516  516  517 1526648516.392804
   26  517  517  517 1526648516.397172
   26  516  516  516 1526648516.401045
   26  516  517  516 1526648516.405295
   26  516  516  516 1526648516.409175
   26  516  517  516 1526648516.413998
   26  516  516  516 1526648516.417926
   26  516  517  517 1526648516.421924
   26  516  516  517 1526648516.426301
   26  516  516  517 1526648516.430300
   26  517  517  517 1526648516.434546
   26  516  517  516 1526648516.438555
   26  517  517  516 1526648516.443551
   26  517  517  516 1526648516.447928
   26  516  516  517 1526648516.451928
   26  516  517  517 1526648516.456296
   26  516  516  516 1526648516.460298
   26  517  517  517 1526648516.464811
   26  516  517  517 1526648516.468795
   26  516  517  516 1526648516.473678
   26  517  517  517 1526648516.478052
   25  516  516  516 1526648516.482049
   26  516  516  517 1526648516.486426
   26  516  517  517 1526648516.490423
   26  516  517  517 1526648516.494770
   26  516  517  516 1526648516.498547
   26  516  517  516 1526648516.503424
   26  516  517  516 1526648516.507301
   26  516  517  516 1526648516.511299
   26  516  516  517 1526648516.515670
   26  516  516  517 1526648516.519669
   26  516  517  516 1526648516.523675
   26  516  516  517 1526648516.528047
   26  516  517  517 1526648516.533050
   26  516  517  516 1526648516.537048
   26  517  517  517 1526648516.541052
   26  517  517  517 1526648516.545545
   26  517  517  516 1526648516.549540
   26  516  516  517 1526648516.553415
   26  516  517  517 1526648516.557289
   26  516  517  517 1526648516.562309
   26  516  517  516 1526648516.566539
   26  516  516  516 1526648516.570549
   26  516  516  516 1526648516.574548
   26  516  516  517 1526648516.579043
   26  516  516  517 1526648516.583046
   26  516  516  517 1526648516.587542
   26  516  516  517 1526648516.592413
   26  517  517  516 1526648516.596796
   26  517  517  516 1526648516.600806
   26  516  516  517 1526648516.604797
   26  517  517  517 1526648516.609167
   26  517  516  516 1526648516.613165
   26  516  517  516 1526648516.617418
   26  516  517  517 1526648516.622430
   26  517  517  516 1526648516.626537
   26  517  517  516 1526648516.630545
   26  516  517  517 1526648516.634542
   26  517  517  516 1526648516.638546
   26  516  517  516 1526648516.642542
   26  517  517  516 1526648516.646810
   26  516  517  517 1526648516.650671
   26  516  517  516 1526648516.654918
   26  516  517  517 1526648516.658915
   26  516  516  517 1526648516.662916
   26  516  516  516 1526648516.667291
   26  516  517  516 1526648516.671293
   26  516  517  516 1526648516.675294
   26  516  516  516 1526648516.679788
   26  516  517  516 1526648516.684787
   26  517  517  517 1526648516.688786
   26  516  517  516 1526648516.692671
   26  516  517  516 1526648516.700663
   26  517  516  517 1526648516.704534
   26  516  517  516 1526648516.708793
   26  517  517  516 1526648516.713675
   26  516  517  517 1526648516.717788
   26  516  517  516 1526648516.721658
   26  516  516  517 1526648516.725534
   26  516  517  517 1526648516.729409
   26  516  517  516 1526648516.733411
   26  517  517  516 1526648516.737663
   26  517  517  516 1526648516.741669
   26  516  517  517 1526648516.746047
   26  516  517  516 1526648516.749917
   26  516  517  516 1526648516.753911
   26  516  516  517 1526648516.758164
   26  517  517  517 1526648516.762166
   26  517  517  516 1526648516.766165
   26  516  517  516 1526648516.770164
   26  516  517  517 1526648516.775160
   26  516  517  516 1526648516.779416
   26  516  516  517 1526648516.783416
   26  517  516  516 1526648516.787879
   26  516  517  517 1526648516.791786
   26  516  517  516 1526648516.795789
   26  516  516  517 1526648516.800162
   26  516  517  516 1526648516.805041
   26  516  517  517 1526648516.809413
   26  516  516  516 1526648516.813413
   26  516  517  517 1526648516.817414
   26  516  517  517 1526648516.822037
   26  517  517  517 1526648516.826038
   26  517  517  516 1526648516.830411
   26  516  517  516 1526648516.835412
   26  516  517  517 1526648516.839787
   26  516  516  517 1526648516.843785
   26  516  517  516 1526648516.847789
   26  516  517  516 1526648516.852284
   26  516  517  516 1526648516.856286
   26  516  517  516 1526648516.860540
   26  516  516  516 1526648516.865539
   26  516  517  516 1526648516.869786
   26  516  517  517 1526648516.873793
   26  516  517  517 1526648516.877780
   26  516  516  517 1526648516.882028
   26  516  517  517 1526648516.885903
   26  516  516  517 1526648516.890153
   26  516  517  517 1526648516.895168
   26  517  517  517 1526648516.899410
   26  516  517  517 1526648516.903407
   26  516  517  517 1526648516.907413
   26  516  516  516 1526648516.911407
   26  516  517  517 1526648516.915409
   26  516  516  517 1526648516.919784
   26  516  517  516 1526648516.923779
   25  516  517  517 1526648516.929265
   26  516  517  516 1526648516.933290
   26  516  517  516 1526648516.937284
   26  517  517  516 1526648516.941406
   26  516  516  517 1526648516.945410
   26  516  516  517 1526648516.949706
   26  516  517  517 1526648516.953677
   26  516  516  516 1526648516.958410
   26  517  517  517 1526648516.962787
   26  516  517  517 1526648516.966779
   26  516  517  517 1526648516.971027
   25  516  517  517 1526648516.974906
   26  516  517  517 1526648516.983153
   26  516  517  517 1526648516.988030
   26  516  517  516 1526648516.992032
   26  516  517  516 1526648516.996032
   25  517  517  517 1526648517.000415
   26  517  516  516 1526648517.004400
   26  516  517  517 1526648517.008277
   26  517  517  516 1526648517.012150
   26  516  516  516 1526648517.017135
   26  516  517  516 1526648517.021548
   26  516  516  517 1526648517.025531
   26  516  517  517 1526648517.029532
   26  516  516  517 1526648517.034030
   26  516  517  517 1526648517.038028
   26  516  517  517 1526648517.042527
   26  516  516  517 1526648517.047399
   26  516  517  516 1526648517.051781
   26  516  517  516 1526648517.055780
   26  517  517  516 1526648517.059783
   26  517  517  517 1526648517.064276
   25  517  517  517 1526648517.068277
   26  516  517  517 1526648517.072776
   26  516  516  517 1526648517.077778
   26  516  516  517 1526648517.082305
   26  516  517  516 1526648517.086278
   26  516  517  516 1526648517.090278
   26  516  517  517 1526648517.094778
   26  516  516  517 1526648517.098677
   25  516  517  517 1526648517.103030
   26  517  517  516 1526648517.108025
   26  517  517  516 1526648517.112403
   26  517  517  516 1526648517.116405
   26  516  517  517 1526648517.120401
   26  517  517  517 1526648517.124672
   26  516  517  516 1526648517.128675
   25  516  517  517 1526648517.132900
   26  516  517  516 1526648517.138033
   26  516  517  516 1526648517.142275
   26  516  516  517 1526648517.146274
   26  516  517  517 1526648517.150276
   26  516  517  516 1526648517.154269
   25  516  517  517 1526648517.158144
   26  516  517  517 1526648517.162395
   26  516  517  517 1526648517.166276
   26  517  517  517 1526648517.170661
   26  516  517  517 1526648517.175278
   26  516  517  516 1526648517.179274
   26  516  517  516 1526648517.183525
   26  516  517  516 1526648517.187522
   26  516  517  516 1526648517.191399
   25  516  517  516 1526648517.195772
   25  516  517  517 1526648517.200777
   26  516  517  517 1526648517.204778
   26  516  517  517 1526648517.208774
   26  516  517  517 1526648517.213018
   26  517  517  517 1526648517.217026
   25  517  517  516 1526648517.221023
   26  517  517  517 1526648517.225025
   26  516  516  516 1526648517.230030
   26  516  516  516 1526648517.238402
   26  516  517  517 1526648517.242872
   26  516  517  516 1526648517.246897
   26  517  517  517 1526648517.250897
   26  516  516  517 1526648517.255220
   26  517  517  516 1526648517.259398
   26  516  517  517 1526648517.264273
   26  516  517  516 1526648517.268271
   25  516  517  516 1526648517.272137
   26  516  517  516 1526648517.276515
   26  516  517  517 1526648517.280519
   26  516  516  516 1526648517.284887
   26  516  516  517 1526648517.290027
   26  516  516  517 1526648517.294261
   26  516  517  517 1526648517.298141
   26  516  517  516 1526648517.302016
   26  516  517  516 1526648517.306022
   26  516  516  517 1526648517.310019
   26  516  517  517 1526648517.314266
   27  517  517  516 1526648517.318271
   26  516  517  517 1526648517.322779
   26  516  516  516 1526648517.326772
   26  516  517  516 1526648517.330771
   26  516  517  517 1526648517.334816
   26  516  516  517 1526648517.338768
   26  516  517  516 1526648517.342770
   26  517  517  517 1526648517.346768
   26  517  517  516 1526648517.351768
   26  516  517  517 1526648517.355768
   26  516  517  516 1526648517.359662
   26  517  517  516 1526648517.363673
   26  517  517  516 1526648517.367669
   26  516  517  517 1526648517.371664
   26  516  517  516 1526648517.375521
   26  517  516  517 1526648517.379394
   26  517  517  516 1526648517.383393
   26  516  517  517 1526648517.387395
   26  516  517  517 1526648517.391392
   26  516  516  517 1526648517.395392
   26  516  516  517 1526648517.399413
   26  516  517  516 1526648517.403395
   26  517  517  516 1526648517.407391
   25  517  517  517 1526648517.412389
   26  516  517  516 1526648517.416391
   26  517  517  516 1526648517.420391
   26  516  517  516 1526648517.424389
   26  517  517  516 1526648517.428260
   26  516  516  516 1526648517.432135
   26  516  517  516 1526648517.436010
   26  517  517  516 1526648517.440387
   26  516  516  517 1526648517.445296
   26  516  517  517 1526648517.449259
   26  516  517  516 1526648517.453133
   26  516  517  516 1526648517.457012
   26  516  517  516 1526648517.460893
   26  516  516  517 1526648517.464757
   26  517  517  516 1526648517.468759
   26  516  517  516 1526648517.473766
   26  516  516  517 1526648517.477764
   26  516  516  517 1526648517.481762
   26  517  517  516 1526648517.485763
   26  516  517  517 1526648517.489838
   26  516  517  517 1526648517.494380
   26  517  517  516 1526648517.498255
   26  516  516  516 1526648517.503888
   26  516  516  517 1526648517.507887
   26  516  516  517 1526648517.512142
   26  516  516  516 1526648517.516139
   26  516  516  516 1526648517.520005
   26  517  517  516 1526648517.524385
   26  516  517  516 1526648517.528268
   26  516  516  517 1526648517.532514
