  384  517  517  517 1526649539.215259
  384  517  517  516 1526649539.219255
  384  517  516  516 1526649539.223130
  384  517  516  516 1526649539.227510
  384  517  516  516 1526649539.231701
  384  517  517  517 1526649539.235509
  384  516  517  516 1526649539.239518
  384  517  517  517 1526649539.244267
  386  517  517  516 1526649539.248264
  384  517  516  517 1526649539.252265
  384  517  517  516 1526649539.256266
  385  517  517  516 1526649539.260269
  384  517  517  516 1526649539.264263
  385  517  517  516 1526649539.268265
  384  517  517  517 1526649539.272262
  384  516  517  517 1526649539.281521
  384  517  517  516 1526649539.285512
  384  517  517  516 1526649539.289514
  384  516  517  516 1526649539.293515
  384  516  517  516 1526649539.297511
  384  517  517  517 1526649539.301511
  383  517  517  517 1526649539.306509
  384  517  516  517 1526649539.310512
  384  517  517  517 1526649539.314507
  384  517  516  517 1526649539.318532
  384  517  517  517 1526649539.322511
  384  517  517  516 1526649539.326509
  383  517  517  516 1526649539.330517
  384  517  517  517 1526649539.334507
  384  517  517  517 1526649539.338765
  384  516  517  516 1526649539.342759
  384  517  516  517 1526649539.346757
  384  517  517  517 1526649539.350762
  384  517  517  517 1526649539.354756
  384  517  516  517 1526649539.358757
  385  517  516  516 1526649539.362755
  384  517  517  517 1526649539.367879
  383  517  517  516 1526649539.371885
  384  517  517  517 1526649539.375883
  384  517  516  517 1526649539.379880
  384  517  517  517 1526649539.383751
  384  517  517  517 1526649539.387637
  384  517  517  517 1526649539.391501
  384  516  517  516 1526649539.395753
  384  517  517  517 1526649539.400699
  384  517  517  517 1526649539.404624
  384  517  517  517 1526649539.408652
  384  517  517  517 1526649539.412669
  384  517  517  517 1526649539.416499
  384  517  517  517 1526649539.420385
  384  516  517  516 1526649539.424254
  384  516  517  516 1526649539.429255
  384  516  517  517 1526649539.433257
  384  517  517  516 1526649539.437258
  384  517  516  517 1526649539.441257
  384  516  517  516 1526649539.445259
  384  517  516  517 1526649539.450246
  384  517  516  517 1526649539.454131
  384  517  517  517 1526649539.459747
  384  516  517  517 1526649539.463623
  383  517  517  517 1526649539.467880
  384  517  517  517 1526649539.471747
  384  517  516  517 1526649539.475623
  384  516  517  516 1526649539.479645
  384  517  517  516 1526649539.483508
  384  517  517  516 1526649539.487624
  384  517  517  516 1526649539.491747
  384  517  517  517 1526649539.495757
  384  516  517  516 1526649539.499621
  384  517  517  516 1526649539.503619
  384  517  517  517 1526649539.508003
  384  516  516  517 1526649539.512004
  384  517  517  517 1526649539.515913
  384  517  516  517 1526649539.520878
  384  516  517  516 1526649539.524746
  384  517  517  516 1526649539.529003
  384  517  516  516 1526649539.532871
  384  517  517  516 1526649539.536875
  384  517  517  516 1526649539.541243
  383  516  517  516 1526649539.545119
  384  517  517  517 1526649539.550750
  383  517  517  517 1526649539.554619
  384  517  517  517 1526649539.558869
  384  517  517  517 1526649539.562869
  384  517  517  516 1526649539.566869
  384  517  516  517 1526649539.571128
  384  517  517  517 1526649539.574994
  384  517  517  517 1526649539.579124
  384  517  517  516 1526649539.584125
  384  517  517  516 1526649539.588372
  384  517  516  517 1526649539.592250
  384  516  517  517 1526649539.596119
  384  517  517  516 1526649539.600372
  384  517  517  517 1526649539.604375
  384  517  517  517 1526649539.608676
  384  517  517  516 1526649539.613743
  384  517  517  517 1526649539.617742
  384  517  517  517 1526649539.622126
  383  517  517  517 1526649539.625992
  383  517  516  517 1526649539.630121
  384  517  516  517 1526649539.634003
  384  516  516  517 1526649539.637868
  384  517  517  517 1526649539.643117
  384  517  516  517 1526649539.647000
  383  517  516  517 1526649539.651126
  384  517  516  517 1526649539.655003
  384  517  516  517 1526649539.659244
  384  517  516  517 1526649539.663125
  384  517  516  517 1526649539.667002
  383  517  517  517 1526649539.671375
  384  517  517  516 1526649539.675644
  384  517  517  517 1526649539.679866
  384  517  517  517 1526649539.683743
  383  517  517  517 1526649539.687624
  384  516  517  516 1526649539.691622
  384  517  517  516 1526649539.695623
  384  517  517  516 1526649539.700119
  384  517  517  517 1526649539.705113
  384  516  517  516 1526649539.709114
  384  517  516  516 1526649539.713614
  384  517  517  516 1526649539.717497
  384  517  516  517 1526649539.721864
  384  517  517  517 1526649539.725746
  385  517  517  516 1526649539.730047
  384  517  517  517 1526649539.734991
  384  517  516  517 1526649539.738872
  384  516  517  516 1526649539.743370
  384  517  517  516 1526649539.747237
  384  517  517  517 1526649539.751623
  384  517  516  517 1526649539.755486
  384  517  516  517 1526649539.759360
  384  517  517  516 1526649539.764619
  383  517  517  516 1526649539.768621
  384  517  517  517 1526649539.772862
  384  517  517  516 1526649539.776737
  386  517  516  517 1526649539.780993
  384  516  517  516 1526649539.784870
  384  517  517  516 1526649539.788747
  384  517  516  517 1526649539.792994
  384  517  517  516 1526649539.797249
  384  517  516  517 1526649539.801491
  384  517  517  517 1526649539.805365
  384  517  517  517 1526649539.809242
  384  517  516  517 1526649539.813120
  383  517  517  516 1526649539.817122
  384  516  517  516 1526649539.821368
  384  517  517  517 1526649539.826494
  384  517  517  517 1526649539.830496
  384  517  516  517 1526649539.834995
  384  517  517  517 1526649539.838993
  384  517  517  517 1526649539.843366
  384  517  517  517 1526649539.847367
  384  516  517  517 1526649539.851614
  383  517  517  517 1526649539.856617
  384  517  516  517 1526649539.860617
  384  517  517  517 1526649539.864993
  383  517  516  517 1526649539.868868
  384  517  516  516 1526649539.873235
  384  516  517  517 1526649539.877110
  384  517  516  517 1526649539.880984
  384  517  517  517 1526649539.885362
  384  517  517  516 1526649539.890487
  384  517  517  516 1526649539.894494
  383  516  517  516 1526649539.898498
  383  517  517  516 1526649539.902868
  384  517  517  517 1526649539.906741
  384  517  517  517 1526649539.910742
  384  517  517  517 1526649539.915238
  384  517  516  517 1526649539.920238
  384  517  516  517 1526649539.928236
  385  516  517  516 1526649539.932518
  384  516  517  516 1526649539.936489
  384  517  516  517 1526649539.940489
  384  517  516  517 1526649539.944395
  384  517  517  517 1526649539.948867
  384  516  517  517 1526649539.953005
  384  517  517  516 1526649539.956991
  384  517  517  517 1526649539.960989
  384  517  517  517 1526649539.964989
  384  517  517  516 1526649539.968860
  384  516  517  516 1526649539.973121
  384  517  517  516 1526649539.977987
  384  517  516  517 1526649539.981988
  384  517  517  517 1526649539.986489
  384  517  517  517 1526649539.990484
  384  517  517  517 1526649539.994992
  384  517  517  517 1526649539.998990
  383  517  517  517 1526649540.004233
  384  517  517  516 1526649540.009239
  384  517  517  517 1526649540.013530
  384  517  517  516 1526649540.017491
  384  517  517  517 1526649540.021487
  384  517  516  517 1526649540.025488
  384  517  517  517 1526649540.029485
  384  516  517  516 1526649540.033987
  383  517  517  516 1526649540.038986
  384  516  517  517 1526649540.043230
  383  517  517  517 1526649540.047233
  384  517  517  516 1526649540.051147
  384  516  517  516 1526649540.055229
  384  517  517  517 1526649540.059105
  384  517  517  517 1526649540.063357
  384  516  517  517 1526649540.068373
  384  517  517  517 1526649540.072488
  383  517  517  517 1526649540.076858
  384  517  516  517 1526649540.080734
  384  517  517  516 1526649540.085110
  384  517  516  517 1526649540.089110
  384  517  516  517 1526649540.093355
  384  517  517  516 1526649540.097357
  384  517  517  517 1526649540.102233
  384  517  516  517 1526649540.106609
  384  517  517  517 1526649540.110607
  384  516  517  516 1526649540.114980
  383  517  516  517 1526649540.118982
  384  517  516  517 1526649540.123543
  384  517  517  516 1526649540.127481
  384  517  516  516 1526649540.132481
  384  516  517  516 1526649540.136737
  384  516  517  517 1526649540.140733
  384  517  517  516 1526649540.145107
  384  517  517  516 1526649540.148978
  384  517  517  517 1526649540.152860
  384  517  516  517 1526649540.157233
  384  516  517  517 1526649540.161487
  384  517  517  517 1526649540.165981
  383  516  517  516 1526649540.169852
  384  517  516  516 1526649540.174104
  384  517  516  517 1526649540.178729
  384  517  516  516 1526649540.182725
  384  517  517  516 1526649540.186602
  384  517  517  516 1526649540.190475
  383  517  517  516 1526649540.194853
  384  517  517  516 1526649540.198733
  383  516  517  516 1526649540.202596
  383  517  516  516 1526649540.206771
  384  516  517  517 1526649540.211345
  384  517  517  517 1526649540.215474
  384  517  517  516 1526649540.219346
  384  517  517  516 1526649540.223356
  384  517  517  517 1526649540.227732
  384  517  516  517 1526649540.231734
  384  517  516  517 1526649540.236220
  384  517  516  517 1526649540.241231
  384  517  516  517 1526649540.245602
  384  517  517  517 1526649540.249481
  384  516  517  516 1526649540.253355
  384  517  516  517 1526649540.257353
  384  517  516  517 1526649540.261358
  384  517  517  517 1526649540.265368
  384  517  516  517 1526649540.270352
  385  517  516  517 1526649540.274231
  384  517  517  516 1526649540.278228
  384  516  517  516 1526649540.282228
  384  517  517  516 1526649540.286224
  384  517  517  516 1526649540.290231
  384  517  517  517 1526649540.294229
  384  517  517  516 1526649540.298224
  384  517  517  516 1526649540.303354
  384  516  517  517 1526649540.307350
  384  516  517  516 1526649540.311348
  384  516  517  517 1526649540.315351
  384  517  517  516 1526649540.319354
  384  517  517  517 1526649540.323352
  384  517  517  516 1526649540.327348
  384  517  517  516 1526649540.332601
  384  517  516  517 1526649540.336479
  384  516  517  516 1526649540.340353
  384  517  517  516 1526649540.344344
  384  517  517  516 1526649540.348219
  384  517  516  517 1526649540.352094
  384  517  517  517 1526649540.356469
  384  517  517  517 1526649540.360342
  385  517  516  517 1526649540.364216
  384  516  516  517 1526649540.368216
  384  517  516  517 1526649540.372215
  384  517  516  517 1526649540.376090
  383  517  516  517 1526649540.379967
  384  517  517  516 1526649540.383843
  384  516  517  516 1526649540.387718
  384  516  517  516 1526649540.391591
  384  517  517  516 1526649540.395467
  384  517  517  517 1526649540.399342
  384  517  516  516 1526649540.403216
  384  517  517  516 1526649540.407090
