    0  227  516  516 1526649067.538008
    0  227  517  517 1526649067.542001
    0  226  517  517 1526649067.545875
    0  226  517  516 1526649067.550254
    0  226  516  516 1526649067.554386
    0  227  517  517 1526649067.558383
    0  226  516  516 1526649067.562500
    0  226  517  516 1526649067.567508
    0  226  517  516 1526649067.571834
    0  227  517  516 1526649067.575660
    0  226  516  516 1526649067.579656
    0  226  517  517 1526649067.584008
    0  226  517  516 1526649067.588009
    0  226  517  516 1526649067.592507
    0  227  517  516 1526649067.596380
    0  226  516  516 1526649067.602128
    0  226  517  516 1526649067.606007
    0  227  517  516 1526649067.610003
    0  226  517  516 1526649067.614381
    0  227  516  517 1526649067.618376
    0  226  517  516 1526649067.622755
    0  226  517  516 1526649067.626755
    0  226  517  516 1526649067.632004
    0  227  517  516 1526649067.636007
    0  226  516  516 1526649067.639879
    0  226  517  516 1526649067.643880
    0  226  516  516 1526649067.647877
    0  227  516  517 1526649067.652000
    0  227  517  516 1526649067.656003
    0  227  517  516 1526649067.661008
    0  226  517  516 1526649067.665003
    0  227  517  516 1526649067.669003
    0  226  516  516 1526649067.673004
    0  226  517  516 1526649067.677006
    0  226  517  516 1526649067.681000
    0  226  517  516 1526649067.685124
    0  226  517  516 1526649067.689001
    0  226  516  516 1526649067.693131
    0  226  517  516 1526649067.697130
    0  226  517  517 1526649067.701130
    0  226  517  516 1526649067.705129
    0  226  517  516 1526649067.709002
    0  226  516  516 1526649067.712878
    0  226  517  516 1526649067.716879
    0  226  516  517 1526649067.721624
    0  226  517  516 1526649067.725648
    0  227  517  516 1526649067.729648
    0  226  517  516 1526649067.733624
    0  226  517  516 1526649067.737495
    0  226  517  516 1526649067.741369
    0  226  516  516 1526649067.745119
    0  226  517  516 1526649067.749151
    0  226  517  516 1526649067.754117
    0  226  517  516 1526649067.757997
    0  227  516  517 1526649067.761869
    0  226  517  516 1526649067.765753
    0  227  517  516 1526649067.769646
    0  227  517  516 1526649067.773617
    0  226  516  516 1526649067.777500
    0  226  517  517 1526649067.782498
    0  226  517  516 1526649067.786502
    0  227  517  516 1526649067.790498
    0  226  517  516 1526649067.794498
    0  226  517  516 1526649067.798492
    0  226  516  516 1526649067.802368
    0  227  517  516 1526649067.806247
    0  226  517  516 1526649067.810368
    0  226  516  516 1526649067.815364
    0  226  517  516 1526649067.819240
    0  226  517  517 1526649067.823489
    0  226  517  517 1526649067.827488
    0  226  517  516 1526649067.831747
    0  226  517  516 1526649067.835742
    0  226  516  517 1526649067.839649
    0  227  517  517 1526649067.845002
    0  226  517  516 1526649067.848864
    0  227  516  516 1526649067.852739
    0  226  516  516 1526649067.856744
    0  227  516  517 1526649067.861009
    0  226  516  516 1526649067.864874
    0  226  516  516 1526649067.868740
    0  226  516  516 1526649067.872755
    0  226  516  516 1526649067.877874
    0  226  517  516 1526649067.882119
    0  225   41   48 1526649067.885998
    0  227  516  517 1526649067.889866
    0  226  517  516 1526649067.894111
    0  226  517  516 1526649067.897986
    0  226  517  516 1526649067.902243
    0  226  517  516 1526649067.907247
    0  226  516  516 1526649067.911362
    0  226  517  516 1526649067.915237
    0  226  517  516 1526649067.919242
    0  226  517  517 1526649067.923246
    0  226  517  516 1526649067.927110
    0  227  517  516 1526649067.931488
    0  226  517  516 1526649067.936527
    0  226  517  516 1526649067.940362
    0  227  516  516 1526649067.944617
    0  226  517  516 1526649067.948620
    0  226  517  516 1526649067.952744
    0  226  517  516 1526649067.956744
    0  226  517  516 1526649067.960622
    0  226  517  516 1526649067.964868
    0  226  517  517 1526649067.968985
    0  227  516  517 1526649067.973111
    0  226  517  516 1526649067.976988
    0  226  517  516 1526649067.980993
    0  226  517  517 1526649067.985359
    0  226  517  516 1526649067.989247
    0  226  517  516 1526649067.993494
    0  226  517  517 1526649067.998492
    0  226  517  516 1526649068.002868
    0  226  517  516 1526649068.006742
    0  226  517  516 1526649068.010620
    0  227  517  516 1526649068.014608
    0  226  516  516 1526649068.018495
    0  226  517  517 1526649068.022868
    0  226  516  516 1526649068.027749
    0  226  517  516 1526649068.031617
    0  226  516  516 1526649068.035868
    0  226  517  516 1526649068.039741
    0  227  516  517 1526649068.043988
    0  226  517  516 1526649068.047859
    0  227  516  516 1526649068.051742
    0  227  516  516 1526649068.056116
    0  226  517  516 1526649068.060732
    0  226  516  516 1526649068.064858
    0  226  517  516 1526649068.068734
    0  226  517  516 1526649068.072985
    0  226  517  516 1526649068.076991
    0  226  516  516 1526649068.080859
    0  226  517  516 1526649068.085355
    0  226  516  516 1526649068.090355
    0  226  517  516 1526649068.094492
    0  227  516  516 1526649068.098479
    0  227  517  516 1526649068.102480
    0  227  516  517 1526649068.106990
    0  226  517  516 1526649068.110864
    0  227  516  516 1526649068.114985
    0  226  517  516 1526649068.120021
    0  227  517  516 1526649068.124108
    0  226  516  516 1526649068.127980
    0  226  517  516 1526649068.131980
    0  226  516  516 1526649068.135854
    0  226  516  517 1526649068.139739
    0  227  516  517 1526649068.143856
    0  226  516  517 1526649068.147862
    0  226  516  516 1526649068.152362
    0  226  517  516 1526649068.156238
    0  227  517  517 1526649068.160235
    0  227  517  516 1526649068.164487
    0  226  517  516 1526649068.168486
    0   28   42   40 1526649068.172487
    0  226  516  516 1526649068.176489
    0  226  517  516 1526649068.181481
    0  226  517  517 1526649068.185861
    0  226  517  517 1526649068.189751
    0  226  517  516 1526649068.194256
    0  226  517  517 1526649068.198236
    0  226  517  516 1526649068.202236
    0  227  517  516 1526649068.206485
    0  226  517  516 1526649068.211486
    0  226  517  516 1526649068.215736
    0  227  517  516 1526649068.219750
    0  226  516  516 1526649068.223735
    0  226  517  516 1526649068.228230
    0  226  516  516 1526649068.232234
    0  227  517  516 1526649068.236733
    0  227  517  516 1526649068.241608
    0  227  516  516 1526649068.245982
    0  226  517  517 1526649068.249986
    0  227  517  517 1526649068.253982
    0  227  517  517 1526649068.258484
    0  226  517  516 1526649068.262483
    0  226  517  516 1526649068.266992
    0  226  517  516 1526649068.271984
    0  227  516  516 1526649068.276358
    0  226  517  516 1526649068.280362
    0  226  517  516 1526649068.284356
    0  226  517  516 1526649068.288856
    0  226  517  517 1526649068.292802
    0  226  517  517 1526649068.297230
    0  226  517  516 1526649068.302360
    0  226  517  516 1526649068.306734
    0  226  517  517 1526649068.310732
    0  226  517  516 1526649068.314726
    0  227  517  516 1526649068.319099
    0  227  517  516 1526649068.322974
    0  227  517  516 1526649068.327224
    0  226  516  517 1526649068.332351
    0  226  517  516 1526649068.336732
    0  226  517  516 1526649068.340740
    0  226  517  516 1526649068.344730
    0  226  516  516 1526649068.349108
    0  226  516  516 1526649068.353106
    0  226  517  517 1526649068.357478
    0  227  517  516 1526649068.362356
    0  227  517  516 1526649068.366740
    0  226  517  516 1526649068.370745
    0  227  517  516 1526649068.374732
    0  226  517  516 1526649068.378729
    0  227  517  516 1526649068.382601
    0  226  517  516 1526649068.386980
    0  226  517  517 1526649068.391986
    0  227  516  517 1526649068.395979
    0  226  516  516 1526649068.400484
    0  227  517  516 1526649068.404476
    0  227  516  516 1526649068.408983
    0  226  517  517 1526649068.412982
    0  226  517  516 1526649068.417351
    0  227  517  516 1526649068.422468
    0  226  517  516 1526649068.426871
    0  226  517  516 1526649068.430728
    0  208   40   40 1526649068.434600
    0  226  516  516 1526649068.438595
    0  226  516  516 1526649068.442471
    0  226  517  517 1526649068.446596
    0  226  516  516 1526649068.450477
    0  227  516  517 1526649068.454846
    0  226  517  516 1526649068.459058
    0  226  517  516 1526649068.462979
    0  226  516  516 1526649068.467352
    0  226  517  516 1526649068.471350
    0  226  517  517 1526649068.475348
    0  226  516  516 1526649068.479347
    0  226  517  517 1526649068.484349
    0  226  517  516 1526649068.488725
    0  226  517  516 1526649068.492726
    0  226  516  516 1526649068.497241
    0  226  517  516 1526649068.501224
    0  227  517  516 1526649068.505225
    0  226  517  516 1526649068.509352
    0  226  517  517 1526649068.514350
    0  226  517  517 1526649068.518725
    0  226  517  516 1526649068.522748
    0  227  517  516 1526649068.526726
    0  226  517  516 1526649068.531101
    0  227  517  516 1526649068.534975
    0  226  517  516 1526649068.539224
    0  226  517  516 1526649068.543972
    0  227  517  516 1526649068.548221
    0  226  517  516 1526649068.552221
    0  226  517  516 1526649068.556226
    0  226  517  517 1526649068.560097
    0  226  516  516 1526649068.564099
    0  226  517  517 1526649068.568499
    0  226  517  516 1526649068.572470
    0  226  517  516 1526649068.578069
    0  226  517  516 1526649068.581850
    0  226  517  517 1526649068.585844
    0  226  516  516 1526649068.590096
    0  227  517  516 1526649068.593966
    0  226  516  516 1526649068.598304
    0  226  517  516 1526649068.602221
    0  226  517  516 1526649068.606716
    0  226  517  516 1526649068.610600
    0  226  517  516 1526649068.614594
    0  226  517  516 1526649068.619105
    0  226  516  516 1526649068.623093
    0  226  517  516 1526649068.627094
    0  226  517  516 1526649068.631093
    0  227  516  517 1526649068.636096
    0  226  516  516 1526649068.640224
    0  226  517  516 1526649068.644217
    0  226  516  516 1526649068.648225
    0  226  516  516 1526649068.652720
    0  227  516  516 1526649068.656718
    0  226  517  516 1526649068.661343
    0  227  517  516 1526649068.666346
    0  226  516  516 1526649068.670716
    0  226  516  516 1526649068.674720
    0  227  517  517 1526649068.678718
    0  226  517  516 1526649068.683221
    0  226  517  516 1526649068.687219
    0  227  517  516 1526649068.691653
    0  226  516  516 1526649068.696593
    0  226  517  516 1526649068.701095
    0  227  516  516 1526649068.705091
    0  226  517  516 1526649068.709095
    0  226  517  516 1526649068.713342
    0  226  517  516 1526649068.717217
    0  227  517  517 1526649068.721590
    0  226  517  516 1526649068.726591
    0  226  516  516 1526649068.730970
    0  226  516  516 1526649068.734967
    0  226  517  516 1526649068.738962
    0  226  517  516 1526649068.742836
    0  226  517  516 1526649068.746710
    0  226  517  516 1526649068.750962
    0  226  517  516 1526649068.755972
    0  226  517  516 1526649068.760055
    0  226  517  517 1526649068.764469
    0  226  517  517 1526649068.768464
    0  226  517  516 1526649068.772969
    0  227  517  517 1526649068.776969
    0  227  517  516 1526649068.781336
    0  226  517  516 1526649068.786337
    0  227  516  517 1526649068.790341
    0  226  517  516 1526649068.794710
    0  226  517  517 1526649068.798714
    0  226  517  516 1526649068.803092
    0  226  517  516 1526649068.807093
    0  226  517  516 1526649068.811532
    0  226  517  516 1526649068.816336
    0  226  517  516 1526649068.820289
    0  226  517  516 1526649068.824092
    0  226  517  516 1526649068.828092
    0  227  516  516 1526649068.832341
    0  226  516  516 1526649068.836338
    0  226  517  516 1526649068.840340
    0  227  516  516 1526649068.844339
    0  226  516  516 1526649068.848711
    0  227  517  516 1526649068.853096
    0  226  517  517 1526649068.857087
    0  226  517  516 1526649068.861089
    0  227  516  516 1526649068.865460
    0  226  517  517 1526649068.869340
    0  226  517  516 1526649068.873708
    0  226  517  516 1526649068.878710
    0  226  517  516 1526649068.883101
    0  227  517  516 1526649068.887086
    0  226  517  516 1526649068.891084
    0  226  517  516 1526649068.894957
    0  226  517  516 1526649068.898833
    0  226  517  517 1526649068.902956
    0  227  517  516 1526649068.907948
    0  226  517  516 1526649068.911834
    0  227  516  517 1526649068.916217
    0  226  517  516 1526649068.920214
    0  226  517  517 1526649068.924590
    0  226  517  516 1526649068.928586
    0  226  516  516 1526649068.932590
    0  226  516  516 1526649068.938077
    0  226  517  516 1526649068.942090
    0  226  517  516 1526649068.946086
    0  226  517  516 1526649068.950087
    0  226  517  516 1526649068.954465
    0  226  517  516 1526649068.958461
    0  226  517  516 1526649068.962460
    0  226  517  516 1526649068.966830
    0  227  517  517 1526649068.971958
    0  226  516  516 1526649068.976082
    0  226  516  516 1526649068.980088
    0  226  516  516 1526649068.984578
    0  226  517  516 1526649068.988459
    0  227  517  517 1526649068.992337
    0  226  517  516 1526649068.996334
    0  227  517  517 1526649069.000581
    0  226  517  517 1526649069.004828
    0  226  517  516 1526649069.008831
    0  226  517  516 1526649069.012834
    0  226  517  517 1526649069.016837
    0  226  517  516 1526649069.020708
    0  227  517  516 1526649069.025079
    0  226  517  516 1526649069.029958
    0  226  516  517 1526649069.033962
    0  226  517  516 1526649069.038462
    0  226  517  516 1526649069.042454
    0  226  517  516 1526649069.046826
    0  226  517  516 1526649069.051205
    0  226  517  516 1526649069.055576
    0  226  516  516 1526649069.059449
    0  226  516  516 1526649069.063458
    0  226  517  516 1526649069.067452
    0  226  517  516 1526649069.071553
    0  226  516  516 1526649069.076943
    0  225  517  517 1526649069.080822
    0  226  517  517 1526649069.085228
    0  226  516  516 1526649069.089082
    0  226  517  516 1526649069.093071
    0  226  517  516 1526649069.097321
    0  226  517  516 1526649069.101195
    0  226  517  517 1526649069.105576
    0  227  517  517 1526649069.109827
    0  227  517  516 1526649069.113830
    0  226  517  517 1526649069.117831
    0  226  516  516 1526649069.121830
    0  227  517  516 1526649069.126204
    0  226  517  516 1526649069.130202
    0  226  517  516 1526649069.134078
    0  226  516  516 1526649069.139080
    0  226  517  516 1526649069.143082
    0  227  516  517 1526649069.147081
    0  226  517  516 1526649069.151078
    0  226  517  516 1526649069.155081
    0  226  516  516 1526649069.159080
    0  226  517  516 1526649069.163082
    0  226  517  517 1526649069.167950
    0  226  517  516 1526649069.171957
    0  226  517  516 1526649069.175949
    0  226  516  516 1526649069.179951
    0  227  516  517 1526649069.183956
    0  227  516  517 1526649069.187950
    0  227  516  517 1526649069.191951
    0  226  517  516 1526649069.195950
    0  227  517  516 1526649069.200954
    0  227  517  516 1526649069.204953
    0  226  516  516 1526649069.208950
    0  227  517  516 1526649069.212945
    0  226  517  516 1526649069.216822
    0  226  517  516 1526649069.220695
    0  226  517  516 1526649069.224690
    0  226  517  516 1526649069.230194
    0  226  517  516 1526649069.234066
    0  226  516  516 1526649069.237941
    0  226  516  516 1526649069.241818
    0  227  517  516 1526649069.246071
    0  227  516  517 1526649069.249943
    0  226  517  516 1526649069.253822
    0  226  517  516 1526649069.257696
    0  226  517  516 1526649069.261568
    0  226  517  516 1526649069.265441
    0  226  516  516 1526649069.269316
    0  226  517  516 1526649069.273191
    0  226  517  517 1526649069.277072
