   66  516  516  516 1526649431.010396
   66  516  516  517 1526649431.014395
   66  516  516  517 1526649431.018270
   66  516  516  517 1526649431.022681
   66  516  516  516 1526649431.026679
   66  517  517  517 1526649431.030674
   66  516  516  516 1526649431.034671
   66  516  516  517 1526649431.039670
   66  516  517  516 1526649431.043672
   66  516  516  516 1526649431.047683
   66  516  517  517 1526649431.051529
   66  516  516  516 1526649431.055400
   66  516  517  516 1526649431.059404
   66  516  516  516 1526649431.063401
   66  516  516  517 1526649431.067401
   66  516  516  517 1526649431.072274
   66  516  516  517 1526649431.076276
   66  516  516  516 1526649431.080274
   66  516  516  517 1526649431.084273
   66  516  516  516 1526649431.088276
   66  516  516  517 1526649431.092274
   65  516  516  517 1526649431.096401
   66  516  516  516 1526649431.100396
   66  516  516  517 1526649431.105525
   66  517  516  517 1526649431.109524
   66  516  516  517 1526649431.113542
   66  516  517  516 1526649431.117526
   66  517  517  516 1526649431.121397
   66  516  516  517 1526649431.125278
   66  516  517  516 1526649431.129270
   66  517  517  516 1526649431.134144
   66  516  516  517 1526649431.138151
   66  516  516  516 1526649431.142145
   66  516  516  516 1526649431.146147
   66  516  516  517 1526649431.150016
   66  516  516  517 1526649431.153890
   66  516  516  517 1526649431.157766
   66  517  517  517 1526649431.162718
   66  516  517  517 1526649431.167263
   66  516  517  516 1526649431.171151
   66  516  517  516 1526649431.175015
   66  516  517  517 1526649431.178898
   66  516  517  517 1526649431.182763
   66  516  517  517 1526649431.186775
   66  516  516  517 1526649431.190684
   66  516  516  516 1526649431.195668
   66  516  516  516 1526649431.199669
   66  516  516  516 1526649431.203675
   66  517  517  516 1526649431.207664
   66  517  517  517 1526649431.211521
   66  516  516  516 1526649431.215389
   66  516  516  516 1526649431.219388
   66  516  516  517 1526649431.223391
   66  516  517  517 1526649431.228768
   66  516  517  516 1526649431.232670
   66  517  517  516 1526649431.236677
   66  516  517  516 1526649431.241019
   66  516  517  516 1526649431.244893
   66  517  516  517 1526649431.249395
   66  516  516  516 1526649431.253392
   66  517  516  517 1526649431.257657
   66  516  517  517 1526649431.261656
   66  516  517  517 1526649431.265510
   65  516  517  517 1526649431.269384
   66  516  517  516 1526649431.273267
   66  517  517  517 1526649431.277516
   66  517  516  516 1526649431.281516
   66  517  516  516 1526649431.286509
   66  516  516  517 1526649431.290770
   66  516  516  516 1526649431.294762
   66  516  516  516 1526649431.299008
   66  516  517  516 1526649431.302883
   66  516  516  517 1526649431.306892
   66  516  516  517 1526649431.311267
   66  516  517  517 1526649431.315891
   66  516  516  517 1526649431.320133
   66  517  517  516 1526649431.324008
   66  516  516  517 1526649431.328262
   66  517  516  517 1526649431.332148
   66  516  517  516 1526649431.336008
   66  516  516  517 1526649431.340385
   66  516  517  517 1526649431.344266
   66  517  517  516 1526649431.349143
   65  516  517  516 1526649431.353014
   67  516  516  516 1526649431.356892
   66  516  517  517 1526649431.360892
   66  516  516  517 1526649431.364888
   66  516  516  517 1526649431.369141
   66  517  516  516 1526649431.373132
   66  516  517  517 1526649431.378670
   66  516  516  516 1526649431.382513
   66  517  517  517 1526649431.386391
   66  516  517  517 1526649431.390891
   66  516  516  516 1526649431.394758
   66  516  517  516 1526649431.399013
   66  516  517  517 1526649431.403018
   66  516  517  516 1526649431.408146
   66  516  517  517 1526649431.412765
   66  516  516  517 1526649431.416651
   66  517  517  517 1526649431.421130
   66  516  516  517 1526649431.425005
   66  516  516  517 1526649431.429259
   66  516  516  516 1526649431.433130
   66  516  516  517 1526649431.437012
   66  516  516  517 1526649431.442004
   66  516  517  516 1526649431.445879
   66  517  516  517 1526649431.450254
   66  516  516  517 1526649431.454139
   66  516  516  517 1526649431.458011
   66  516  517  516 1526649431.462253
   66  516  516  517 1526649431.466128
   66  516  517  517 1526649431.471658
   66  516  516  516 1526649431.475503
   66  517  517  516 1526649431.479377
   66  516  516  517 1526649431.483764
   66  516  517  516 1526649431.487653
   66  516  516  516 1526649431.491759
   66  517  517  516 1526649431.495764
   66  516  516  516 1526649431.501391
   66  516  516  516 1526649431.505388
   66  516  517  516 1526649431.509259
   66  516  517  516 1526649431.513508
   66  517  516  516 1526649431.517376
   66  516  516  517 1526649431.521649
   66  516  517  516 1526649431.525510
   66  516  517  516 1526649431.529510
   66  516  517  517 1526649431.534652
   66  516  517  516 1526649431.538509
   66  516  517  516 1526649431.542878
   67  516  516  516 1526649431.546879
   66  516  517  516 1526649431.550883
   66  516  516  516 1526649431.554887
   66  516  516  516 1526649431.558931
   66  516  516  517 1526649431.563762
   66  517  516  517 1526649431.567654
   66  516  517  516 1526649431.571510
   66  516  517  516 1526649431.575886
   66  516  516  516 1526649431.579881
   66  516  517  516 1526649431.584258
   66  517  517  517 1526649431.588260
   66  516  517  516 1526649431.593756
   66  516  516  517 1526649431.597657
   66  516  517  516 1526649431.601657
   66  517  517  516 1526649431.606135
   66  516  517  517 1526649431.610137
   66  516  516  516 1526649431.614381
   66  516  517  516 1526649431.618438
   66  517  517  517 1526649431.623753
   66  516  517  516 1526649431.627754
   66  516  517  517 1526649431.631757
   66  516  516  516 1526649431.635667
   66  516  517  517 1526649431.639653
   66  516  517  516 1526649431.643881
   66  516  516  516 1526649431.647886
   66  516  517  516 1526649431.652928
   66  516  517  516 1526649431.657383
   66  516  516  516 1526649431.661381
   65  516  516  516 1526649431.665879
   66  516  516  517 1526649431.669880
   66  516  516  517 1526649431.674255
   66  517  517  517 1526649431.678258
   66  516  516  517 1526649431.683252
   66  517  517  516 1526649431.687757
   66  516  517  516 1526649431.691753
   66  516  516  516 1526649431.696132
   66  516  516  516 1526649431.699997
   66  517  516  516 1526649431.704249
   66  516  517  517 1526649431.708121
   66  516  517  517 1526649431.713133
   66  516  517  516 1526649431.717623
   66  517  517  516 1526649431.721646
   65  516  516  516 1526649431.726005
   66  517  517  517 1526649431.730004
   66  517  517  517 1526649431.734560
   66  516  517  517 1526649431.738503
   67  517  517  516 1526649431.743502
   66  516  516  516 1526649431.747877
   66  516  517  516 1526649431.751873
   66  516  516  516 1526649431.756252
   66  517  516  517 1526649431.760251
   66  516  516  516 1526649431.764251
   66  516  516  517 1526649431.768652
   66  516  516  517 1526649431.773623
   66  516  516  517 1526649431.777651
   66  516  516  517 1526649431.781653
   66  516  517  516 1526649431.785906
   66  517  516  516 1526649431.789753
   66  516  516  517 1526649431.793751
   66  517  517  517 1526649431.797750
   66  516  517  517 1526649431.801747
   66  516  516  517 1526649431.806373
   66  516  517  517 1526649431.810379
   66  517  517  517 1526649431.814375
   66  517  517  516 1526649431.818376
   66  517  517  517 1526649431.822253
   66  516  516  516 1526649431.826517
   66  517  517  517 1526649431.830502
   66  517  517  516 1526649431.836020
   66  516  517  517 1526649431.840003
   66  516  517  516 1526649431.844002
   66  516  516  516 1526649431.848128
   66  516  517  517 1526649431.852118
   66  516  517  517 1526649431.856117
   66  516  517  517 1526649431.859992
   66  516  517  516 1526649431.864247
   66  517  517  517 1526649431.869244
   66  516  517  516 1526649431.873250
   66  516  517  517 1526649431.877748
   66  516  516  516 1526649431.881749
   66  516  517  517 1526649431.885995
   66  516  516  517 1526649431.889998
   66  516  516  516 1526649431.894367
   66  516  516  517 1526649431.899376
   66  516  516  516 1526649431.903370
   66  516  517  517 1526649431.907749
   65  516  517  517 1526649431.911742
   66  517  517  517 1526649431.916246
   66  516  516  517 1526649431.920245
   66  516  517  516 1526649431.924491
   66  516  516  516 1526649431.929374
   66  516  517  516 1526649431.933375
   65  516  517  517 1526649431.937746
   66  517  517  516 1526649431.941748
   66  516  516  516 1526649431.945994
   66  517  517  516 1526649431.949872
   66  516  517  516 1526649431.953870
   66  517  517  516 1526649431.959369
   66  516  516  517 1526649431.963373
   66  516  516  516 1526649431.967369
   66  517  516  517 1526649431.971372
   66  516  516  517 1526649431.975739
   66  516  516  517 1526649431.979617
   66  517  517  516 1526649431.983489
   66  516  516  517 1526649431.988615
   66  517  516  516 1526649431.992490
   66  516  516  517 1526649431.996997
   66  516  516  517 1526649432.000994
   66  516  516  516 1526649432.005365
   66  516  516  516 1526649432.009369
   66  517  516  516 1526649432.013367
   66  517  517  516 1526649432.017742
   66  516  516  516 1526649432.022748
   66  516  516  517 1526649432.026995
   66  516  516  517 1526649432.030994
   66  516  516  517 1526649432.035007
   66  516  516  516 1526649432.039490
   66  517  517  517 1526649432.043492
   66  516  516  517 1526649432.048994
   66  516  517  517 1526649432.052995
   66  516  516  516 1526649432.057366
   66  516  517  516 1526649432.061370
   66  517  517  516 1526649432.065368
   66  516  517  516 1526649432.069490
   66  516  517  516 1526649432.073440
   66  517  517  517 1526649432.077989
   66  516  516  517 1526649432.082237
   66  516  516  517 1526649432.086485
   66  516  516  516 1526649432.090488
   66  516  517  516 1526649432.094492
   66  517  517  516 1526649432.098860
   66  516  516  516 1526649432.102739
   66  516  516  517 1526649432.107082
   66  516  516  517 1526649432.111609
   66  517  517  517 1526649432.115487
   66  516  517  516 1526649432.119368
   66  516  516  516 1526649432.123365
   66  516  517  517 1526649432.127740
   66  516  516  516 1526649432.131742
   66  516  517  516 1526649432.135738
   66  517  517  517 1526649432.141238
   66  516  517  517 1526649432.145239
   66  516  517  516 1526649432.149240
   66  516  517  516 1526649432.153240
   66  516  516  517 1526649432.157734
   66  516  516  516 1526649432.162615
   66  516  516  516 1526649432.166479
   66  516  517  517 1526649432.171269
   66  517  517  516 1526649432.175731
   66  516  516  516 1526649432.179738
   66  516  517  516 1526649432.183608
   66  516  516  516 1526649432.187732
   66  516  516  517 1526649432.191607
   65  516  516  516 1526649432.195529
   65  516  517  516 1526649432.199859
   66  516  516  516 1526649432.204860
   66  516  516  516 1526649432.209110
   66  516  516  516 1526649432.213116
   66  517  517  517 1526649432.217112
   66  516  517  516 1526649432.221488
   66  517  517  516 1526649432.225487
   66  516  517  516 1526649432.229863
   66  516  517  517 1526649432.234865
   66  516  517  516 1526649432.238784
   66  516  517  516 1526649432.242745
   66  516  516  517 1526649432.246738
   66  516  516  517 1526649432.250736
   66  516  516  517 1526649432.254734
   65  516  516  516 1526649432.258734
   66  516  517  516 1526649432.262734
   66  516  517  516 1526649432.266984
   66  516  517  516 1526649432.270987
   66  517  517  516 1526649432.274861
   66  517  517  516 1526649432.278729
   66  516  517  517 1526649432.282603
   66  516  516  517 1526649432.286478
   66  516  517  516 1526649432.290782
   66  516  517  517 1526649432.294609
   66  516  516  517 1526649432.299225
   66  516  516  516 1526649432.303224
   66  516  516  516 1526649432.307111
   66  516  517  516 1526649432.311110
   66  516  517  517 1526649432.314974
   66  517  517  516 1526649432.318858
   66  516  517  516 1526649432.322870
   66  516  517  516 1526649432.327608
   66  516  517  517 1526649432.331486
   66  516  517  516 1526649432.335485
   66  517  517  516 1526649432.339577
   66  516  517  516 1526649432.344101
   66  516  517  516 1526649432.347972
   66  516  517  516 1526649432.351849
   66  516  517  517 1526649432.356961
   66  516  517  516 1526649432.360850
   66  516  517  517 1526649432.365103
   66  516  517  517 1526649432.368980
   66  516  517  516 1526649432.372849
   66  516  516  517 1526649432.377231
   66  516  516  517 1526649432.381109
   66  516  516  516 1526649432.385731
   66  516  517  516 1526649432.389723
   66  516  517  516 1526649432.393977
   66  516  517  517 1526649432.397856
   66  516  517  517 1526649432.401721
   66  516  517  516 1526649432.406103
   66  516  516  517 1526649432.409972
   66  517  517  516 1526649432.414226
   66  516  516  516 1526649432.419221
   66  516  516  516 1526649432.423231
   66  516  516  517 1526649432.427475
   66  517  517  517 1526649432.431357
   66  517  517  516 1526649432.435478
   66  516  516  516 1526649432.439353
   66  516  517  516 1526649432.443220
   66  517  516  516 1526649432.448521
   66  516  517  516 1526649432.452353
   66  516  516  517 1526649432.456721
   66  516  516  517 1526649432.460968
   66  517  517  516 1526649432.465255
   66  516  516  516 1526649432.469219
