  278   41  516  517 1526886949.820890
  278  201  517  517 1526886953.425887
  278  212  517  517 1526886958.143980
    0    0    0  517 1526886960.955760
    0  517  517  516 1526888195.281488
    0    0    0  516 1526888195.293485
    0    0    0  517 1526888195.297358
  277  517  516  516 1526888195.305259
  267  517  516  516 1526888195.313975
   45  516  517  516 1526888195.329855
  277  517  517  516 1526888195.343980
    0    0    0  516 1526888195.373425
   96  516  517  516 1526888195.402105
    0    0    0  231 1526888195.419620
  276  517  516  516 1526888195.427355
    0  517  516  516 1526888195.481347
  276  517  517  517 1526888195.520226
  277  517  517  517 1526888195.544349
    0  517  517  517 1526888195.549350
  276  517  517  517 1526888195.640339
    0  516  517  516 1526888195.648090
  277  516  517  517 1526888195.686846
  277  517  517  516 1526888195.691531
  212  516  517  516 1526888195.741838
  277  516  517  516 1526888195.758095
    0    0    0  183 1526888195.775613
  255  517  517  517 1526888195.849217
    0    0    0  517 1526888195.866217
  277  516  517  516 1526888195.981205
    0  517  517  517 1526888195.998458
    0  517  517  516 1526888196.051703
  277  517  517  516 1526888196.067711
  272  517  517  516 1526888196.084960
  245  517  517  517 1526888196.131083
  276  517  517  516 1526888196.139703
    0  517  516  516 1526888196.192330
  276  516  517  516 1526888196.208075
    0  517  517  517 1526888196.234494
  277  516  517  517 1526888196.242452
  276  517  516  516 1526888196.276451
    0    0  517  516 1526888196.322698
    0    0  143  516 1526888196.330567
    0  517  516  516 1526888196.339576
  276  516  516  516 1526888196.393450
    0    0    0  516 1526888196.405226
  277  517  517  516 1526888196.417444
  217  516  517  517 1526888196.487937
  122  517  517  516 1526888196.496317
  277  516  517  516 1526888196.508568
  277  516  517  517 1526888196.530191
  200  517  517  516 1526888196.534190
  278  517  517  517 1526888196.572192
  276  516  516  516 1526888196.585316
  277  517  517  516 1526888196.589317
  277  517  517  516 1526888196.593317
  277  517  516  516 1526888196.648063
  256  517  517  517 1526888196.665061
  277  516  517  517 1526888196.710313
  217  517  517  517 1526888196.757056
    0    0    0  517 1526888196.827426
  277  517  517  516 1526888196.843934
  218  517  517  516 1526888196.851808
    0  517  516  516 1526888196.881818
    0  517  516  516 1526888196.918178
    0  517  517  516 1526888196.939802
  277  517  517  517 1526888196.943807
  276  517  516  516 1526888196.965425
  277  516  517  516 1526888196.999923
  261  517  517  516 1526888197.078791
  277  517  517  516 1526888197.116296
  277  517  517  517 1526888197.150298
  277  517  516  516 1526888197.220547
    0    0    0  516 1526888197.228286
  276  516  517  517 1526888197.232166
    0  517  517  517 1526888197.376905
    0    0  516  516 1526888197.384656
  145  517  517  517 1526888197.388552
    0    0    0  517 1526888197.454158
    0    0    0  516 1526888197.474535
  277  517  516  516 1526888197.491288
    0    0  367  516 1526888197.503787
    0    0    0  516 1526888197.507787
  276  517  517  517 1526888197.511786
  277  516  517  517 1526888197.516655
  277  517  516  517 1526888197.521787
  277  517  516  516 1526888197.538412
  277  517  516  516 1526888197.571034
  276  517  516  516 1526888197.618028
  276  516  516  516 1526888197.629778
  277  517  516  516 1526888197.650908
    0    0  516  516 1526888197.659650
  277  517  516  516 1526888197.710028
  277  517  517  516 1526888197.714647
  276  516  517  516 1526888197.756401
  277  517  517  516 1526888197.782024
  277  517  516  516 1526888197.861016
  277  517  517  517 1526888197.881150
  277  517  516  516 1526888197.919021
  103  517  516  516 1526888197.969268
    0    0  517  516 1526888197.973263
  277  517  516  516 1526888197.981768
  277  517  516  516 1526888198.041886
    0    0  516  516 1526888198.062263
    0    0  517  517 1526888198.083765
  277  517  517  516 1526888198.104511
  277  517  517  516 1526888198.167269
  277  516  516  516 1526888198.179636
  277  517  517  516 1526888198.183630
  277  517  517  516 1526888198.230139
  277  517  517  516 1526888198.260885
    0    0  516  516 1526888198.268883
  258  516  517  516 1526888198.281134
  220  517  517  516 1526888198.294329
  277  517  517  517 1526888198.298971
  277  516  516  516 1526888198.319378
  277  516  517  516 1526888198.353009
    0  517  516  516 1526888198.365504
  241  517  517  516 1526888198.445245
  276  517  517  516 1526888198.456876
  277  517  516  517 1526888198.465632
    0    0  517  517 1526888198.520886
  237  517  516  516 1526888198.532626
    0  517  516  516 1526888198.558376
    0  517  517  516 1526888198.562753
  277  517  516  516 1526888198.591999
  277  517  516  516 1526888198.629493
  277  517  516  516 1526888198.654252
  277  517  517  516 1526888198.688745
  277  517  516  516 1526888198.714117
   30  517  516  516 1526888198.738743
    0    0  516  516 1526888198.744369
  216  517  517  517 1526888198.748244
  277  517  517  516 1526888198.764632
  277  517  517  517 1526888198.794494
    0    0    0  516 1526888198.804486
   29  517  516  516 1526888198.812490
  277  517  517  517 1526888198.816492
    0    0  517  516 1526888198.824865
  277  517  517  516 1526888198.828864
  277  516  517  516 1526888198.846154
  277  517  517  517 1526888198.911231
    0    0  517  516 1526888198.919106
    0    0  517  516 1526888198.953116
  277  516  516  516 1526888198.957114
  277  517  517  517 1526888198.961105
  277  517  516  516 1526888198.982486
  240  517  517  516 1526888199.012857
    0    0  517  516 1526888199.047359
  276  516  517  516 1526888199.051357
  277  517  517  516 1526888199.068109
  277  517  517  516 1526888199.080101
    0  517  517  517 1526888199.162097
  277  517  516  516 1526888199.187630
  276  517  517  517 1526888199.195850
    0    0    0  516 1526888199.237977
  245  517  516  516 1526888199.313218
  277  517  517  516 1526888199.351221
  277  516  517  517 1526888199.355098
  277  517  516  516 1526888199.401348
  277  517  517  516 1526888199.405472
    0    0    0  516 1526888199.433468
  277  517  516  516 1526888199.459216
    0  517  517  516 1526888199.473212
  187  517  516  517 1526888199.485090
    0    0  517  516 1526888199.498845
  277  517  516  516 1526888199.519470
  277  517  517  517 1526888199.540339
    0    0  516  516 1526888199.548976
  277  516  516  516 1526888199.578463
    0  517  516  516 1526888199.616713
    0    0    0  516 1526888199.624713
  278  517  516  517 1526888199.670997
  271  517  516  516 1526888199.688813
  277  517  517  517 1526888199.710605
  277  517  517  516 1526888199.726460
  277  517  517  517 1526888199.731339
  277  517  516  516 1526888199.760831
  278  517  517  516 1526888199.782599
    0    0    0  517 1526888199.786581
    0    0  516  516 1526888199.800331
    0    0  517  516 1526888199.895822
  277  517  516  516 1526888199.907829
  277  517  517  516 1526888199.916827
  277  516  516  517 1526888199.945949
    0    0    0  517 1526888200.044567
    0  517  516  516 1526888200.053071
  203  517  516  516 1526888200.127190
  277  517  517  517 1526888200.166573
  277  517  516  516 1526888200.175358
    0  517  516  516 1526888200.208320
  278  517  517  517 1526888200.254292
    0    0    0  516 1526888200.291565
  277  517  517  516 1526888200.354713
  277  517  516  516 1526888200.370441
  277  517  516  516 1526888200.400933
  277  516  516  516 1526888200.408689
    0    0  516  517 1526888200.417065
  277  517  517  516 1526888200.442315
  277  517  517  516 1526888200.451309
  241  516  517  517 1526888200.468060
  276  517  517  517 1526888200.481811
    0    0    0  517 1526888200.501514
  277  517  517  517 1526888200.514305
  277  517  516  516 1526888200.565057
  277  517  517  517 1526888200.578178
  277  517  516  516 1526888200.594182
  253  516  516  516 1526888200.627930
    0  517  516  516 1526888200.649803
    0    0  517  516 1526888200.692050
    0    0  517  517 1526888200.709178
  277  517  517  516 1526888200.726801
    0    0    0  516 1526888200.746924
  277  517  517  516 1526888200.750840
  246  517  517  516 1526888200.764302
    0  517  517  517 1526888200.768302
  277  517  517  517 1526888200.777216
  277  517  517  517 1526888200.923912
  277  517  516  517 1526888200.954558
    0  517  517  516 1526888201.023416
    0    0  516  516 1526888201.085408
  245  517  516  516 1526888201.123158
  277  517  517  516 1526888201.161284
    0    0  516  516 1526888201.179036
  277  517  516  516 1526888201.199287
    0    0    0  516 1526888201.208535
  277  517  516  517 1526888201.220407
  260  517  516  516 1526888201.323401
  276  517  517  516 1526888201.357902
    0    0  516  517 1526888201.387530
    0    0    0  517 1526888201.412282
  277  517  516  516 1526888201.425775
  277  517  517  516 1526888201.441774
  276  516  517  517 1526888201.446904
    0    0    0  516 1526888201.476525
  250  517  517  517 1526888201.481149
  277  517  517  517 1526888201.506645
  276  517  517  517 1526888201.544275
  276  517  517  517 1526888201.618640
  277  516  517  516 1526888201.623138
    0    0    0  517 1526888201.627013
    0    0    0  517 1526888201.639271
  115  516  517  516 1526888201.643398
  276  517  517  517 1526888201.664892
  239  517  517  517 1526888201.714895
  275  516  516  517 1526888201.736011
  276  517  517  517 1526888201.749144
  276  517  516  516 1526888201.753145
  277  516  516  516 1526888201.812388
  277  517  516  516 1526888201.824640
  276  517  517  516 1526888201.832507
  277  517  517  516 1526888201.871067
  190  517  517  517 1526888201.891636
  277  517  517  516 1526888201.925134
  277  517  517  516 1526888201.929134
  277  517  517  516 1526888201.938136
  277  517  517  517 1526888201.946792
  277  517  517  516 1526888201.968257
  277  517  517  517 1526888201.992758
  277  517  517  517 1526888202.021135
  276  517  517  517 1526888202.058821
  277  517  517  516 1526888202.113627
  277  516  516  516 1526888202.168371
  276  517  517  517 1526888202.176119
    0    0    0  517 1526888202.192638
    0    0  517  516 1526888202.218249
  277  517  516  516 1526888202.222126
  245  517  517  516 1526888202.276628
  277  517  517  517 1526888202.315372
  277  516  516  516 1526888202.327742
  277  517  517  517 1526888202.344495
    0    0    0  516 1526888202.374688
  270  517  517  517 1526888202.378619
    0    0    0  516 1526888202.402993
  277  517  516  516 1526888202.411743
    0    0    0  516 1526888202.437748
  279  517  516  516 1526888202.441747
    0    0    0  516 1526888202.458372
    0    0  516  516 1526888202.475370
  276  517  517  517 1526888202.509244
  277  517  517  517 1526888202.596731
    0  517  516  516 1526888202.617234
  277  516  517  517 1526888202.670862
    0    0    0  516 1526888202.699732
  238  517  516  516 1526888202.741859
    0    0    0  517 1526888202.753727
    0    0    0  516 1526888202.762105
