 282 1 1 1 1 5 31 1 16 15 14 1 1526912316.831914
 351 1 1 1 1 5 31 1 16 15 14 1 1526912317.473385
 442 1 1 1 1 5 31 1 16 15 13 1 1526912318.023866
 477 1 1 1 1 5 31 1 16 15 14 1 1526912319.173203
 492 1 1 1 1 5 31 1 16 15 13 1 1526912320.349290
 488 1 1 1 1 5 31 1 16 15 13 1 1526912322.420344
 484 1 1 1 1 5 31 1 16 15 13 1 1526912322.641961
 469 1 1 1 1 5 31 1 16 15 13 1 1526912322.836706
 258 1 1 1 1 5 31 1 16 15 13 1 1526912323.855422
 494 1 1 1 1 5 31 1 16 15 13 1 1526912323.887674
 302 1 1 1 1 5 31 1 16 15 13 1 1526912324.147912
 276 1 1 1 1 5 31 1 16 15 13 1 1526912324.272659
 474 1 1 1 1 5 31 1 16 15 13 1 1526912326.281089
 285 1 1 1 1 5 31 1 16 15 13 1 1526912326.488208
 491 1 1 1 1 5 31 1 16 15 13 1 1526912326.747199
 477 1 1 1 1 5 31 1 16 15 13 1 1526912327.076312
 477 1 1 1 1 5 31 1 16 15 13 1 1526912327.389679
