 390 1 1 1 1 423 27 1 11 10 8 903 1527007373.348460
 445 1 1 1 1 285 27 1 11 10 8 212 1527007373.361074
 163 1 1 1 1 425 27 1 11 10 8 294 1527007373.436450
 176 1 1 1 1 228 27 1 11 10 8 55 1527007373.448944
 171 1 1 1 1 410 27 1 11 10 8 72 1527007373.462825
 443 1 1 1 1 550 27 1 11 10 8 939 1527007373.561946
 881 1 1 1 1 168 27 1 11 10 8 77 1527007373.585324
 297 1 1 1 1 196 27 1 11 10 8 226 1527007373.676192
 250 1 1 1 1 832 27 1 11 10 8 481 1527007373.695560
 167 1 1 1 1 145 27 1 11 10 8 227 1527007373.719070
 280 1 1 1 1 418 27 1 11 10 8 227 1527007374.004307
 499 1 1 1 1 417 27 1 11 10 8 197 1527007374.164552
 160 1 1 1 1 221 27 1 11 10 8 493 1527007374.454826
 213 1 1 1 1 401 27 1 11 10 8 135 1527007374.462410
 440 1 1 1 1 197 27 1 11 10 8 917 1527007374.928026
 286 1 1 1 1 194 27 1 11 10 8 482 1527007375.040647
 384 1 1 1 1 476 27 1 11 10 8 212 1527007375.307513
 241 1 1 1 1 153 27 1 11 10 8 404 1527007375.489255
 212 1 1 1 1 175 27 1 11 10 8 165 1527007375.517753
 329 1 1 1 1 260 27 1 11 10 8 108 1527007375.579879
 462 1 1 1 1 870 27 1 11 10 8 498 1527007375.758372
 920 1 1 1 1 412 27 1 11 10 8 244 1527007375.825119
 272 1 1 1 1 254 27 1 11 10 8 95 1527007375.882243
 185 1 1 1 1 194 27 1 10 9 8 183 1527007376.608967
 165 1 1 1 1 162 27 1 11 10 8 488 1527007376.718215
 157 1 1 1 1 417 27 1 11 10 8 37 1527007376.732332
 451 1 1 1 1 319 27 1 11 10 8 608 1527007376.832336
 446 1 1 1 1 251 27 1 11 10 8 174 1527007376.902334
 209 1 1 1 1 232 27 1 11 10 8 367 1527007377.060328
 256 1 1 1 1 396 27 1 11 10 8 160 1527007377.230448
 194 1 1 1 1 255 27 1 11 10 8 782 1527007377.370819
 231 1 1 1 1 206 27 1 11 10 8 276 1527007377.483313
 493 1 1 1 1 173 27 1 11 10 8 109 1527007377.517564
 468 1 1 1 1 146 27 1 11 10 8 479 1527007377.995923
 458 1 1 1 1 413 27 1 11 10 8 115 1527007378.019676
 377 1 1 1 1 420 27 1 11 10 8 118 1527007378.027174
 298 1 1 1 1 232 27 1 11 10 8 117 1527007378.118044
 821 1 1 1 1 890 27 1 11 10 8 141 1527007378.279163
 166 1 1 1 1 357 27 1 10 10 8 73 1527007378.510905
 454 1 1 1 1 391 27 1 11 10 8 469 1527007378.536278
 351 1 1 1 1 388 27 1 11 10 8 218 1527007378.583783
 168 1 1 1 1 418 27 1 11 10 8 290 1527007378.624401
 166 1 1 1 1 153 27 1 11 10 8 236 1527007379.000516
 295 1 1 1 1 413 27 1 11 10 8 357 1527007379.049886
 425 1 1 1 1 152 27 1 10 10 8 161 1527007379.072765
 548 1 1 1 1 747 27 1 11 10 8 75 1527007379.443514
 434 1 1 1 1 425 27 1 11 10 8 77 1527007379.642367
 324 1 1 1 1 219 27 1 11 10 8 77 1527007379.721740
 1086 1 1 1 1 151 27 1 11 10 8 332 1527007379.802737
 208 1 1 1 1 347 27 1 11 10 8 468 1527007379.830987
 167 1 1 1 1 387 27 1 11 10 8 326 1527007380.117475
 368 1 1 1 1 770 27 1 11 10 8 321 1527007380.326970
 445 1 1 1 1 143 27 1 11 10 8 170 1527007380.461466
 214 1 1 1 1 422 27 1 11 10 8 940 1527007380.544840
 289 1 1 1 1 625 27 1 11 10 8 64 1527007380.724588
 171 1 1 1 1 301 27 1 11 10 8 146 1527007380.873824
 263 1 1 1 1 371 27 1 11 10 8 60 1527007381.166941
 444 1 1 1 1 853 27 1 11 10 8 205 1527007381.175313
 157 1 1 1 1 559 27 1 11 10 8 496 1527007381.364686
 721 1 1 1 1 292 27 1 11 10 8 154 1527007381.471806
 372 1 1 1 1 647 27 1 11 10 8 502 1527007381.484677
 236 1 1 1 1 856 27 1 11 10 8 57 1527007381.523680
 297 1 1 1 1 163 27 1 11 10 8 46 1527007381.601301
 384 1 1 1 1 229 27 1 11 10 8 133 1527007381.773170
 334 1 1 1 1 148 27 1 11 10 8 202 1527007382.141533
 154 1 1 1 1 412 27 1 11 10 8 325 1527007382.199780
 277 1 1 1 1 856 27 1 11 10 8 480 1527007382.413777
 619 1 1 1 1 298 27 1 11 10 8 316 1527007382.660016
 248 1 1 1 1 380 27 1 11 10 8 104 1527007382.717513
 222 1 1 1 1 196 27 1 11 10 8 471 1527007382.872759
 642 1 1 1 1 313 27 1 11 10 8 63 1527007382.916254
 160 1 1 1 1 149 27 1 11 10 8 504 1527007383.024753
 292 1 1 1 1 555 27 1 11 10 8 317 1527007383.491038
 284 1 1 1 1 415 27 1 11 10 8 222 1527007383.599858
 267 1 1 1 1 404 27 1 11 10 8 808 1527007383.755854
 167 1 1 1 1 151 27 1 11 10 8 365 1527007383.949347
 496 1 1 1 1 224 27 1 11 10 8 74 1527007384.156090
 699 1 1 1 1 151 27 1 11 10 8 74 1527007384.408332
 208 1 1 1 1 402 27 1 11 10 8 96 1527007384.631451
 168 1 1 1 1 250 27 1 10 10 8 110 1527007384.900696
 179 1 1 1 1 201 27 1 11 10 8 182 1527007385.160806
 161 1 1 1 1 849 27 1 11 10 8 459 1527007385.245117
 168 1 1 1 1 398 27 1 11 10 8 419 1527007385.479295
 149 1 1 1 1 641 27 1 11 10 8 50 1527007385.547426
 720 1 1 1 1 285 27 1 11 10 8 473 1527007385.578547
 160 1 1 1 1 416 27 1 11 10 8 58 1527007385.783911
 408 1 1 1 1 412 27 1 11 10 8 811 1527007386.162527
 160 1 1 1 1 392 27 1 11 10 8 469 1527007386.436014
 891 1 1 1 1 144 27 1 11 10 8 87 1527007386.556388
 417 1 1 1 1 445 27 1 11 10 8 380 1527007386.616132
 450 1 1 1 1 148 27 1 11 10 8 51 1527007386.731506
 447 1 1 1 1 148 27 1 11 10 8 513 1527007386.805000
 236 1 1 1 1 259 27 1 11 10 8 219 1527007386.882124
 262 1 1 1 1 407 27 1 11 10 8 252 1527007386.947120
 445 1 1 1 1 327 27 1 11 10 8 69 1527007387.027744
 223 1 1 1 1 162 27 1 11 10 8 306 1527007387.216869
 905 1 1 1 1 199 27 1 11 10 8 549 1527007387.436730
 324 1 1 1 1 372 27 1 11 10 8 506 1527007387.447974
 435 1 1 1 1 862 27 1 11 10 8 945 1527007387.571225
 255 1 1 1 1 159 27 1 11 10 8 766 1527007387.672347
 265 1 1 1 1 199 27 1 10 10 8 106 1527007387.872715
 224 1 1 1 1 404 27 1 11 10 8 475 1527007388.001611
 164 1 1 1 1 525 27 1 11 10 8 230 1527007388.052464
 369 1 1 1 1 869 27 1 11 10 8 459 1527007388.096211
 224 1 1 1 1 469 27 1 11 10 8 512 1527007388.141211
 706 1 1 1 1 150 27 1 11 10 8 353 1527007388.210833
 264 1 1 1 1 424 27 1 11 10 8 129 1527007388.246082
 210 1 1 1 1 175 27 1 11 10 8 180 1527007388.628591
 452 1 1 1 1 149 27 1 11 10 8 515 1527007388.768311
 864 1 1 1 1 376 27 1 11 10 8 592 1527007388.902811
 204 1 1 1 1 431 27 1 11 10 8 316 1527007388.974056
 161 1 1 1 1 842 27 1 11 10 8 186 1527007389.109053
 431 1 1 1 1 148 27 1 10 9 8 62 1527007389.578908
 438 1 1 1 1 181 27 1 11 10 8 104 1527007389.714156
 429 1 1 1 1 214 27 1 11 10 8 330 1527007389.869148
 212 1 1 1 1 144 27 1 11 10 8 40 1527007389.923521
 220 1 1 1 1 415 27 1 11 10 8 504 1527007390.192014
 437 1 1 1 1 302 27 1 11 10 8 224 1527007390.288764
 272 1 1 1 1 765 27 1 11 10 8 99 1527007390.326638
 180 1 1 1 1 262 27 1 11 10 8 263 1527007390.591250
 220 1 1 1 1 403 27 1 11 10 8 257 1527007391.069483
 179 1 1 1 1 253 27 1 11 10 8 64 1527007391.099609
 162 1 1 1 1 242 27 1 11 10 8 663 1527007391.255476
 448 1 1 1 1 539 27 1 11 10 8 416 1527007391.353600
 195 1 1 1 1 162 27 1 11 10 8 927 1527007391.362841
 264 1 1 1 1 218 27 1 11 10 8 475 1527007391.374976
 211 1 1 1 1 313 27 1 11 10 8 454 1527007391.434846
 166 1 1 1 1 150 27 1 11 10 8 481 1527007391.698712
 157 1 1 1 1 408 27 1 11 10 8 225 1527007392.010325
 155 1 1 1 1 279 27 1 11 10 8 36 1527007392.032203
 166 1 1 1 1 356 27 1 11 10 8 507 1527007392.135697
 244 1 1 1 1 148 27 1 11 10 8 135 1527007392.414562
 522 1 1 1 1 357 27 1 11 10 8 78 1527007392.534687
 669 1 1 1 1 147 27 1 11 10 8 100 1527007392.774300
 896 1 1 1 1 148 27 1 11 10 8 483 1527007392.808547
 207 1 1 1 1 270 27 1 11 10 8 529 1527007393.036419
 180 1 1 1 1 672 27 1 11 10 8 105 1527007393.674027
 167 1 1 1 1 606 27 1 11 10 8 48 1527007393.693771
 168 1 1 1 1 153 27 1 11 10 8 935 1527007393.699647
 153 1 1 1 1 422 27 1 11 10 8 187 1527007393.777515
 261 1 1 1 1 140 27 1 11 10 8 216 1527007393.866138
 430 1 1 1 1 323 27 1 11 10 8 294 1527007394.194751
 443 1 1 1 1 146 27 1 11 10 8 298 1527007394.312373
 443 1 1 1 1 651 27 1 11 10 8 280 1527007394.604239
 243 1 1 1 1 212 27 1 11 10 8 486 1527007394.962477
 213 1 1 1 1 450 27 1 11 10 8 249 1527007395.044601
 294 1 1 1 1 612 27 1 11 10 8 231 1527007395.196718
 176 1 1 1 1 159 27 1 11 10 8 241 1527007395.204837
 209 1 1 1 1 867 27 1 11 10 8 271 1527007395.217970
 247 1 1 1 1 405 27 1 11 10 8 606 1527007395.294216
 274 1 1 1 1 146 27 1 11 10 8 491 1527007395.527958
 161 1 1 1 1 151 27 1 11 10 8 245 1527007395.858326
 328 1 1 1 1 146 27 1 11 10 8 171 1527007395.923823
 172 1 1 1 1 318 27 1 11 10 8 156 1527007395.961946
 352 1 1 1 1 227 27 1 11 10 8 32 1527007396.107945
 236 1 1 1 1 145 27 1 11 10 8 156 1527007396.184564
 326 1 1 1 1 169 27 1 11 10 8 938 1527007396.226562
 682 1 1 1 1 399 27 1 11 10 8 403 1527007396.358559
 396 1 1 1 1 288 27 1 11 10 8 281 1527007396.727388
 298 1 1 1 1 646 27 1 11 10 8 396 1527007396.984538
 214 1 1 1 1 297 27 1 11 10 8 211 1527007397.133907
 161 1 1 1 1 406 27 1 11 10 8 109 1527007397.191149
 362 1 1 1 1 151 27 1 11 10 8 937 1527007397.197019
 913 1 1 1 1 157 27 1 11 10 8 503 1527007397.452021
 224 1 1 1 1 152 27 1 11 10 8 207 1527007397.566515
 161 1 1 1 1 383 27 1 11 10 8 135 1527007397.574016
 156 1 1 1 1 142 27 1 11 10 8 215 1527007397.866130
 878 1 1 1 1 144 27 1 11 10 8 145 1527007397.880247
 221 1 1 1 1 413 27 1 11 10 8 155 1527007397.891007
 260 1 1 1 1 246 27 1 11 10 8 484 1527007397.935751
 335 1 1 1 1 207 27 1 11 10 8 244 1527007397.949744
 890 1 1 1 1 399 27 1 11 10 8 305 1527007398.022626
 430 1 1 1 1 441 27 1 11 10 8 73 1527007398.139370
 220 1 1 1 1 169 27 1 11 10 8 386 1527007398.186868
 846 1 1 1 1 161 27 1 11 10 8 157 1527007398.309739
 153 1 1 1 1 413 27 1 11 10 8 266 1527007398.329751
 375 1 1 1 1 144 27 1 11 10 8 304 1527007398.547981
 252 1 1 1 1 416 27 1 11 10 8 143 1527007398.704605
 287 1 1 1 1 315 27 1 11 10 8 490 1527007398.786097
 271 1 1 1 1 270 27 1 11 10 8 188 1527007398.872095
 168 1 1 1 1 147 27 1 11 10 8 92 1527007398.976343
 655 1 1 1 1 844 27 1 11 10 8 502 1527007399.089591
 434 1 1 1 1 529 27 1 11 10 8 74 1527007399.709819
 452 1 1 1 1 149 27 1 11 10 8 83 1527007400.183552
 254 1 1 1 1 160 27 1 11 10 8 579 1527007400.205553
 224 1 1 1 1 843 27 1 11 10 8 383 1527007400.264555
 415 1 1 1 1 152 27 1 11 10 8 137 1527007400.681785
 215 1 1 1 1 408 27 1 11 10 8 334 1527007400.802280
 489 1 1 1 1 420 27 1 11 10 8 80 1527007400.880777
 506 1 1 1 1 599 27 1 11 10 8 240 1527007400.984399
 435 1 1 1 1 175 27 1 11 10 8 401 1527007401.147018
 161 1 1 1 1 429 27 1 11 10 8 256 1527007401.432010
 215 1 1 1 1 704 27 1 11 10 8 29 1527007401.528506
 352 1 1 1 1 527 27 1 11 10 8 494 1527007401.833746
 238 1 1 1 1 205 27 1 11 10 8 962 1527007401.957741
 548 1 1 1 1 238 27 1 11 10 8 276 1527007402.045863
 302 1 1 1 1 418 27 1 11 10 8 226 1527007402.084860
 437 1 1 1 1 614 27 1 11 10 8 234 1527007402.358103
 437 1 1 1 1 212 27 1 11 10 8 357 1527007402.533226
 578 1 1 1 1 292 27 1 11 10 8 77 1527007402.547725
 379 1 1 1 1 382 27 1 11 10 8 466 1527007402.735716
 170 1 1 1 1 646 27 1 11 10 8 93 1527007402.985457
 162 1 1 1 1 189 27 1 11 10 8 751 1527007403.021083
 436 1 1 1 1 345 27 1 11 10 8 288 1527007403.097828
 412 1 1 1 1 419 27 1 11 10 8 686 1527007403.263324
 236 1 1 1 1 146 27 1 10 10 8 54 1527007403.390817
 172 1 1 1 1 220 27 1 11 10 8 192 1527007403.902056
 303 1 1 1 1 148 27 1 11 10 8 624 1527007404.032926
 254 1 1 1 1 286 27 1 11 10 8 60 1527007404.175796
 337 1 1 1 1 400 27 1 11 10 8 91 1527007404.193795
 237 1 1 1 1 145 27 1 11 10 8 244 1527007404.235417
 167 1 1 1 1 272 27 1 11 10 8 91 1527007404.619781
 172 1 1 1 1 205 27 1 11 10 8 221 1527007404.805026
 220 1 1 1 1 412 27 1 11 10 8 215 1527007404.818403
 186 1 1 1 1 409 27 1 11 10 8 115 1527007405.262760
 170 1 1 1 1 160 27 1 11 10 8 945 1527007405.282009
 352 1 1 1 1 405 27 1 11 10 8 341 1527007405.693864
 758 1 1 1 1 181 27 1 11 10 8 146 1527007405.827486
 431 1 1 1 1 146 27 1 11 10 8 185 1527007405.855983
 360 1 1 1 1 427 27 1 11 10 8 64 1527007406.274720
 673 1 1 1 1 351 27 1 11 10 8 134 1527007406.472215
 253 1 1 1 1 240 27 1 11 10 8 333 1527007406.530962
 443 1 1 1 1 1135 27 1 11 10 8 461 1527007406.865826
 193 1 1 1 1 839 27 1 11 10 8 126 1527007406.936198
 162 1 1 1 1 851 27 1 11 10 8 321 1527007407.011821
 586 1 1 1 1 418 27 1 11 10 8 99 1527007407.124068
 235 1 1 1 1 540 27 1 11 10 8 141 1527007407.168315
 184 1 1 1 1 697 27 1 11 10 8 231 1527007407.319436
 227 1 1 1 1 144 27 1 11 10 8 336 1527007407.771296
 425 1 1 1 1 145 27 1 11 10 8 238 1527007407.981789
 316 1 1 1 1 236 27 1 11 10 8 125 1527007407.987782
 286 1 1 1 1 758 27 1 11 10 8 431 1527007408.156660
 864 1 1 1 1 253 27 1 11 10 8 477 1527007408.217155
 892 1 1 1 1 147 27 1 11 10 8 496 1527007408.261151
 329 1 1 1 1 336 27 1 11 10 8 126 1527007408.402775
 286 1 1 1 1 419 27 1 11 10 8 447 1527007408.469647
 443 1 1 1 1 184 27 1 11 10 8 80 1527007408.761640
 184 1 1 1 1 423 27 1 11 10 8 269 1527007408.772505
 174 1 1 1 1 413 27 1 11 10 8 732 1527007408.819761
 330 1 1 1 1 640 27 1 11 10 8 137 1527007408.910133
 171 1 1 1 1 158 27 1 11 10 8 671 1527007409.105501
 491 1 1 1 1 156 27 1 11 10 8 156 1527007409.159374
 156 1 1 1 1 259 27 1 11 10 8 57 1527007409.343868
 788 1 1 1 1 165 27 1 11 10 8 160 1527007409.482239
 176 1 1 1 1 237 27 1 11 10 8 82 1527007409.568487
 714 1 1 1 1 394 27 1 11 10 8 885 1527007409.734855
 154 1 1 1 1 281 27 1 11 10 8 108 1527007409.905848
 281 1 1 1 1 416 27 1 11 10 8 139 1527007410.054220
 237 1 1 1 1 399 27 1 11 10 8 119 1527007410.111593
 838 1 1 1 1 831 27 1 11 10 8 195 1527007410.304087
 362 1 1 1 1 209 27 1 11 10 8 167 1527007410.336964
 161 1 1 1 1 146 27 1 11 10 8 835 1527007410.542952
 289 1 1 1 1 259 27 1 11 10 8 90 1527007410.587075
 234 1 1 1 1 853 27 1 11 10 8 156 1527007410.947315
 244 1 1 1 1 174 27 1 11 10 8 55 1527007411.376299
 157 1 1 1 1 410 27 1 11 10 8 34 1527007411.551169
 205 1 1 1 1 141 27 1 11 10 8 169 1527007411.585543
 441 1 1 1 1 413 27 1 11 10 8 480 1527007411.777412
 174 1 1 1 1 714 27 1 11 10 8 117 1527007411.810165
 296 1 1 1 1 240 27 1 11 10 8 523 1527007412.249769
 888 1 1 1 1 224 27 1 11 10 8 215 1527007412.479887
 168 1 1 1 1 148 27 1 11 10 8 179 1527007412.615309
 532 1 1 1 1 338 27 1 11 10 8 87 1527007412.677255
 167 1 1 1 1 147 27 1 11 10 8 501 1527007412.705006
 436 1 1 1 1 145 27 1 11 10 8 63 1527007412.843875
 451 1 1 1 1 290 27 1 11 10 8 400 1527007413.195114
 286 1 1 1 1 418 27 1 11 10 8 45 1527007413.321360
 143 1 1 1 1 148 27 1 11 10 8 470 1527007413.343236
 432 1 1 1 1 258 27 1 11 10 8 204 1527007413.450729
 429 1 1 1 1 637 27 1 11 10 8 81 1527007414.022835
 158 1 1 1 1 145 27 1 11 10 8 340 1527007414.058845
 440 1 1 1 1 157 27 1 11 10 8 412 1527007414.179080
 395 1 1 1 1 408 27 1 11 10 8 926 1527007414.493577
 158 1 1 1 1 144 27 1 11 10 8 193 1527007414.517202
 244 1 1 1 1 143 27 1 11 10 8 66 1527007414.734062
 436 1 1 1 1 151 27 1 11 10 8 92 1527007414.786435
 432 1 1 1 1 184 27 1 11 10 8 164 1527007414.919683
 214 1 1 1 1 296 27 1 11 10 8 271 1527007414.939693
 169 1 1 1 1 413 27 1 11 10 8 379 1527007415.011927
 199 1 1 1 1 411 27 1 11 10 8 101 1527007415.134175
 221 1 1 1 1 427 27 1 11 10 8 159 1527007415.171798
 176 1 1 1 1 229 27 1 11 10 8 362 1527007415.223171
 188 1 1 1 1 264 27 1 11 10 8 176 1527007415.305418
 334 1 1 1 1 422 27 1 11 10 8 258 1527007415.331665
 217 1 1 1 1 242 27 1 11 10 8 201 1527007415.619031
 193 1 1 1 1 420 27 1 11 10 8 504 1527007415.854275
 162 1 1 1 1 164 27 1 11 10 8 483 1527007415.937646
 184 1 1 1 1 168 27 1 11 10 8 293 1527007416.153139
 157 1 1 1 1 277 27 1 11 10 8 312 1527007416.283385
 207 1 1 1 1 836 27 1 11 10 8 516 1527007416.294252
 213 1 1 1 1 282 27 1 11 10 8 485 1527007416.398130
 437 1 1 1 1 653 27 1 11 10 8 52 1527007416.596124
 354 1 1 1 1 288 27 1 11 10 8 88 1527007416.622871
 174 1 1 1 1 202 27 1 11 10 8 327 1527007416.745120
 216 1 1 1 1 187 27 1 11 10 8 106 1527007416.947239
 345 1 1 1 1 252 27 1 11 10 8 219 1527007417.230978
 780 1 1 1 1 289 27 1 11 10 8 300 1527007417.494093
 426 1 1 1 1 406 27 1 11 10 8 155 1527007417.569090
 201 1 1 1 1 365 27 1 11 10 8 494 1527007417.920955
 212 1 1 1 1 204 27 1 11 10 8 412 1527007417.935073
 719 1 1 1 1 418 27 1 11 10 8 216 1527007417.988079
 183 1 1 1 1 899 27 1 11 10 8 275 1527007418.503809
 257 1 1 1 1 874 27 1 11 10 8 192 1527007418.929171
 296 1 1 1 1 175 27 1 11 10 8 335 1527007419.318037
 268 1 1 1 1 147 27 1 11 10 8 349 1527007419.352412
 271 1 1 1 1 418 27 1 11 10 8 208 1527007419.558525
 408 1 1 1 1 200 27 1 11 10 8 75 1527007419.618773
 278 1 1 1 1 154 27 1 11 10 8 386 1527007419.831391
 161 1 1 1 1 210 27 1 11 10 8 781 1527007419.867266
 436 1 1 1 1 634 27 1 11 10 8 401 1527007419.974883
 326 1 1 1 1 408 27 1 11 10 8 413 1527007420.398999
 386 1 1 1 1 268 27 1 11 10 8 471 1527007420.614114
 382 1 1 1 1 565 27 1 11 10 8 484 1527007421.019729
 508 1 1 1 1 254 27 1 11 10 8 130 1527007421.454840
 189 1 1 1 1 299 27 1 11 10 8 146 1527007421.498214
 440 1 1 1 1 147 27 1 11 10 8 114 1527007421.656457
 233 1 1 1 1 146 27 1 11 10 8 813 1527007421.700606
 758 1 1 1 1 143 27 1 11 10 8 54 1527007421.769481
 442 1 1 1 1 267 27 1 11 10 8 231 1527007421.937589
 540 1 1 1 1 413 27 1 11 10 8 474 1527007421.994819
 375 1 1 1 1 146 27 1 11 10 8 62 1527007422.189058
 334 1 1 1 1 427 27 1 11 10 8 81 1527007422.573801
 434 1 1 1 1 207 27 1 11 10 8 188 1527007422.713171
 425 1 1 1 1 434 27 1 11 10 8 155 1527007422.856168
 349 1 1 1 1 250 27 1 11 10 8 927 1527007422.888999
 166 1 1 1 1 222 27 1 11 10 8 500 1527007423.117160
 210 1 1 1 1 452 27 1 11 10 8 186 1527007423.144031
 162 1 1 1 1 412 27 1 11 10 8 200 1527007423.489280
 239 1 1 1 1 740 27 1 11 10 8 133 1527007423.496891
 444 1 1 1 1 207 27 1 11 10 8 218 1527007423.529919
 159 1 1 1 1 143 27 1 11 10 8 198 1527007423.588514
 348 1 1 1 1 414 27 1 11 10 8 820 1527007424.235993
 432 1 1 1 1 305 27 1 11 10 8 447 1527007424.635228
 896 1 1 1 1 142 27 1 11 10 8 129 1527007424.673102
 177 1 1 1 1 175 27 1 11 10 8 331 1527007424.753224
 335 1 1 1 1 144 27 1 11 10 8 48 1527007424.768851
 445 1 1 1 1 237 27 1 11 10 8 413 1527007424.800601
 614 1 1 1 1 408 27 1 11 10 8 271 1527007424.818476
 169 1 1 1 1 266 27 1 11 10 8 163 1527007425.084339
 474 1 1 1 1 216 27 1 11 10 8 336 1527007425.263959
 299 1 1 1 1 398 27 1 11 10 8 88 1527007425.413702
 333 1 1 1 1 428 27 1 11 10 8 70 1527007425.857588
 782 1 1 1 1 304 27 1 11 10 8 476 1527007425.907061
 210 1 1 1 1 199 27 1 11 10 8 101 1527007425.962060
 164 1 1 1 1 616 27 1 11 10 8 63 1527007426.065180
 706 1 1 1 1 287 27 1 11 10 8 117 1527007426.115681
 231 1 1 1 1 484 27 1 11 10 8 37 1527007426.475792
 237 1 1 1 1 413 27 1 11 10 8 923 1527007426.492168
 500 1 1 1 1 403 27 1 11 10 8 178 1527007426.710783
 278 1 1 1 1 145 27 1 11 10 8 99 1527007426.972275
 244 1 1 1 1 415 27 1 11 10 8 110 1527007427.214142
 170 1 1 1 1 236 27 1 11 10 8 62 1527007427.235532
 158 1 1 1 1 411 27 1 11 10 8 56 1527007427.386763
 770 1 1 1 1 208 27 1 11 10 8 481 1527007427.478825
 283 1 1 1 1 147 27 1 11 10 8 494 1527007427.526384
 448 1 1 1 1 301 27 1 11 10 8 235 1527007427.808120
 311 1 1 1 1 709 27 1 11 10 8 318 1527007427.881124
 571 1 1 1 1 423 27 1 11 10 8 231 1527007427.954994
 193 1 1 1 1 402 27 1 11 10 8 887 1527007427.989380
 278 1 1 1 1 197 27 1 11 10 8 280 1527007428.194627
 311 1 1 1 1 422 27 1 11 10 8 942 1527007428.274111
 195 1 1 1 1 276 27 1 11 10 8 917 1527007428.398993
 170 1 1 1 1 291 27 1 11 10 8 151 1527007428.422229
 400 1 1 1 1 144 27 1 11 10 8 131 1527007428.513477
 368 1 1 1 1 172 27 1 11 10 8 479 1527007428.622099
 683 1 1 1 1 249 27 1 11 10 8 142 1527007428.648094
 448 1 1 1 1 169 27 1 11 10 8 309 1527007428.665840
 157 1 1 1 1 189 27 1 11 10 8 515 1527007428.808619
 258 1 1 1 1 164 27 1 11 10 8 921 1527007429.080209
 296 1 1 1 1 230 27 1 11 10 8 492 1527007429.154332
 164 1 1 1 1 408 27 1 11 10 8 49 1527007429.233972
 188 1 1 1 1 415 27 1 11 10 8 139 1527007429.359107
 296 1 1 1 1 151 27 1 11 10 8 813 1527007429.437817
 212 1 1 1 1 276 27 1 11 10 8 466 1527007429.597937
 223 1 1 1 1 416 27 1 11 10 8 130 1527007429.745306
 656 1 1 1 1 214 27 1 11 10 8 504 1527007429.751180
 665 1 1 1 1 269 27 1 11 10 8 290 1527007430.192794
 276 1 1 1 1 287 27 1 11 10 8 795 1527007430.313786
 441 1 1 1 1 162 27 1 11 10 8 29 1527007430.560529
 162 1 1 1 1 307 27 1 11 10 8 437 1527007430.797396
 163 1 1 1 1 282 27 1 11 10 8 80 1527007430.830526
 182 1 1 1 1 426 27 1 11 10 8 581 1527007431.057392
 1090 1 1 1 1 152 27 1 11 10 8 57 1527007431.181139
 209 1 1 1 1 155 27 1 11 10 8 773 1527007431.263005
 240 1 1 1 1 275 27 1 11 10 8 297 1527007431.488378
 283 1 1 1 1 229 27 1 11 10 8 426 1527007431.504875
 885 1 1 1 1 292 27 1 11 10 8 488 1527007431.542249
 155 1 1 1 1 409 27 1 11 10 8 120 1527007431.559623
 241 1 1 1 1 346 27 1 11 10 8 125 1527007431.596122
 213 1 1 1 1 180 27 1 11 10 8 135 1527007431.662870
 343 1 1 1 1 305 27 1 11 10 8 498 1527007432.442841
 168 1 1 1 1 510 27 1 11 10 8 32 1527007432.860592
 378 1 1 1 1 222 27 1 11 10 8 399 1527007432.889954
 437 1 1 1 1 402 27 1 11 10 8 174 1527007432.950454
 173 1 1 1 1 145 27 1 11 10 8 462 1527007433.004594
 319 1 1 1 1 151 27 1 11 10 8 689 1527007433.044823
 154 1 1 1 1 227 27 1 11 10 8 280 1527007433.094072
 236 1 1 1 1 443 27 1 11 10 8 57 1527007433.166817
 209 1 1 1 1 296 27 1 11 10 8 520 1527007433.219817
 247 1 1 1 1 142 27 1 11 10 8 339 1527007433.347937
 358 1 1 1 1 280 27 1 11 10 8 344 1527007433.453804
 170 1 1 1 1 416 27 1 11 10 8 298 1527007433.618925
 212 1 1 1 1 212 27 1 11 10 8 496 1527007433.802300
 181 1 1 1 1 375 27 1 11 10 8 635 1527007434.198782
 315 1 1 1 1 428 27 1 11 10 8 49 1527007434.258530
 196 1 1 1 1 300 27 1 11 10 8 49 1527007434.332527
 160 1 1 1 1 209 27 1 11 10 8 109 1527007434.441898
 190 1 1 1 1 177 27 1 11 10 8 455 1527007434.556020
 370 1 1 1 1 820 27 1 11 10 8 271 1527007434.921383
 461 1 1 1 1 354 27 1 11 10 8 199 1527007435.029254
 456 1 1 1 1 512 27 1 11 10 8 52 1527007435.080628
 427 1 1 1 1 146 27 1 11 10 8 603 1527007435.122752
 736 1 1 1 1 256 27 1 11 10 8 263 1527007435.142505
 442 1 1 1 1 142 27 1 11 10 8 136 1527007435.152128
 346 1 1 1 1 275 27 1 11 10 8 330 1527007435.280121
 468 1 1 1 1 154 27 1 11 10 8 51 1527007435.635236
 324 1 1 1 1 152 27 1 11 10 8 245 1527007435.663732
 280 1 1 1 1 654 27 1 11 10 8 279 1527007435.693355
 235 1 1 1 1 140 27 1 11 10 8 920 1527007435.883976
 244 1 1 1 1 255 27 1 11 10 8 389 1527007435.902725
 250 1 1 1 1 217 27 1 11 10 8 274 1527007436.067220
 907 1 1 1 1 412 27 1 11 10 8 121 1527007436.090847
 590 1 1 1 1 245 27 1 11 10 8 798 1527007436.238989
 221 1 1 1 1 186 27 1 11 10 8 498 1527007436.278087
 206 1 1 1 1 140 27 1 11 10 8 66 1527007436.382210
 159 1 1 1 1 155 27 1 11 10 8 483 1527007436.667948
 288 1 1 1 1 195 27 1 11 10 8 126 1527007436.932940
 256 1 1 1 1 873 27 1 11 10 8 208 1527007437.310552
 160 1 1 1 1 152 27 1 11 10 8 300 1527007437.629291
 178 1 1 1 1 169 27 1 11 10 8 248 1527007437.857157
 182 1 1 1 1 130 27 1 11 10 8 166 1527007437.923906
 333 1 1 1 1 146 27 1 11 10 8 344 1527007438.477262
 432 1 1 1 1 215 27 1 11 10 8 147 1527007438.846627
 182 1 1 1 1 187 27 1 11 10 8 83 1527007439.006121
 209 1 1 1 1 414 27 1 11 10 8 289 1527007439.039370
 730 1 1 1 1 409 27 1 11 10 8 323 1527007439.443611
 754 1 1 1 1 165 27 1 11 10 8 159 1527007439.556726
 378 1 1 1 1 228 27 1 11 10 8 87 1527007439.617629
 269 1 1 1 1 322 27 1 11 10 8 507 1527007439.777225
 172 1 1 1 1 416 27 1 11 10 8 85 1527007439.960498
 226 1 1 1 1 476 27 1 11 10 8 197 1527007439.969705
 324 1 1 1 1 196 27 1 11 10 8 60 1527007440.038460
 164 1 1 1 1 291 27 1 11 10 8 92 1527007440.141332
 338 1 1 1 1 333 27 1 11 10 8 499 1527007440.311451
 181 1 1 1 1 149 27 1 11 10 8 501 1527007440.741562
 754 1 1 1 1 370 27 1 11 10 8 171 1527007440.752558
 550 1 1 1 1 163 27 1 11 10 8 927 1527007440.818694
 184 1 1 1 1 403 27 1 11 10 8 912 1527007440.882683
 162 1 1 1 1 147 27 1 11 10 8 80 1527007440.890436
 162 1 1 1 1 148 27 1 11 10 8 188 1527007441.096799
 439 1 1 1 1 333 27 1 11 10 8 149 1527007441.490161
 451 1 1 1 1 150 27 1 11 10 8 250 1527007442.063518
 253 1 1 1 1 148 27 1 11 10 8 209 1527007442.282260
 231 1 1 1 1 162 27 1 11 10 8 531 1527007442.516752
 356 1 1 1 1 414 27 1 11 10 8 247 1527007442.621624
 481 1 1 1 1 606 27 1 11 10 8 847 1527007442.629241
 183 1 1 1 1 398 27 1 11 10 8 912 1527007442.710495
 537 1 1 1 1 156 27 1 11 10 8 90 1527007442.719739
 694 1 1 1 1 859 27 1 11 10 8 458 1527007443.114484
 631 1 1 1 1 395 27 1 11 10 8 46 1527007443.424726
 269 1 1 1 1 414 27 1 11 10 8 434 1527007443.487596
 210 1 1 1 1 424 27 1 11 10 8 727 1527007443.670589
 905 1 1 1 1 419 27 1 11 10 8 495 1527007443.844718
 166 1 1 1 1 151 27 1 11 10 8 120 1527007444.041076
 166 1 1 1 1 314 27 1 11 10 8 209 1527007444.074450
 210 1 1 1 1 390 27 1 11 10 8 34 1527007444.088445
 444 1 1 1 1 234 27 1 11 10 8 201 1527007444.119448
 160 1 1 1 1 241 27 1 11 10 8 122 1527007444.504311
 690 1 1 1 1 214 27 1 11 10 8 43 1527007444.558684
 428 1 1 1 1 420 27 1 11 10 8 423 1527007444.670307
 201 1 1 1 1 226 27 1 11 10 8 76 1527007444.745052
 378 1 1 1 1 256 27 1 11 10 8 401 1527007444.862549
 179 1 1 1 1 260 27 1 11 10 8 77 1527007444.928295
 355 1 1 1 1 145 27 1 11 10 8 196 1527007445.203539
 168 1 1 1 1 165 27 1 11 10 8 479 1527007445.471903
 314 1 1 1 1 216 27 1 11 10 8 708 1527007445.554149
 260 1 1 1 1 439 27 1 11 10 8 38 1527007445.623273
 363 1 1 1 1 183 27 1 11 10 8 72 1527007445.998011
 199 1 1 1 1 394 27 1 11 10 8 159 1527007446.128880
 231 1 1 1 1 889 27 1 11 10 8 26 1527007446.134998
 398 1 1 1 1 335 27 1 11 10 8 98 1527007446.207753
 225 1 1 1 1 312 27 1 11 10 8 505 1527007446.320881
 159 1 1 1 1 301 27 1 11 10 8 275 1527007446.383744
 439 1 1 1 1 404 27 1 11 10 8 199 1527007446.392864
 360 1 1 1 1 417 27 1 11 10 8 475 1527007446.524368
 695 1 1 1 1 216 27 1 11 10 8 256 1527007446.777610
 919 1 1 1 1 408 27 1 11 10 8 893 1527007447.161471
 382 1 1 1 1 141 27 1 11 10 8 59 1527007447.585957
 297 1 1 1 1 308 27 1 11 10 8 56 1527007447.637454
 609 1 1 1 1 152 27 1 11 10 8 76 1527007448.045066
 250 1 1 1 1 313 27 1 11 10 8 958 1527007448.244186
 164 1 1 1 1 241 27 1 11 10 8 73 1527007448.477927
 161 1 1 1 1 834 27 1 11 10 8 131 1527007448.660545
 295 1 1 1 1 158 27 1 11 10 8 336 1527007448.713295
 165 1 1 1 1 430 27 1 11 10 8 462 1527007448.847914
 179 1 1 1 1 263 27 1 11 10 8 39 1527007448.985035
 440 1 1 1 1 154 27 1 11 10 8 267 1527007449.059156
 285 1 1 1 1 838 27 1 11 10 8 215 1527007449.065150
 159 1 1 1 1 377 27 1 11 10 8 78 1527007449.089158
 317 1 1 1 1 141 27 1 11 10 8 68 1527007449.177583
 159 1 1 1 1 415 27 1 11 10 8 114 1527007449.378521
 421 1 1 1 1 843 27 1 11 10 8 366 1527007449.392640
 164 1 1 1 1 402 27 1 11 10 8 639 1527007449.404891
 672 1 1 1 1 408 27 1 11 10 8 640 1527007449.615766
 239 1 1 1 1 263 27 1 11 10 8 220 1527007449.684009
 485 1 1 1 1 546 27 1 11 10 8 444 1527007450.220618
 177 1 1 1 1 154 27 1 11 10 8 211 1527007450.233113
 614 1 1 1 1 415 27 1 11 10 8 104 1527007450.253620
 382 1 1 1 1 173 27 1 11 10 8 203 1527007450.447859
 799 1 1 1 1 343 27 1 11 10 8 766 1527007450.576981
 247 1 1 1 1 215 27 1 11 10 8 760 1527007450.651104
 378 1 1 1 1 251 27 1 11 10 8 424 1527007450.677352
 160 1 1 1 1 420 27 1 11 10 8 825 1527007450.845845
 168 1 1 1 1 147 27 1 11 10 8 477 1527007450.870621
 174 1 1 1 1 449 27 1 11 10 8 80 1527007451.027715
 167 1 1 1 1 246 27 1 11 10 8 207 1527007451.079840
 179 1 1 1 1 827 27 1 11 10 8 242 1527007451.450704
 183 1 1 1 1 265 27 1 11 10 8 490 1527007451.486074
 253 1 1 1 1 188 27 1 11 10 8 265 1527007451.555198
 230 1 1 1 1 304 27 1 11 10 8 932 1527007451.997934
 484 1 1 1 1 356 27 1 11 10 8 356 1527007452.049306
 211 1 1 1 1 223 27 1 11 10 8 183 1527007452.315423
 449 1 1 1 1 151 27 1 11 10 8 942 1527007452.478166
 159 1 1 1 1 145 27 1 11 10 8 470 1527007452.575792
 435 1 1 1 1 274 27 1 11 10 8 146 1527007452.741791
 205 1 1 1 1 882 27 1 11 10 8 213 1527007452.759787
 201 1 1 1 1 419 27 1 11 10 8 369 1527007452.818909
 245 1 1 1 1 333 27 1 11 10 8 72 1527007452.860656
 246 1 1 1 1 186 27 1 11 10 8 499 1527007452.930527
 585 1 1 1 1 417 27 1 11 10 8 189 1527007452.973526
 161 1 1 1 1 198 27 1 11 10 8 47 1527007453.062522
 431 1 1 1 1 433 27 1 11 10 8 153 1527007453.075015
 334 1 1 1 1 289 27 1 11 10 8 126 1527007453.404887
 170 1 1 1 1 581 27 1 11 10 8 135 1527007453.451509
 383 1 1 1 1 281 27 1 11 10 8 227 1527007454.224859
 160 1 1 1 1 834 27 1 11 10 8 78 1527007454.304230
 237 1 1 1 1 411 27 1 11 10 8 466 1527007454.358478
 314 1 1 1 1 316 27 1 11 10 8 732 1527007454.628094
 423 1 1 1 1 148 27 1 11 10 8 187 1527007454.771089
 718 1 1 1 1 150 27 1 11 10 8 175 1527007454.889086
 190 1 1 1 1 481 27 1 11 10 8 487 1527007455.072706
 183 1 1 1 1 642 27 1 11 10 8 288 1527007455.086823
 257 1 1 1 1 429 27 1 11 10 8 323 1527007455.397693
 431 1 1 1 1 139 27 1 11 10 8 492 1527007455.815929
 241 1 1 1 1 194 27 1 11 10 8 196 1527007455.836195
 175 1 1 1 1 308 27 1 11 10 8 466 1527007455.869052
 166 1 1 1 1 863 27 1 11 10 8 119 1527007455.882061
 453 1 1 1 1 365 27 1 11 10 9 665 1527007455.954563
 227 1 1 1 1 155 27 1 11 10 8 120 1527007456.029047
 205 1 1 1 1 347 27 1 11 10 8 564 1527007456.092309
 244 1 1 1 1 389 27 1 11 10 8 917 1527007456.382536
 208 1 1 1 1 176 27 1 11 10 8 543 1527007456.772148
 329 1 1 1 1 851 27 1 11 10 8 41 1527007457.155509
 441 1 1 1 1 414 27 1 11 10 8 49 1527007457.234757
 292 1 1 1 1 149 27 1 11 10 8 199 1527007457.471640
 354 1 1 1 1 414 27 1 11 10 8 119 1527007457.640121
 156 1 1 1 1 244 27 1 11 10 8 290 1527007457.684250
 160 1 1 1 1 145 27 1 11 10 8 488 1527007457.868111
 224 1 1 1 1 406 27 1 11 10 8 82 1527007457.942608
 449 1 1 1 1 189 27 1 11 10 8 658 1527007458.291097
 219 1 1 1 1 565 27 1 11 10 8 82 1527007458.400467
 174 1 1 1 1 210 27 1 11 10 8 512 1527007458.413342
 455 1 1 1 1 254 27 1 11 10 8 92 1527007458.419971
 612 1 1 1 1 291 27 1 11 10 8 61 1527007458.514965
 269 1 1 1 1 403 27 1 11 10 8 29 1527007458.700082
 277 1 1 1 1 163 27 1 11 10 8 232 1527007458.781724
 163 1 1 1 1 255 27 1 11 10 8 943 1527007458.858078
 455 1 1 1 1 142 27 1 11 10 8 149 1527007459.007944
 189 1 1 1 1 428 27 1 11 10 8 145 1527007459.271438
 917 1 1 1 1 381 27 1 11 10 8 477 1527007459.292201
 885 1 1 1 1 271 27 1 11 10 9 536 1527007459.655800
 405 1 1 1 1 162 27 1 11 10 8 473 1527007459.762175
 280 1 1 1 1 146 27 1 11 10 8 48 1527007459.876171
 897 1 1 1 1 405 27 1 11 10 8 497 1527007459.897928
 71 1 1 1 1 83 21 1 1 1 1 197 1527007460.049042
 227 1 1 1 1 406 27 1 11 10 8 91 1527007460.388275
 419 1 1 1 1 161 27 1 11 10 8 379 1527007460.394653
 243 1 1 1 1 150 27 1 11 10 8 933 1527007460.519397
 236 1 1 1 1 148 27 1 11 10 8 110 1527007460.596520
 155 1 1 1 1 417 27 1 11 10 8 109 1527007460.748389
 422 1 1 1 1 459 27 1 11 10 8 219 1527007460.949256
 431 1 1 1 1 248 27 1 11 10 8 679 1527007461.036878
 420 1 1 1 1 163 27 1 11 10 8 158 1527007461.188142
 771 1 1 1 1 156 27 1 11 10 8 146 1527007461.291246
 317 1 1 1 1 206 27 1 11 10 8 248 1527007461.939473
 184 1 1 1 1 155 27 1 11 10 8 480 1527007462.026346
 229 1 1 1 1 216 27 1 11 10 8 276 1527007462.100844
 359 1 1 1 1 848 27 1 11 10 8 484 1527007462.186091
 162 1 1 1 1 318 27 1 11 10 8 288 1527007462.283971
 178 1 1 1 1 167 27 1 11 10 8 397 1527007462.319091
 188 1 1 1 1 426 27 1 11 10 8 166 1527007462.337840
 705 1 1 1 1 203 27 1 11 10 8 189 1527007462.484957
 368 1 1 1 1 179 27 1 11 10 8 397 1527007462.696953
 164 1 1 1 1 143 27 1 11 10 8 87 1527007462.877193
 157 1 1 1 1 143 27 1 11 10 8 496 1527007463.056345
 314 1 1 1 1 146 27 1 11 10 8 617 1527007463.121934
 282 1 1 1 1 164 27 1 11 10 8 473 1527007463.134681
 293 1 1 1 1 378 27 1 11 10 8 255 1527007463.158969
 170 1 1 1 1 147 27 1 11 10 8 482 1527007463.529421
 384 1 1 1 1 881 27 1 11 10 8 44 1527007463.691541
 235 1 1 1 1 143 27 1 11 10 8 101 1527007463.703162
 182 1 1 1 1 151 27 1 11 10 8 284 1527007463.822661
 182 1 1 1 1 141 27 1 11 10 8 588 1527007463.828656
 441 1 1 1 1 236 27 1 11 10 8 303 1527007463.851162
 187 1 1 1 1 290 27 1 11 10 8 163 1527007464.376264
 213 1 1 1 1 276 27 1 11 10 8 138 1527007464.758006
 217 1 1 1 1 247 27 1 11 10 8 681 1527007464.812009
 177 1 1 1 1 193 27 1 11 10 8 78 1527007464.841128
 355 1 1 1 1 401 27 1 11 10 8 75 1527007464.878551
 618 1 1 1 1 346 27 1 11 10 8 36 1527007464.963916
 318 1 1 1 1 199 27 1 11 10 8 105 1527007464.989250
 405 1 1 1 1 201 27 1 11 10 8 939 1527007465.195618
 156 1 1 1 1 146 27 1 11 10 8 488 1527007465.429860
 207 1 1 1 1 438 27 1 11 10 8 279 1527007465.450623
 270 1 1 1 1 192 27 1 11 10 8 120 1527007465.505605
 180 1 1 1 1 403 27 1 11 10 8 399 1527007465.648350
 429 1 1 1 1 209 27 1 11 10 8 430 1527007465.683724
 156 1 1 1 1 534 27 1 11 10 8 192 1527007465.776721
 378 1 1 1 1 234 27 1 11 10 8 411 1527007465.903090
 166 1 1 1 1 143 27 1 11 10 8 106 1527007466.393322
 421 1 1 1 1 578 27 1 11 10 8 168 1527007466.418948
 276 1 1 1 1 310 27 1 11 10 8 171 1527007466.437073
 166 1 1 1 1 161 27 1 11 10 8 83 1527007466.821060
 450 1 1 1 1 329 27 1 11 10 9 794 1527007466.896683
 328 1 1 1 1 170 27 1 11 10 8 495 1527007466.976933
 288 1 1 1 1 165 27 1 11 10 8 315 1527007467.284173
 166 1 1 1 1 197 27 1 11 10 8 278 1527007467.316922
 266 1 1 1 1 167 27 1 11 10 8 93 1527007467.500415
 464 1 1 1 1 430 27 1 11 10 8 492 1527007467.605413
 347 1 1 1 1 151 27 1 11 10 8 479 1527007467.681532
 331 1 1 1 1 859 27 1 11 10 8 170 1527007467.755279
 430 1 1 1 1 220 27 1 11 10 8 538 1527007467.932401
 159 1 1 1 1 297 27 1 11 10 8 148 1527007468.100391
 387 1 1 1 1 429 27 1 11 10 8 230 1527007468.307509
 312 1 1 1 1 470 27 1 11 10 8 524 1527007468.329386
 420 1 1 1 1 326 27 1 11 10 8 29 1527007468.429006
 263 1 1 1 1 362 27 1 11 10 9 492 1527007468.676997
 891 1 1 1 1 242 27 1 11 10 8 131 1527007468.716876
 420 1 1 1 1 147 27 1 11 10 8 127 1527007468.753995
 227 1 1 1 1 410 27 1 11 10 8 176 1527007468.870245
 381 1 1 1 1 239 27 1 11 10 8 337 1527007468.900616
 435 1 1 1 1 150 27 1 11 10 8 462 1527007468.934239
 346 1 1 1 1 447 27 1 11 10 8 497 1527007469.165857
 162 1 1 1 1 430 27 1 11 10 8 180 1527007469.215492
 301 1 1 1 1 211 27 1 11 10 8 160 1527007469.375349
 208 1 1 1 1 265 27 1 11 10 8 125 1527007469.414725
 190 1 1 1 1 166 27 1 11 10 8 486 1527007469.561979
 302 1 1 1 1 147 27 1 11 10 8 40 1527007469.645735
 341 1 1 1 1 835 27 1 11 10 8 145 1527007469.766772
 226 1 1 1 1 398 27 1 11 10 8 78 1527007469.903842
 278 1 1 1 1 148 27 1 11 10 8 255 1527007470.299699
 163 1 1 1 1 212 27 1 11 10 8 927 1527007470.430445
 158 1 1 1 1 355 27 1 11 10 8 118 1527007470.789554
 187 1 1 1 1 225 27 1 11 10 8 500 1527007470.800930
 260 1 1 1 1 241 27 1 11 10 8 151 1527007470.839678
 250 1 1 1 1 247 27 1 11 10 8 124 1527007470.862305
 440 1 1 1 1 411 27 1 11 10 8 952 1527007471.003926
 198 1 1 1 1 300 27 1 11 10 8 70 1527007471.036045
 233 1 1 1 1 147 27 1 11 10 8 489 1527007471.220956
 166 1 1 1 1 214 27 1 11 10 8 111 1527007471.330785
 439 1 1 1 1 192 27 1 11 10 8 938 1527007471.471410
 441 1 1 1 1 281 27 1 11 10 8 65 1527007471.479095
 166 1 1 1 1 168 27 1 11 10 8 470 1527007471.602278
 328 1 1 1 1 306 27 1 11 10 8 229 1527007471.771396
 354 1 1 1 1 146 27 1 11 10 8 53 1527007472.021512
 164 1 1 1 1 848 27 1 11 10 8 198 1527007472.065890
 395 1 1 1 1 663 27 1 11 10 8 349 1527007472.073877
 218 1 1 1 1 424 27 1 11 10 8 491 1527007472.202508
 360 1 1 1 1 256 27 1 11 10 8 204 1527007472.301500
 342 1 1 1 1 215 27 1 11 10 8 196 1527007472.462370
 274 1 1 1 1 838 27 1 11 10 8 80 1527007472.472366
 262 1 1 1 1 177 27 1 11 10 8 120 1527007472.966612
 162 1 1 1 1 516 27 1 11 10 8 70 1527007472.977722
 444 1 1 1 1 316 27 1 11 10 8 69 1527007473.167346
 473 1 1 1 1 393 27 1 11 10 8 123 1527007473.210967
 312 1 1 1 1 237 27 1 11 10 8 65 1527007473.235622
 156 1 1 1 1 250 27 1 11 10 8 38 1527007473.331717
 684 1 1 1 1 311 27 1 11 10 8 292 1527007473.457462
 354 1 1 1 1 230 27 1 11 10 8 483 1527007473.622957
 838 1 1 1 1 570 27 1 12 10 9 483 1527007473.942446
 181 1 1 1 1 858 27 1 11 10 8 76 1527007474.272434
 403 1 1 1 1 266 27 1 11 10 8 79 1527007474.609922
 210 1 1 1 1 254 27 1 11 10 8 948 1527007474.856539
 317 1 1 1 1 940 27 1 11 10 8 282 1527007474.892039
 166 1 1 1 1 213 27 1 11 10 8 50 1527007474.954036
 773 1 1 1 1 152 27 1 11 10 8 474 1527007475.196656
 375 1 1 1 1 243 27 1 11 10 8 783 1527007475.273025
 411 1 1 1 1 595 27 1 11 10 8 198 1527007475.368897
 799 1 1 1 1 295 27 1 11 10 8 100 1527007475.549516
 167 1 1 1 1 181 27 1 11 10 8 353 1527007475.688886
 250 1 1 1 1 193 27 1 11 10 8 396 1527007475.786383
 216 1 1 1 1 207 27 1 11 10 8 266 1527007475.876130
 195 1 1 1 1 240 27 1 11 10 8 808 1527007475.901507
 897 1 1 1 1 426 27 1 11 10 8 155 1527007476.078291
 440 1 1 1 1 187 27 1 11 10 8 90 1527007476.088753
 441 1 1 1 1 167 27 1 11 10 8 70 1527007476.630729
 206 1 1 1 1 240 27 1 11 10 8 497 1527007476.685983
 445 1 1 1 1 343 27 1 11 10 8 445 1527007476.709100
 164 1 1 1 1 404 27 1 11 10 8 329 1527007477.276833
 161 1 1 1 1 239 27 1 11 10 8 949 1527007477.418203
 333 1 1 1 1 158 27 1 11 10 8 172 1527007477.711818
 275 1 1 1 1 203 27 1 11 10 8 147 1527007477.769692
 396 1 1 1 1 174 27 1 11 10 8 489 1527007477.780943
 443 1 1 1 1 379 27 1 11 10 8 719 1527007477.902064
 273 1 1 1 1 225 27 1 11 10 8 101 1527007478.008558
 278 1 1 1 1 311 27 1 11 10 8 244 1527007478.291427
 754 1 1 1 1 403 27 1 11 10 8 370 1527007478.578289
 201 1 1 1 1 241 27 1 11 10 8 235 1527007478.599540
 273 1 1 1 1 422 27 1 11 10 8 504 1527007478.740786
 177 1 1 1 1 218 27 1 11 10 8 477 1527007478.876534
 434 1 1 1 1 165 27 1 11 10 8 70 1527007478.953155
 224 1 1 1 1 158 27 1 11 10 8 71 1527007479.063152
 286 1 1 1 1 256 27 1 11 10 8 37 1527007479.093900
 388 1 1 1 1 857 27 1 11 10 8 474 1527007479.182647
 195 1 1 1 1 150 27 1 11 10 8 419 1527007479.224020
 277 1 1 1 1 142 27 1 11 10 8 102 1527007479.252026
 165 1 1 1 1 363 27 1 11 10 8 349 1527007479.280142
 239 1 1 1 1 415 27 1 11 10 8 281 1527007479.400639
 148 1 1 1 1 1135 27 1 12 10 9 752 1527007479.647882
 870 1 1 1 1 141 27 1 11 10 8 221 1527007479.679633
 368 1 1 1 1 205 27 1 11 10 8 670 1527007479.710130
 260 1 1 1 1 267 27 1 11 10 8 719 1527007479.820253
 390 1 1 1 1 235 27 1 11 10 8 311 1527007479.921623
 336 1 1 1 1 418 27 1 11 10 8 664 1527007480.369108
 269 1 1 1 1 248 27 1 11 10 8 84 1527007480.560232
 262 1 1 1 1 145 27 1 11 10 8 50 1527007481.199598
 231 1 1 1 1 306 27 1 11 10 8 157 1527007481.345448
 343 1 1 1 1 150 27 1 11 10 8 233 1527007481.434589
 411 1 1 1 1 265 27 1 11 10 8 227 1527007481.452820
 244 1 1 1 1 341 27 1 11 10 8 493 1527007481.628565
 155 1 1 1 1 296 27 1 11 10 8 357 1527007481.727185
 195 1 1 1 1 414 27 1 11 10 8 142 1527007482.117924
 447 1 1 1 1 215 27 1 11 10 8 147 1527007482.184801
 447 1 1 1 1 234 27 1 11 10 8 338 1527007482.368792
 426 1 1 1 1 205 27 1 11 10 9 939 1527007482.388791
 184 1 1 1 1 212 27 1 11 10 8 127 1527007482.484912
 490 1 1 1 1 149 27 1 11 10 9 495 1527007482.570407
 194 1 1 1 1 257 27 1 11 10 8 318 1527007482.594408
 167 1 1 1 1 251 27 1 11 10 8 109 1527007482.757401
 876 1 1 1 1 642 27 1 11 10 8 274 1527007482.823896
 257 1 1 1 1 145 27 1 11 10 8 100 1527007482.986642
 360 1 1 1 1 156 27 1 11 10 8 274 1527007483.045526
 163 1 1 1 1 526 27 1 11 10 8 223 1527007483.178760
 174 1 1 1 1 297 27 1 11 10 8 36 1527007483.196388
 187 1 1 1 1 186 27 1 11 10 8 511 1527007483.559749
 438 1 1 1 1 141 27 1 11 10 8 899 1527007483.626994
 303 1 1 1 1 402 27 1 11 10 8 92 1527007483.914884
 270 1 1 1 1 163 27 1 11 10 8 77 1527007484.089627
 162 1 1 1 1 285 27 1 11 10 8 153 1527007484.098970
 401 1 1 1 1 240 27 1 11 10 8 665 1527007484.293476
 263 1 1 1 1 411 27 1 11 10 8 64 1527007484.563919
 608 1 1 1 1 192 27 1 11 10 8 344 1527007484.597526
 232 1 1 1 1 226 27 1 11 10 8 155 1527007484.607290
 427 1 1 1 1 419 27 1 11 10 8 411 1527007484.766969
 245 1 1 1 1 203 27 1 11 10 8 481 1527007484.789268
 171 1 1 1 1 444 27 1 11 10 8 75 1527007484.800333
 347 1 1 1 1 143 27 1 11 10 8 134 1527007485.252190
 204 1 1 1 1 146 27 1 11 10 8 356 1527007485.289491
 456 1 1 1 1 204 27 1 11 10 8 64 1527007485.421435
 874 1 1 1 1 917 27 1 11 10 8 59 1527007485.529680
 376 1 1 1 1 234 27 1 11 10 8 304 1527007485.557057
 233 1 1 1 1 235 27 1 11 10 8 795 1527007485.585960
 186 1 1 1 1 210 27 1 11 10 8 926 1527007485.768423
 214 1 1 1 1 688 27 1 11 10 8 333 1527007485.894454
 166 1 1 1 1 180 27 1 11 10 8 949 1527007486.216659
 221 1 1 1 1 312 27 1 11 10 8 133 1527007486.489023
 161 1 1 1 1 151 27 1 11 10 8 77 1527007486.499765
 357 1 1 1 1 407 27 1 11 11 9 235 1527007486.719264
 555 1 1 1 1 412 27 1 11 10 8 301 1527007487.190125
 448 1 1 1 1 144 27 1 11 10 8 427 1527007487.326872
 393 1 1 1 1 432 27 1 11 10 8 244 1527007487.336746
 789 1 1 1 1 416 27 1 11 10 8 111 1527007487.445865
 441 1 1 1 1 167 27 1 11 10 8 115 1527007487.752855
 159 1 1 1 1 145 27 1 11 10 8 319 1527007487.950224
 159 1 1 1 1 304 27 1 11 10 8 418 1527007487.959467
 437 1 1 1 1 147 27 1 11 10 8 43 1527007488.003097
 248 1 1 1 1 284 27 1 11 10 8 927 1527007488.264963
 793 1 1 1 1 393 27 1 11 10 8 184 1527007488.621951
 701 1 1 1 1 430 27 1 11 10 8 140 1527007488.783195
 522 1 1 1 1 272 27 1 11 10 8 69 1527007488.931439
 436 1 1 1 1 172 27 1 11 10 9 817 1527007489.073185
 197 1 1 1 1 346 27 1 11 10 8 118 1527007489.120452
 231 1 1 1 1 242 27 1 11 10 8 189 1527007489.166560
 246 1 1 1 1 408 27 1 11 10 8 157 1527007489.326559
 333 1 1 1 1 852 27 1 11 10 8 324 1527007489.872412
 197 1 1 1 1 421 27 1 11 10 8 223 1527007489.908662
 185 1 1 1 1 311 27 1 11 10 8 172 1527007490.163774
 204 1 1 1 1 173 27 1 11 10 8 213 1527007490.288655
 170 1 1 1 1 432 27 1 11 10 8 904 1527007490.309530
 167 1 1 1 1 242 27 1 11 10 8 68 1527007490.354021
 156 1 1 1 1 149 27 1 11 10 8 503 1527007490.424773
 435 1 1 1 1 205 27 1 11 10 8 353 1527007490.537261
 205 1 1 1 1 389 27 1 11 10 8 436 1527007490.680416
 203 1 1 1 1 447 27 1 11 10 8 65 1527007490.761754
 184 1 1 1 1 153 27 1 11 10 8 306 1527007490.810629
 446 1 1 1 1 224 27 1 11 10 8 89 1527007490.892125
 444 1 1 1 1 251 27 1 11 10 8 576 1527007491.526618
 228 1 1 1 1 207 27 1 11 10 8 87 1527007491.666104
 848 1 1 1 1 182 27 1 11 10 8 511 1527007491.704099
 441 1 1 1 1 839 27 1 12 10 9 467 1527007491.973968
 782 1 1 1 1 287 27 1 11 10 9 897 1527007491.990969
 427 1 1 1 1 152 27 1 11 10 8 407 1527007492.212082
 163 1 1 1 1 260 27 1 11 10 8 72 1527007492.268706
 171 1 1 1 1 699 27 1 11 10 8 69 1527007492.364326
 441 1 1 1 1 329 27 1 11 10 8 210 1527007492.403331
 159 1 1 1 1 148 27 1 11 10 8 489 1527007492.530517
 303 1 1 1 1 236 27 1 11 10 8 934 1527007492.888558
 194 1 1 1 1 175 27 1 11 10 8 479 1527007492.912186
 411 1 1 1 1 467 27 1 12 11 9 344 1527007493.015682
 159 1 1 1 1 179 27 1 11 10 8 309 1527007493.048179
 156 1 1 1 1 209 27 1 11 10 8 45 1527007493.060018
 481 1 1 1 1 442 27 1 11 10 8 331 1527007493.108301
 512 1 1 1 1 283 27 1 11 10 8 165 1527007493.133051
 441 1 1 1 1 155 27 1 11 10 8 135 1527007493.396167
 159 1 1 1 1 141 27 1 11 10 8 318 1527007493.774032
 156 1 1 1 1 366 27 1 11 10 8 156 1527007493.812777
 379 1 1 1 1 415 27 1 11 10 8 77 1527007494.024517
 163 1 1 1 1 223 27 1 11 10 8 278 1527007494.122514
 215 1 1 1 1 421 27 1 11 10 8 333 1527007494.420757
 173 1 1 1 1 157 27 1 11 10 8 778 1527007494.654630
 287 1 1 1 1 145 27 1 11 10 8 186 1527007494.671886
 283 1 1 1 1 413 27 1 11 10 8 168 1527007494.736120
 409 1 1 1 1 195 27 1 11 10 9 562 1527007495.037863
 401 1 1 1 1 149 27 1 11 10 8 179 1527007495.225853
 411 1 1 1 1 650 27 1 11 10 9 468 1527007495.233347
 455 1 1 1 1 278 27 1 11 10 9 405 1527007495.256981
 322 1 1 1 1 289 27 1 11 10 8 580 1527007495.304357
 157 1 1 1 1 420 27 1 11 10 8 400 1527007495.440971
 310 1 1 1 1 158 27 1 11 10 8 176 1527007495.628345
 610 1 1 1 1 858 27 1 11 10 9 497 1527007495.687464
 712 1 1 1 1 741 27 1 11 10 8 145 1527007495.735090
 360 1 1 1 1 419 27 1 11 10 9 300 1527007495.780713
 390 1 1 1 1 284 27 1 11 10 8 317 1527007495.795711
 330 1 1 1 1 199 27 1 11 10 8 94 1527007495.808966
 420 1 1 1 1 282 27 1 11 10 9 1030 1527007496.177821
 435 1 1 1 1 610 27 1 11 10 8 278 1527007496.209071
 419 1 1 1 1 414 27 1 11 10 8 440 1527007497.111918
 178 1 1 1 1 154 27 1 11 10 8 355 1527007497.208039
 157 1 1 1 1 270 27 1 11 10 8 268 1527007497.247791
 159 1 1 1 1 628 27 1 11 10 8 228 1527007497.483464
 550 1 1 1 1 850 27 1 11 10 8 76 1527007497.680521
 166 1 1 1 1 148 27 1 11 10 8 437 1527007497.693145
 415 1 1 1 1 311 27 1 11 10 9 536 1527007497.880265
 159 1 1 1 1 422 27 1 11 10 8 89 1527007497.901522
 159 1 1 1 1 268 27 1 11 10 8 137 1527007497.923889
 281 1 1 1 1 179 27 1 11 10 8 402 1527007498.159506
 262 1 1 1 1 407 27 1 11 10 8 301 1527007498.170500
 186 1 1 1 1 718 27 1 11 10 8 461 1527007498.462868
 301 1 1 1 1 336 27 1 11 10 8 146 1527007498.879107
 279 1 1 1 1 235 27 1 11 10 8 155 1527007498.915625
 271 1 1 1 1 326 27 1 11 10 9 925 1527007499.039476
 156 1 1 1 1 141 27 1 11 10 8 302 1527007499.048719
 289 1 1 1 1 1037 27 1 12 11 9 299 1527007499.252594
 298 1 1 1 1 196 27 1 11 10 8 54 1527007499.724827
 309 1 1 1 1 238 27 1 11 10 8 81 1527007499.900196
 326 1 1 1 1 401 27 1 11 10 8 469 1527007499.952320
 259 1 1 1 1 335 27 1 11 10 8 195 1527007500.013941
 167 1 1 1 1 308 27 1 11 10 8 82 1527007500.099943
 926 1 1 1 1 156 27 1 11 10 8 97 1527007500.329183
 339 1 1 1 1 429 27 1 11 10 8 249 1527007500.371677
 343 1 1 1 1 872 27 1 11 10 9 489 1527007500.600423
 154 1 1 1 1 625 27 1 11 10 8 322 1527007500.847417
 429 1 1 1 1 661 27 1 11 10 8 78 1527007501.048917
 172 1 1 1 1 860 27 1 11 10 9 244 1527007501.179281
 161 1 1 1 1 154 27 1 11 10 8 354 1527007501.380650
 320 1 1 1 1 334 27 1 11 10 8 126 1527007501.401525
 162 1 1 1 1 144 27 1 11 10 8 357 1527007501.443394
 351 1 1 1 1 250 27 1 11 10 8 82 1527007501.594643
 445 1 1 1 1 332 27 1 11 10 8 118 1527007501.984627
 158 1 1 1 1 214 27 1 11 10 8 198 1527007502.433487
 263 1 1 1 1 378 27 1 11 10 8 337 1527007502.471744
 640 1 1 1 1 849 27 1 11 10 8 59 1527007502.536019
 274 1 1 1 1 410 27 1 11 10 8 75 1527007502.545231
 273 1 1 1 1 147 27 1 11 10 8 94 1527007502.649625
 335 1 1 1 1 412 27 1 12 10 9 937 1527007502.715230
 293 1 1 1 1 351 27 1 11 10 8 61 1527007502.920970
 168 1 1 1 1 354 27 1 11 10 8 35 1527007502.953974
 157 1 1 1 1 277 27 1 11 10 8 70 1527007503.361205
 183 1 1 1 1 690 27 1 11 10 8 42 1527007503.537325
 347 1 1 1 1 147 27 1 11 10 8 153 1527007503.803691
 237 1 1 1 1 476 27 1 11 10 8 130 1527007503.823750
 189 1 1 1 1 158 27 1 11 10 8 272 1527007503.955810
 213 1 1 1 1 161 27 1 11 10 8 212 1527007504.116929
 218 1 1 1 1 147 27 1 11 10 8 388 1527007504.541791
 450 1 1 1 1 207 27 1 11 10 8 366 1527007504.611413
 257 1 1 1 1 845 27 1 11 10 8 74 1527007504.675038
 369 1 1 1 1 305 27 1 11 10 9 499 1527007505.098146
 277 1 1 1 1 145 27 1 11 10 8 27 1527007505.361512
 338 1 1 1 1 206 27 1 11 10 8 157 1527007505.408011
 440 1 1 1 1 176 27 1 11 10 8 169 1527007505.477509
 422 1 1 1 1 142 27 1 11 10 8 78 1527007505.634004
 165 1 1 1 1 144 27 1 11 10 8 488 1527007505.850116
 443 1 1 1 1 295 27 1 11 10 8 157 1527007506.513723
 281 1 1 1 1 343 27 1 11 10 8 266 1527007506.976958
 309 1 1 1 1 145 27 1 11 10 8 497 1527007507.349578
 444 1 1 1 1 677 27 1 11 10 8 155 1527007507.579563
 332 1 1 1 1 257 27 1 11 10 8 301 1527007507.692686
 448 1 1 1 1 409 27 1 11 10 9 934 1527007507.826805
 262 1 1 1 1 189 27 1 11 10 8 491 1527007507.846812
 333 1 1 1 1 337 27 1 11 10 8 134 1527007507.855928
 731 1 1 1 1 422 27 1 11 10 9 285 1527007507.878177
 163 1 1 1 1 337 27 1 11 10 8 89 1527007508.087429
 159 1 1 1 1 418 27 1 11 10 8 62 1527007508.236416
 348 1 1 1 1 329 27 1 11 10 8 65 1527007508.621284
 398 1 1 1 1 142 27 1 11 10 8 60 1527007508.719150
 418 1 1 1 1 238 27 1 11 10 8 512 1527007508.811896
 169 1 1 1 1 385 27 1 11 10 8 343 1527007508.965016
 255 1 1 1 1 237 27 1 11 10 8 181 1527007509.117011
 436 1 1 1 1 335 27 1 11 10 8 258 1527007509.137275
 275 1 1 1 1 324 27 1 11 11 9 194 1527007509.144881
 519 1 1 1 1 270 27 1 11 10 8 316 1527007509.193888
 443 1 1 1 1 581 27 1 11 10 8 191 1527007509.224637
 371 1 1 1 1 147 27 1 11 10 8 142 1527007509.269255
 273 1 1 1 1 322 27 1 11 10 8 926 1527007509.600245
 268 1 1 1 1 281 27 1 11 10 8 256 1527007509.700242
 328 1 1 1 1 860 27 1 11 10 8 380 1527007509.779863
 190 1 1 1 1 162 27 1 11 10 8 209 1527007509.957733
 166 1 1 1 1 181 27 1 11 10 8 138 1527007510.135477
 317 1 1 1 1 148 27 1 11 10 8 94 1527007510.213849
 479 1 1 1 1 327 27 1 11 10 8 126 1527007510.236726
 647 1 1 1 1 193 27 1 11 10 8 219 1527007510.336971
 438 1 1 1 1 740 27 1 12 10 9 500 1527007510.469215
 159 1 1 1 1 147 27 1 11 10 8 255 1527007510.483335
 241 1 1 1 1 258 27 1 11 10 9 694 1527007510.680207
 328 1 1 1 1 329 27 1 11 10 8 263 1527007510.750331
 188 1 1 1 1 227 27 1 11 10 8 285 1527007510.905594
 325 1 1 1 1 402 27 1 12 10 9 704 1527007510.996698
 924 1 1 1 1 418 27 1 11 10 8 54 1527007511.152067
 420 1 1 1 1 403 27 1 11 10 8 76 1527007511.265440
 734 1 1 1 1 156 27 1 11 10 8 86 1527007511.359935
 188 1 1 1 1 405 27 1 11 10 8 486 1527007511.443183
 338 1 1 1 1 270 27 1 12 10 9 723 1527007511.583804
 436 1 1 1 1 142 27 1 11 10 8 423 1527007511.641426
 430 1 1 1 1 417 27 1 11 10 8 454 1527007511.895545
 220 1 1 1 1 172 27 1 11 10 8 122 1527007511.960540
 177 1 1 1 1 404 27 1 12 10 9 474 1527007512.023790
 168 1 1 1 1 149 27 1 11 10 8 866 1527007512.210161
 160 1 1 1 1 425 27 1 11 10 8 456 1527007512.696766
 411 1 1 1 1 181 27 1 11 10 8 129 1527007512.702762
 188 1 1 1 1 145 27 1 11 10 8 73 1527007512.730767
 298 1 1 1 1 210 27 1 11 10 8 218 1527007512.808386
 413 1 1 1 1 855 27 1 11 10 8 185 1527007513.297247
 276 1 1 1 1 870 27 1 11 10 9 366 1527007513.453999
 440 1 1 1 1 277 27 1 11 10 8 51 1527007513.990473
 451 1 1 1 1 147 27 1 11 10 8 88 1527007514.061966
 336 1 1 1 1 338 27 1 11 10 8 246 1527007514.354210
 150 1 1 1 1 409 27 1 11 10 8 124 1527007514.360078
 439 1 1 1 1 469 27 1 11 10 9 126 1527007514.372712
 873 1 1 1 1 418 27 1 12 10 9 279 1527007514.406458
 271 1 1 1 1 337 27 1 11 10 8 499 1527007514.677074
 168 1 1 1 1 400 27 1 11 10 8 78 1527007514.879118
 263 1 1 1 1 275 27 1 11 10 8 969 1527007514.902819
 375 1 1 1 1 163 27 1 11 10 8 942 1527007515.142637
 245 1 1 1 1 352 27 1 11 10 8 488 1527007515.338428
 234 1 1 1 1 421 27 1 11 10 8 721 1527007515.699667
 208 1 1 1 1 162 27 1 11 10 8 217 1527007515.712158
 198 1 1 1 1 151 27 1 11 10 8 482 1527007515.778164
 720 1 1 1 1 234 27 1 11 10 8 382 1527007515.822533
 568 1 1 1 1 422 27 1 11 10 8 230 1527007515.956407
 664 1 1 1 1 410 27 1 11 10 8 182 1527007515.964025
 921 1 1 1 1 430 27 1 11 10 8 57 1527007516.226522
 456 1 1 1 1 364 27 1 11 10 8 396 1527007516.342144
 396 1 1 1 1 403 27 1 11 10 9 492 1527007516.376642
 235 1 1 1 1 419 27 1 11 10 8 301 1527007516.390639
 810 1 1 1 1 341 27 1 11 10 8 49 1527007516.436264
 191 1 1 1 1 416 27 1 11 10 8 92 1527007516.578261
 282 1 1 1 1 783 27 1 11 10 8 348 1527007516.620064
 233 1 1 1 1 281 27 1 11 10 8 319 1527007516.811003
 177 1 1 1 1 421 27 1 11 10 9 882 1527007516.869996
 257 1 1 1 1 342 27 1 11 10 8 482 1527007516.904008
 179 1 1 1 1 232 27 1 11 10 8 84 1527007516.919619
 358 1 1 1 1 613 27 1 11 10 8 118 1527007516.979873
 220 1 1 1 1 244 27 1 11 10 8 80 1527007517.038994
 287 1 1 1 1 435 27 1 11 10 9 950 1527007517.348110
 619 1 1 1 1 154 27 1 11 10 8 54 1527007517.422610
 676 1 1 1 1 540 27 1 11 10 8 171 1527007517.449979
 345 1 1 1 1 441 27 1 11 10 9 548 1527007517.475108
 203 1 1 1 1 430 27 1 11 10 8 68 1527007517.514852
 171 1 1 1 1 263 27 1 11 10 8 44 1527007517.570103
 891 1 1 1 1 168 27 1 11 10 8 150 1527007517.714348
 395 1 1 1 1 393 27 1 11 10 8 186 1527007517.741599
 282 1 1 1 1 209 27 1 11 10 8 89 1527007517.894593
 185 1 1 1 1 160 27 1 11 10 8 192 1527007517.950214
 360 1 1 1 1 230 27 1 11 10 9 684 1527007517.992615
 551 1 1 1 1 841 27 1 11 10 8 108 1527007518.256828
 302 1 1 1 1 319 27 1 11 10 8 50 1527007518.304453
 451 1 1 1 1 181 27 1 11 10 8 217 1527007519.023429
 182 1 1 1 1 155 27 1 11 10 8 467 1527007519.035923
 171 1 1 1 1 224 27 1 11 10 8 430 1527007519.068050
 168 1 1 1 1 236 27 1 11 10 8 312 1527007519.146300
 271 1 1 1 1 386 27 1 11 10 8 236 1527007519.420164
 879 1 1 1 1 194 27 1 11 10 8 73 1527007519.697281
 424 1 1 1 1 824 27 1 11 10 9 261 1527007519.758028
 917 1 1 1 1 574 27 1 12 10 9 399 1527007520.105268
 257 1 1 1 1 330 27 1 11 10 8 107 1527007520.125612
 176 1 1 1 1 161 27 1 11 10 8 697 1527007520.405130
 332 1 1 1 1 172 27 1 11 10 8 647 1527007520.726997
 220 1 1 1 1 277 27 1 11 10 8 297 1527007520.796119
 178 1 1 1 1 158 27 1 11 10 8 516 1527007520.861492
 200 1 1 1 1 428 27 1 11 10 8 342 1527007521.426223
 897 1 1 1 1 438 27 1 11 10 8 173 1527007521.568968
 224 1 1 1 1 518 27 1 11 10 8 85 1527007521.653840
 504 1 1 1 1 298 27 1 11 10 9 503 1527007521.719338
 931 1 1 1 1 341 27 1 11 10 8 63 1527007521.925456
 451 1 1 1 1 443 27 1 11 10 9 335 1527007521.944207
 274 1 1 1 1 217 27 1 11 10 8 392 1527007521.955333
 438 1 1 1 1 224 27 1 11 10 9 494 1527007522.046076
 252 1 1 1 1 425 27 1 11 10 8 373 1527007522.425938
 276 1 1 1 1 297 27 1 11 10 8 480 1527007522.647931
 177 1 1 1 1 688 27 1 11 10 8 52 1527007522.795678
 201 1 1 1 1 437 27 1 11 10 8 263 1527007523.102918
 174 1 1 1 1 413 27 1 11 10 8 49 1527007523.482777
 379 1 1 1 1 486 27 1 11 10 9 251 1527007523.518151
 912 1 1 1 1 420 27 1 11 10 9 494 1527007523.748645
 312 1 1 1 1 264 27 1 11 10 9 518 1527007523.890149
 423 1 1 1 1 217 27 1 11 10 8 147 1527007524.073759
 560 1 1 1 1 727 27 1 11 10 9 492 1527007524.195632
 295 1 1 1 1 216 27 1 11 10 8 435 1527007524.488242
 344 1 1 1 1 872 27 1 11 10 8 110 1527007524.494237
 193 1 1 1 1 436 27 1 11 10 8 107 1527007524.579367
 921 1 1 1 1 156 27 1 11 10 8 111 1527007524.943863
 265 1 1 1 1 466 27 1 11 10 8 226 1527007525.069226
 220 1 1 1 1 279 27 1 11 10 8 233 1527007525.123600
 310 1 1 1 1 164 27 1 11 10 8 50 1527007525.317964
 191 1 1 1 1 365 27 1 12 11 9 300 1527007525.411464
 199 1 1 1 1 206 27 1 11 10 8 206 1527007525.701954
 215 1 1 1 1 200 27 1 11 10 8 342 1527007525.725080
 906 1 1 1 1 381 27 1 12 10 9 489 1527007526.112440
 450 1 1 1 1 427 27 1 11 10 8 273 1527007526.131005
 182 1 1 1 1 427 27 1 11 10 8 210 1527007526.717798
 420 1 1 1 1 219 27 1 11 10 8 197 1527007526.733732
 393 1 1 1 1 217 27 1 11 10 8 472 1527007527.185027
 447 1 1 1 1 326 27 1 11 10 8 235 1527007527.344023
 299 1 1 1 1 422 27 1 11 10 8 500 1527007527.363775
 282 1 1 1 1 222 27 1 11 10 8 151 1527007527.530515
 338 1 1 1 1 208 27 1 11 10 8 172 1527007527.793635
 172 1 1 1 1 216 27 1 11 10 8 162 1527007527.813761
 339 1 1 1 1 634 27 1 12 10 9 595 1527007527.937379
 171 1 1 1 1 314 27 1 11 10 8 261 1527007528.069874
 162 1 1 1 1 853 27 1 11 10 8 509 1527007528.107623
 164 1 1 1 1 236 27 1 11 10 8 35 1527007528.141623
 210 1 1 1 1 221 27 1 11 10 8 546 1527007528.192119
 164 1 1 1 1 514 27 1 11 10 8 136 1527007528.270367
 212 1 1 1 1 309 27 1 11 10 8 60 1527007528.328865
 819 1 1 1 1 177 27 1 11 10 9 345 1527007528.635606
 217 1 1 1 1 306 27 1 11 10 8 205 1527007528.662852
 451 1 1 1 1 681 27 1 11 10 9 252 1527007528.788974
 275 1 1 1 1 147 27 1 11 10 8 301 1527007528.927845
 165 1 1 1 1 401 27 1 11 10 8 263 1527007529.012341
 164 1 1 1 1 253 27 1 11 10 8 104 1527007529.101964
 447 1 1 1 1 231 27 1 11 10 8 119 1527007529.282458
 437 1 1 1 1 723 27 1 11 10 8 151 1527007529.331458
 446 1 1 1 1 275 27 1 11 10 8 133 1527007529.620322
 238 1 1 1 1 249 27 1 11 10 8 510 1527007529.649068
 189 1 1 1 1 430 27 1 11 10 8 344 1527007529.895584
 172 1 1 1 1 429 27 1 11 10 8 90 1527007530.020813
 343 1 1 1 1 326 27 1 11 10 8 322 1527007530.112429
 899 1 1 1 1 260 27 1 12 10 9 518 1527007530.342547
 395 1 1 1 1 157 27 1 11 10 8 136 1527007530.651340
 165 1 1 1 1 420 27 1 11 10 8 493 1527007530.904904
 440 1 1 1 1 422 27 1 11 10 9 96 1527007531.037021
 240 1 1 1 1 318 27 1 11 10 9 561 1527007531.717628
 425 1 1 1 1 238 27 1 11 10 8 479 1527007531.737888
 445 1 1 1 1 167 27 1 11 10 8 401 1527007531.810748
 203 1 1 1 1 855 27 1 11 10 9 162 1527007531.899995
 376 1 1 1 1 569 27 1 12 11 9 316 1527007532.099238
 551 1 1 1 1 252 27 1 11 10 8 55 1527007532.111857
 444 1 1 1 1 218 27 1 11 10 8 105 1527007532.158612
 282 1 1 1 1 402 27 1 11 10 9 613 1527007532.201110
 326 1 1 1 1 436 27 1 11 10 8 157 1527007532.318605
 172 1 1 1 1 415 27 1 11 10 8 146 1527007532.324600
 425 1 1 1 1 150 27 1 11 10 8 70 1527007532.579346
 241 1 1 1 1 414 27 1 11 10 9 947 1527007532.704843
 241 1 1 1 1 403 27 1 11 10 8 151 1527007532.786591
 711 1 1 1 1 384 27 1 11 11 9 225 1527007532.872713
 171 1 1 1 1 426 27 1 11 10 8 65 1527007532.916333
 274 1 1 1 1 867 27 1 11 10 9 268 1527007532.968208
 269 1 1 1 1 420 27 1 11 10 8 136 1527007533.023081
 932 1 1 1 1 340 27 1 12 10 9 525 1527007533.164585
 496 1 1 1 1 420 27 1 11 10 8 139 1527007533.320447
 449 1 1 1 1 156 27 1 11 10 9 458 1527007533.399446
 214 1 1 1 1 213 28 1 12 11 9 302 1527007533.539064
 186 1 1 1 1 153 27 1 11 10 8 504 1527007533.586563
 263 1 1 1 1 144 27 1 11 10 8 233 1527007533.722311
 168 1 1 1 1 150 27 1 11 10 8 501 1527007533.828562
 227 1 1 1 1 201 27 1 11 10 8 399 1527007534.005298
 169 1 1 1 1 414 27 1 11 10 8 107 1527007534.140797
 209 1 1 1 1 190 27 1 11 10 8 522 1527007534.196417
 408 1 1 1 1 395 27 1 11 10 8 98 1527007534.447284
 274 1 1 1 1 405 27 1 11 10 9 172 1527007534.778772
 307 1 1 1 1 168 27 1 11 10 9 930 1527007535.154761
 310 1 1 1 1 149 27 1 11 10 8 70 1527007535.191008
 230 1 1 1 1 429 27 1 11 10 8 220 1527007535.325880
 155 1 1 1 1 420 27 1 11 10 8 49 1527007535.391628
 169 1 1 1 1 151 27 1 11 10 8 823 1527007535.453249
 338 1 1 1 1 343 27 1 11 10 9 210 1527007535.482371
 917 1 1 1 1 168 27 1 11 10 9 240 1527007535.520253
 655 1 1 1 1 163 27 1 11 10 8 90 1527007535.590245
 282 1 1 1 1 421 27 1 11 10 8 160 1527007535.767241
 267 1 1 1 1 224 27 1 11 10 9 817 1527007536.002232
 340 1 1 1 1 863 27 1 11 11 9 126 1527007536.128228
 439 1 1 1 1 550 27 1 11 10 9 331 1527007536.249348
 195 1 1 1 1 155 27 1 11 10 9 622 1527007536.526215
 216 1 1 1 1 152 27 1 12 10 9 591 1527007536.597336
 258 1 1 1 1 412 27 1 11 10 8 103 1527007536.698209
 174 1 1 1 1 337 27 1 11 10 8 293 1527007536.730709
 342 1 1 1 1 223 27 1 11 10 8 103 1527007536.898827
 441 1 1 1 1 687 27 1 11 10 9 686 1527007536.931604
 253 1 1 1 1 237 27 1 11 10 8 134 1527007537.089444
 308 1 1 1 1 373 27 1 11 10 9 241 1527007537.363560
 401 1 1 1 1 410 27 1 11 10 8 138 1527007537.391933
 450 1 1 1 1 159 27 1 11 10 8 102 1527007537.445807
 384 1 1 1 1 167 27 1 11 10 9 600 1527007537.540303
 252 1 1 1 1 421 27 1 12 10 9 654 1527007537.663176
 158 1 1 1 1 173 27 1 11 10 8 95 1527007538.057159
 192 1 1 1 1 150 27 1 11 10 8 170 1527007538.066284
 263 1 1 1 1 411 27 1 12 11 9 899 1527007538.118411
 169 1 1 1 1 203 27 1 11 10 9 666 1527007538.347036
 286 1 1 1 1 910 27 1 11 10 8 112 1527007538.597018
 440 1 1 1 1 891 27 1 12 11 9 42 1527007538.619273
 209 1 1 1 1 206 27 1 11 10 8 133 1527007538.983631
 294 1 1 1 1 331 27 1 11 10 9 395 1527007539.474990
 609 1 1 1 1 187 27 1 12 10 9 359 1527007539.844732
 547 1 1 1 1 151 27 1 11 10 8 79 1527007539.929976
 908 1 1 1 1 427 27 1 12 10 9 200 1527007539.958848
 201 1 1 1 1 421 27 1 11 10 8 95 1527007539.988721
 446 1 1 1 1 406 27 1 12 10 9 630 1527007540.103094
 306 1 1 1 1 406 27 1 11 10 9 555 1527007540.309211
 178 1 1 1 1 369 27 1 11 10 9 189 1527007540.624707
 203 1 1 1 1 428 27 1 11 10 8 75 1527007540.769588
 305 1 1 1 1 300 27 1 11 10 8 79 1527007541.163058
 318 1 1 1 1 152 27 1 11 10 9 784 1527007541.183197
 239 1 1 1 1 229 27 1 11 10 8 187 1527007541.232555
 312 1 1 1 1 430 27 1 11 10 9 922 1527007541.255436
 380 1 1 1 1 411 27 1 11 10 9 350 1527007541.620044
 215 1 1 1 1 421 27 1 12 10 9 368 1527007541.820785
 212 1 1 1 1 870 27 1 11 10 9 190 1527007541.841051
 764 1 1 1 1 295 27 1 11 10 9 210 1527007541.856539
 896 1 1 1 1 157 27 1 11 10 9 207 1527007541.905158
 444 1 1 1 1 854 27 1 12 10 9 418 1527007541.943406
 278 1 1 1 1 340 27 1 11 10 9 253 1527007542.016779
 357 1 1 1 1 198 27 1 11 10 8 46 1527007542.044526
 249 1 1 1 1 208 27 1 11 10 8 81 1527007542.089779
 520 1 1 1 1 147 27 1 11 10 8 57 1527007542.114528
 452 1 1 1 1 174 27 1 11 10 8 160 1527007542.384142
 462 1 1 1 1 159 27 1 11 10 8 352 1527007542.411642
 372 1 1 1 1 497 27 1 11 10 8 45 1527007542.585145
 163 1 1 1 1 660 27 1 11 10 8 64 1527007542.782004
 215 1 1 1 1 413 27 1 11 10 9 353 1527007542.802266
 663 1 1 1 1 339 27 1 12 10 9 292 1527007543.400108
 366 1 1 1 1 414 27 1 11 10 9 948 1527007543.423860
 170 1 1 1 1 440 27 1 11 10 8 297 1527007543.819844
 264 1 1 1 1 153 27 1 11 10 8 227 1527007543.950089
 158 1 1 1 1 255 27 1 11 10 8 90 1527007544.337077
 885 1 1 1 1 257 27 1 11 10 8 186 1527007544.492447
 881 1 1 1 1 227 27 1 11 10 9 52 1527007544.500064
 197 1 1 1 1 152 27 1 11 10 8 481 1527007544.595817
 175 1 1 1 1 432 27 1 11 10 8 101 1527007544.752563
 387 1 1 1 1 415 27 1 11 10 9 268 1527007544.866933
 223 1 1 1 1 404 27 1 11 10 9 405 1527007544.879427
 772 1 1 1 1 152 27 1 11 10 9 530 1527007544.921189
 239 1 1 1 1 869 27 1 11 10 9 170 1527007544.928676
 187 1 1 1 1 411 27 1 11 10 8 162 1527007545.079051
 299 1 1 1 1 291 27 1 11 10 9 432 1527007545.180551
 274 1 1 1 1 229 27 1 11 10 8 71 1527007545.672158
 291 1 1 1 1 153 27 1 11 10 9 360 1527007545.723405
 313 1 1 1 1 599 27 1 11 10 9 227 1527007545.965648
 262 1 1 1 1 265 27 1 12 10 9 465 1527007546.108892
 158 1 1 1 1 420 27 1 11 10 8 157 1527007546.218639
 387 1 1 1 1 344 27 1 12 11 9 469 1527007546.243516
 474 1 1 1 1 170 27 1 11 10 9 490 1527007546.538003
 161 1 1 1 1 605 27 1 11 10 9 230 1527007546.545630
 280 1 1 1 1 289 27 1 11 10 9 350 1527007546.605374
 189 1 1 1 1 151 27 1 11 10 8 184 1527007546.824118
 252 1 1 1 1 287 27 1 11 10 9 969 1527007546.936738
 441 1 1 1 1 169 27 1 11 10 9 596 1527007547.456472
 244 1 1 1 1 166 27 1 11 10 8 741 1527007547.613216
 180 1 1 1 1 221 27 1 11 10 9 513 1527007547.765588
 225 1 1 1 1 416 27 1 11 10 8 95 1527007547.798611
 764 1 1 1 1 296 27 1 11 10 9 253 1527007547.961590
 357 1 1 1 1 694 27 1 11 11 9 183 1527007548.114701
 905 1 1 1 1 418 27 1 11 10 9 113 1527007548.162324
 268 1 1 1 1 167 27 1 11 10 8 514 1527007548.195074
 305 1 1 1 1 406 27 1 12 10 9 509 1527007548.221071
 204 1 1 1 1 329 27 1 11 10 8 175 1527007548.279945
 433 1 1 1 1 380 27 1 12 11 9 576 1527007548.374940
 269 1 1 1 1 432 27 1 11 10 9 293 1527007548.751554
 161 1 1 1 1 148 27 1 11 10 9 772 1527007548.866674
 567 1 1 1 1 203 27 1 11 10 9 371 1527007549.068167
 455 1 1 1 1 160 27 1 11 10 8 82 1527007549.234412
 270 1 1 1 1 246 27 1 11 10 9 488 1527007549.358407
 366 1 1 1 1 220 27 1 11 10 8 78 1527007549.437279
 446 1 1 1 1 312 27 1 11 10 9 319 1527007549.642533
 163 1 1 1 1 219 27 1 11 10 9 425 1527007549.648391
 894 1 1 1 1 421 27 1 12 10 9 981 1527007549.852266
 168 1 1 1 1 175 27 1 11 10 8 434 1527007549.953012
 431 1 1 1 1 173 27 1 11 10 8 256 1527007550.029259
 163 1 1 1 1 870 27 1 12 10 9 542 1527007550.046813
