 5 5 5 5 5 5 20 5 5 5 5 5 1524758524.667686
 5 5 5 5 5 5 20 5 5 5 5 5 1524758524.673810
 5 5 5 5 5 5 20 5 5 5 5 5 1524758524.682609
 5 5 5 5 5 5 20 5 5 5 5 5 1524758524.688475
 5 5 5 5 5 5 20 5 5 5 5 5 1524758524.695226
 5 5 5 5 5 5 20 5 5 5 5 5 1524758524.701105
 5 5 5 5 5 5 20 5 5 5 5 5 1524758524.706980
 5 5 5 5 5 5 20 5 5 5 5 5 1524758524.712853
 5 5 5 5 5 5 20 5 5 5 5 5 1524758524.718723
 5 5 5 5 5 5 20 5 5 5 5 5 1524758524.724611
 5 5 5 5 5 5 20 5 5 5 5 5 1524758524.731350
 5 5 5 5 5 5 20 5 5 5 5 5 1524758524.737230
 5 5 5 5 5 5 20 5 5 5 5 5 1524758524.743102
 5 5 5 5 5 5 20 5 5 5 5 5 1524758524.748976
 5 5 5 5 5 5 20 5 5 5 5 5 1524758524.754953
 5 5 5 5 5 5 20 5 5 5 5 5 1524758524.761617
 5 5 5 5 5 5 20 5 5 5 5 5 1524758524.767349
 5 5 5 5 5 5 20 5 5 5 5 5 1524758524.773215
 5 5 5 5 5 5 20 5 5 5 5 5 1524758524.778960
 5 5 5 5 5 5 20 5 5 5 5 5 1524758524.784710
 5 5 5 5 5 5 20 5 5 5 5 5 1524758524.791210
 5 5 5 5 5 5 20 5 5 5 5 5 1524758524.797218
 5 5 5 5 5 5 20 5 5 5 5 5 1524758524.803095
 5 5 5 5 5 5 20 5 5 5 5 5 1524758524.808964
 5 5 5 5 5 5 20 5 5 5 5 5 1524758524.814848
 5 5 5 5 5 5 20 5 5 5 5 5 1524758524.821609
 5 5 5 5 5 5 20 5 5 5 5 5 1524758524.827476
 5 5 5 5 5 5 20 5 5 5 5 5 1524758524.833348
 5 5 5 5 5 5 20 5 5 5 5 5 1524758524.839224
 5 5 5 5 5 5 20 5 5 5 5 5 1524758524.845338
 5 5 5 5 5 5 20 5 5 5 5 5 1524758524.851287
 5 5 5 5 5 5 20 5 5 5 5 5 1524758524.857840
 5 5 5 5 5 5 20 5 5 5 5 5 1524758524.863716
 5 5 5 5 5 5 20 5 5 5 5 5 1524758524.869723
 5 5 5 5 5 5 20 5 5 5 5 5 1524758524.875607
 5 5 5 5 5 5 20 5 5 5 5 5 1524758524.882617
 5 5 5 5 5 5 20 5 5 5 5 5 1524758524.888837
 5 5 5 5 5 5 20 5 5 5 5 5 1524758524.894717
 5 5 5 5 5 5 20 5 5 5 5 5 1524758524.900964
 5 5 5 5 5 5 20 5 5 5 5 5 1524758524.906834
 5 5 5 5 5 5 20 5 5 5 5 5 1524758524.913836
 5 5 5 5 5 5 20 5 5 5 5 5 1524758524.920094
 5 5 5 5 5 5 20 5 5 5 5 5 1524758524.925970
 5 5 5 5 5 5 20 5 5 5 5 5 1524758524.932219
 5 5 5 5 5 5 20 5 5 5 5 5 1524758524.938345
 5 5 5 5 5 5 20 5 5 5 5 5 1524758524.944963
 5 5 5 5 5 5 20 5 5 5 5 5 1524758524.951213
 5 5 5 5 5 5 20 5 5 5 5 5 1524758524.957089
 5 5 5 5 5 5 20 5 5 5 5 5 1524758524.963214
 5 5 5 5 5 5 20 5 5 5 5 5 1524758524.969221
 5 5 5 5 5 5 20 5 5 5 5 5 1524758524.975842
 5 5 5 5 5 5 20 5 5 5 5 5 1524758524.981962
 5 5 5 5 5 5 20 5 5 5 5 5 1524758524.987836
 5 5 5 5 5 5 20 5 5 5 5 5 1524758524.994091
 5 5 5 5 5 5 20 5 5 5 5 5 1524758525.000217
 5 5 5 5 5 5 20 5 5 5 5 5 1524758525.006838
 5 5 5 5 5 5 20 5 5 5 5 5 1524758525.013093
 5 5 5 5 5 5 20 5 5 5 5 5 1524758525.019248
 5 5 5 5 5 5 20 5 5 5 5 5 1524758525.025090
 5 5 5 5 5 5 20 5 5 5 5 5 1524758525.032334
 5 5 5 5 5 5 20 5 5 5 5 5 1524758525.038084
 5 5 5 5 5 5 20 5 5 5 5 5 1524758525.044213
 5 5 5 5 5 5 20 5 5 5 5 5 1524758525.050089
 5 5 5 5 5 5 20 5 5 5 5 5 1524758525.055966
 5 5 5 5 5 5 20 5 5 5 5 5 1524758525.062345
 5 5 5 5 5 5 20 5 5 5 5 5 1524758525.069492
 5 5 5 5 5 5 20 5 5 5 5 5 1524758525.075336
 5 5 5 5 5 5 20 5 5 5 5 5 1524758525.081603
 5 5 5 5 5 5 20 5 5 5 5 5 1524758525.087466
 5 5 5 5 5 5 20 5 5 5 5 5 1524758525.094613
 5 5 5 5 5 5 20 5 5 5 5 5 1524758525.100456
 5 5 5 5 5 5 20 5 5 5 5 5 1524758525.106335
 5 5 5 5 5 5 20 5 5 5 5 5 1524758525.112605
 5 5 5 5 5 5 20 5 5 5 5 5 1524758525.118462
 5 5 5 5 5 5 20 5 5 5 5 5 1524758525.125707
 5 5 5 5 5 5 20 5 5 5 5 5 1524758525.131832
 5 5 5 5 5 5 20 5 5 5 5 5 1524758525.137713
 5 5 5 5 5 5 20 5 5 5 5 5 1524758525.143836
 5 5 5 5 5 5 20 5 5 5 5 5 1524758525.149710
 5 5 5 5 5 5 20 5 5 5 5 5 1524758525.156711
 5 5 5 5 5 5 20 5 5 5 5 5 1524758525.163085
 5 5 5 5 5 5 20 5 5 5 5 5 1524758525.168966
 5 5 5 5 5 5 20 5 5 5 5 5 1524758525.175211
 5 5 5 5 5 5 20 5 5 5 5 5 1524758525.181126
 5 5 5 5 5 5 20 5 5 5 5 5 1524758525.187839
 5 5 5 5 5 5 20 5 5 5 5 5 1524758525.193965
 5 5 5 5 5 5 20 5 5 5 5 5 1524758525.199836
 5 5 5 5 5 5 20 5 5 5 5 5 1524758525.205961
 5 5 5 5 5 5 20 5 5 5 5 5 1524758525.212335
 5 5 5 5 5 5 20 5 5 5 5 5 1524758525.219087
 5 5 5 5 5 5 20 5 5 5 5 5 1524758525.225340
 5 5 5 5 5 5 20 5 5 5 5 5 1524758525.231459
 5 5 5 5 5 5 20 5 5 5 5 5 1524758525.237336
 5 5 5 5 5 5 20 5 5 5 5 5 1524758525.243459
 5 5 5 5 5 5 20 5 5 5 5 5 1524758525.250087
 5 5 5 5 5 5 20 5 5 5 5 5 1524758525.256334
 5 5 5 5 5 5 20 5 5 5 5 5 1524758525.262246
 5 5 5 5 5 5 20 5 5 5 5 5 1524758525.268087
 5 5 5 5 5 5 20 5 5 5 5 5 1524758525.274210
 5 5 5 5 5 5 20 5 5 5 5 5 1524758525.280828
 5 5 5 5 5 5 20 5 5 5 5 5 1524758525.286962
 5 5 5 5 5 5 20 5 5 5 5 5 1524758525.292834
 5 5 5 5 5 5 20 5 5 5 5 5 1524758525.298714
 5 5 5 5 5 5 20 5 5 5 5 5 1524758525.304957
 5 5 5 5 5 5 20 5 5 5 5 5 1524758525.311603
 5 5 5 5 5 5 20 5 5 5 5 5 1524758525.317610
 5 5 5 5 5 5 20 5 5 5 5 5 1524758525.323835
 5 5 5 5 5 5 20 5 5 5 5 5 1524758525.329709
 5 5 5 5 5 5 20 5 5 5 5 5 1524758525.335959
 5 5 5 5 5 5 20 5 5 5 5 5 1524758525.342831
 5 5 5 5 5 5 20 5 5 5 5 5 1524758525.348712
 5 5 5 5 5 5 20 5 5 5 5 5 1524758525.354958
 5 5 5 5 5 5 20 5 5 5 5 5 1524758525.360832
 5 5 5 5 5 5 20 5 5 5 5 5 1524758525.367712
 5 5 5 5 5 5 20 5 5 5 5 5 1524758525.373605
 5 5 5 5 5 5 20 5 5 5 5 5 1524758525.379456
 5 5 5 5 5 5 20 5 5 5 5 5 1524758525.385829
 5 5 5 5 5 5 20 5 5 5 5 5 1524758525.391704
 5 5 5 5 5 5 20 5 5 5 5 5 1524758525.398087
 5 5 5 5 5 5 20 5 5 5 5 5 1524758525.403947
 5 5 5 5 5 5 20 5 5 5 5 5 1524758525.409830
 5 5 5 5 5 5 20 5 5 5 5 5 1524758525.416080
 5 5 5 5 5 5 20 5 5 5 5 5 1524758525.421950
 5 5 5 5 5 5 20 5 5 5 5 5 1524758525.428836
 5 5 5 5 5 5 20 5 5 5 5 5 1524758525.435081
 5 5 5 5 5 5 20 5 5 5 5 5 1524758525.440956
 5 5 5 5 5 5 20 5 5 5 5 5 1524758525.447201
 5 5 5 5 5 5 20 5 5 5 5 5 1524758525.453073
 5 5 5 5 5 5 20 5 5 5 5 5 1524758525.459605
 5 5 5 5 5 5 20 5 5 5 5 5 1524758525.465953
 5 5 5 5 5 5 20 5 5 5 5 5 1524758525.471831
 5 5 5 5 5 5 20 5 5 5 5 5 1524758525.477950
 5 5 5 5 5 5 20 5 5 5 5 5 1524758525.484248
 5 5 5 5 5 5 20 5 5 5 5 5 1524758525.490456
 5 5 5 5 5 5 20 5 5 5 5 5 1524758525.496698
 5 5 5 5 5 5 20 5 5 5 5 5 1524758525.502608
 5 5 5 5 5 5 20 5 5 5 5 5 1524758525.508436
 5 5 5 5 5 5 20 5 5 5 5 5 1524758525.514700
 5 5 5 5 5 5 20 5 5 5 5 5 1524758525.520708
 5 5 5 5 5 5 20 5 5 5 5 5 1524758525.526950
 5 5 5 5 5 5 20 5 5 5 5 5 1524758525.532825
 5 5 5 5 5 5 20 5 5 5 5 5 1524758525.538699
 5 5 5 5 5 5 20 5 5 5 5 5 1524758525.544952
 5 5 5 5 5 5 20 5 5 5 5 5 1524758525.551328
 5 5 5 5 5 5 20 5 5 5 5 5 1524758525.557450
 5 5 5 5 5 5 20 5 5 5 5 5 1524758525.564331
 5 5 5 5 5 5 20 5 5 5 5 5 1524758525.570200
 5 5 5 5 5 5 20 5 5 5 5 5 1524758525.576452
 5 5 5 5 5 5 20 5 5 5 5 5 1524758525.583200
 5 5 5 5 5 5 20 5 5 5 5 5 1524758525.589071
 5 5 5 5 5 5 20 5 5 5 5 5 1524758525.595446
 5 5 5 5 5 5 20 5 5 5 5 5 1524758525.601322
 5 5 5 5 5 5 20 5 5 5 5 5 1524758525.607448
 5 5 5 5 5 5 20 5 5 5 5 5 1524758525.614063
 5 5 5 5 5 5 20 5 5 5 5 5 1524758525.619952
 5 5 5 5 5 5 20 5 5 5 5 5 1524758525.626075
 5 5 5 5 5 5 20 5 5 5 5 5 1524758525.631946
 5 5 5 5 5 5 20 5 5 5 5 5 1524758525.638190
 5 5 5 5 5 5 20 5 5 5 5 5 1524758525.645323
 5 5 5 5 5 5 20 5 5 5 5 5 1524758525.651198
 5 5 5 5 5 5 20 5 5 5 5 5 1524758525.657597
 5 5 5 5 5 5 20 5 5 5 5 5 1524758525.663948
 5 5 5 5 5 5 20 5 5 5 5 5 1524758525.669820
 5 5 5 5 5 5 20 5 5 5 5 5 1524758525.677071
 5 5 5 5 5 5 20 5 5 5 5 5 1524758525.682945
 5 5 5 5 5 5 20 5 5 5 5 5 1524758525.689321
 5 5 5 5 5 5 20 5 5 5 5 5 1524758525.695187
 5 5 5 5 5 5 20 5 5 5 5 5 1524758525.701068
 5 5 5 5 5 5 20 5 5 5 5 5 1524758525.707945
 5 5 5 5 5 5 20 5 5 5 5 5 1524758525.713820
 5 5 5 5 5 5 20 5 5 5 5 5 1524758525.720070
 5 5 5 5 5 5 20 5 5 5 5 5 1524758525.726321
 5 5 5 5 5 5 20 5 5 5 5 5 1524758525.732196
 5 5 5 5 5 5 20 5 5 5 5 5 1524758525.739196
 5 5 5 5 5 5 20 5 5 5 5 5 1524758525.745319
 5 5 5 5 5 5 20 5 5 5 5 5 1524758525.752825
 5 5 5 5 5 5 20 5 5 5 5 5 1524758525.758948
 5 5 5 5 5 5 20 5 5 5 5 5 1524758525.765322
 5 5 5 5 5 5 20 5 5 5 5 5 1524758525.771195
 5 5 5 5 5 5 20 5 5 5 5 5 1524758525.777355
 5 5 5 5 5 5 20 5 5 5 5 5 1524758525.783195
 5 5 5 5 5 5 20 5 5 5 5 5 1524758525.789319
 5 5 5 5 5 5 20 5 5 5 5 5 1524758525.796589
 5 5 5 5 5 5 20 5 5 5 5 5 1524758525.803937
 5 5 5 5 5 5 20 5 5 5 5 5 1524758525.811310
 5 5 5 5 5 5 20 5 5 5 5 5 1524758525.914436
 5 5 5 5 5 5 20 5 5 5 5 5 1524758525.920579
 5 5 5 5 5 5 20 5 5 5 5 5 1524758525.926592
 5 5 5 5 5 5 20 5 5 5 5 5 1524758525.932937
 5 5 5 5 5 5 20 5 5 5 5 5 1524758525.938803
 5 5 5 5 5 5 20 5 5 5 5 5 1524758525.945586
 5 5 5 5 5 5 20 5 5 5 5 5 1524758525.951813
 5 5 5 5 5 5 20 5 5 5 5 5 1524758525.958256
 5 5 5 5 5 5 20 5 5 5 5 5 1524758525.964058
 5 5 5 5 5 5 20 5 5 5 5 5 1524758525.970312
 5 5 5 5 5 5 20 5 5 5 5 5 1524758525.976729
 5 5 5 5 5 5 20 5 5 5 5 5 1524758525.982812
 5 5 5 5 5 5 20 5 5 5 5 5 1524758525.988813
 5 5 5 5 5 5 20 5 5 5 5 5 1524758525.994682
 5 5 5 5 5 5 20 5 5 5 5 5 1524758526.000933
 5 5 5 5 5 5 20 5 5 5 5 5 1524758526.006942
 5 5 5 5 5 5 20 5 5 5 5 5 1524758526.013185
 5 5 5 5 5 5 20 5 5 5 5 5 1524758526.019060
 5 5 5 5 5 5 20 5 5 5 5 5 1524758526.024940
 5 5 5 5 5 5 20 5 5 5 5 5 1524758526.031058
 5 5 5 5 5 5 20 5 5 5 5 5 1524758526.037191
 5 5 5 5 5 5 20 5 5 5 5 5 1524758526.043435
 5 5 5 5 5 5 20 5 5 5 5 5 1524758526.049435
 5 5 5 5 5 5 20 5 5 5 5 5 1524758526.055306
 5 5 5 5 5 5 20 5 5 5 5 5 1524758526.061569
 5 5 5 5 5 5 20 5 5 5 5 5 1524758526.067587
 5 5 5 5 5 5 20 5 5 5 5 5 1524758526.073809
 5 5 5 5 5 5 20 5 5 5 5 5 1524758526.079681
 5 5 5 5 5 5 20 5 5 5 5 5 1524758526.085576
 5 5 5 5 5 5 20 5 5 5 5 5 1524758526.091707
 5 5 5 5 5 5 20 5 5 5 5 5 1524758526.097937
 5 5 5 5 5 5 20 5 5 5 5 5 1524758526.104305
 5 5 5 5 5 5 20 5 5 5 5 5 1524758526.110181
 5 5 5 5 5 5 20 5 5 5 5 5 1524758526.116041
 5 5 5 5 5 5 20 5 5 5 5 5 1524758526.122305
 5 5 5 5 5 5 20 5 5 5 5 5 1524758526.128307
 5 5 5 5 5 5 20 5 5 5 5 5 1524758526.134566
 5 5 5 5 5 5 20 5 5 5 5 5 1524758526.140475
 5 5 5 5 5 5 20 5 5 5 5 5 1524758526.146307
 5 5 5 5 5 5 20 5 5 5 5 5 1524758526.152435
 5 5 5 5 5 5 20 5 5 5 5 5 1524758526.158433
 5 5 5 5 5 5 20 5 5 5 5 5 1524758526.164805
 5 5 5 5 5 5 20 5 5 5 5 5 1524758526.170680
 5 5 5 5 5 5 20 5 5 5 5 5 1524758526.176572
 5 5 5 5 5 5 20 5 5 5 5 5 1524758526.182804
 5 5 5 5 5 5 20 5 5 5 5 5 1524758526.188808
 5 5 5 5 5 5 20 5 5 5 5 5 1524758526.194931
 5 5 5 5 5 5 20 5 5 5 5 5 1524758526.201070
 5 5 5 5 5 5 20 5 5 5 5 5 1524758526.206933
 5 5 5 5 5 5 20 5 5 5 5 5 1524758526.213177
 5 5 5 5 5 5 20 5 5 5 5 5 1524758526.220052
 5 5 5 5 5 5 20 5 5 5 5 5 1524758526.226303
 5 5 5 5 5 5 20 5 5 5 5 5 1524758526.232427
 5 5 5 5 5 5 20 5 5 5 5 5 1524758526.238304
 5 5 5 5 5 5 20 5 5 5 5 5 1524758526.244678
 5 5 5 5 5 5 20 5 5 5 5 5 1524758526.251575
 5 5 5 5 5 5 20 5 5 5 5 5 1524758526.257427
 5 5 5 5 5 5 20 5 5 5 5 5 1524758526.263675
 5 5 5 5 5 5 20 5 5 5 5 5 1524758526.269546
 5 5 5 5 5 5 20 5 5 5 5 5 1524758526.275801
 5 5 5 5 5 5 20 5 5 5 5 5 1524758526.282542
 5 5 5 5 5 5 20 5 5 5 5 5 1524758526.288419
 5 5 5 5 5 5 20 5 5 5 5 5 1524758526.294542
 5 5 5 5 5 5 20 5 5 5 5 5 1524758526.300293
 5 5 5 5 5 5 20 5 5 5 5 5 1524758526.306535
 5 5 5 5 5 5 20 5 5 5 5 5 1524758526.313535
 5 5 5 5 5 5 20 5 5 5 5 5 1524758526.319424
 5 5 5 5 5 5 20 5 5 5 5 5 1524758526.325676
 5 5 5 5 5 5 20 5 5 5 5 5 1524758526.331578
 5 5 5 5 5 5 20 5 5 5 5 5 1524758526.337801
 5 5 5 5 5 5 20 5 5 5 5 5 1524758526.344676
 5 5 5 5 5 5 20 5 5 5 5 5 1524758526.350545
 5 5 5 5 5 5 20 5 5 5 5 5 1524758526.356667
 5 5 5 5 5 5 20 5 5 5 5 5 1524758526.362923
 5 5 5 5 5 5 20 5 5 5 5 5 1524758526.368796
 5 5 5 5 5 5 20 5 5 5 5 5 1524758526.375793
 5 5 5 5 5 5 20 5 5 5 5 5 1524758526.381670
 5 5 5 5 5 5 20 5 5 5 5 5 1524758526.387923
 5 5 5 5 5 5 20 5 5 5 5 5 1524758526.394424
 5 5 5 5 5 5 20 5 5 5 5 5 1524758526.401047
 5 5 5 5 5 5 20 5 5 5 5 5 1524758526.407173
 5 5 5 5 5 5 20 5 5 5 5 5 1524758526.413575
 5 5 5 5 5 5 20 5 5 5 5 5 1524758526.419414
 5 5 5 5 5 5 20 5 5 5 5 5 1524758526.425568
 5 5 5 5 5 5 20 5 5 5 5 5 1524758526.432054
 5 5 5 5 5 5 20 5 5 5 5 5 1524758526.438292
 5 5 5 5 5 5 20 5 5 5 5 5 1524758526.444172
 5 5 5 5 5 5 20 5 5 5 5 5 1524758526.450043
 5 5 5 5 5 5 20 5 5 5 5 5 1524758526.456172
 5 5 5 5 5 5 20 5 5 5 5 5 1524758526.462568
 5 5 5 5 5 5 20 5 5 5 5 5 1524758526.468797
 5 5 5 5 5 5 20 5 5 5 5 5 1524758526.474670
 5 5 5 5 5 5 20 5 5 5 5 5 1524758526.480544
 5 5 5 5 5 5 20 5 5 5 5 5 1524758526.486919
 5 5 5 5 5 5 20 5 5 5 5 5 1524758526.492796
 5 5 5 5 5 5 20 5 5 5 5 5 1524758526.499042
 5 5 5 5 5 5 20 5 5 5 5 5 1524758526.504927
 5 5 5 5 5 5 20 5 5 5 5 5 1524758526.510793
 5 5 5 5 5 5 20 5 5 5 5 5 1524758526.516912
 5 5 5 5 5 5 20 5 5 5 5 5 1524758526.522794
 5 5 5 5 5 5 20 5 5 5 5 5 1524758526.528917
 5 5 5 5 5 5 20 5 5 5 5 5 1524758526.535046
 5 5 5 5 5 5 20 5 5 5 5 5 1524758526.540921
 5 5 5 5 5 5 20 5 5 5 5 5 1524758526.546916
 5 5 5 5 5 5 20 5 5 5 5 5 1524758526.553436
 5 5 5 5 5 5 20 5 5 5 5 5 1524758526.559543
 5 5 5 5 5 5 20 5 5 5 5 5 1524758526.565418
 5 5 5 5 5 5 20 5 5 5 5 5 1524758526.571291
 5 5 5 5 5 5 20 5 5 5 5 5 1524758526.577669
 5 5 5 5 5 5 20 5 5 5 5 5 1524758526.584047
 5 5 5 5 5 5 20 5 5 5 5 5 1524758526.590287
 5 5 5 5 5 5 20 5 5 5 5 5 1524758526.596163
 5 5 5 5 5 5 20 5 5 5 5 5 1524758526.602025
 5 5 5 5 5 5 20 5 5 5 5 5 1524758526.608286
 5 5 5 5 5 5 20 5 5 5 5 5 1524758526.614329
 5 5 5 5 5 5 20 5 5 5 5 5 1524758526.620413
 5 5 5 5 5 5 20 5 5 5 5 5 1524758526.626288
 5 5 5 5 5 5 20 5 5 5 5 5 1524758526.632163
 5 5 5 5 5 5 20 5 5 5 5 5 1524758526.638294
 5 5 5 5 5 5 20 5 5 5 5 5 1524758526.644295
 5 5 5 5 5 5 20 5 5 5 5 5 1524758526.650537
 5 5 5 5 5 5 20 5 5 5 5 5 1524758526.656418
 5 5 5 5 5 5 20 5 5 5 5 5 1524758526.662286
 5 5 5 5 5 5 20 5 5 5 5 5 1524758526.668412
 5 5 5 5 5 5 20 5 5 5 5 5 1524758526.674416
 5 5 5 5 5 5 20 5 5 5 5 5 1524758526.680664
 5 5 5 5 5 5 20 5 5 5 5 5 1524758526.686912
 5 5 5 5 5 5 20 5 5 5 5 5 1524758526.692790
 5 5 5 5 5 5 20 5 5 5 5 5 1524758526.699038
 5 5 5 5 5 5 20 5 5 5 5 5 1524758526.705785
 5 5 5 5 5 5 20 5 5 5 5 5 1524758526.711912
 5 5 5 5 5 5 20 5 5 5 5 5 1524758526.718286
 5 5 5 5 5 5 20 5 5 5 5 5 1524758526.724160
 5 5 5 5 5 5 20 5 5 5 5 5 1524758526.730410
 5 5 5 5 5 5 20 5 5 5 5 5 1524758526.737415
 5 5 5 5 5 5 20 5 5 5 5 5 1524758526.743288
 5 5 5 5 5 5 20 5 5 5 5 5 1524758526.749537
 5 5 5 5 5 5 20 5 5 5 5 5 1524758526.755409
 5 5 5 5 5 5 20 5 5 5 5 5 1524758526.761533
 5 5 5 5 5 5 20 5 5 5 5 5 1524758526.768778
 5 5 5 5 5 5 20 5 5 5 5 5 1524758526.774662
 5 5 5 5 5 5 20 5 5 5 5 5 1524758526.780770
 5 5 5 5 5 5 20 5 5 5 5 5 1524758526.786657
 5 5 5 5 5 5 20 5 5 5 5 5 1524758526.793034
 5 5 5 5 5 5 20 5 5 5 5 5 1524758526.800031
 5 5 5 5 5 5 20 5 5 5 5 5 1524758526.805908
 5 5 5 5 5 5 20 5 5 5 5 5 1524758526.812034
 5 5 5 5 5 5 20 5 5 5 5 5 1524758526.817909
 5 5 5 5 5 5 20 5 5 5 5 5 1524758526.823909
 5 5 5 5 5 5 20 5 5 5 5 5 1524758526.831031
 5 5 5 5 5 5 20 5 5 5 5 5 1524758526.836908
 5 5 5 5 5 5 20 5 5 5 5 5 1524758526.843033
 5 5 5 5 5 5 20 5 5 5 5 5 1524758526.848910
 5 5 5 5 5 5 20 5 5 5 5 5 1524758526.855416
 5 5 5 5 5 5 20 5 5 5 5 5 1524758526.861651
 5 5 5 5 5 5 20 5 5 5 5 5 1524758526.867530
 5 5 5 5 5 5 20 5 5 5 5 5 1524758526.873966
 5 5 5 5 5 5 20 5 5 5 5 5 1524758526.880156
 5 5 5 5 5 5 20 5 5 5 5 5 1524758526.887030
 5 5 5 5 5 5 20 5 5 5 5 5 1524758526.893407
 5 5 5 5 5 5 20 5 5 5 5 5 1524758526.899326
 5 5 5 5 5 5 20 5 5 5 5 5 1524758526.905154
 5 5 5 5 5 5 20 5 5 5 5 5 1524758526.911402
 5 5 5 5 5 5 20 5 5 5 5 5 1524758526.918152
 5 5 5 5 5 5 20 5 5 5 5 5 1524758526.924407
 5 5 5 5 5 5 20 5 5 5 5 5 1524758526.930656
 5 5 5 5 5 5 20 5 5 5 5 5 1524758526.936532
 5 5 5 5 5 5 20 5 5 5 5 5 1524758526.942651
 5 5 5 5 5 5 20 5 5 5 5 5 1524758526.949819
 5 5 5 5 5 5 20 5 5 5 5 5 1524758526.955683
 5 5 5 5 5 5 20 5 5 5 5 5 1524758526.961905
 5 5 5 5 5 5 20 5 5 5 5 5 1524758526.967774
 5 5 5 5 5 5 20 5 5 5 5 5 1524758526.974029
 5 5 5 5 5 5 20 5 5 5 5 5 1524758526.980651
 5 5 5 5 5 5 20 5 5 5 5 5 1524758526.986529
 5 5 5 5 5 5 20 5 5 5 5 5 1524758526.992779
 5 5 5 5 5 5 20 5 5 5 5 5 1524758526.998653
 5 5 5 5 5 5 20 5 5 5 5 5 1524758527.004778
 5 5 5 5 5 5 20 5 5 5 5 5 1524758527.011906
 5 5 5 5 5 5 20 5 5 5 5 5 1524758527.017778
 5 5 5 5 5 5 20 5 5 5 5 5 1524758527.023903
 5 5 5 5 5 5 20 5 5 5 5 5 1524758527.029775
 5 5 5 5 5 5 20 5 5 5 5 5 1524758527.036533
 5 5 5 5 5 5 20 5 5 5 5 5 1524758527.042775
 5 5 5 5 5 5 20 5 5 5 5 5 1524758527.048650
 5 5 5 5 5 5 20 5 5 5 5 5 1524758527.054923
 5 5 5 5 5 5 20 5 5 5 5 5 1524758527.061278
 5 5 5 5 5 5 20 5 5 5 5 5 1524758527.067408
 5 5 5 5 5 5 20 5 5 5 5 5 1524758527.073647
 5 5 5 5 5 5 20 5 5 5 5 5 1524758527.079538
 5 5 5 5 5 5 20 5 5 5 5 5 1524758527.085650
 5 5 5 5 5 5 20 5 5 5 5 5 1524758527.091789
 5 5 5 5 5 5 20 5 5 5 5 5 1524758527.097651
 5 5 5 5 5 5 20 5 5 5 5 5 1524758527.103896
 5 5 5 5 5 5 20 5 5 5 5 5 1524758527.109772
 5 5 5 5 5 5 20 5 5 5 5 5 1524758527.116148
 5 5 5 5 5 5 20 5 5 5 5 5 1524758527.122150
 5 5 5 5 5 5 20 5 5 5 5 5 1524758527.128897
 5 5 5 5 5 5 20 5 5 5 5 5 1524758527.135275
 5 5 5 5 5 5 20 5 5 5 5 5 1524758527.141147
 5 5 5 5 5 5 20 5 5 5 5 5 1524758527.147150
 5 5 5 5 5 5 20 5 5 5 5 5 1524758527.153020
 5 5 5 5 5 5 20 5 5 5 5 5 1524758527.159769
 5 5 5 5 5 5 20 5 5 5 5 5 1524758527.166021
 5 5 5 5 5 5 20 5 5 5 5 5 1524758527.171898
 5 5 5 5 5 5 20 5 5 5 5 5 1524758527.178016
 5 5 5 5 5 5 20 5 5 5 5 5 1524758527.184267
 5 5 5 5 5 5 20 5 5 5 5 5 1524758527.191024
 5 5 5 5 5 5 20 5 5 5 5 5 1524758527.197145
 5 5 5 5 5 5 20 5 5 5 5 5 1524758527.203019
 5 5 5 5 5 5 20 5 5 5 5 5 1524758527.208897
 5 5 5 5 5 5 20 5 5 5 5 5 1524758527.215269
 5 5 5 5 5 5 20 5 5 5 5 5 1524758527.222015
 5 5 5 5 5 5 20 5 5 5 5 5 1524758527.228269
 5 5 5 5 5 5 20 5 5 5 5 5 1524758527.234511
 5 5 5 5 5 5 20 5 5 5 5 5 1524758527.240390
 5 5 5 5 5 5 20 5 5 5 5 5 1524758527.246519
 5 5 5 5 5 5 20 5 5 5 5 5 1524758527.253647
 5 5 5 5 5 5 20 5 5 5 5 5 1524758527.259519
 5 5 5 5 5 5 20 5 5 5 5 5 1524758527.265645
 5 5 5 5 5 5 20 5 5 5 5 5 1524758527.271515
 5 5 5 5 5 5 20 5 5 5 5 5 1524758527.278762
 5 5 5 5 5 5 20 5 5 5 5 5 1524758527.285020
 5 5 5 5 5 5 20 5 5 5 5 5 1524758527.290892
 5 5 5 5 5 5 20 5 5 5 5 5 1524758527.297140
 5 5 5 5 5 5 20 5 5 5 5 5 1524758527.303015
 5 5 5 5 5 5 20 5 5 5 5 5 1524758527.309895
 5 5 5 5 5 5 20 5 5 5 5 5 1524758527.316267
 5 5 5 5 5 5 20 5 5 5 5 5 1524758527.322138
 5 5 5 5 5 5 20 5 5 5 5 5 1524758527.328394
 5 5 5 5 5 5 20 5 5 5 5 5 1524758527.334394
 5 5 5 5 5 5 20 5 5 5 5 5 1524758527.340272
 5 5 5 5 5 5 20 5 5 5 5 5 1524758527.346392
 5 5 5 5 5 5 20 5 5 5 5 5 1524758527.352267
 5 5 5 5 5 5 20 5 5 5 5 5 1524758527.358514
 5 5 5 5 5 5 20 5 5 5 5 5 1524758527.364892
 5 5 5 5 5 5 20 5 5 5 5 5 1524758527.371272
 5 5 5 5 5 5 20 5 5 5 5 5 1524758527.377517
 5 5 5 5 5 5 20 5 5 5 5 5 1524758527.383265
 5 5 5 5 5 5 20 5 5 5 5 5 1524758527.389386
 5 5 5 5 5 5 20 5 5 5 5 5 1524758527.395262
 5 5 5 5 5 5 20 5 5 5 5 5 1524758527.402027
 5 5 5 5 5 5 20 5 5 5 5 5 1524758527.408141
 5 5 5 5 5 5 20 5 5 5 5 5 1524758527.414510
 5 5 5 5 5 5 20 5 5 5 5 5 1524758527.420245
 5 5 5 5 5 5 20 5 5 5 5 5 1524758527.426371
 5 5 5 5 5 5 20 5 5 5 5 5 1524758527.433610
 5 5 5 5 5 5 20 5 5 5 5 5 1524758527.439386
 5 5 5 5 5 5 20 5 5 5 5 5 1524758527.445514
 5 5 5 5 5 5 20 5 5 5 5 5 1524758527.451386
 5 5 5 5 5 5 20 5 5 5 5 5 1524758527.457760
 5 5 5 5 5 5 20 5 5 5 5 5 1524758527.465134
 5 5 5 5 5 5 20 5 5 5 5 5 1524758527.471010
 5 5 5 5 5 5 20 5 5 5 5 5 1524758527.477260
 5 5 5 5 5 5 20 5 5 5 5 5 1524758527.483132
 5 5 5 5 5 5 20 5 5 5 5 5 1524758527.489386
 5 5 5 5 5 5 20 5 5 5 5 5 1524758527.496761
 5 5 5 5 5 5 20 5 5 5 5 5 1524758527.502687
 5 5 5 5 5 5 20 5 5 5 5 5 1524758527.508759
 5 5 5 5 5 5 20 5 5 5 5 5 1524758527.514630
 5 5 5 5 5 5 20 5 5 5 5 5 1524758527.520511
 5 5 5 5 5 5 20 5 5 5 5 5 1524758527.527886
 5 5 5 5 5 5 20 5 5 5 5 5 1524758527.533751
 5 5 5 5 5 5 20 5 5 5 5 5 1524758527.539870
 5 5 5 5 5 5 20 5 5 5 5 5 1524758527.545752
 5 5 5 5 5 5 20 5 5 5 5 5 1524758527.551618
 5 5 5 5 5 5 20 5 5 5 5 5 1524758527.558743
 5 5 5 5 5 5 20 5 5 5 5 5 1524758527.564754
 5 5 5 5 5 5 20 5 5 5 5 5 1524758527.571005
 5 5 5 5 5 5 20 5 5 5 5 5 1524758527.576880
 5 5 5 5 5 5 20 5 5 5 5 5 1524758527.582758
 5 5 5 5 5 5 20 5 5 5 5 5 1524758527.589761
 5 5 5 5 5 5 20 5 5 5 5 5 1524758527.595508
 5 5 5 5 5 5 20 5 5 5 5 5 1524758527.601629
 5 5 5 5 5 5 20 5 5 5 5 5 1524758527.607501
 5 5 5 5 5 5 20 5 5 5 5 5 1524758527.613383
 5 5 5 5 5 5 20 5 5 5 5 5 1524758527.620383
 5 5 5 5 5 5 20 5 5 5 5 5 1524758527.626251
 5 5 5 5 5 5 20 5 5 5 5 5 1524758527.632381
 5 5 5 5 5 5 20 5 5 5 5 5 1524758527.638629
 5 5 5 5 5 5 20 5 5 