798.9	3002	0
798.9	3151	0
799.0	3233	0
799.0	3157	0
799.0	3047	0
799.1	3133	0
799.1	2971	0
799.1	1724	0
799.1	3142	0
799.1	3221	0
799.1	3223	0
799.1	3141	0
799.1	3138	0
799.1	3100	0
799.1	3123	0
799.1	3166	0
799.1	2952	0
799.2	3198	0
799.2	3329	0
799.2	3131	0
799.2	3206	0
799.3	3185	0
799.3	3246	0
799.3	3099	0
799.4	3191	0
799.4	3217	0
799.4	3142	0
799.4	3061	0
799.4	3116	0
799.4	3075	0
799.4	2937	0
799.4	2903	0
799.4	3189	0
799.5	3060	0
799.5	3234	0
799.6	3202	0
799.6	3038	0
799.6	3082	0
799.6	3049	0
799.7	3183	0
799.7	3207	0
799.7	3151	0
799.8	3095	0
799.8	3147	0
799.8	3210	0
799.9	3163	0
799.9	3155	0
800.0	3167	0
800.0	3078	0
800.0	3202	0
800.0	3156	0
800.0	2844	0
800.0	3357	0
800.0	3181	0
800.1	3255	0
800.1	2975	0
800.1	3318	0
800.1	3035	0
800.2	3165	0
800.2	3177	0
800.2	3174	0
800.2	3149	0
800.2	3078	0
800.3	3226	0
800.3	3203	0
800.3	3223	0
800.4	3198	0
800.4	2028	0
800.4	3231	0
800.5	3076	0
800.5	3177	0
800.6	3142	0
800.6	1262	0
800.6	3295	0
800.6	3083	0
800.7	3017	0
800.7	3042	0
800.8	3159	0
800.8	3089	0
800.8	3102	0
800.8	3173	0
800.8	3180	0
800.8	3057	0
800.8	3129	0
800.9	3279	0
800.9	2983	0
800.9	3102	0
800.9	3163	0
800.9	3165	0
801.0	3111	0
801.0	3217	0
801.0	3116	0
801.1	3281	0
801.1	3119	0
801.1	3275	0
801.2	3103	0
801.2	3239	0
801.2	3150	0
801.2	3150	0
801.2	3201	0
801.2	3223	0
801.3	2959	0
801.3	3143	0
801.3	3185	0
801.3	3138	0
801.3	3151	0
801.4	3117	0
801.4	2997	0
801.5	3218	0
801.5	3059	0
801.5	3236	0
801.6	2835	0
801.6	2993	0
801.6	3118	0
801.6	3135	0
801.7	3279	0
801.7	3069	0
801.8	3083	0
801.8	3141	0
801.8	3026	0
801.8	3099	0
801.8	3188	0
801.9	3319	0
801.9	3133	0
802.0	3198	0
802.0	3263	0
802.0	3259	0
802.1	3156	0
802.2	2948	0
802.2	3178	0
802.2	3212	0
802.2	3061	0
802.2	3007	0
802.2	3021	0
802.2	2945	0
802.2	3129	0
802.2	2858	0
802.3	3043	0
802.3	3117	0
802.3	3126	0
802.3	3278	0
802.4	3208	0
802.4	3133	0
802.4	3276	0
802.4	3075	0
802.4	1904	0
802.5	3227	0
802.5	3165	0
802.5	2705	0
802.5	3075	0
802.5	3239	0
802.6	3147	0
802.6	2677	0
802.6	3121	0
802.6	3167	0
802.7	2489	0
802.7	3247	0
802.7	3187	0
802.8	3066	0
802.8	3223	0
802.8	3134	0
802.8	3069	0
802.8	3199	0
802.9	3263	0
802.9	3241	0
802.9	3189	0
803.0	2862	0
803.0	3187	0
803.0	3143	0
803.0	3062	0
803.0	3051	0
803.0	3038	0
803.1	3263	0
803.1	3277	0
803.1	3179	0
803.1	3109	0
803.2	3050	0
803.2	3294	0
803.2	3174	0
803.3	1136	0
803.3	3294	0
803.3	3191	0
803.3	3237	0
803.4	2490	0
803.4	3257	0
803.4	3175	0
803.5	3132	0
803.5	3155	0
803.5	3380	0
803.5	3144	0
803.5	3163	0
803.6	3169	0
803.6	3139	0
803.7	3147	0
803.7	3097	0
803.7	3167	0
803.7	3257	0
803.8	3075	0
803.8	2957	0
803.8	2995	0
803.8	3150	0
803.9	3223	0
803.9	3251	0
803.9	3045	0
803.9	3059	0
803.9	3225	0
803.9	3244	0
804.0	3301	0
804.0	3203	0
804.0	3025	0
804.1	3067	0
804.1	3245	0
804.1	3300	0
804.1	3115	0
804.1	3176	0
804.1	3119	0
804.1	3124	0
804.1	3034	0
804.1	1322	0
804.1	3009	0
804.2	3109	0
804.2	3249	0
804.2	3163	0
804.3	3167	0
804.3	3133	0
804.3	1728	0
804.3	1230	0
804.3	3153	0
804.3	3037	0
804.4	3226	0
804.4	3195	0
804.5	2705	0
804.5	2971	0
804.5	3151	0
804.5	2955	0
804.6	3202	0
804.6	3076	0
804.6	2006	0
804.7	3220	0
804.7	2923	0
804.7	3059	0
804.7	3125	0
804.8	3135	0
804.9	3065	0
804.9	3147	0
804.9	3229	0
805.0	3237	0
805.0	3114	0
805.0	3235	0
805.0	3160	0
805.0	3100	0
805.1	3263	0
805.1	3215	0
805.1	3194	0
805.1	3188	0
805.1	3071	0
805.1	3198	0
805.1	3071	0
805.2	3245	0
805.2	3214	0
805.2	3163	0
805.2	1175	0
805.2	3155	0
805.2	3137	0
805.3	3223	0
805.3	3021	0
805.3	3090	0
805.4	3222	0
805.4	3275	0
805.4	3255	0
805.5	3063	0
805.5	3055	0
805.5	3203	0
805.5	2993	0
805.6	3011	0
805.6	3285	0
805.6	3206	0
805.6	3243	0
805.6	3261	0
805.6	3186	0
805.7	3129	0
805.7	3191	0
805.7	2963	0
805.8	3169	0
805.8	3208	0
805.8	3135	0
805.8	3185	0
805.9	904	0
805.9	3129	0
806.0	3067	0
806.0	3165	0
806.0	2584	0
806.0	3271	0
806.0	3175	0
806.0	3444	0
806.1	3089	0
806.1	3121	0
806.1	3169	0
806.2	1977	0
806.2	1469	0
806.2	3194	0
806.2	3167	0
806.2	3169	0
806.2	3295	0
806.2	2997	0
806.2	3272	0
806.3	2743	0
806.3	1552	0
806.3	4	0
806.3	3077	0
806.3	3331	0
806.3	3239	0
806.3	3027	0
806.4	3146	0
806.4	3159	0
806.4	3149	0
806.4	3279	0
806.4	2940	0
806.5	3138	0
806.5	3011	0
806.5	3143	0
806.5	3215	0
806.5	3105	0
806.5	3267	0
806.5	1601	0
806.6	2114	0
806.6	3261	0
806.6	3109	0
806.6	3052	0
806.7	3125	0
806.7	3051	0
806.8	3155	0
806.8	3193	0
806.8	3023	0
806.8	3211	0
806.8	1567	0
806.8	2	0
806.8	3022	0
806.9	3106	0
806.9	3285	0
806.9	3052	0
806.9	3245	0
806.9	3151	0
807.0	3123	0
807.1	2895	0
807.1	3039	0
807.1	3118	0
807.1	3095	0
807.1	3366	0
807.1	3065	0
807.2	3245	0
807.2	3058	0
807.2	3025	0
807.2	3195	0
807.2	3225	0
807.2	2999	0
807.2	2957	0
807.2	3241	0
807.3	3066	0
807.3	3221	0
807.3	2983	0
807.3	3014	0
807.3	2948	0
807.3	3172	0
807.3	3106	0
807.3	3011	0
807.4	3279	0
807.4	3007	0
807.4	3139	0
807.5	3156	0
807.5	3231	0
807.5	3030	0
807.6	2950	0
807.6	3161	0
807.6	1085	0
807.6	3014	0
807.7	3132	0
807.7	3069	0
807.7	3159	0
807.7	3235	0
807.8	3209	0
807.8	3233	0
807.8	2225	0
807.8	2987	0
807.8	3193	0
807.9	3243	0
807.9	3153	0
807.9	3059	0
808.0	3089	0
808.0	3222	0
808.0	3241	0
808.0	3287	0
808.0	2998	0
808.1	3271	0
808.1	3058	0
808.1	3078	0
808.1	3111	0
808.1	3097	0
808.2	3225	0
808.2	3188	0
808.2	3201	0
808.2	3265	0
808.2	3177	0
808.3	3124	0
808.3	2942	0
808.3	3151	0
808.4	3220	0
808.4	3149	0
808.4	3188	0
808.5	3109	0
808.5	2996	0
808.6	3111	0
808.6	3043	0
808.6	2967	0
808.7	3030	0
808.7	3075	0
808.7	3151	0
808.7	3071	0
808.9	2978	0
808.9	3104	0
809.0	3099	0
809.0	3035	0
809.0	3135	0
809.1	3104	0
809.1	3135	0
809.1	3060	0
809.2	2760	0
809.2	2739	0
809.2	3122	0
809.2	3089	0
809.3	3060	0
809.3	3114	0
809.3	3002	0
809.3	3356	0
809.3	2536	0
809.3	3082	0
809.3	3129	0
809.3	3188	0
809.3	3030	0
809.3	3169	0
809.4	3174	0
809.4	3174	0
809.4	3122	0
809.4	3219	0
809.4	3225	0
809.5	1581	0
809.5	3007	0
809.5	3305	0
809.5	3080	0
809.5	2842	0
809.5	3066	0
809.5	3155	0
809.6	3237	0
809.6	3185	0
809.6	3183	0
809.7	3083	0
809.7	2976	0
809.7	3163	0
809.7	3243	0
809.8	3076	0
809.8	3129	0
809.8	3189	0
809.8	3160	0
809.8	3070	0
809.9	3189	0
809.9	3134	0
809.9	3175	0
809.9	3107	0
810.0	3179	0
810.0	3003	0
810.0	3157	0
810.0	3153	0
810.0	3183	0
810.0	3272	0
810.0	2422	0
810.1	3020	0
810.1	3183	0
810.1	3180	0
810.2	2981	0
810.2	3177	0
810.2	3066	0
810.2	3186	0
810.3	2606	0
810.3	3173	0
810.3	3111	0
810.3	3099	0
810.3	3135	0
810.4	3271	0
810.5	3210	0
810.5	3154	0
810.5	3166	0
810.6	3095	0
810.6	3164	0
810.6	3207	0
810.6	3155	0
810.6	2956	0
810.7	3179	0
810.7	2877	0
810.7	3070	0
810.8	3139	0
810.8	3237	0
810.8	3221	0
810.8	3156	0
810.9	3325	0
810.9	3204	0
810.9	3191	0
811.1	3116	0
811.1	2984	0
811.1	3285	0
811.1	3231	0
811.1	3127	0
811.1	3079	0
811.1	3067	0
811.2	3134	0
811.2	3263	0
811.2	3244	0
811.2	3085	0
811.2	3215	0
811.2	3106	0
811.2	3146	0
811.3	3094	0
811.3	3056	0
811.3	3105	0
811.3	2844	0
811.4	3228	0
811.4	3067	0
811.4	3230	0
811.5	3192	0
811.5	3249	0
811.5	3035	0
811.5	3194	0
811.5	3143	0
811.5	2994	0
811.5	3218	0
811.5	3106	0
811.5	3182	0
811.5	3090	0
811.6	3086	0
811.6	3211	0
811.6	3151	0
811.7	2971	0
811.7	3106	0
811.7	3311	0
811.8	3038	0
811.8	3166	0
811.8	3126	0
811.8	3245	0
811.8	3051	0
811.9	3062	0
811.9	3067	0
811.9	3051	0
811.9	3131	0
811.9	3121	0
812.0	3167	0
812.0	3151	0
812.0	3055	0
812.0	3183	0
812.1	2647	0
812.1	3038	0
812.1	2945	0
812.2	3207	0
812.2	2989	0
812.2	2935	0
812.2	3317	0
812.3	3225	0
812.3	2892	0
812.3	3302	0
812.3	3181	0
812.3	3231	0
812.4	3107	0
812.4	3063	0
812.5	3199	0
812.5	3201	0
812.5	3087	0
812.5	3186	0
812.5	2940	0
812.5	3187	0
812.6	3071	0
812.7	3079	0
812.7	3347	0
812.7	2962	0
812.8	3075	0
812.8	3151	0
812.8	3149	0
812.8	3247	0
812.9	3095	0
813.0	2890	0
813.0	3301	0
813.0	3050	0
813.1	3245	0
813.1	3285	0
813.1	2985	0
813.1	3334	0
813.1	3234	0
813.2	3144	0
813.2	3147	0
813.3	3222	0
813.3	3127	0
813.3	3155	0
813.4	3141	0
813.4	3213	0
813.4	3095	0
813.4	3187	0
813.5	3045	0
813.5	3189	0
813.5	3035	0
813.5	3081	0
813.5	3277	0
813.6	3171	0
813.6	2905	0
813.6	2876	0
813.6	3254	0
813.6	2953	0
813.6	3181	0
813.6	3075	0
813.7	3346	0
813.7	3256	0
813.7	3274	0
813.8	3188	0
813.8	2971	0
813.9	3128	0
813.9	3117	0
813.9	3206	0
813.9	1523	0
813.9	4	0
814.0	3025	0
814.0	3194	0
814.1	3087	0
814.1	3108	0
814.3	3018	0
814.3	3169	0
814.3	3253	0
814.3	3229	0
814.3	3181	0
814.3	3011	0
814.4	3141	0
814.4	3084	0
814.5	3112	0
814.5	3049	0
814.5	3082	0
814.6	2990	0
814.6	3231	0
814.6	3057	0
814.6	3083	0
814.6	3123	0
814.6	3020	0
814.6	2952	0
814.6	3150	0
814.7	3181	0
814.7	3173	0
814.7	3068	0
814.8	3071	0
814.8	3137	0
814.9	3193	0
814.9	3007	0
814.9	1141	0
814.9	3230	0
815.0	1552	0
815.0	4	0
815.0	2917	0
815.1	3137	0
815.1	3255	0
815.1	3237	0
815.1	3070	0
815.1	3271	0
815.1	3151	0
815.1	3066	0
815.1	1068	0
815.1	3108	0
815.2	3171	0
815.2	3086	0
815.3	3028	0
815.3	2994	0
815.4	3159	0
815.4	3119	0
815.4	3055	0
815.4	3172	0
815.5	2983	0
815.5	3123	0
815.5	3101	0
815.5	3213	0
815.5	2961	0
815.5	3063	0
815.6	3128	0
815.6	2970	0
815.6	2978	0
815.6	3130	0
815.6	3127	0
815.7	3202	0
815.7	3155	0
815.7	3178	0
815.8	3123	0
815.8	3144	0
815.8	3103	0
815.8	3085	0
815.9	3001	0
815.9	1563	0
815.9	3	0
816.0	3167	0
816.0	3150	0
816.0	3043	0
816.1	3107	0
816.1	3182	0
816.2	3191	0
816.2	1858	0
816.2	3262	0
816.2	3239	0
816.2	3140	0
816.3	3189	0
816.3	3215	0
816.3	3176	0
816.3	3175	0
816.3	3225	0
816.3	3139	0
816.3	3156	0
816.3	3256	0
816.3	2572	0
816.4	3103	0
816.4	3162	0
816.4	3218	0
816.4	3109	0
816.4	3156	0
816.4	3039	0
816.4	3177	0
816.4	3206	0
816.4	3142	0
816.4	3207	0
816.4	2421	0
816.4	3153	0
816.5	3105	0
816.5	3025	0
816.6	3015	0
816.6	2725	0
816.6	1172	0
816.6	3107	0
816.7	3059	0
816.7	3101	0
816.7	2805	0
816.8	3269	0
816.8	3168	0
816.8	2897	0
816.8	3164	0
816.8	3391	0
816.8	3157	0
816.8	3121	0
816.9	3185	0
816.9	3298	0
816.9	3159	0
816.9	3167	0
816.9	3105	0
816.9	3123	0
816.9	3193	0
816.9	3033	0
817.0	2843	0
817.0	3171	0
817.1	3223	0
817.1	3015	0
817.1	3225	0
817.1	3041	0
817.1	2501	0
817.1	3109	0
817.2	2935	0
817.2	3196	0
817.2	3141	0
817.2	3079	0
817.2	2530	0
817.2	3137	0
817.2	2841	0
817.3	2956	0
817.3	3058	0
817.3	3086	0
817.3	3195	0
817.3	3175	0
817.4	2983	0
817.4	3113	0
817.4	2964	0
817.4	3269	0
817.5	3217	0
817.5	2991	0
817.6	3038	0
817.6	3125	0
817.6	3198	0
817.7	3164	0
817.7	3207	0
817.7	3218	0
817.8	3094	0
817.8	3067	0
817.8	2988	0
817.8	3101	0
817.8	2418	0
817.9	3147	0
817.9	3231	0
817.9	3034	0
818.0	3143	0
818.0	3139	0
818.0	3293	0
818.1	3157	0
818.1	3135	0
818.1	3229	0
818.1	3251	0
818.1	3197	0
818.2	3317	0
818.2	3070	0
818.2	3106	0
818.2	3056	0
818.2	3167	0
818.3	3258	0
818.3	3107	0
818.3	3080	0
818.3	3278	0
818.3	3113	0
818.3	3033	0
818.4	2617	0
818.4	3184	0
818.4	3127	0
818.4	3044	0
818.4	3135	0
818.4	3231	0
818.4	1530	0
818.4	3153	0
818.5	3043	0
818.5	3243	0
818.5	3195	0
818.6	3134	0
818.6	3159	0
818.6	3107	0
818.6	3075	0
818.6	2860	0
818.7	3110	0
818.7	3255	0
818.7	3066	0
818.7	3028	0
818.7	3299	0
818.7	3270	0
818.7	3227	0
818.8	1572	0
818.8	3167	0
818.8	769	0
818.8	3247	0
818.8	3142	0
818.9	3175	0
818.9	3216	0
818.9	3210	0
818.9	3098	0
818.9	3252	0
818.9	3171	0
818.9	3143	0
818.9	3062	0
818.9	3133	0
819.0	3039	0
819.0	3006	0
819.0	2995	0
819.0	3044	0
819.0	3226	0
819.0	3278	0
819.1	2800	0
819.1	3155	0
819.1	3263	0
819.1	3020	0
819.2	3268	0
819.2	3208	0
819.2	3054	0
819.2	3094	0
819.2	3151	0
819.3	3266	0
819.3	3031	0
819.3	3054	0
819.3	3041	0
819.3	3263	0
819.3	3079	0
819.4	3081	0
819.4	3303	0
819.4	3112	0
819.5	3233	0
819.5	3115	0
819.5	3033	0
819.5	2969	0
819.5	3109	0
819.5	3202	0
819.5	3173	0
819.6	3201	0
819.6	3205	0
819.6	3286	0
819.6	3191	0
819.6	3199	0
819.6	2838	0
819.6	3275	0
819.7	3058	0
819.7	3139	0
819.7	3083	0
819.8	3107	0
819.8	1063	0
819.9	3199	0
819.9	3161	0
819.9	3267	0
820.0	3101	0
820.0	2976	0
820.0	3047	0
820.0	2352	0
820.0	3156	0
820.0	2952	0
820.1	2871	0
820.1	3109	0
820.2	3081	0
820.2	3174	0
820.2	3241	0
820.2	3176	0
820.3	3121	0
820.3	3226	0
820.3	3016	0
820.3	3187	0
820.4	3199	0
820.4	3147	0
820.4	2955	0
820.5	3053	0
820.5	3101	0
820.5	2989	0
820.5	3091	0
820.6	2994	0
820.6	3084	0
820.7	1528	0
820.7	3	0
820.7	3202	0
820.7	3185	0
820.7	1951	0
820.8	3311	0
820.9	3215	0
820.9	3225	0
820.9	2986	0
820.9	3096	0
821.0	3046	0
821.0	2943	0
821.0	3224	0
821.0	3199	0
821.1	3028	0
821.1	3235	0
821.1	3053	0
821.1	3156	0
821.2	1182	0
821.3	3171	0
821.3	3019	0
821.3	3037	0
821.3	3094	0
821.4	3094	0
821.4	3151	0
821.4	3041	0
821.4	3239	0
821.5	3113	0
821.5	3033	0
821.6	3199	0
821.6	3185	0
821.6	3299	0
821.6	3207	0
821.6	3167	0
821.6	3177	0
821.7	3121	0
821.7	3165	0
821.8	3185	0
821.8	2623	0
821.8	3113	0
821.9	3169	0
821.9	3293	0
821.9	3175	0
821.9	3127	0
821.9	3235	0
821.9	3112	0
821.9	3058	0
822.0	3039	0
822.0	1606	0
822.0	3107	0
822.0	3185	0
822.0	2979	0
822.1	3003	0
822.1	3107	0
822.1	3255	0
822.2	3148	0
822.2	3166	0
822.2	3191	0
822.3	3194	0
822.3	3132	0
822.3	3219	0
822.3	2811	0
822.3	3158	0
822.3	3142	0
822.3	3159	0
822.3	3062	0
822.4	3189	0
822.4	3186	0
822.4	3135	0
822.4	3227	0
822.4	3391	0
822.4	3243	0
822.4	3141	0
822.5	3007	0
822.5	3091	0
822.5	3166	0
822.5	3122	0
822.6	3127	0
822.6	3043	0
822.6	3262	0
822.6	3097	0
822.6	3107	0
822.6	3221	0
822.6	3071	0
822.7	3011	0
822.7	3205	0
822.7	3187	0
822.8	3169	0
822.8	2935	0
822.8	2859	0
822.9	2917	0
822.9	2995	0
822.9	3140	0
822.9	3189	0
822.9	3091	0
822.9	3266	0
823.1	3098	0
823.1	3122	0
823.1	3033	0
823.1	3112	0
823.1	3213	0
823.2	3038	0
823.2	2993	0
823.2	3160	0
823.2	3094	0
823.2	3151	0
823.3	3237	0
823.3	3270	0
823.3	3051	0
823.4	3103	0
823.4	3141	0
823.4	3239	0
823.5	3117	0
823.5	3202	0
823.5	3126	0
823.5	3141	0
823.5	3039	0
823.5	3049	0
823.6	3141	0
823.6	3031	0
823.6	3211	0
823.6	2742	0
823.6	3125	0
823.7	3066	0
823.7	3366	0
823.8	3071	0
823.8	1539	0
823.9	4	0
823.9	3271	0
823.9	3230	0
823.9	3125	0
823.9	3216	0
823.9	3123	0
823.9	3331	0
824.0	3004	0
824.0	3000	0
824.0	3037	0
824.0	2881	0
824.1	3103	0
824.1	3294	0
824.2	3147	0
824.2	3245	0
824.2	3066	0
824.3	3182	0
824.3	3143	0
824.3	3119	0
824.3	3260	0
824.3	3130	0
824.4	3147	0
824.4	3105	0
824.5	3364	0
824.5	3140	0
824.5	3005	0
824.6	3043	0
824.6	3163	0
824.6	3177	0
824.6	3162	0
824.7	3359	0
824.7	3041	0
824.7	3244	0
824.7	3036	0
824.8	3134	0
824.9	3150	0
824.9	3030	0
824.9	3060	0
825.0	3127	0
825.0	2990	0
825.0	2938	0
825.0	3143	0
825.1	3118	0
825.1	3116	0
825.1	3098	0
825.2	3081	0
825.2	3169	0
825.2	3076	0
825.2	3142	0
825.4	3045	0
825.4	3066	0
825.4	3149	0
825.4	3151	0
825.5	3081	0
825.6	3259	0
825.6	3081	0
825.7	3181	0
825.7	3227	0
825.7	3036	0
825.7	2644	0
825.8	3151	0
825.9	2911	0
825.9	3153	0
825.9	3239	0
826.0	3346	0
826.0	3157	0
826.0	3101	0
826.1	2923	0
826.1	3259	0
826.1	3164	0
826.1	3238	0
826.1	3331	0
826.1	2962	0
826.2	2981	0
826.2	2020	0
826.2	3147	0
826.3	3108	0
826.3	3217	0
826.3	3088	0
826.3	3119	0
826.3	3190	0
826.3	3088	0
826.3	3167	0
826.5	3091	0
826.5	3233	0
826.5	3221	0
826.5	3085	0
826.6	3206	0
826.6	3210	0
826.6	3186	0
826.7	2988	0
826.7	3349	0
826.7	3055	0
826.7	3110	0
826.8	3208	0
826.8	2953	0
826.8	3003	0
826.8	3191	0
826.8	3095	0
826.9	3178	0
826.9	3054	0
826.9	3054	0
826.9	3177	0
827.0	2961	0
827.0	2924	0
827.0	3004	0
827.0	3098	0
827.0	3266	0
827.1	3141	0
827.1	3051	0
827.1	3071	0
827.1	3097	0
827.2	3354	0
827.2	2998	0
827.2	3065	0
827.2	3035	0
827.2	2852	0
827.3	2959	0
827.4	3046	0
827.5	3295	0
827.5	3097	0
827.6	3087	0
827.6	3022	0
827.6	3171	0
827.6	3253	0
827.6	3192	0
827.6	3261	0
827.6	2959	0
827.6	1091	0
827.6	3129	0
827.7	2956	0
827.8	2987	0
827.8	3094	0
827.8	3009	0
827.9	2956	0
827.9	3218	0
827.9	3211	0
827.9	3221	0
827.9	3275	0
828.0	2994	0
828.0	3154	0
828.0	3231	0
828.1	3141	0
828.1	3095	0
828.1	3147	0
828.1	3178	0
828.1	3257	0
828.2	3120	0
828.2	3097	0
828.2	3151	0
828.2	3095	0
828.2	3184	0
828.3	3141	0
828.3	3171	0
828.3	3225	0
828.3	3115	0
828.3	3199	0
828.3	3094	0
828.3	3178	0
828.3	3099	0
828.4	3146	0
828.4	3196	0
828.4	2971	0
828.4	3191	0
828.4	3145	0
828.4	3204	0
828.4	3134	0
828.5	3014	0
828.5	3205	0
828.5	3210	0
828.6	3069	0
828.6	3097	0
828.6	1766	0
828.7	3289	0
828.7	1548	0
828.7	3269	0
828.7	3009	0
828.8	3234	0
828.8	3151	0
828.8	3070	0
828.8	3292	0
828.9	3130	0
828.9	3126	0
829.0	3063	0
829.0	3288	0
829.0	3190	0
829.0	3187	0
829.0	3181	0
829.0	2971	0
829.0	3069	0
829.1	3110	0
829.1	2961	0
829.1	3029	0
829.2	3035	0
829.2	3062	0
829.2	3240	0
829.2	3144	0
829.3	2976	0
829.3	3224	0
829.3	3170	0
829.3	3157	0
829.3	3153	0
829.3	3114	0
829.3	3160	0
829.4	3184	0
829.4	3010	0
829.4	3071	0
829.4	3193	0
829.4	3327	0
829.4	3135	0
829.5	2987	0
829.5	3231	0
829.5	3165	0
829.5	3222	0
829.6	2923	0
829.6	2943	0
829.6	3262	0
829.7	3125	0
829.7	3189	0
829.7	3163	0
829.8	3098	0
829.9	3185	0
829.9	3122	0
830.0	3090	0
830.0	3052	0
830.0	3315	0
830.1	3146	0
830.1	3270	0
830.1	3175	0
830.2	3020	0
830.2	3174	0
830.2	3147	0
830.2	980	0
830.2	3171	0
830.2	811	0
830.3	3185	0
830.3	3175	0
830.3	3009	0
830.3	3177	0
830.4	3071	0
830.4	3116	0
830.5	3153	0
830.5	3081	0
830.5	3199	0
830.5	908	0
830.5	3108	0
830.6	3073	0
830.6	2827	0
830.6	3153	0
830.6	3221	0
830.7	3111	0
830.8	2878	0
830.8	3021	0
830.8	3025	0
830.8	2569	0
830.9	3107	0
830.9	3303	0
830.9	2959	0
831.0	3065	0
831.0	3052	0
831.1	3223	0
831.1	3083	0
831.1	3123	0
831.1	3265	0
831.2	752	0
831.2	3042	0
831.2	2903	0
831.2	3099	0
831.3	3119	0
831.3	3173	0
831.3	3127	0
831.3	3156	0
831.4	3124	0
831.4	3205	0
831.4	2943	0
831.4	2901	0
831.4	3347	0
831.5	3188	0
831.5	2971	0
831.6	3260	0
831.6	3102	0
831.6	3218	0
831.7	2961	0
831.7	3194	0
831.7	3157	0
831.7	3191	0
831.8	2987	0
831.8	3119	0
831.8	3114	0
831.8	3273	0
831.9	3209	0
831.9	3053	0
832.0	3075	0
832.0	3051	0
832.0	3134	0
832.0	3026	0
832.1	1729	0
832.1	3104	0
832.2	2938	0
832.2	3069	0
832.2	3126	0
832.2	3168	0
832.2	1143	0
832.2	3141	0
832.2	1343	0
832.3	3086	0
832.3	3227	0
832.4	3202	0
832.4	3154	0
832.4	3098	0
832.5	3171	0
832.5	3139	0
832.5	3167	0
832.6	3223	0
832.6	3162	0
832.6	3078	0
832.7	3085	0
832.7	3081	0
832.7	3183	0
832.8	3085	0
832.8	3151	0
832.8	3315	0
832.9	3199	0
832.9	3159	0
832.9	3133	0
833.0	3080	0
833.1	3262	0
833.1	3303	0
833.1	3191	0
833.1	2895	0
833.1	3231	0
833.2	3263	0
833.2	3167	0
833.2	2439	0
833.2	3122	0
833.3	3121	0
833.3	3194	0
833.3	3097	0
833.4	3139	0
833.4	3117	0
833.4	3125	0
833.4	3012	0
833.4	2959	0
833.5	3120	0
833.5	3189	0
833.6	3135	0
833.6	3099	0
833.6	2987	0
833.6	3143	0
833.6	3229	0
833.7	3014	0
833.7	2880	0
833.7	3145	0
833.7	3161	0
833.7	3241	0
833.7	2979	0
833.7	3184	0
833.7	3238	0
833.7	2992	0
833.8	3074	0
833.8	2893	0
833.8	3108	0
833.8	3204	0
833.9	3127	0
834.0	3235	0
834.0	3128	0
834.0	3046	0
834.1	3212	0
834.1	2978	0
834.1	3207	0
834.1	3153	0
834.2	3195	0
834.2	2712	0
834.3	3067	0
834.3	2991	0
834.3	3011	0
834.3	3333	0
834.3	3220	0
834.3	3175	0
834.3	3086	0
834.3	3043	0
834.4	3144	0
834.4	3023	0
834.4	3235	0
834.4	3103	0
834.4	3219	0
834.5	2947	0
834.5	3077	0
834.6	1947	0
834.6	2959	0
834.6	3128	0
834.6	2830	0
834.7	3049	0
834.7	3037	0
834.7	3211	0
834.7	3135	0
834.8	3306	0
834.8	3121	0
834.8	3097	0
834.9	3247	0
834.9	3077	0
834.9	3144	0
835.0	3057	0
835.1	3226	0
835.1	3190	0
835.1	3135	0
835.1	3045	0
835.2	3102	0
835.2	3303	0
835.2	3329	0
835.3	3175	0
835.3	3337	0
835.3	3127	0
835.3	3021	0
835.4	3132	0
835.4	3190	0
835.4	3251	0
835.4	3217	0
835.4	3089	0
835.5	3201	0
835.5	3128	0
835.5	3227	0
835.5	1392	0
835.5	3125	0
835.5	3265	0
835.5	888	0
835.6	3157	0
835.6	3045	0
835.6	3153	0
835.6	3187	0
835.6	3106	0
835.6	3262	0
835.6	3107	0
835.6	3039	0
835.6	2987	0
835.6	2773	0
835.6	3143	0
835.6	3009	0
835.6	3170	0
835.7	2857	0
835.7	3067	0
835.8	3103	0
835.8	3059	0
835.9	3077	0
835.9	1688	0
835.9	3126	0
835.9	3164	0
835.9	3059	0
835.9	2862	0
835.9	3196	0
835.9	3041	0
836.0	2989	0
836.0	3331	0
836.0	3285	0
836.1	3003	0
836.2	3035	0
836.2	3077	0
836.2	3156	0
836.2	3257	0
836.2	3116	0
836.2	3005	0
836.2	3209	0
836.3	2967	0
836.3	2825	0
836.3	3241	0
836.3	1882	0
836.3	3311	0
836.3	3175	0
836.4	3039	0
836.4	3158	0
836.4	3286	0
836.4	3058	0
836.4	2986	0
836.5	3075	0
836.5	3061	0
836.6	3192	0
836.6	812	0
836.6	2983	0
836.6	3266	0
836.7	2981	0
836.7	3135	0
836.7	3250	0
836.7	3167	0
836.7	3255	0
836.7	3285	0
836.8	3356	0
836.8	3041	0
836.8	3087	0
836.9	3134	0
836.9	3167	0
836.9	3214	0
836.9	3002	0
836.9	2967	0
836.9	3143	0
836.9	3096	0
836.9	905	0
837.0	3119	0
837.0	3103	0
837.0	3666	0
837.0	3143	0
837.1	3205	0
837.1	1690	0
837.1	3235	0
837.2	3259	0
837.2	3217	0
837.2	2997	0
837.2	3144	0
837.2	3274	0
837.3	3131	0
837.3	3231	0
837.4	3019	0
837.4	3103	0
837.4	3114	0
837.4	3135	0
837.4	3021	0
837.4	3246	0
837.5	3039	0
837.5	3247	0
837.5	3126	0
837.5	3110	0
837.6	3289	0
837.6	3172	0
837.6	3148	0
837.6	1531	0
837.7	3123	0
837.7	3177	0
837.7	3186	0
837.7	2999	0
837.7	3027	0
837.7	3045	0
837.7	3349	0
837.8	3134	0
837.8	3132	0
837.8	3097	0
837.8	3019	0
837.8	3003	0
837.9	2818	0
837.9	3126	0
837.9	3219	0
837.9	3135	0
837.9	3119	0
838.0	3199	0
838.0	3105	0
838.0	3146	0
838.0	3133	0
838.0	3158	0
838.0	3082	0
838.1	3113	0
838.1	3127	0
838.1	2665	0
838.1	2958	0
838.1	870	0
838.1	3235	0
838.2	3181	0
838.2	3311	0
838.2	3170	0
838.2	2945	0
838.2	3153	0
838.2	3055	0
838.3	3084	0
838.3	3166	0
838.3	3151	0
838.3	3180	0
838.4	2483	0
838.4	2578	0
838.4	3237	0
838.4	3147	0
838.4	3047	0
838.4	3163	0
838.5	3057	0
838.5	3043	0
838.5	2951	0
838.5	3159	0
838.5	3190	0
838.5	3190	0
838.5	3220	0
838.5	2975	0
838.5	3266	0
838.6	3007	0
838.6	3143	0
838.7	3059	0
838.7	3049	0
838.7	2959	0
838.7	3117	0
838.7	3064	0
838.7	3059	0
838.7	3059	0
838.7	3220	0
838.8	3226	0
838.8	3090	0
838.8	3169	0
838.8	1511	0
838.9	4	0
838.9	3322	0
838.9	1389	0
838.9	2485	0
838.9	2971	0
839.0	3194	0
839.0	3144	0
839.0	3202	0
839.1	3231	0
839.1	3097	0
839.1	3161	0
839.1	3090	0
839.1	3090	0
839.1	3175	0
839.1	982	0
839.3	3071	0
839.3	3135	0
839.3	3205	0
839.3	3095	0
839.4	3145	0
839.4	3130	0
839.4	3108	0
839.4	3034	0
839.4	3080	0
839.4	3142	0
839.5	3143	0
839.5	3052	0
839.6	3132	0
839.6	3014	0
839.6	2891	0
839.6	3235	0
839.6	3029	0
839.6	3090	0
839.6	3263	0
839.6	3013	0
839.7	3292	0
839.7	3221	0
839.7	3039	0
839.7	3216	0
839.8	3276	0
839.8	3125	0
839.8	3235	0
839.8	3127	0
839.8	3152	0
839.8	3302	0
839.8	3243	0
839.9	3206	0
839.9	3291	0
839.9	3099	0
839.9	3131	0
840.0	3157	0
840.0	3026	0
840.1	2947	0
840.1	1190	0
840.1	3230	0
840.1	3085	0
840.1	3173	0
840.1	2885	0
840.1	3035	0
840.1	3218	0
840.2	3139	0
840.2	3130	0
840.3	3197	0
840.3	3178	0
840.3	3151	0
840.3	3111	0
840.4	3261	0
840.4	2961	0
840.4	3271	0
840.4	3153	0
840.5	3254	0
840.6	2839	0
840.6	3014	0
840.6	3062	0
840.7	3057	0
840.7	2674	0
840.7	3116	0
840.7	3227	0
840.8	3127	0
840.8	3147	0
840.8	3145	0
840.8	3113	0
840.9	3171	0
840.9	3147	0
840.9	3233	0
840.9	3037	0
841.0	3207	0
841.0	3169	0
841.0	3118	0
841.1	3080	0
841.1	3092	0
841.2	3142	0
841.2	3074	0
841.2	3157	0
841.2	3286	0
841.2	3245	0
841.3	3167	0
841.4	3195	0
841.5	3290	0
841.5	1504	0
841.5	4	0
841.6	3161	0
841.6	3231	0
841.6	2963	0
841.6	3022	0
841.7	3147	0
841.7	3181	0
841.7	3191	0
841.7	3099	0
841.7	3187	0
841.8	3121	0
841.8	1368	0
841.8	3056	0
841.8	3095	0
841.8	3290	0
841.8	2712	0
841.9	3154	0
841.9	2959	0
841.9	3105	0
842.0	3097	0
842.0	780	0
842.0	1535	0
842.0	3	0
842.0	3142	0
842.1	3197	0
842.1	3107	0
842.1	3023	0
842.1	3081	0
842.2	3099	0
842.2	3326	0
842.2	3231	0
842.3	3095	0
842.3	2975	0
842.3	3167	0
842.3	3081	0
842.3	3071	0
842.3	3180	0
842.4	2960	0
842.4	3222	0
842.4	3182	0
842.4	2985	0
842.4	3161	0
842.5	3010	0
842.6	3084	0
842.6	3256	0
842.6	3158	0
842.7	3197	0
842.7	3314	0
842.8	3206	0
842.8	3107	0
842.8	3074	0
842.9	3076	0
842.9	3026	0
842.9	3079	0
842.9	3158	0
842.9	3180	0
843.0	3090	0
843.0	3153	0
843.0	3226	0
843.0	3143	0
843.0	3138	0
843.0	3121	0
843.0	3182	0
843.1	3210	0
843.1	3125	0
843.1	3193	0
843.2	3131	0
843.2	3055	0
843.2	3096	0
843.2	3357	0
843.2	3253	0
843.2	3081	0
843.3	3090	0
843.3	3186	0
843.3	3145	0
843.3	3193	0
843.3	3210	0
843.4	3113	0
843.4	3249	0
843.4	3205	0
843.4	3083	0
843.4	3018	0
843.5	2193	0
843.5	3192	0
843.5	3187	0
843.5	3234	0
843.5	2063	0
843.5	3153	0
843.5	3155	0
843.5	3097	0
843.6	3166	0
843.6	2990	0
843.6	3097	0
843.6	3145	0
843.6	3199	0
843.6	2683	0
843.6	3271	0
843.6	3145	0
843.6	3172	0
843.6	3126	0
843.7	3118	0
843.7	3238	0
843.8	3095	0
843.8	2997	0
843.8	3077	0
843.8	3261	0
843.8	1242	0
843.8	2881	0
843.8	3137	0
843.9	3099	0
844.0	3122	0
844.0	3258	0
844.0	3089	0
844.0	3173	0
844.1	3179	0
844.1	3285	0
844.1	3227	0
844.2	3215	0
844.2	1182	0
844.2	3234	0
844.2	3249	0
844.3	3260	0
844.3	3001	0
844.3	3181	0
844.3	1600	0
844.3	3	0
844.3	3119	0
844.3	3074	0
844.3	3263	0
844.3	3199	0
844.3	3253	0
844.3	3219	0
844.4	3140	0
844.4	3175	0
844.4	3111	0
844.4	3341	0
844.5	3209	0
844.5	3225	0
844.5	3122	0
844.6	3131	0
844.6	3135	0
844.6	2270	0
844.7	3223	0
844.7	3263	0
844.8	3135	0
844.8	3166	0
844.8	2597	0
844.8	3251	0
844.8	3090	0
844.8	3193	0
844.8	3158	0
844.8	3228	0
844.9	2936	0
844.9	3054	0
844.9	3300	0
845.0	3083	0
845.0	3205	0
845.0	3077	0
845.0	3030	0
845.0	3229	0
845.0	3082	0
845.0	2993	0
845.0	2783	0
845.1	3094	0
845.1	3033	0
845.1	3091	0
845.2	3035	0
845.2	3010	0
845.2	3202	0
845.2	3165	0
845.3	3079	0
845.3	2851	0
845.4	3157	0
845.4	3206	0
845.4	3247	0
845.5	3042	0
845.5	3149	0
845.5	3228	0
845.5	3058	0
845.6	3061	0
845.6	3123	0
845.6	3029	0
845.6	3286	0
845.6	3182	0
845.6	3049	0
845.7	2688	0
845.7	3099	0
845.7	3143	0
845.8	3160	0
845.8	3253	0
845.8	2867	0
845.9	3250	0
845.9	2943	0
845.9	3229	0
845.9	3154	0
845.9	3049	0
845.9	3122	0
846.0	2453	0
846.0	3147	0
846.1	3117	0
846.1	3282	0
846.1	2306	0
846.1	3217	0
846.1	3243	0
846.2	2899	0
846.2	3075	0
846.3	3044	0
846.3	3095	0
846.3	3150	0
846.3	3199	0
846.3	3043	0
846.3	3309	0
846.3	3223	0
846.3	2994	0
846.4	3207	0
846.4	3052	0
846.4	3015	0
846.4	3139	0
846.5	3159	0
846.5	3134	0
846.5	3137	0
846.6	3226	0
846.6	3141	0
846.6	3211	0
846.6	3189	0
846.6	3133	0
846.6	3235	0
846.6	2906	0
846.7	3291	0
846.7	3138	0
846.7	3196	0
846.7	2932	0
846.7	3149	0
846.8	3122	0
846.9	2943	0
846.9	3054	0
846.9	3046	0
846.9	3179	0
847.0	3143	0
847.0	2997	0
847.0	3122	0
847.0	3206	0
847.1	3210	0
847.1	3137	0
847.1	2990	0
847.1	2882	0
847.2	3270	0
847.2	3078	0
847.2	3134	0
847.3	3051	0
847.3	3191	0
847.3	3182	0
847.3	3141	0
847.3	3268	0
847.3	2971	0
847.4	3037	0
847.4	3145	0
847.4	3119	0
847.5	3267	0
847.5	3079	0
847.5	3218	0
847.6	3075	0
847.6	2935	0
