5051.3	3070	0
5051.3	3019	0
5051.3	3061	0
5051.3	3039	0
5051.4	3170	0
5051.4	3028	0
5051.4	3271	0
5051.4	3020	0
5051.4	3159	0
5051.5	1942	0
5051.5	3179	0
5051.5	1720	0
5051.5	3193	0
5051.6	3122	0
5051.6	3217	0
5051.6	2952	0
5051.7	2987	0
5051.7	2988	0
5051.7	3165	0
5051.7	3025	0
5051.7	2848	0
5051.7	3194	0
5051.7	2851	0
5051.7	3107	0
5051.7	3071	0
5051.8	3194	0
5051.8	3045	0
5051.8	1028	0
5051.8	3143	0
5051.8	3085	0
5051.8	3059	0
5051.8	3003	0
5051.8	3259	0
5051.9	2873	0
5051.9	3165	0
5051.9	3150	0
5052.0	3167	0
5052.0	3091	0
5052.0	3228	0
5052.0	2958	0
5052.1	3115	0
5052.1	3191	0
5052.1	3107	0
5052.1	3239	0
5052.2	3145	0
5052.2	2422	0
5052.3	3113	0
5052.3	2981	0
5052.4	2934	0
5052.4	3139	0
5052.4	3161	0
5052.5	882	0
5052.5	3059	0
5052.5	1897	0
5052.5	3157	0
5052.6	3145	0
5052.6	3162	0
5052.6	3237	0
5052.7	3225	0
5052.7	3199	0
5052.7	3222	0
5052.7	3116	0
5052.7	3199	0
5052.7	2905	0
5052.8	962	0
5052.8	2530	0
5052.8	3173	0
5052.8	981	0
5052.8	3186	0
5052.8	3167	0
5052.9	3127	0
5052.9	3062	0
5052.9	3111	0
5052.9	3095	0
5052.9	2986	0
5052.9	2771	0
5052.9	2512	0
5052.9	2881	0
5052.9	3045	0
5053.0	3183	0
5053.1	2780	0
5053.1	3355	0
5053.2	3214	0
5053.2	3050	0
5053.2	3031	0
5053.2	3124	0
5053.2	3044	0
5053.2	3151	0
5053.3	3035	0
5053.4	3348	0
5053.4	3289	0
5053.4	3175	0
5053.4	3237	0
5053.5	3051	0
5053.5	3105	0
5053.5	3049	0
5053.6	3206	0
5053.7	1062	0
5053.7	2931	0
5053.7	3074	0
5053.7	2949	0
5053.7	3054	0
5053.8	1151	0
5053.8	3050	0
5053.8	3199	0
5053.8	3092	0
5053.8	3067	2
5053.8	3207	0
5053.9	3035	0
5053.9	3166	0
5053.9	3178	0
5053.9	3101	0
5053.9	3219	0
5053.9	3151	0
5054.0	3035	0
5054.0	3027	0
5054.0	3135	0
5054.0	3299	0
5054.0	3211	0
5054.0	3196	0
5054.1	3090	0
5054.1	3347	0
5054.1	3045	0
5054.1	3186	0
5054.1	3213	0
5054.1	3050	0
5054.1	3071	0
5054.1	2971	0
5054.2	509	0
5054.3	3112	0
5054.3	3169	0
5054.3	3227	0
5054.3	3191	0
5054.4	3143	0
5054.4	3236	0
5054.4	3222	0
5054.5	3281	0
5054.5	3101	0
5054.6	3239	0
5054.6	3209	0
5054.6	3084	0
5054.6	3105	0
5054.7	3079	0
5054.7	3152	0
5054.7	3294	0
5054.7	3097	0
5054.7	2941	0
5054.8	3154	0
5054.8	3083	0
5054.8	3163	0
5054.8	3212	0
5055.0	3246	0
5055.0	3143	0
5055.0	3053	0
5055.0	2929	0
5055.0	2948	0
5055.0	3188	0
5055.1	3177	0
5055.1	3190	0
5055.1	3105	0
5055.2	2875	0
5055.2	3193	0
5055.2	3228	0
5055.2	3137	0
5055.2	3185	0
5055.3	3075	0
5055.4	3083	0
5055.4	2979	0
5055.4	3174	0
5055.5	3068	0
5055.5	3167	0
5055.6	3058	0
5055.6	1708	0
5055.6	3229	0
5055.6	3120	0
5055.6	3101	0
5055.6	3252	0
5055.7	3243	0
5055.7	3281	0
5055.7	3185	0
5055.7	3031	0
5055.7	3199	0
5055.7	3183	0
5055.8	3096	0
5055.8	3195	0
5055.8	3158	0
5055.8	3194	0
5055.8	3306	0
5055.8	3002	0
5055.9	3071	0
5055.9	3335	0
5056.0	2959	0
5056.0	3209	0
5056.0	3293	0
5056.1	3109	0
5056.1	3305	0
5056.1	3092	0
5056.1	3209	0
5056.1	3138	0
5056.1	3108	0
5056.1	3071	0
5056.1	3222	0
5056.2	3145	0
5056.2	3108	0
5056.3	3142	0
5056.3	3190	0
5056.3	3123	0
5056.3	3181	0
5056.4	3059	0
5056.4	3082	0
5056.4	3247	0
5056.4	3267	0
5056.4	3253	0
5056.4	3206	0
5056.4	3035	0
5056.5	3114	0
5056.5	3239	0
5056.5	3115	0
5056.5	2984	0
5056.6	3139	0
5056.6	3163	0
5056.7	3051	0
5056.7	2943	0
5056.7	3183	0
5056.7	2984	0
5056.7	2950	0
5056.7	3133	0
5056.7	2927	0
5056.8	3047	0
5056.8	3077	0
5056.8	3300	0
5056.8	3179	0
5056.9	3096	0
5056.9	1181	0
5057.0	3115	0
5057.1	3258	0
5057.1	3033	0
5057.1	3295	0
5057.2	3121	0
5057.2	3011	0
5057.2	2785	0
5057.2	3071	0
5057.2	3101	0
5057.2	3202	0
5057.3	3170	0
5057.3	1825	0
5057.3	2987	0
5057.4	3099	0
5057.4	3146	0
5057.4	3217	0
5057.4	2915	0
5057.4	3145	0
5057.5	2876	0
5057.5	3133	0
5057.5	3056	0
5057.5	3186	0
5057.5	3231	0
5057.5	3086	0
5057.6	3048	0
5057.6	3161	0
5057.6	3189	0
5057.7	3126	0
5057.7	2834	0
5057.7	3033	0
5057.7	3243	0
5057.8	3070	0
5057.8	3199	0
5057.8	3067	0
5057.8	2971	0
5057.8	3179	0
5057.8	3118	0
5057.9	3212	0
5057.9	3243	0
5057.9	3216	0
5057.9	3258	0
5057.9	3147	0
5058.0	3215	0
5058.0	3223	0
5058.0	3161	0
5058.0	3195	0
5058.1	2888	0
5058.1	2590	0
5058.1	3083	0
5058.1	3131	0
5058.1	2947	0
5058.2	2957	0
5058.2	3177	0
5058.2	3073	0
5058.3	3015	0
5058.3	3224	0
5058.3	3123	0
5058.3	3094	0
5058.3	3042	0
5058.3	2939	0
5058.4	3061	0
5058.4	1515	0
5058.4	3	0
5058.4	3193	0
5058.4	3181	0
5058.4	3178	0
5058.4	3154	0
5058.4	2931	0
5058.4	3204	0
5058.5	3178	0
5058.5	1834	0
5058.5	3175	0
5058.5	3161	0
5058.7	976	0
5058.7	2985	0
5058.7	3065	0
5058.7	3152	0
5058.7	2941	0
5058.7	2962	0
5058.8	3247	0
5058.8	3102	0
5058.8	3141	0
5058.9	3199	0
5058.9	3126	0
5058.9	3097	0
5058.9	2989	0
5059.0	3188	0
5059.0	3075	0
5059.0	3277	0
5059.0	3040	0
5059.1	3111	0
5059.1	3253	0
5059.1	3278	0
5059.1	3176	0
5059.1	3210	0
5059.1	2933	0
5059.1	3133	0
5059.1	3093	0
5059.2	3031	0
5059.2	3234	0
5059.2	2948	0
5059.3	3257	0
5059.3	3087	0
5059.3	3117	0
5059.3	3155	0
5059.3	3057	0
5059.3	3055	0
5059.3	3154	0
5059.3	3130	0
5059.4	3126	0
5059.4	3224	0
5059.5	3144	0
5059.5	3038	0
5059.5	3075	0
5059.5	3080	0
5059.5	3082	0
5059.5	2975	0
5059.5	3176	0
5059.6	2969	0
5059.7	2946	0
5059.7	3155	0
5059.7	3058	0
5059.7	3171	0
5059.8	3023	0
5059.8	3067	0
5059.9	3079	0
5059.9	3127	0
5059.9	2961	0
5060.0	1297	0
5060.0	3699	0
5060.0	3149	0
5060.0	3000	0
5060.1	1519	0
5060.1	3	0
5060.1	3205	0
5060.2	3162	0
5060.2	3281	0
5060.2	3092	0
5060.3	3148	0
5060.3	3153	0
5060.3	3121	0
5060.3	3135	0
5060.3	3307	0
5060.3	3095	0
5060.3	3146	0
5060.3	3215	0
5060.4	3084	0
5060.4	3159	0
5060.4	1308	0
5060.4	3046	0
5060.4	3237	0
5060.5	3003	0
5060.5	3043	0
5060.5	3143	0
5060.5	2919	0
5060.5	3026	0
5060.5	3215	0
5060.5	3261	0
5060.6	2485	0
5060.6	3149	0
5060.6	3215	0
5060.6	3035	0
5060.7	3007	0
5060.7	3053	0
5060.8	3253	0
5060.8	3061	0
5060.8	3231	0
5060.8	3168	0
5060.8	3283	0
5060.8	3046	0
5060.9	3269	0
5060.9	3217	0
5061.0	3249	0
5061.0	3119	0
5061.0	3143	0
5061.0	3235	0
5061.1	3109	0
5061.1	3144	0
5061.1	3246	0
5061.1	2925	0
5061.1	3094	0
5061.1	3032	0
5061.1	2995	0
5061.1	3243	0
5061.2	2983	0
5061.2	3218	0
5061.2	2159	0
5061.3	2983	0
5061.3	3262	0
5061.3	3229	0
5061.3	2887	0
5061.3	3099	0
5061.3	3068	0
5061.3	3214	0
5061.4	3164	0
5061.4	3162	0
5061.4	2940	0
5061.4	3310	0
5061.5	3243	0
5061.5	3087	0
5061.5	3222	0
5061.5	3223	0
5061.5	3023	0
5061.5	3199	0
5061.5	3137	0
5061.5	3193	0
5061.6	3138	0
5061.6	3175	0
5061.6	2921	0
5061.7	3043	0
5061.7	3071	0
5061.7	3097	0
5061.8	2888	0
5061.8	3159	0
5061.9	3229	0
5061.9	3061	0
5061.9	3287	0
5061.9	3093	0
5061.9	3170	0
5062.0	3043	0
5062.1	3081	0
5062.1	2934	0
5062.1	3130	0
5062.1	3154	0
5062.1	3193	0
5062.2	3181	0
5062.2	3128	0
5062.2	3167	0
5062.2	3150	0
5062.2	3085	0
5062.2	2972	0
5062.2	3169	0
5062.2	3095	0
5062.3	3111	0
5062.3	3066	0
5062.3	3119	0
5062.3	3089	0
5062.3	3078	0
5062.3	3327	0
5062.3	3035	0
5062.3	2155	0
5062.3	3114	0
5062.4	3245	0
5062.4	3151	0
5062.4	3131	0
5062.4	3148	0
5062.4	3083	0
5062.4	3047	0
5062.5	3217	0
5062.5	2957	0
5062.6	3129	0
5062.6	3202	0
5062.6	2978	0
5062.7	3053	0
5062.7	3220	0
5062.7	2895	0
5062.8	3231	0
5062.8	3082	0
5062.8	3143	0
5062.8	3286	0
5062.8	3219	0
5062.8	3005	0
5062.9	3239	0
5062.9	2995	0
5062.9	3169	0
5062.9	3110	0
5062.9	3154	0
5062.9	3119	0
5063.0	1992	0
5063.0	3133	0
5063.0	3184	0
5063.1	3158	0
5063.1	3098	0
5063.2	3154	0
5063.2	3249	0
5063.2	3086	0
5063.2	3158	0
5063.3	3089	0
5063.3	3106	0
5063.3	3165	0
5063.3	3157	0
5063.3	3137	0
5063.4	3113	0
5063.4	3209	0
5063.4	1102	0
5063.4	3106	0
5063.4	3014	0
5063.4	3215	0
5063.4	3191	0
5063.5	3143	0
5063.5	3196	0
5063.5	3030	0
5063.5	3198	0
5063.5	3355	0
5063.6	3203	0
5063.6	3107	0
5063.6	3070	0
5063.6	3171	0
5063.6	3125	0
5063.6	2933	0
5063.6	2972	0
5063.6	3229	0
5063.7	3262	0
5063.7	3319	0
5063.8	3245	0
5063.8	3153	0
5063.8	2932	0
5063.8	3167	0
5063.9	3123	0
5063.9	3209	0
5063.9	3070	0
5063.9	3113	0
5063.9	3111	0
5063.9	3076	0
5064.0	3169	0
5064.0	3168	0
5064.1	3101	0
5064.1	3131	0
5064.1	3298	0
5064.1	3083	0
5064.1	3076	0
5064.1	3173	0
5064.1	3048	0
5064.2	2865	0
5064.2	3022	0
5064.2	3194	0
5064.2	3228	0
5064.2	3187	0
5064.2	3187	0
5064.3	3287	0
5064.3	3119	0
5064.3	3137	0
5064.4	3081	0
5064.4	3131	0
5064.4	2934	0
5064.4	2903	0
5064.4	3076	0
5064.5	3071	0
5064.6	3092	0
5064.6	3118	0
5064.6	3155	0
5064.6	3186	0
5064.6	3251	0
5064.6	3093	0
5064.6	3140	0
5064.6	3013	0
5064.7	2857	0
5064.7	3037	0
5064.7	3085	0
5064.7	3190	0
5064.8	3182	0
5064.8	3143	0
5064.8	3135	0
5064.9	3229	0
5064.9	3133	0
5064.9	3133	0
5065.0	3086	0
5065.1	3216	0
5065.1	3003	0
5065.1	3002	0
5065.1	3023	0
5065.1	3193	0
5065.1	3166	0
5065.2	2862	0
5065.2	3253	0
5065.2	3090	0
5065.2	3198	0
5065.2	3171	0
5065.3	3134	0
5065.3	2815	0
5065.3	3228	0
5065.4	3169	0
5065.4	3083	0
5065.4	3134	0
5065.4	3103	0
5065.5	3126	0
5065.6	3150	0
5065.6	3108	0
5065.7	3195	0
5065.7	3247	0
5065.7	3140	0
5065.7	3060	0
5065.7	3037	0
5065.8	3035	0
5065.8	3143	0
5065.8	3199	0
5065.8	3189	0
5065.9	3037	0
5065.9	3101	0
5065.9	3134	0
5066.0	3141	0
5066.0	3193	0
5066.0	2932	0
5066.0	3106	0
5066.0	3141	0
5066.1	3047	0
5066.1	3099	0
5066.2	3131	0
5066.2	3169	0
5066.2	2956	0
5066.2	3030	0
5066.2	3062	0
5066.3	3081	0
5066.3	3007	0
5066.3	3183	0
5066.4	3165	0
5066.4	3142	0
5066.4	2470	0
5066.4	3256	0
5066.4	2988	0
5066.4	2929	0
5066.5	3052	0
5066.5	3053	0
5066.5	3186	0
5066.5	3113	0
5066.6	3049	0
5066.6	3037	0
5066.6	3126	0
5066.6	3228	0
5066.6	3187	0
5066.7	3202	0
5066.7	3012	0
5066.7	3192	0
5066.7	3138	0
5066.7	3071	0
5066.7	3091	0
5066.7	3015	0
5066.7	3105	0
5066.8	3116	0
5066.9	3152	0
5066.9	3075	0
5066.9	1365	0
5066.9	3153	0
5066.9	2941	0
5066.9	3370	0
5066.9	3205	0
5067.0	3181	0
5067.0	2885	0
5067.0	3097	0
5067.0	3153	0
5067.0	3129	0
5067.0	2967	0
5067.0	3026	0
5067.0	2947	0
5067.1	3165	0
5067.1	2104	0
5067.1	3151	0
5067.2	3050	0
5067.2	3141	0
5067.2	3151	0
5067.2	3047	0
5067.2	3134	0
5067.3	3070	0
5067.3	3027	0
5067.3	3137	0
5067.3	2895	0
5067.3	3161	0
5067.3	3171	0
5067.3	3103	0
5067.4	3207	0
5067.4	3043	0
5067.4	3390	0
5067.5	2925	0
5067.5	3181	0
5067.6	3105	0
5067.6	3131	0
5067.6	3115	0
5067.6	3205	0
5067.7	3298	0
5067.7	2949	0
5067.7	3045	0
5067.7	3018	0
5067.7	3109	0
5067.7	3245	0
5067.7	3082	0
5067.8	3027	0
5067.8	2897	0
5067.8	3115	0
5067.8	2503	0
5067.8	3039	0
5067.8	3101	0
5067.9	3231	0
5067.9	782	0
5067.9	3127	0
5068.0	3105	0
5068.0	3101	0
5068.0	3214	0
5068.0	2978	0
5068.0	3188	0
5068.1	3033	0
5068.1	3148	0
5068.1	3285	0
5068.1	3103	0
5068.2	1784	0
5068.2	3203	0
5068.3	3075	0
5068.3	3288	0
5068.3	3166	0
5068.4	2859	0
5068.4	3211	0
5068.4	3075	0
5068.5	3101	0
5068.5	3218	0
5068.5	3116	0
5068.5	3166	0
5068.6	3129	0
5068.6	3207	0
5068.6	3106	0
5068.6	3069	0
5068.6	3315	0
5068.6	3181	0
5068.6	3129	0
5068.6	3229	0
5068.7	3075	0
5068.7	2982	0
5068.7	3013	0
5068.7	3089	0
5068.7	3115	0
5068.8	3091	0
5068.8	3195	0
5068.8	3051	0
5068.8	3149	0
5068.8	3135	0
5068.8	2981	0
5068.8	2879	0
5068.9	3252	0
5068.9	2907	0
5068.9	3145	0
5068.9	2960	0
5068.9	3039	0
5068.9	3134	0
5068.9	3104	0
5069.0	3028	0
5069.0	3138	0
5069.0	3219	0
5069.0	3011	0
5069.1	3093	0
5069.1	2991	0
5069.1	2807	0
5069.1	3127	0
5069.1	3034	0
5069.1	2983	0
5069.1	3059	0
5069.2	2990	0
5069.2	3211	0
5069.2	3220	0
5069.2	2945	0
5069.2	3132	0
5069.2	3151	0
5069.2	3121	0
5069.3	3150	0
5069.3	3194	0
5069.3	3066	0
5069.3	3071	0
5069.4	3153	0
5069.4	3276	0
5069.4	3014	0
5069.5	2943	0
5069.5	3077	0
5069.5	3138	0
5069.6	3143	0
5069.6	3187	0
5069.6	2974	0
5069.6	3139	0
5069.6	1230	0
5069.7	3000	0
5069.7	2750	0
5069.7	3085	0
5069.7	2807	0
5069.8	3268	0
5069.8	3064	0
5069.8	2929	0
5069.8	3202	0
5069.8	3316	0
5069.8	3188	0
5069.9	3115	0
5069.9	3281	0
5069.9	3155	0
5069.9	3093	0
5069.9	3178	0
5070.0	3031	0
5070.0	3167	0
5070.0	3050	0
5070.0	3205	0
5070.1	3097	0
5070.1	3069	0
5070.1	3038	0
5070.1	3229	0
5070.1	3064	0
5070.2	1871	0
5070.2	3089	0
5070.2	3162	0
5070.2	3032	0
5070.3	3269	0
5070.3	3335	0
5070.3	3014	0
5070.3	3099	0
5070.3	3149	0
5070.3	3141	0
5070.4	3061	0
5070.4	3241	0
5070.4	3269	0
5070.4	3079	0
5070.4	3069	0
5070.4	3143	0
5070.5	3027	0
5070.6	3195	0
5070.6	3131	0
5070.6	3035	0
5070.6	3131	0
5070.7	3195	0
5070.7	2989	0
5070.8	3047	0
5070.8	3077	0
5070.8	3206	0
5070.8	3171	0
5070.9	3199	0
5070.9	3039	0
5070.9	3175	0
5070.9	1428	0
5070.9	3103	0
5071.0	2759	0
5071.0	3177	0
5071.0	2996	0
5071.0	2969	0
5071.0	3239	0
5071.0	2972	0
5071.1	2892	0
5071.1	3099	0
5071.1	2997	0
5071.1	3018	0
5071.1	3026	0
5071.2	3021	0
5071.2	3287	0
5071.2	1208	0
5071.3	3186	0
5071.3	3080	0
5071.3	3230	0
5071.3	3051	0
5071.5	3139	0
5071.5	3062	0
5071.5	3077	0
5071.5	3229	0
5071.5	3111	0
5071.5	3103	0
5071.5	3131	0
5071.6	3111	0
5071.6	3175	0
5071.7	3111	0
5071.7	3033	0
5071.7	3166	0
5071.7	3151	0
5071.7	2920	0
5071.8	3205	0
5071.8	2026	0
5071.8	3050	0
5071.8	3210	0
5071.8	3378	0
5071.8	2999	0
5071.8	3109	0
5071.8	3237	0
5071.9	3022	0
5071.9	3025	0
5072.0	2933	0
5072.0	3190	0
5072.0	3084	0
5072.1	3039	0
5072.1	2085	0
5072.1	3225	0
5072.1	3151	0
5072.2	3185	0
5072.2	3179	0
5072.2	3123	0
5072.2	2933	0
5072.3	2934	0
5072.3	3225	0
5072.4	3231	0
5072.4	3178	0
5072.4	3043	0
5072.4	3141	0
5072.4	3078	0
5072.5	3109	0
5072.5	3313	0
5072.5	3134	0
5072.5	3101	0
5072.6	3073	0
5072.6	3127	0
5072.6	3131	0
5072.6	2911	0
5072.6	3070	0
5072.6	2894	0
5072.6	3169	0
5072.7	1052	0
5072.7	2867	0
5072.8	3209	0
5072.8	3093	0
5072.8	3186	0
5072.9	3175	0
5072.9	3146	0
5073.0	3120	0
5073.0	2982	0
5073.0	3348	0
5073.0	3199	0
5073.0	3211	0
5073.0	3095	0
5073.0	2902	0
5073.0	3173	0
5073.0	3151	0
5073.0	3085	0
5073.1	3150	0
5073.1	3023	0
5073.1	1836	0
5073.2	3277	0
5073.2	3119	0
5073.3	3015	0
5073.3	3187	0
5073.3	3272	0
5073.3	3195	0
5073.3	2959	0
5073.4	2932	0
5073.4	3025	0
5073.4	3035	0
5073.4	3050	0
5073.4	3091	0
5073.4	3274	0
5073.5	1047	0
5073.5	3063	0
5073.5	3124	0
5073.5	3157	0
5073.6	3063	0
5073.6	3204	0
5073.6	3230	0
5073.7	3270	0
5073.7	3141	0
5073.8	3207	0
5073.8	3168	0
5073.8	3099	0
5073.8	3057	0
5073.8	2959	0
5073.9	2886	0
5073.9	3110	0
5074.0	3123	0
5074.0	952	0
5074.0	3140	0
5074.0	3183	0
5074.0	3033	0
5074.0	3255	0
5074.0	3059	0
5074.0	3110	0
5074.1	2989	0
5074.1	3178	0
5074.1	2507	0
5074.1	3028	0
5074.1	2986	0
5074.1	2953	0
5074.2	3033	0
5074.2	3227	0
5074.4	3221	0
5074.4	3046	0
5074.4	3179	0
5074.4	3133	0
5074.4	3051	0
5074.4	2641	0
5074.4	3167	0
5074.5	3125	0
5074.5	3080	0
5074.5	3274	0
5074.5	3118	0
5074.6	3141	0
5074.6	3298	0
5074.6	3151	0
5074.6	3223	0
5074.6	3111	0
5074.6	3121	0
5074.7	3208	0
5074.7	3273	0
5074.7	3157	0
5074.7	1535	0
5074.7	3	0
5074.8	3071	0
5074.8	3086	0
5074.8	3091	0
5074.8	3103	0
5074.9	3099	0
5074.9	2950	0
5074.9	2933	0
5074.9	2883	0
5074.9	3105	0
5075.0	3060	0
5075.0	3177	0
5075.0	3050	0
5075.0	3205	0
5075.1	3226	0
5075.1	3191	0
5075.2	2981	0
5075.2	3089	0
5075.2	2985	0
5075.2	3222	0
5075.2	3071	0
5075.4	3046	0
5075.4	3113	0
5075.4	3242	0
5075.4	916	0
5075.4	2974	0
5075.4	3090	0
5075.5	3207	0
5075.5	3090	0
5075.5	3111	0
5075.5	3227	0
5075.5	3253	0
5075.6	3227	0
5075.7	3150	0
5075.7	3127	0
5075.7	3007	0
5075.8	2938	0
5075.8	3097	0
5075.8	3059	0
5075.8	3195	0
5075.9	3263	0
5075.9	3053	0
5075.9	3051	0
5075.9	3183	0
5076.0	3077	0
5076.0	3073	0
5076.0	2963	0
5076.0	3020	0
5076.0	3142	0
5076.0	3027	0
5076.0	3017	0
5076.1	2922	0
5076.1	3095	0
5076.1	3185	0
5076.1	3348	0
5076.2	3057	0
5076.2	2954	0
5076.2	3170	0
5076.2	3185	0
5076.2	3127	0
5076.3	3181	0
5076.3	3125	0
5076.3	3147	0
5076.3	2974	0
5076.4	2917	0
5076.4	3078	0
5076.4	3208	0
5076.5	3258	0
5076.5	2646	0
5076.5	3035	0
5076.5	2849	0
5076.6	2961	0
5076.6	3022	0
5076.6	3244	0
5076.7	3094	0
5076.7	3201	0
5076.7	2942	0
5076.7	3127	0
5076.8	3127	0
5076.8	3175	0
5076.8	3105	0
5076.8	3305	0
5076.8	3175	0
5076.8	3279	0
5076.9	3163	0
5076.9	3106	0
5076.9	3032	0
5076.9	3258	0
5076.9	2343	0
5076.9	3222	0
5077.0	3171	0
5077.1	3123	0
5077.1	3076	0
5077.1	3199	0
5077.1	1185	0
5077.2	3111	0
5077.2	3097	0
5077.2	810	0
5077.3	3024	0
5077.3	2994	0
5077.3	3071	0
5077.3	3259	0
5077.4	3187	0
5077.4	3143	0
5077.4	3048	0
5077.4	3233	0
5077.4	3170	0
5077.4	3188	0
5077.4	3037	0
5077.5	3289	0
5077.5	1388	0
5077.5	3113	0
5077.6	3151	0
5077.6	3062	0
5077.6	3140	0
5077.6	3159	0
5077.6	2959	0
5077.6	3079	0
5077.7	3112	0
5077.7	3137	0
5077.7	3197	0
5077.8	966	0
5077.8	3078	0
5077.8	3017	0
5077.8	2995	0
5077.8	3167	0
5077.8	3095	0
5077.8	3175	0
5077.8	2971	0
5077.8	3247	0
5077.8	3171	0
5077.9	3187	0
5077.9	3244	0
5077.9	3054	0
5077.9	3191	0
5077.9	3184	0
5078.0	3154	0
5078.0	3042	0
5078.0	1638	0
5078.1	2973	0
5078.1	2980	0
5078.1	3232	0
5078.1	3095	0
5078.1	3144	0
5078.1	3063	0
5078.2	3189	0
5078.2	3177	0
5078.2	3219	0
5078.2	2992	0
5078.3	3147	0
5078.3	3101	0
5078.3	3156	0
5078.3	3112	0
5078.4	3172	0
5078.4	3152	0
5078.4	3037	0
5078.5	3179	0
5078.5	3215	0
5078.6	3063	0
5078.6	3074	0
5078.6	3096	0
5078.6	3154	0
5078.6	3171	0
5078.6	1458	0
5078.6	2763	0
5078.7	3252	0
5078.7	3074	0
5078.7	3213	0
5078.7	3078	0
5078.7	3007	0
5078.8	3274	0
5078.8	3144	0
5078.8	3003	0
5078.9	3012	0
5078.9	3315	0
5078.9	3269	0
5079.0	3225	0
5079.0	3067	0
5079.0	3227	0
5079.1	3173	0
5079.1	3112	0
5079.2	3011	0
5079.2	3159	0
5079.3	3261	0
5079.3	3267	0
5079.3	3015	0
5079.3	3135	0
5079.3	3218	0
5079.3	3193	0
5079.3	3052	0
5079.4	3343	0
5079.4	3174	0
5079.4	3123	0
5079.4	3237	0
5079.4	3231	0
5079.5	3057	0
5079.5	3149	0
5079.5	3114	0
5079.5	3099	0
5079.6	3090	0
5079.6	3135	0
5079.6	3219	0
5079.6	2916	0
5079.6	3143	0
5079.7	3094	0
5079.7	3153	0
5079.7	2965	0
5079.7	2913	0
5079.7	3133	0
5079.7	2903	0
5079.8	3067	0
5079.8	3215	0
5079.8	3110	0
5079.8	3165	0
5079.8	3171	0
5079.9	2939	0
5079.9	3253	0
5079.9	3019	0
5079.9	3021	0
5080.0	3106	0
5080.0	3201	0
5080.0	2515	0
5080.0	3203	0
5080.0	3054	0
5080.0	3203	0
5080.1	2979	0
5080.1	2938	0
5080.2	2091	0
5080.2	3139	0
5080.3	3281	0
5080.3	3249	0
5080.3	3075	0
5080.3	3201	0
5080.4	3061	0
5080.4	3021	0
5080.4	3064	0
5080.4	3083	0
5080.5	3167	0
5080.5	3114	0
5080.5	3082	0
5080.5	3203	0
5080.5	3175	0
5080.6	3093	0
5080.6	3143	0
5080.6	1453	0
5080.6	1	0
5080.6	3116	0
5080.6	1947	0
5080.6	2986	0
5080.6	3025	0
5080.7	3079	0
5080.7	3194	0
5080.7	3086	0
5080.8	3118	0
5080.8	3007	0
5080.9	3026	0
5080.9	3066	0
5081.0	2975	0
5081.0	3097	0
5081.0	1974	0
5081.0	3030	0
5081.0	3249	0
5081.1	3311	0
5081.1	3125	0
5081.1	3221	0
5081.1	3162	0
5081.1	3073	0
5081.1	2840	0
5081.2	3071	0
5081.2	3041	0
5081.2	3089	0
5081.2	3190	0
5081.3	2954	0
5081.3	3044	0
5081.3	3174	0
5081.4	3082	0
5081.4	3139	0
5081.4	3185	0
5081.4	3139	0
5081.4	3075	0
5081.4	3098	0
5081.4	3115	0
5081.4	3187	0
5081.4	3163	0
5081.4	2974	0
5081.5	3124	0
5081.5	3245	0
5081.5	3219	0
5081.5	3025	0
5081.5	3125	0
5081.5	3147	0
5081.5	3101	0
5081.6	3171	0
5081.6	2979	0
5081.6	3111	0
5081.6	2751	0
5081.6	3093	0
5081.7	3189	0
5081.7	3154	0
5081.7	3149	0
5081.7	3125	0
5081.7	3245	0
5081.7	3011	0
5081.7	3206	0
5081.8	3176	0
5081.8	2859	0
5081.8	3018	0
5081.8	3101	0
5081.9	3166	0
5081.9	3017	0
5081.9	3085	0
5081.9	3124	0
5081.9	3115	0
5081.9	2994	0
5081.9	3313	0
5081.9	3058	0
5082.0	3049	0
5082.2	3178	0
5082.2	3093	0
5082.2	3080	0
5082.2	3122	0
5082.2	3213	0
5082.3	3093	0
5082.3	3048	0
5082.3	3075	0
5082.4	3103	0
5082.4	3105	0
5082.4	3199	0
5082.5	3239	0
5082.6	3006	0
5082.6	3120	0
5082.6	3010	0
5082.6	3218	0
5082.6	3196	0
5082.6	3209	0
5082.6	3207	0
5082.6	3163	0
5082.7	3326	0
5082.7	3033	0
5082.7	3083	0
5082.7	3130	0
5082.7	3289	0
5082.7	3188	0
5082.8	3204	0
5082.8	3079	0
5082.8	3158	0
5082.8	3210	0
5082.9	3119	0
5082.9	3231	0
5082.9	3204	0
5082.9	3065	0
5082.9	3079	0
5083.0	3167	0
5083.0	3182	0
5083.0	3195	0
5083.1	3006	0
5083.1	2949	0
5083.2	1405	0
5083.2	3214	0
5083.2	3155	0
5083.2	3189	0
5083.2	3039	0
5083.3	3055	0
5083.3	3085	0
5083.3	3071	0
5083.3	3094	0
5083.3	3186	0
5083.3	3047	0
5083.3	3071	0
5083.4	3095	0
5083.5	2928	0
5083.5	2987	0
5083.5	3148	0
5083.5	3103	0
5083.5	3244	0
5083.5	2827	0
5083.5	2853	0
5083.5	3173	0
5083.6	3215	0
5083.6	3133	0
5083.6	3098	0
5083.6	3015	0
5083.6	3130	0
5083.6	3191	0
5083.7	2882	0
5083.7	3083	0
5083.7	3071	0
5083.7	3091	0
5083.8	3170	0
5083.8	3069	0
5083.8	2942	0
5083.8	3051	0
5083.8	3210	0
5083.9	3177	0
5083.9	3227	0
5083.9	3229	0
5083.9	2938	0
5084.0	2935	0
5084.0	3159	0
5084.0	3129	0
5084.1	3202	0
5084.1	3126	0
5084.1	3035	0
5084.1	3147	0
5084.1	3157	0
5084.1	3142	0
5084.2	3135	0
5084.3	2987	0
5084.3	3146	0
5084.3	3135	0
5084.3	3193	0
5084.3	2893	0
5084.4	3219	0
5084.4	3155	0
5084.4	3041	0
5084.4	2954	0
5084.4	3178	0
5084.5	3234	0
5084.5	3025	0
5084.5	3026	0
5084.5	3177	0
5084.5	3101	0
5084.5	3091	0
5084.5	3134	0
5084.6	3143	0
5084.6	3078	0
5084.6	3184	0
5084.6	3071	0
5084.7	3242	0
5084.7	999	0
5084.7	3074	0
5084.7	3051	0
5084.7	3205	0
5084.8	3251	0
5084.8	3122	0
5084.8	508	0
5084.8	3273	0
5084.9	3087	0
5084.9	3130	0
5085.0	3138	0
5085.0	3161	0
5085.0	3225	0
5085.0	3155	0
5085.1	3105	0
5085.1	3078	0
5085.1	2948	0
5085.2	1679	0
5085.2	3115	0
5085.2	3172	0
5085.2	3203	0
5085.2	3154	0
5085.3	3272	0
5085.3	3099	0
5085.3	2892	0
5085.3	3145	0
5085.3	3210	0
5085.3	2901	0
5085.4	3315	0
5085.5	3039	0
5085.5	3262	0
5085.5	2583	0
5085.5	3179	0
5085.5	2963	0
5085.6	3196	0
5085.6	3255	0
5085.6	3359	0
5085.6	3157	0
5085.7	3137	0
5085.7	3173	0
5085.7	3184	0
5085.7	3319	0
5085.7	3058	0
5085.8	3229	0
5085.8	3102	0
5085.9	3137	0
5085.9	3144	0
5085.9	3143	0
5085.9	3053	0
5086.0	2991	0
5086.0	3259	0
5086.0	3307	0
5086.1	3066	0
5086.2	3097	0
5086.2	3170	0
5086.2	3263	0
5086.2	2902	0
5086.3	3107	0
5086.3	1507	0
5086.3	4	0
5086.3	3169	0
5086.3	3208	0
5086.3	834	0
5086.4	3065	0
5086.4	2963	0
5086.4	3186	0
5086.4	3026	0
5086.5	2787	0
5086.5	3158	0
5086.5	3019	0
5086.5	3147	0
5086.5	3113	0
5086.5	832	0
5086.5	4	0
5086.6	3093	0
5086.6	3166	0
5086.6	3143	0
5086.6	3117	0
5086.6	3179	0
5086.6	3191	0
5086.6	3057	0
5086.7	3221	0
5086.7	3163	0
5086.7	3159	0
5086.7	3182	0
5086.7	3095	0
5086.7	3085	0
5086.7	3063	0
5086.7	3105	0
5086.7	3229	0
5086.8	3187	0
5086.8	3161	0
5086.8	3166	0
5086.8	3283	0
5086.8	3331	0
5086.9	3258	0
5086.9	3078	0
5086.9	3085	0
5086.9	3147	0
5087.0	3131	0
5087.0	3199	0
5087.0	3121	0
5087.0	3202	0
5087.0	3138	0
5087.1	3237	0
5087.1	2943	0
5087.1	3123	0
5087.2	3193	0
5087.2	3167	0
5087.2	3077	0
5087.2	3198	0
5087.3	3247	0
5087.3	3123	0
5087.3	3059	0
5087.4	2958	0
5087.4	3037	0
5087.4	3125	0
5087.4	3135	0
5087.4	3166	0
5087.5	3062	0
5087.5	3155	0
5087.6	3152	0
5087.6	3148	0
5087.6	3045	0
5087.7	3103	0
5087.7	3211	0
5087.7	3079	0
5087.7	3212	0
5087.7	3027	0
5087.7	3058	0
5087.8	3138	0
5087.8	2966	0
5087.8	3082	0
5087.8	3109	0
5087.9	2969	0
5087.9	3127	0
5088.0	3145	0
5088.0	3166	0
5088.0	3087	0
5088.1	3151	0
5088.1	2874	0
5088.1	3177	0
5088.1	3229	0
5088.2	3042	0
5088.2	3306	0
5088.2	3014	0
5088.2	3058	0
5088.2	3041	0
5088.3	3106	0
5088.3	3011	0
5088.4	3145	0
5088.4	2925	0
5088.4	2602	0
5088.4	3178	0
5088.5	3140	0
5088.5	3159	0
5088.5	3071	0
5088.6	3115	0
5088.6	3086	0
5088.6	3098	0
5088.6	3101	0
5088.7	3003	0
5088.7	3205	0
5088.8	3183	0
5088.8	1934	0
5088.8	3265	0
5088.8	2815	0
5088.9	3275	0
5088.9	3194	0
5088.9	3033	0
5088.9	3041	0
5088.9	3011	0
5088.9	3288	0
5088.9	3151	0
5088.9	3127	0
5088.9	3183	0
5089.0	3267	0
5089.0	3249	0
5089.0	3119	0
5089.0	3006	0
5089.0	3119	0
5089.1	3076	0
5089.1	3198	0
5089.1	3193	0
5089.2	2993	0
5089.2	3161	0
5089.2	3130	0
5089.2	3258	0
5089.2	3164	0
5089.3	3063	0
5089.4	3141	0
5089.4	3139	0
5089.4	3037	0
5089.4	3139	0
5089.4	3289	0
5089.4	3090	0
5089.4	3215	0
5089.4	3222	0
5089.5	3195	0
5089.5	2837	0
5089.5	3218	0
5089.6	3349	0
5089.6	3117	0
5089.6	3199	0
5089.6	3151	0
5089.7	3085	0
5089.7	3101	0
5089.7	3244	0
5089.7	3266	0
5089.8	3025	0
5089.8	3171	0
5089.9	3244	0
5089.9	2817	0
5090.0	3189	0
5090.0	3259	0
5090.0	3017	0
5090.1	3167	0
5090.1	3033	0
5090.1	3105	0
5090.1	3185	0
5090.2	2893	0
5090.2	3174	0
5090.3	3233	0
5090.3	3071	0
5090.3	2907	0
5090.3	2973	0
5090.4	1118	0
5090.4	3254	0
5090.4	3235	0
5090.5	3174	0
5090.5	3123	0
5090.5	3205	0
5090.6	3102	0
5090.6	3129	0
5090.6	3076	0
5090.6	3131	0
5090.6	3047	0
5090.6	3048	0
5090.7	3027	0
5090.7	3202	0
5090.7	3116	0
5090.7	3055	0
5090.7	3121	0
5090.7	3071	0
5090.8	3117	0
5090.8	3086	0
5090.8	3015	0
5090.8	2799	0
5090.8	3159	0
5090.8	3079	0
5090.9	3215	0
5090.9	3207	0
5090.9	3094	0
5091.0	3253	0
5091.0	3038	0
5091.0	3115	0
5091.0	1429	0
5091.0	3081	0
5091.0	2991	0
5091.1	3208	0
5091.1	3155	0
5091.1	3116	0
5091.1	2948	0
5091.2	3011	0
5091.2	2966	0
5091.2	3275	0
5091.2	3196	0
5091.2	3068	0
5091.2	3090	0
5091.3	3236	0
5091.3	3196	0
5091.3	3038	0
5091.4	3047	0
5091.4	3170	0
5091.4	2763	0
5091.4	3099	0
5091.4	3151	0
5091.4	3181	0
5091.5	2995	0
5091.5	3064	0
5091.5	3151	0
5091.5	3211	0
5091.6	3276	0
5091.6	628	0
5091.6	3146	0
5091.6	3075	0
5091.6	3175	0
5091.6	2922	0
5091.7	3100	0
5091.7	3159	0
5091.7	3033	0
5091.7	3160	0
5091.8	3150	0
5091.8	3308	0
5091.8	2940	0
5091.9	3219	0
5091.9	3188	0
5092.0	3199	0
5092.0	3262	0
5092.0	3009	0
5092.0	3139	0
5092.0	3122	0
5092.0	3251	0
5092.0	3187	0
5092.0	3233	0
5092.0	3069	0
5092.0	3186	0
5092.1	3183	0
5092.1	3185	0
5092.1	3119	0
5092.1	3148	0
5092.1	3131	0
5092.1	3304	0
5092.2	1469	0
5092.3	4	0
5092.3	3013	0
5092.3	3170	0
5092.3	3014	0
5092.3	3155	0
5092.3	3171	0
5092.4	3204	0
5092.4	3173	0
5092.4	3087	0
5092.5	3117	0
5092.5	3099	0
5092.5	3121	0
5092.6	3099	0
5092.6	3022	0
5092.6	2831	0
5092.7	3089	0
5092.7	3087	0
5092.8	3188	0
5092.8	3145	0
5092.8	3049	0
5092.8	3002	0
5092.8	2881	0
5092.8	3013	0
5092.9	3225	0
5092.9	3223	0
5092.9	3071	0
5092.9	3109	0
5093.0	2970	0
5093.0	2961	0
5093.0	3172	0
5093.0	3135	0
5093.0	3097	0
5093.0	3285	0
5093.0	3361	0
5093.0	1345	0
5093.1	691	0
5093.1	3059	0
5093.1	3173	0
5093.1	3140	0
5093.1	3209	0
5093.1	3180	0
5093.1	3025	0
5093.2	3090	0
5093.2	3062	0
5093.2	3255	0
5093.2	3227	0
5093.2	3126	0
5093.2	3181	0
5093.3	3015	0
5093.3	3108	0
5093.3	3147	0
5093.3	3033	0
5093.4	3197	0
5093.4	3159	0
5093.4	3156	0
5093.4	3206	0
5093.4	3168	0
5093.4	3090	0
5093.5	3142	0
5093.5	3118	0
5093.5	3097	0
5093.5	3215	0
5093.5	2919	0
5093.5	3257	0
5093.6	3129	0
5093.6	3000	0
5093.6	3111	0
5093.6	3105	0
5093.7	3011	0
5093.7	3081	0
5093.7	3017	0
5093.7	3233	0
5093.7	3149	0
5093.7	3138	0
5093.7	3057	0
5093.8	3045	0
5093.8	3021	0
5093.8	3194	0
5093.9	3067	0
5093.9	3045	0
5094.0	3067	0
5094.0	3199	0
5094.0	3084	0
5094.0	1772	0
5094.1	3189	0
5094.1	3186	0
5094.1	3123	0
5094.1	2834	0
5094.2	2909	0
5094.2	2986	0
5094.2	3325	0
5094.2	3060	0
5094.2	3195	0
5094.3	3207	0
5094.3	3350	0
5094.4	3164	0
5094.4	3127	0
5094.4	3039	0
5094.4	3194	0
5094.4	3144	0
5094.4	3161	0
5094.4	3194	0
5094.6	3254	0
5094.6	3089	0
5094.6	3140	0
5094.7	3137	0
5094.7	3273	0
5094.7	3083	0
5094.7	3075	0
5094.7	3101	0
5094.8	1428	0
5094.8	3119	0
5094.8	3018	0
5094.8	3159	0
5094.9	2966	0
5094.9	2917	0
5094.9	2966	0
5094.9	3217	0
5094.9	3064	0
5094.9	3157	0
5095.0	871	0
5095.0	3115	0
5095.0	3128	0
5095.0	3024	0
5095.0	3055	0
5095.1	3107	0
5095.1	2927	0
5095.1	3002	0
5095.1	2949	0
5095.1	3079	0
5095.1	3245	0
5095.1	3132	0
5095.1	2525	0
5095.2	3199	0
5095.2	3240	0
5095.2	3014	0
5095.2	2922	0
5095.2	2929	0
5095.3	3177	0
5095.3	3052	0
5095.3	3069	0
5095.4	3060	0
5095.4	3157	0
5095.4	2876	0
5095.4	3227	0
5095.4	2887	0
5095.5	3042	0
5095.5	3267	0
5095.5	3223	0
5095.5	3142	0
5095.6	3119	0
5095.6	3207	0
5095.6	3319	0
5095.6	3124	0
5095.6	3244	0
5095.7	833	0
5095.7	3193	0
5095.7	3042	0
5095.8	2946	0
5095.8	3063	0
5095.8	3027	0
5095.8	2999	0
5095.8	2939	0
5095.8	3162	0
5095.8	3245	0
5095.9	3111	0
5095.9	2966	0
5096.0	3183	0
5096.0	3087	0
5096.0	3071	0
5096.0	1341	0
5096.0	3175	0
5096.0	3165	0
5096.1	3103	0
5096.1	1451	0
5096.1	3134	0
5096.1	3215	0
5096.1	3093	0
5096.2	3097	0
5096.2	3127	0
5096.2	3189	0
5096.3	2818	0
5096.3	3157	0
5096.3	3021	0
5096.3	3125	0
5096.4	3252	0
5096.4	2986	0
