5983.2	2586	0
5983.2	2996	0
5983.3	1989	0
5983.4	2970	0
5983.4	2850	0
5983.5	2951	0
5983.5	2672	0
5983.5	2911	0
5983.6	2986	0
5983.6	2987	0
5983.6	3181	0
5983.7	2695	0
5983.9	3007	0
5983.9	2851	0
5984.0	3083	0
5984.0	2914	0
5984.0	2993	0
5984.4	2052	0
5984.4	2950	0
5984.5	2927	0
5984.7	2767	0
5984.7	3149	0
5984.8	2018	0
5984.8	2388	0
5984.8	2968	0
5984.9	3215	0
5984.9	2972	0
5985.0	3075	0
5985.0	2333	0
5985.1	3181	0
5985.2	2731	0
5985.2	3059	0
5985.3	2817	0
5985.3	870	0
5985.4	3059	0
5985.4	1436	0
5985.4	3	0
5985.6	2711	0
5985.6	2994	0
5985.7	2855	0
5985.7	2997	0
5985.8	1554	0
5985.8	2954	0
5985.9	2870	0
5985.9	3063	0
5986.0	2663	0
5986.0	2676	0
5986.1	2905	0
5986.2	993	0
5986.2	2655	0
5986.3	2692	0
5986.3	2550	0
5986.3	2925	0
5986.3	2739	0
5986.3	2954	0
5986.4	3014	0
5986.5	2867	0
5986.5	1889	0
5986.5	2967	0
5986.5	2972	0
5986.5	3119	0
5986.5	2689	0
5986.5	1018	0
5986.6	2829	0
5986.7	3069	0
5986.7	2988	0
5986.8	2982	0
5986.9	2909	0
5986.9	2798	0
5986.9	3158	0
5986.9	2698	0
5986.9	2767	0
5987.0	2578	0
5987.0	2684	0
5987.1	3025	0
5987.1	2935	0
5987.1	2802	0
5987.2	2855	0
5987.3	1044	0
5987.3	2917	0
5987.3	2356	0
5987.4	3057	0
5987.4	2965	0
5987.4	2795	0
5987.4	2590	0
5987.4	2551	0
5987.5	2789	0
5987.5	960	0
5987.6	2983	0
5987.7	2964	0
5987.7	2926	0
5987.7	2899	0
5987.7	2523	0
5987.8	3113	0
5987.8	3022	0
5987.8	2771	0
5987.9	3298	0
5988.0	2618	0
5988.0	2557	0
5988.1	3141	0
5988.1	2969	0
5988.1	2865	0
5988.1	2951	0
5988.4	2987	0
5988.4	3163	0
5988.4	2916	0
5988.4	2959	0
5988.4	2763	0
5988.6	2848	0
5988.7	2865	0
5988.7	2478	0
5988.7	2970	0
5988.7	2973	0
5988.8	2207	0
5988.8	2897	0
5988.8	2919	0
5988.8	2984	0
5988.9	2031	0
5988.9	3197	0
5989.2	3106	0
5989.3	2872	0
5989.3	3119	0
5989.5	2971	0
5989.5	3119	0
5989.5	2080	0
5989.6	2818	0
5989.6	896	0
5989.7	2769	0
5989.7	2896	0
5989.7	2980	0
5989.7	3024	0
5989.7	3081	0
5989.7	2848	0
5989.7	2708	0
5989.7	3031	0
5989.8	2908	0
5989.9	3014	0
5990.1	2951	0
5990.1	2906	0
5990.1	2902	0
5990.2	2332	0
5990.2	3117	0
5990.3	2988	0
5990.4	2807	0
5990.4	2946	0
5990.5	3036	0
5990.5	3003	0
5990.5	3116	0
5990.6	2985	0
5990.7	2859	0
5990.7	2956	0
5990.9	2794	0
5990.9	2818	0
5990.9	3132	0
5991.0	2815	0
5991.0	2591	0
5991.1	1205	0
5991.1	2846	0
5991.1	2907	0
5991.2	2975	0
5991.3	1734	0
5991.3	3233	0
5991.3	2728	0
5991.4	3025	0
5991.4	2919	0
5991.4	1786	0
5991.4	2559	0
5991.4	2659	0
5991.6	1535	0
5991.6	2708	0
5991.7	2537	0
5991.7	2832	0
5991.8	2945	0
5991.8	2925	0
5991.9	3059	0
5991.9	2575	0
5991.9	2948	0
5991.9	1946	0
5991.9	1879	0
5992.1	1468	0
5992.2	2297	0
5992.2	3182	0
5992.2	1810	0
5992.2	2895	0
5992.2	2523	0
5992.2	2403	0
5992.3	1489	0
5992.3	3021	0
5992.3	2978	0
5992.4	2851	0
5992.5	2844	0
5992.6	2527	0
5992.7	3064	0
5992.8	3126	0
5992.8	2687	0
5992.8	2759	0
5992.9	3054	0
5992.9	3090	0
5993.1	1294	0
5993.2	1000	0
5993.3	2206	0
5993.3	2912	0
5993.3	3140	0
5993.3	2913	0
5993.4	3027	0
5993.4	2787	0
5993.4	2766	0
5993.5	1244	0
5993.5	3050	0
5993.6	3122	0
5993.6	2947	0
5993.6	2917	0
5993.6	2957	0
5993.7	3138	0
5993.7	2787	0
5993.7	3188	0
5993.7	1549	0
5993.8	3002	0
5993.9	3039	0
5993.9	2751	0
5993.9	1522	0
5993.9	2745	0
5994.0	2502	0
5994.0	2875	0
5994.0	907	0
5994.0	2768	0
5994.3	2737	0
5994.3	2859	0
5994.3	2082	0
5994.3	1759	0
5994.4	1333	0
5994.4	2777	0
5994.4	3115	0
5994.4	2968	0
5994.4	2805	0
5994.4	988	0
5994.4	3091	0
5994.5	3171	0
5994.5	2836	0
5994.6	3087	0
5994.7	2864	0
5994.7	2866	0
5994.8	2839	0
5994.9	2904	0
5994.9	1717	0
5994.9	2755	0
5995.0	2667	0
5995.1	2974	0
5995.1	2972	0
5995.1	1876	0
5995.2	1879	0
5995.2	3067	0
5995.2	2866	0
5995.2	2962	0
5995.3	2580	0
5995.3	3203	0
5995.4	1281	0
5995.4	3077	0
5995.4	3020	0
5995.4	2415	0
5995.4	2986	0
5995.5	3078	0
5995.5	2789	0
5995.6	2348	0
5995.6	2894	0
5995.6	2926	0
5995.6	2504	0
5995.7	2915	0
5995.8	1058	0
5995.8	2910	0
5995.8	2860	0
5995.8	3013	0
5995.8	2917	0
5995.8	3048	0
5995.9	1258	0
5995.9	2675	0
5995.9	2210	0
5995.9	2744	0
5995.9	2600	0
5996.0	3023	0
5996.0	3063	0
5996.1	2916	0
5996.2	2922	0
5996.2	2945	0
5996.2	2781	0
5996.2	3108	0
5996.3	2936	0
5996.3	2781	0
5996.4	788	0
5996.4	2833	0
5996.5	2904	0
5996.5	2705	0
5996.5	3111	0
5996.5	2841	0
5996.6	3014	0
5996.7	2295	0
5996.8	3071	0
5996.8	2739	0
5996.9	2587	0
5996.9	2817	0
5996.9	1498	0
5997.0	1161	0
5997.0	3005	0
5997.0	3087	0
5997.0	2847	0
5997.1	2001	0
5997.1	2697	0
5997.2	2747	0
5997.2	2965	0
5997.2	2925	0
5997.2	2908	0
5997.3	2943	0
5997.4	2762	0
5997.4	2870	0
5997.5	2817	0
5997.6	2406	0
5997.6	2921	0
5997.6	2657	0
5997.7	2823	0
5997.7	2849	0
5997.7	3147	0
5997.7	2962	0
5997.7	3149	0
5997.8	2885	0
5997.8	2868	0
5997.8	2824	0
5997.9	2979	0
5997.9	2611	0
5998.1	1426	0
5998.1	2816	0
5998.2	3091	0
5998.2	678	0
5998.3	2669	0
5998.4	3053	0
5998.4	2443	0
5998.5	1776	0
5998.5	2958	0
5998.5	2935	0
5998.6	2989	0
5998.6	1229	0
5998.8	1	0
5998.8	2967	0
5998.8	2645	0
5998.8	1986	0
5998.9	2979	0
5998.9	2811	0
5998.9	2453	0
5999.0	3231	0
5999.0	2623	0
5999.1	2645	0
5999.2	3222	0
5999.2	2663	0
5999.2	3077	0
5999.3	2628	0
5999.3	3247	0
5999.4	3025	0
5999.4	3105	0
5999.4	2719	0
5999.4	2926	0
5999.4	2660	0
5999.5	2967	0
5999.5	2774	0
5999.7	2932	0
5999.8	2872	0
5999.8	2528	0
5999.9	2568	0
5999.9	2859	0
6000.0	2724	0
6000.0	2954	2
6000.0	2983	0
6000.1	2659	0
6000.1	2943	0
6000.1	2758	0
6000.1	3050	0
6000.3	2989	0
6000.3	2715	0
6000.3	2762	0
6000.3	2743	0
6000.4	2102	0
6000.5	1915	0
6000.5	2429	0
6000.7	2834	0
6000.8	3060	0
6000.9	2956	0
6001.0	3271	0
6001.0	2854	0
6001.0	3015	0
6001.1	2970	0
6001.1	2710	0
6001.1	3012	0
6001.2	2895	0
6001.2	2887	0
6001.2	2845	0
6001.3	2408	0
6001.3	2755	0
6001.3	2841	0
6001.4	2318	0
6001.4	2862	0
6001.5	2945	0
6001.5	1459	0
6001.6	2	0
6001.6	3100	0
6001.6	2782	0
6001.6	2640	0
6001.6	2905	0
6001.7	2985	0
6001.8	725	0
6001.9	2953	0
6001.9	2978	0
6001.9	2872	0
6001.9	2274	0
6001.9	3233	0
6002.0	2605	0
6002.0	2678	0
6002.0	2642	0
6002.0	2993	0
6002.0	3195	0
6002.1	3062	0
6002.1	2976	0
6002.2	2787	0
6002.2	1618	0
6002.3	2762	0
6002.4	3059	0
6002.4	2965	0
6002.4	2762	0
6002.4	3097	0
6002.4	3002	0
6002.5	2769	0
6002.5	3096	0
6002.8	2435	0
6003.0	2810	0
6003.0	1622	0
6003.0	2956	0
6003.2	2783	0
6003.2	2890	0
6003.2	2908	0
6003.3	3071	0
6003.5	2911	0
6003.5	3211	0
6003.5	1628	0
6003.6	2935	0
6003.6	1342	0
6003.7	2810	0
6003.7	2923	0
6003.7	2793	0
6003.7	2803	0
6003.8	3089	0
6003.9	2946	0
6004.0	3113	0
6004.0	772	0
6004.0	2878	0
6004.1	3114	0
6004.1	2977	0
6004.1	2841	0
6004.2	2849	0
6004.2	2545	0
6004.3	3063	0
6004.3	2356	0
6004.3	2582	0
6004.4	2647	0
6004.4	2551	0
6004.5	1899	0
6004.5	3005	0
6004.6	3065	0
6004.6	3003	0
6004.6	2123	0
6004.6	2930	0
6004.6	2745	0
6004.7	2727	0
6004.7	2940	0
6004.7	3158	0
6004.8	2665	0
6005.0	2931	0
6005.0	3142	0
6005.1	2835	0
6005.1	2803	0
6005.1	2498	0
6005.2	2603	0
6005.3	2926	0
6005.3	2742	0
6005.3	3059	0
6005.4	3124	0
6005.4	2976	0
6005.4	2764	0
6005.5	3015	0
6005.5	3149	0
6005.5	2671	0
6005.6	915	0
6005.6	2942	0
6005.6	3018	0
6005.6	3078	0
6005.6	2946	0
6005.8	2802	0
6005.8	2941	0
6005.9	2427	0
6005.9	1834	0
6005.9	1449	0
6006.0	3	0
6006.0	3017	0
6006.0	3047	0
6006.0	2124	0
6006.1	3119	0
6006.1	3153	0
6006.1	2934	0
6006.2	2960	0
6006.2	2967	0
6006.2	3036	0
6006.3	2810	0
6006.3	2756	0
6006.4	3014	0
6006.5	2793	0
6006.5	1474	0
6006.6	3061	0
6006.6	2887	0
6006.6	1451	0
6006.7	3110	0
6006.7	2874	0
6006.7	2877	0
6006.7	2903	0
6006.7	1878	0
6006.7	2660	0
6006.7	2841	0
6006.8	2919	0
6006.9	2923	0
6006.9	2987	0
6006.9	2979	0
6006.9	3148	0
6007.0	2935	0
6007.0	2973	0
6007.1	2635	0
6007.1	2463	0
6007.2	2817	0
6007.2	2945	0
6007.3	2957	0
6007.3	3015	0
6007.3	3030	0
6007.4	600	0
6007.4	2889	0
6007.4	2961	0
6007.5	3026	0
6007.5	3202	0
6007.5	2888	0
6007.5	2927	0
6007.5	1208	0
6007.6	1486	0
6007.6	2767	0
6007.6	3001	0
6007.7	2745	0
6007.8	1290	0
6007.8	2892	0
6007.9	2929	0
6008.0	3067	0
6008.0	2805	0
6008.0	2867	0
6008.1	2997	0
6008.1	2883	0
6008.2	2687	0
6008.3	2714	0
6008.4	2949	0
6008.4	1959	0
6008.5	2578	0
6008.5	3127	0
6008.5	2769	0
6008.6	2886	0
6008.6	2106	0
6008.6	2561	0
6008.7	2889	0
6008.7	3150	0
6008.7	2634	0
6008.8	2883	0
6008.9	2345	0
6008.9	1626	0
6009.0	2964	0
6009.2	2402	0
6009.2	2397	0
6009.2	1139	0
6009.2	3001	0
6009.3	3121	0
6009.3	2840	0
6009.3	2874	0
6009.4	3056	0
6009.4	3043	0
6009.4	3039	0
6009.5	2888	0
6009.5	992	0
6009.6	3075	0
6009.7	2789	0
6009.7	1270	0
6009.7	2982	0
6009.8	3066	0
6009.8	2821	0
6009.8	2985	0
6009.9	3087	0
6009.9	2997	0
6009.9	2851	0
6010.0	2129	0
6010.0	1877	0
6010.0	713	0
6010.0	3147	0
6010.1	2804	0
6010.1	2971	0
6010.2	2214	0
6010.2	3071	0
6010.2	2741	0
6010.4	3031	0
6010.4	1709	0
6010.5	2734	0
6010.5	2897	0
6010.6	2699	0
6010.7	2967	0
6010.7	2535	0
6010.7	2707	0
6010.7	2415	0
6010.8	3067	0
6010.8	2823	0
6010.8	2767	0
6010.8	2999	0
6010.9	2671	0
6011.0	2493	0
6011.0	3023	0
6011.1	2991	0
6011.1	2923	0
6011.1	2732	0
6011.2	2850	0
6011.2	2804	0
6011.3	2959	0
6011.3	3114	0
6011.3	2951	0
6011.4	2932	0
6011.4	2599	0
6011.4	3069	0
6011.4	2903	0
6011.4	1500	0
6011.4	3113	0
6011.5	3137	0
6011.5	3178	0
6011.6	3197	0
6011.6	2855	0
6011.6	2761	0
6011.6	3089	0
6011.6	1053	0
6011.7	2983	0
6011.7	2097	0
6011.7	2914	0
6011.7	2965	0
6011.8	3045	0
6011.8	3185	0
6011.9	986	0
6011.9	1759	0
6011.9	2587	0
6012.0	1594	0
6012.0	3002	0
6012.0	2769	0
6012.1	876	0
6012.1	3074	0
6012.1	2693	0
6012.2	2869	0
6012.2	2594	0
6012.3	2993	0
6012.4	3037	0
6012.5	3034	0
6012.6	3030	0
6012.6	2913	0
6012.6	2857	0
6012.6	2451	0
6012.7	2893	0
6012.7	3010	0
6012.7	3003	0
6012.7	1881	0
6012.8	2762	0
6012.8	3007	0
6012.9	2999	0
6012.9	2881	0
6012.9	1276	0
6012.9	3101	0
6013.0	2894	0
6013.0	2801	0
6013.1	3029	0
6013.1	1833	0
6013.1	2923	0
6013.2	2799	0
6013.2	2679	0
6013.2	880	0
6013.3	2762	0
6013.3	2866	0
6013.3	1328	0
6013.4	2871	0
6013.4	3071	0
6013.4	2714	0
6013.4	2687	0
6013.4	2918	0
6013.5	2973	0
6013.5	2682	0
6013.5	2772	0
6013.6	2718	0
6013.6	2268	0
6013.6	3003	0
6013.8	2831	0
6013.9	2765	0
6013.9	2825	0
6013.9	2383	0
6014.0	2446	0
6014.0	2629	0
6014.0	2659	0
6014.0	2690	0
6014.1	2733	0
6014.1	306	0
6014.1	4	0
6014.2	1966	0
6014.3	2978	0
6014.3	2977	0
6014.3	2807	0
6014.3	2812	0
6014.3	2462	0
6014.4	2983	0
6014.4	2897	0
6014.5	2470	0
6014.5	2785	0
6014.5	3025	0
6014.6	2801	0
6014.6	2873	0
6014.6	3219	0
6014.7	2506	0
6014.7	2921	0
6014.8	2227	0
6014.9	3002	0
6014.9	2623	0
6015.0	3064	0
6015.0	2885	0
6015.1	1311	0
6015.2	2941	0
6015.3	2762	0
6015.3	2252	0
6015.3	2495	0
6015.3	3025	0
6015.3	2921	0
6015.4	2895	0
6015.4	3143	0
6015.4	2649	0
6015.4	3162	0
6015.5	3146	0
6015.5	2939	0
6015.5	2978	0
6015.5	3086	0
6015.6	2752	0
6015.6	2739	0
6015.7	1047	0
6015.7	2553	0
6015.8	2194	0
6015.8	2799	0
6015.9	2884	0
6015.9	2543	0
6015.9	3029	0
6015.9	3054	0
6015.9	2878	0
6015.9	2850	0
6015.9	3114	0
6016.0	2977	0
6016.0	2934	0
6016.1	2897	0
6016.1	3023	0
6016.2	2049	0
6016.3	2836	0
6016.4	3071	0
6016.4	2975	0
6016.4	3035	0
6016.4	2805	0
6016.4	2866	0
6016.4	3087	0
6016.5	2821	0
6016.6	3038	0
6016.6	2984	0
6016.6	1363	0
6016.6	3015	0
6016.6	2809	0
6016.7	3182	0
6016.8	2804	0
6016.8	3023	0
6016.8	2873	0
6016.8	3141	0
6016.8	2795	0
6016.9	2904	0
6017.0	2879	0
6017.0	1759	0
6017.1	3099	0
6017.2	2988	0
6017.3	2934	0
6017.3	2935	0
6017.3	3039	0
6017.3	2793	0
6017.4	2863	0
6017.5	1190	0
6017.6	2968	0
6017.7	1218	0
6017.7	2813	0
6017.7	1013	0
6017.7	3026	0
6017.7	1762	0
6017.8	2496	0
6017.8	2793	0
6017.8	3057	0
6017.8	2787	0
6017.9	2867	0
6017.9	3170	0
6017.9	2796	0
6018.0	3097	0
6018.1	2641	0
6018.1	2859	0
6018.2	2980	0
6018.3	3189	0
6018.3	3018	0
6018.3	2570	0
6018.4	2631	0
6018.4	2763	0
6018.4	3167	0
6018.4	1203	0
6018.4	2318	0
6018.5	2873	0
6018.5	3053	0
6018.5	1715	0
6018.6	1446	0
6018.6	2989	0
6018.6	3060	0
6018.7	2935	0
6018.8	2685	0
6018.8	2939	0
6018.8	2651	0
6018.9	3213	0
6019.0	3337	0
6019.0	2677	0
6019.1	2593	0
6019.1	3119	0
6019.2	2223	0
6019.2	2967	0
6019.2	3055	0
6019.3	2711	0
6019.3	2260	0
6019.4	811	0
6019.5	3007	0
6019.6	1729	0
6019.7	994	0
6019.7	2629	0
6019.7	2885	0
6020.0	2823	0
6020.0	2961	0
6020.0	3017	0
6020.1	2112	0
6020.1	2911	0
6020.1	2813	0
6020.2	2363	0
6020.2	2464	0
6020.2	3078	0
6020.3	2874	0
6020.3	1546	0
6020.5	2902	0
6020.5	2601	0
6020.5	2828	0
6020.5	3066	0
6020.6	2636	0
6020.6	3263	0
6020.6	3097	0
6020.7	1389	0
6020.9	2856	0
6021.0	2996	0
6021.1	2230	0
6021.1	2552	0
6021.1	2807	0
6021.1	2871	0
6021.1	3077	0
6021.2	2838	0
6021.2	3185	0
6021.2	1481	0
6021.2	3	0
6021.3	2739	0
6021.3	2045	0
6021.4	598	0
6021.4	3144	0
6021.4	2919	0
6021.4	2743	0
6021.5	2899	0
6021.5	2198	0
6021.5	3071	0
6021.6	3095	0
6021.6	3010	0
6021.6	3127	0
6021.6	2608	0
6021.7	2916	0
6021.7	1503	0
6021.7	2	0
6021.7	2879	0
6021.7	3012	0
6021.7	2799	0
6021.8	3002	0
6021.9	2709	0
6021.9	1874	0
6022.1	896	0
6022.1	2780	0
6022.1	1536	0
6022.1	2669	0
6022.2	2935	0
6022.3	2969	0
6022.3	3032	0
6022.3	2771	0
6022.5	2989	0
6022.5	2907	0
6022.5	2978	0
6022.5	2980	0
6022.6	2987	0
6022.6	2954	0
6022.6	1522	0
6022.6	2836	0
6022.7	1679	0
6022.8	3171	0
6022.8	3204	0
6022.8	3085	0
6022.8	2531	0
6022.8	2951	0
6022.9	1446	0
6022.9	640	0
6022.9	3079	0
6023.0	2719	0
6023.1	2056	0
6023.1	1869	0
6023.2	2909	0
6023.2	3009	0
6023.2	2873	0
6023.3	2992	0
6023.3	3066	0
6023.3	2786	0
6023.4	1152	0
6023.5	2807	0
6023.5	2999	0
6023.5	2963	0
6023.5	2918	0
6023.6	1780	0
6023.8	2837	0
6023.8	2833	0
6023.8	1086	0
6023.8	3006	0
6023.8	2955	0
6023.9	3187	0
6023.9	2859	0
6023.9	2565	0
6023.9	2815	0
6023.9	2827	0
6024.0	2899	0
6024.0	2969	0
6024.0	2845	0
6024.1	3074	0
6024.1	2845	0
6024.2	2991	0
6024.2	514	0
6024.2	2850	0
6024.3	2922	0
6024.4	2319	0
6024.4	3204	0
6024.5	2821	0
6024.5	2784	0
6024.5	2770	0
6024.5	2646	0
6024.6	2966	0
6024.6	2943	0
6024.7	2200	0
6024.7	908	0
6024.8	2829	0
6024.8	2743	0
6024.8	1850	0
6024.9	2947	0
6024.9	2461	0
6024.9	3215	0
6025.0	2239	0
6025.0	2615	0
6025.0	263	0
6025.0	2	0
6025.0	1263	0
6025.0	3	0
6025.1	3044	0
6025.1	2336	0
6025.2	2441	0
6025.2	2857	0
6025.2	3039	0
6025.2	1725	0
6025.3	2560	0
6025.3	2930	0
6025.4	3010	0
6025.5	2690	0
6025.5	3019	0
6025.6	2995	0
6025.6	2193	0
6025.6	2231	0
6025.7	2841	0
6025.7	1383	0
6025.7	2752	0
6025.8	3084	0
6025.8	2729	0
6025.8	2952	0
6025.9	2749	0
6025.9	2761	0
6025.9	2785	0
6026.0	995	0
6026.0	3074	0
6026.0	2022	0
6026.2	2581	0
6026.2	3025	0
6026.4	2934	0
6026.4	3241	0
6026.4	3029	0
6026.4	2842	0
6026.6	2880	0
6026.6	1192	0
6026.7	3046	0
6026.7	2712	0
6026.7	2745	0
6026.7	3023	0
6026.7	2756	0
6026.8	3082	0
6026.8	2783	0
6026.8	2878	0
6026.8	2934	0
6026.9	3105	0
6026.9	2475	0
6027.0	3704	0
6027.1	3165	0
6027.2	1201	0
6027.2	3064	0
6027.2	2806	0
6027.3	2933	0
6027.3	2871	0
6027.3	2787	0
6027.3	3052	0
6027.3	3021	0
6027.4	854	0
6027.4	2829	0
6027.5	2832	0
6027.5	2929	0
6027.5	2762	0
6027.5	2763	0
6027.6	2864	0
6027.7	2954	0
6027.7	3006	0
6027.9	2456	0
6028.1	884	0
6028.1	2853	0
6028.2	2852	0
6028.2	2274	0
6028.2	3053	0
6028.3	2914	0
6028.3	2930	0
6028.3	3004	0
6028.3	2845	0
6028.3	3204	0
6028.3	2918	0
6028.3	2943	0
6028.4	2889	0
6028.5	3148	0
6028.5	3079	0
6028.6	2846	0
6028.6	3110	0
6028.7	2936	0
6028.7	3162	0
6028.8	1503	0
6028.8	2828	0
6028.8	2853	0
6028.9	2831	0
6028.9	2903	0
6028.9	3135	0
6028.9	1626	0
6029.0	3023	0
6029.2	2910	0
6029.2	2978	0
6029.2	3110	0
6029.3	2550	0
6029.3	3143	0
6029.3	2916	0
6029.3	2472	0
6029.3	2825	0
6029.3	2944	0
6029.5	2985	0
6029.5	3143	0
6029.6	2926	0
6029.6	2607	0
6029.6	3435	0
6029.7	3052	0
6029.7	2940	0
6029.8	2427	0
6029.8	3063	0
6029.8	2975	0
6029.9	2825	0
6030.0	1787	0
6030.0	2891	0
6030.0	2034	0
6030.1	2612	0
6030.1	1305	0
6030.1	3049	0
6030.2	1691	0
6030.2	3063	0
6030.2	2993	0
6030.3	3001	0
6030.3	3193	0
6030.4	2300	0
6030.4	2979	0
6030.4	2931	0
6030.4	2276	0
6030.5	2961	0
6030.6	2753	0
6030.6	2655	0
6030.6	2996	0
6030.7	2527	0
6030.7	2031	0
6030.9	2753	0
6030.9	2966	0
6030.9	1105	0
6030.9	2651	0
6030.9	2935	0
6031.1	3085	0
6031.1	2671	0
6031.1	3042	0
6031.2	3005	0
6031.2	3119	0
6031.3	2892	0
6031.3	2753	0
6031.3	1847	0
6031.3	2841	0
6031.3	2578	0
6031.4	2919	0
6031.4	2908	0
6031.5	2799	0
6031.5	3041	0
6031.5	3235	0
6031.5	2955	0
6031.7	2907	0
6031.7	2914	0
6031.8	2733	0
6031.8	3252	0
6031.9	2628	0
6032.1	3088	0
6032.1	1004	0
6032.2	1350	0
6032.2	2997	0
6032.4	3005	0
6032.4	3171	0
6032.4	877	0
6032.5	2628	0
6032.5	3181	0
6032.5	1240	0
6032.6	2862	0
6032.7	2647	0
6032.7	2482	0
6032.7	1669	0
6032.8	2515	0
6032.8	2902	0
6032.8	3002	0
6032.8	2849	0
6032.8	2357	0
6032.8	2907	0
6032.9	2453	0
6032.9	1495	0
6032.9	2776	0
6033.1	1810	0
6033.1	2738	0
6033.2	3185	0
6033.2	2852	0
6033.2	2847	0
6033.3	3028	0
6033.3	2991	0
6033.3	1688	0
6033.4	2795	0
6033.5	2796	0
6033.5	3071	0
6033.6	2799	0
6033.6	2761	0
6033.6	2927	0
6033.6	2674	0
6033.6	3075	0
6033.6	2615	0
6033.6	3043	0
6033.7	2973	0
6033.7	2913	0
6033.7	2801	0
6033.8	2319	0
6033.8	3129	0
6033.9	2799	0
6034.0	3044	0
6034.1	3065	0
6034.1	2847	0
6034.1	1172	0
6034.2	2949	0
6034.5	2635	0
6034.7	2855	0
6034.7	2982	0
6034.7	2913	0
6034.8	3001	0
6034.9	2690	0
6034.9	2606	0
6034.9	3067	0
6034.9	2438	0
6034.9	2967	0
6034.9	2915	0
6034.9	2777	0
6035.0	3091	0
6035.0	2999	0
6035.1	3016	0
6035.1	2941	0
6035.2	2867	0
6035.3	2983	0
6035.3	878	0
6035.5	2846	0
6035.5	2836	0
6035.6	2574	0
6035.6	2993	0
6035.7	2916	0
6035.7	2977	0
6035.8	2843	0
6035.8	3047	0
6035.9	3131	0
6035.9	3078	0
6036.0	3101	0
6036.1	2838	0
6036.1	3012	0
6036.1	2657	0
6036.2	2943	0
6036.3	1915	0
6036.3	3047	0
6036.3	2885	0
6036.4	2541	0
6036.4	3181	0
6036.5	2899	0
6036.5	2924	0
6036.6	2891	0
6036.7	3035	0
6036.8	2845	0
6036.8	2885	0
6036.8	2998	0
6036.9	2778	0
6036.9	2905	0
6036.9	3001	0
6037.0	3088	0
6037.0	2943	0
6037.1	1958	0
6037.1	2871	0
6037.2	2943	0
6037.2	3032	0
6037.2	3095	0
6037.3	1687	0
6037.3	2926	0
6037.4	2904	0
6037.5	2717	0
6037.5	2876	0
6037.5	2096	0
6037.6	1998	0
6037.7	2925	0
6037.7	2873	0
6037.7	3169	0
6037.7	3113	0
6037.8	3157	0
6037.8	3047	0
6037.9	1215	0
6037.9	2747	0
6038.0	1726	0
6038.0	2199	0
6038.0	788	0
6038.1	3063	0
6038.2	1761	0
6038.2	2843	0
6038.3	2886	0
6038.4	3020	0
6038.4	3033	0
6038.5	3285	0
6038.5	2872	0
6038.6	2969	0
6038.6	3063	0
6038.8	2757	0
6038.8	2832	0
6038.8	2893	0
6038.9	3103	0
6038.9	2938	0
6038.9	2873	0
6039.0	1757	0
6039.1	2769	0
6039.1	3027	0
6039.1	2172	0
6039.1	3166	0
6039.2	2926	0
6039.2	2708	0
6039.2	3119	0
6039.3	2549	0
6039.3	3075	0
6039.3	2977	0
6039.3	3087	0
6039.4	2985	0
6039.5	2547	0
6039.6	2858	0
6039.6	2785	0
6039.7	2666	0
6039.7	3018	0
6039.7	2475	0
6039.8	1759	0
6039.9	2467	0
6039.9	2895	0
6039.9	988	0
6039.9	3006	0
6040.0	2490	0
6040.0	2879	0
6040.0	2895	0
6040.1	2769	0
6040.2	2971	0
6040.2	2879	0
6040.2	3141	0
6040.3	1728	0
6040.3	2994	0
6040.3	1068	0
6040.3	3015	0
6040.4	2553	0
6040.4	2607	0
6040.4	616	0
6040.5	3074	0
6040.5	3142	0
6040.5	2872	0
6040.5	1559	0
6040.6	2445	0
6040.6	3083	0
6040.6	3033	0
6040.7	2492	0
6040.7	2985	0
6040.8	2846	0
6040.9	2877	0
6040.9	2951	0
6040.9	2511	0
6041.0	2955	0
6041.1	2909	0
6041.1	2955	0
6041.3	1161	0
6041.3	1326	0
6041.4	1250	0
6041.5	2487	0
6041.5	2561	0
6041.5	2891	0
6041.5	2934	0
6041.6	3076	0
6041.6	2886	0
6041.8	3007	0
6041.8	1232	0
6041.9	2985	0
6041.9	3241	0
6042.0	2805	0
6042.0	3015	0
6042.0	2804	0
6042.1	3015	0
6042.1	1140	0
6042.1	2906	0
6042.2	3071	0
6042.2	2707	0
6042.3	2963	0
6042.3	2860	0
6042.3	2338	0
6042.3	2721	0
6042.4	3001	0
6042.4	2896	0
6042.4	2931	0
6042.5	2618	0
6042.5	3045	0
6042.7	2948	0
6042.7	2573	0
6042.7	2733	0
6042.8	2953	0
6042.8	2439	0
6042.8	3034	0
6042.9	3107	0
6043.0	3007	0
6043.0	2942	0
6043.1	1006	0
6043.1	3049	0
6043.1	2889	0
6043.1	2654	0
6043.1	3227	0
6043.2	3002	0
6043.2	1844	0
6043.2	2981	0
6043.2	2947	0
6043.2	3095	0
6043.3	2975	0
6043.3	3074	0
6043.3	3007	0
6043.3	3087	0
6043.4	3069	0
6043.4	3043	0
6043.4	2950	0
6043.5	3093	0
6043.6	3051	0
6043.6	3035	0
6043.6	2815	0
6043.6	2954	0
6043.6	1758	0
6043.6	3012	0
6043.7	3149	0
6043.7	3170	0
6043.7	3047	0
6043.7	2573	0
6043.7	3037	0
6043.8	2863	0
6043.8	2399	0
6043.8	2835	0
6043.9	2538	0
6043.9	2604	0
6044.0	1566	0
6044.1	3153	0
6044.1	2682	0
6044.1	2495	0
6044.1	2765	0
6044.2	3087	0
6044.2	3122	0
6044.2	2748	0
6044.3	2835	0
6044.3	2955	0
6044.4	1658	0
6044.4	2867	0
6044.4	2899	0
6044.4	1976	0
6044.4	2766	0
6044.7	2684	0
6044.7	2409	0
6044.7	3065	0
6044.7	1952	0
6044.7	2833	0
6044.8	2959	0
6044.8	2900	0
6044.9	2802	0
6044.9	2941	0
6044.9	3011	0
6044.9	3046	0
6045.0	3018	0
6045.0	2792	0
6045.0	2730	0
6045.1	2864	0
6045.1	2551	0
6045.2	1267	0
6045.2	2567	0
6045.2	2981	0
6045.2	1038	0
6045.2	2890	0
6045.2	2863	0
6045.2	2748	0
6045.2	2860	0
6045.3	2977	0
6045.3	2932	0
6045.3	1234	0
6045.4	2916	0
6045.4	3085	0
6045.6	2065	0
6045.6	2910	0
6045.7	3071	0
6045.7	1254	0
6045.8	2840	0
6045.8	1652	0
6045.9	2714	0
6045.9	819	0
6045.9	2749	0
6045.9	3037	0
6046.0	2825	0
6046.0	2724	0
6046.2	2835	0
6046.2	2489	0
6046.3	1971	0
6046.3	754	0
6046.3	3014	0
6046.3	2755	0
6046.4	2062	0
6046.4	2719	0
6046.5	1940	0
6046.6	3001	0
6046.7	2505	0
6046.8	2882	0
6046.9	3010	0
6047.0	1998	0
6047.0	2522	0
6047.1	2955	0
6047.1	2785	0
6047.2	2914	0
6047.2	2907	0
6047.3	2931	0
6047.3	1426	0
6047.3	1398	0
6047.3	2809	0
6047.4	3124	0
6047.5	1714	0
6047.5	972	0
6047.5	2865	0
6047.6	2415	0
6047.7	2752	0
6047.7	2576	0
6047.7	1542	0
6047.7	3091	0
6047.8	2781	0
6047.8	798	0
6047.8	2904	0
6047.8	2938	0
6047.8	2864	0
6047.8	2916	0
6047.9	2697	0
6047.9	2478	0
6047.9	1823	0
6047.9	2902	0
6048.0	2949	0
6048.0	3059	0
6048.1	2866	0
6048.1	2949	0
6048.2	3115	0
6048.2	2923	0
6048.5	2619	0
6048.6	3044	0
6048.6	3056	0
6048.6	2841	0
6048.6	2363	0
6048.7	2337	0
6048.7	2596	0
6048.7	2992	0
6048.7	3130	0
6048.7	2383	0
6048.7	3046	0
6048.7	3064	0
6048.8	2935	0
6048.8	1951	0
6048.9	917	0
6048.9	3131	0
6049.0	3109	0
6049.0	3138	0
6049.0	2931	0
6049.1	3181	0
6049.1	2868	0
6049.2	2975	0
6049.2	2831	0
6049.2	2838	0
6049.3	3166	0
6049.3	2916	0
6049.5	2943	0
6049.7	2997	0
6049.8	2815	0
6049.8	2829	0
6049.8	2878	0
6049.9	2735	0
6049.9	3014	0
6049.9	3078	0
6049.9	3097	0
6049.9	3067	0
6050.0	3021	0
6050.0	2893	0
6050.1	3051	0
6050.1	2240	0
6050.1	3093	0
6050.2	1480	0
6050.2	1741	0
6050.2	3283	0
6050.3	2699	0
6050.3	1374	0
6050.4	2343	0
6050.4	3103	0
6050.5	583	0
6050.6	2959	0
6050.6	3128	0
6050.7	3033	0
6050.7	1906	0
6050.7	3023	0
6050.7	3309	0
6050.7	2282	0
6050.8	2677	0
6050.8	1249	0
6050.8	2889	0
6050.9	3169	0
6050.9	1418	0
6050.9	2733	0
6051.0	3046	0
6051.1	2877	0
6051.1	2968	0
6051.2	3036	0
6051.2	3117	0
6051.3	866	0
6051.3	2869	0
6051.3	2711	0
6051.3	2168	0
6051.4	1676	0
6051.5	2956	0
6051.6	3115	0
6051.7	2303	0
6051.7	3000	0
6051.9	1275	0
6052.0	2	0
6052.0	2885	0
6052.1	3124	0
6052.1	3097	0
6052.1	2919	0
6052.2	2965	0
6052.2	2975	0
6052.2	2930	0
6052.2	2492	0
6052.2	2977	0
6052.3	2929	0
6052.3	844	0
6052.4	2869	0
6052.4	1787	0
6052.4	3038	0
6052.5	2935	0
6052.6	1125	0
6052.6	1420	0
6052.7	2794	0
6052.7	2945	0
6052.8	2938	0
6052.8	2923	0
6052.8	2850	0
6052.9	3133	0
6052.9	3379	0
6053.0	1197	0
6053.1	2806	0
6053.2	2789	0
6053.2	2818	0
6053.2	2956	0
6053.2	2800	0
6053.3	2922	0
6053.3	1762	0
6053.3	2637	0
6053.4	2981	0
6053.4	2943	0
6053.4	2994	0
6053.6	2911	0
6053.6	2995	0
6053.6	2994	0
6053.8	2925	0
6053.8	2693	0
6054.0	3029	0
6054.0	2719	0
6054.1	1544	0
6054.1	2502	0
6054.2	3123	0
6054.3	2811	0
6054.3	2939	0
6054.4	2868	0
6054.4	2927	0
6054.5	2943	0
6054.5	2964	0
6054.5	2787	0
6054.6	2980	0
6054.6	3167	0
6054.7	2817	0
6054.7	2750	0
6055.0	2875	0
6055.0	3036	0
6055.0	2900	0
6055.0	2554	0
6055.0	3030	0
6055.1	3076	0
6055.1	2938	0
6055.1	1416	0
6055.1	2687	0
6055.1	2855	0
6055.2	2462	0
6055.2	2899	0
6055.2	2825	0
6055.3	3065	0
6055.3	2919	0
6055.3	2873	0
6055.3	1069	0
6055.4	2989	0
6055.4	2999	0
6055.4	2957	0
6055.5	2989	0
6055.5	2859	0
6055.5	2835	0
6055.5	3028	0
6055.6	2743	0
6055.7	2484	0
6055.8	3133	0
6055.9	3016	0
6055.9	2798	0
6055.9	2929	0
6056.0	2270	0
6056.0	2967	0
6056.0	2874	0
6056.0	3144	0
6056.0	2803	0
6056.1	2869	0
6056.1	3079	0
6056.2	3153	0
6056.2	2995	0
6056.3	3035	0
6056.4	3210	0
6056.4	3286	0
6056.4	2412	0
6056.4	2441	0
6056.4	1830	0
6056.5	632	0
6056.6	1885	0
6056.6	2741	0
6056.6	2869	0
6056.7	2926	0
6056.7	1918	0
6056.7	1813	0
6056.7	3007	0
6056.8	2573	0
6056.8	2780	0
6056.9	2794	0
6056.9	3057	0
6056.9	2997	0
6057.0	3075	0
6057.0	2964	0
6057.0	3091	0
6057.0	2577	0
6057.1	3036	0
6057.1	1076	0
6057.1	2691	0
6057.1	2938	0
6057.1	1995	0
6057.1	2697	0
6057.1	2156	0
6057.2	2924	0
6057.3	3029	0
6057.3	2969	0
6057.4	1315	0
6057.4	2977	0
6057.5	3046	0
6057.6	2097	0
6057.7	1198	0
6057.7	3293	0
6057.7	1493	0
6057.8	2950	0
6057.8	3029	0
6057.9	2844	0
6057.9	3029	0
6057.9	2701	0
6058.0	3105	0
6058.0	3153	0
6058.0	434	0
6058.1	4	0
6058.1	3009	0
6058.1	2950	0
6058.1	2862	0
6058.2	2897	0
6058.2	2620	0
6058.2	2488	0
6058.2	2933	0
6058.2	3003	0
6058.2	2501	0
6058.3	1919	0
6058.3	3035	0
6058.4	2953	0
6058.4	3085	0
6058.4	996	0
6058.4	2151	0
6058.5	2723	0
6058.5	2757	0
6058.5	2978	0
6058.6	3047	0
6058.6	2504	0
6058.8	2991	0
6058.8	3015	0
6058.9	2997	0
6058.9	3061	0
6058.9	3139	0
6058.9	2986	0
6059.0	1513	0
6059.1	3016	0
6059.2	3210	0
6059.2	3050	0
6059.2	3057	0
6059.2	2996	0
6059.3	2130	0
6059.3	2833	0
6059.3	3063	0
6059.4	2875	0
6059.4	2864	0
6059.4	2453	0
6059.5	2586	0
6059.6	3067	0
6059.7	2796	0
6059.8	2869	0
6059.9	3135	0
6060.0	2847	0
6060.1	2627	0
6060.1	2134	0
6060.1	1339	0
6060.2	3068	0
6060.3	3077	0
6060.3	1770	0
6060.3	2954	0
6060.3	2943	0
6060.3	2810	0
6060.4	2751	0
6060.4	2864	0
6060.4	2963	0
6060.4	2825	0
6060.5	2953	0
6060.5	3009	0
6060.6	2958	0
6060.6	2857	0
6060.7	2610	0
6060.8	2733	0
6060.8	2714	0
6060.8	3149	0
6060.8	2598	0
6060.9	3032	0
6060.9	3148	0
6060.9	2965	0
6060.9	2985	0
6061.0	2023	0
6061.0	3171	0
6061.1	2872	0
6061.1	2175	0
6061.2	3054	0
6061.3	2787	0
6061.4	3158	0
6061.5	2986	0
6061.6	2556	0
6061.6	2954	0
6061.7	3152	0
6061.7	2824	0
6061.7	3016	0
6061.8	3175	0
6061.8	3120	0
6061.9	3036	0
6061.9	2994	0
6061.9	3121	0
6062.0	2795	0
6062.0	2941	0
6062.1	2994	0
6062.1	2845	0
6062.1	3131	0
6062.2	2421	0
6062.2	2873	0
6062.2	3001	0
6062.3	2793	0
6062.3	1936	0
6062.4	3125	0
6062.4	2810	0
6062.5	2980	0
6062.6	2959	0
6062.6	2881	0
6062.7	2648	0
6062.7	3191	0
6062.7	2668	0
6062.8	1108	0
6062.8	2868	0
6062.8	2574	0
6062.9	2927	0
6062.9	2847	0
6063.0	2845	0
6063.0	3092	0
6063.1	3066	0
6063.1	3060	0
6063.1	3198	0
6063.2	3021	0
6063.2	1929	0
6063.3	2808	0
6063.3	3081	0
6063.3	1361	0
6063.4	2824	0
6063.5	2853	0
6063.5	2996	0
6063.5	3030	0
6063.5	2893	0
6063.6	2713	0
6063.7	2636	0
6063.8	2685	0
6063.8	3156	0
6063.9	2761	0
6064.0	1041	0
6064.1	2988	0
6064.1	3039	0
6064.2	3064	0
6064.3	2847	0
6064.3	3094	0
6064.3	1497	0
6064.3	2108	0
6064.3	2759	0
6064.3	2907	0
6064.4	2901	0
6064.4	2820	0
6064.4	2712	0
6064.4	2562	0
6064.5	2966	0
6064.5	2989	0
6064.5	2904	0
6064.5	2770	0
6064.6	3101	0
6064.6	2051	0
6064.6	2752	0
6064.8	964	0
6065.0	3034	0
6065.0	2863	0
6065.0	2747	0
6065.0	2797	0
6065.1	2860	0
6065.1	2873	0
6065.1	2751	0
6065.2	3067	0
6065.2	2968	0
6065.2	2822	0
6065.2	2922	0
6065.2	2696	0
6065.3	3114	0
6065.3	2932	0
6065.3	3102	0
6065.3	2953	0
6065.3	2914	0
6065.4	2205	0
6065.4	2992	0
6065.4	2869	0
6065.4	1861	0
6065.4	3103	0
6065.5	2797	0
6065.6	2855	0
6065.6	2819	0
6065.6	2915	0
6065.6	3119	0
6065.7	2048	0
6065.7	3097	0
6065.8	2714	0
6065.9	3004	0
6065.9	2905	0
6065.9	2889	0
6066.0	2966	0
6066.0	2721	0
6066.0	2800	0
6066.0	1810	0
6066.0	2538	0
6066.1	2783	0
6066.1	2725	0
6066.2	2590	0
6066.2	2851	0
6066.3	2999	0
6066.3	2835	0
6066.3	3135	0
6066.3	3041	0
6066.3	2805	0
6066.3	2819	0
6066.4	2842	0
6066.4	3076	0
6066.4	2687	0
6066.6	2799	0
6066.6	1492	0
6066.7	4	0
6066.8	1763	0
6066.9	3161	0
6066.9	2642	0
6067.0	2871	0
6067.1	2901	0
6067.1	3071	0
6067.2	2975	0
6067.2	3039	0
6067.2	701	0
6067.3	2855	0
6067.4	1291	0
6067.4	2927	0
6067.5	2938	0
6067.5	2992	0
6067.5	2690	0
6067.6	2893	0
6067.7	1858	0
6067.7	3052	0
6067.8	3025	0
6067.8	2665	0
6067.9	2885	0
6067.9	2991	0
6067.9	2830	0
6068.0	3220	0
6068.1	3155	0
6068.1	2681	0
6068.1	1457	0
6068.2	2	0
6068.2	2643	0
6068.2	3111	0
6068.3	3010	0
6068.4	2931	0
6068.4	2965	0
6068.4	2823	0
6068.4	3079	0
6068.6	2853	0
6068.6	2820	0
6068.6	2635	0
6068.6	2879	0
6068.7	2696	0
6068.8	2758	0
6068.8	2986	0
6068.8	2924	0
6068.8	3047	0
6068.9	3013	0
6068.9	2929	0
6068.9	2623	0
6068.9	2891	0
6069.0	3099	0
6069.0	2840	0
6069.0	2251	0
6069.0	1566	0
6069.1	2795	0
6069.1	3272	0
6069.2	2956	0
6069.2	3044	0
6069.3	2965	0
6069.4	2701	0
6069.4	2942	0
6069.4	2655	0
6069.4	2507	0
6069.4	2917	0
6069.4	2693	0
6069.6	2924	0
6069.6	3009	0
6069.6	2797	0
6069.7	2811	0
6069.7	1620	0
6069.8	3069	0
6069.8	2458	0
6069.8	3199	0
6069.8	2893	0
6069.9	2477	0
6069.9	2979	0
6070.0	2884	0
6070.0	3267	0
6070.0	1629	0
6070.0	2790	0
6070.1	3212	0
6070.1	2931	0
6070.3	3019	0
6070.3	2589	0
6070.3	2625	0
6070.4	3143	0
6070.4	2299	0
6070.5	2671	0
6070.5	2911	0
6070.6	3085	0
6070.6	2845	0
6070.6	3062	0
6070.6	2743	0
6070.6	2525	0
6070.7	3047	0
6070.8	3052	0
6070.8	1741	0
6070.8	2758	0
6070.8	2995	0
6070.8	2721	0
6070.8	2964	0
6070.8	2827	0
6070.9	3173	0
6070.9	978	0
6071.0	2784	0
6071.0	1258	0
6071.0	2966	0
6071.0	3028	0
6071.0	1171	0
6071.1	3166	0
6071.2	2876	0
6071.2	3074	0
6071.2	3135	0
6071.3	1541	0
6071.3	2989	0
6071.4	3094	0
6071.5	3203	0
6071.5	3042	0
6071.5	2867	0
6071.6	3123	0
6071.6	2967	0
6071.7	2868	0
6071.8	2790	0
6071.8	866	0
6071.8	2898	0
6071.9	2611	0
6071.9	2909	0
6071.9	3119	0
6072.0	2110	0
6072.0	3034	0
6072.1	2719	0
6072.1	3187	0
6072.2	2830	0
6072.2	3149	0
6072.2	3026	0
6072.2	2679	0
6072.3	1547	0
6072.3	2787	0
6072.4	2597	0
6072.5	3127	0
6072.5	3179	0
6072.5	2879	0
6072.6	2594	0
6072.6	2240	0
