4373.9	3222	0
4373.9	3237	0
4374.0	3197	0
4374.0	3154	0
4374.0	3180	0
4374.0	3198	0
4374.0	3394	0
4374.0	2995	0
4374.1	3251	0
4374.1	3127	0
4374.1	3135	0
4374.1	3219	0
4374.1	3201	0
4374.2	3203	0
4374.2	3191	0
4374.2	3016	0
4374.2	3057	0
4374.2	3055	0
4374.2	3191	0
4374.2	3386	0
4374.2	3278	0
4374.2	3195	0
4374.3	3107	0
4374.3	3123	0
4374.3	3199	0
4374.3	3223	0
4374.4	3234	0
4374.4	3114	0
4374.4	3205	0
4374.4	3153	0
4374.4	3207	0
4374.4	3254	0
4374.5	3141	0
4374.5	2076	0
4374.5	3181	0
4374.5	1744	0
4374.5	3222	0
4374.5	696	0
4374.5	3090	0
4374.5	3186	0
4374.5	3273	0
4374.5	3216	0
4374.5	3191	0
4374.5	3111	0
4374.6	3120	0
4374.6	3037	0
4374.6	3061	0
4374.6	3054	0
4374.6	3158	0
4374.6	3271	0
4374.6	3193	0
4374.6	3346	0
4374.6	3073	0
4374.6	3181	0
4374.6	3255	0
4374.7	3245	0
4374.7	3213	0
4374.7	3171	0
4374.7	3150	0
4374.7	3137	0
4374.8	3131	0
4374.8	3192	0
4374.8	3186	0
4374.9	3179	0
4374.9	3150	0
4374.9	2283	0
4375.0	3145	0
4375.0	3289	0
4375.0	3171	0
4375.1	3074	0
4375.1	3183	0
4375.1	3254	0
4375.1	3067	0
4375.1	3091	0
4375.1	3151	0
4375.2	3134	0
4375.2	3196	0
4375.2	3187	0
4375.2	3225	0
4375.2	3266	0
4375.3	3210	0
4375.3	3113	0
4375.3	3308	0
4375.3	3042	0
4375.3	3240	0
4375.4	3230	0
4375.4	3179	0
4375.4	2929	0
4375.4	3218	0
4375.5	3201	0
4375.5	3151	0
4375.5	3241	0
4375.6	3289	0
4375.6	3142	0
4375.6	3188	0
4375.7	3190	0
4375.8	3173	0
4375.8	3259	0
4375.8	3087	0
4375.8	3112	2
4375.8	2760	0
4375.8	3141	0
4375.8	3258	0
4375.8	3261	0
4375.8	3109	0
4375.8	3163	0
4375.8	3181	0
4375.8	3051	0
4375.8	3034	0
4375.8	3253	0
4375.9	3103	0
4375.9	3052	0
4375.9	2982	0
4376.0	3355	0
4376.0	3299	0
4376.0	3127	0
4376.1	3243	0
4376.1	3162	0
4376.1	3239	0
4376.2	2267	0
4376.2	3334	0
4376.2	3131	0
4376.2	3066	0
4376.2	3167	0
4376.2	3221	0
4376.2	3169	0
4376.2	2048	0
4376.3	3033	0
4376.3	3221	0
4376.3	3231	0
4376.3	3257	0
4376.4	3197	0
4376.4	3116	0
4376.4	1756	0
4376.5	3304	0
4376.5	3266	0
4376.5	3161	0
4376.5	2707	0
4376.5	3201	0
4376.5	3098	0
4376.6	548	0
4376.6	3118	0
4376.6	3155	0
4376.6	3203	0
4376.7	3293	0
4376.8	3259	0
4376.8	2984	0
4376.8	3247	0
4376.9	3222	0
4376.9	3353	0
4377.0	3165	0
4377.0	3207	0
4377.0	3124	0
4377.0	3205	0
4377.0	3128	0
4377.0	3196	0
4377.0	3258	0
4377.0	3094	0
4377.2	3131	0
4377.2	3135	0
4377.2	3182	0
4377.2	2780	0
4377.2	3051	0
4377.3	3086	0
4377.3	3246	0
4377.4	3250	0
4377.4	2962	0
4377.5	3122	0
4377.5	3222	0
4377.5	3190	0
4377.5	3263	0
4377.5	3117	0
4377.6	3161	0
4377.6	3268	0
4377.6	3133	0
4377.6	3277	0
4377.7	3203	0
4377.7	3399	0
4377.7	2446	0
4377.8	3177	0
4377.8	3205	0
4377.8	2533	0
4377.8	3320	0
4377.9	3199	0
4377.9	3082	0
4377.9	3291	0
4378.0	3073	0
4378.0	3097	0
4378.1	3147	0
4378.1	1182	0
4378.1	3206	0
4378.1	3263	0
4378.2	3070	0
4378.2	3195	0
4378.2	3099	0
4378.2	3263	0
4378.3	3223	0
4378.3	3289	0
4378.3	3103	0
4378.3	3273	0
4378.4	3188	0
4378.4	3159	0
4378.4	3326	0
4378.4	3314	0
4378.4	3299	0
4378.4	3233	0
4378.4	3071	0
4378.5	3137	0
4378.5	3221	0
4378.5	3185	0
4378.5	3279	0
4378.5	3210	0
4378.6	3119	0
4378.6	3246	0
4378.7	3252	0
4378.7	3135	0
4378.7	3043	0
4378.8	3201	0
4378.8	3174	0
4378.8	2961	0
4378.8	3038	0
4378.9	3258	0
4378.9	3287	0
4378.9	3252	0
4378.9	3023	0
4378.9	3126	0
4379.0	3239	0
4379.0	3221	0
4379.0	3054	0
4379.1	2918	0
4379.1	3107	0
4379.2	3144	0
4379.2	1909	0
4379.3	3225	0
4379.3	3039	0
4379.3	3255	0
4379.3	3142	0
4379.3	3114	0
4379.4	3071	0
4379.4	3126	0
4379.4	3221	0
4379.4	3268	0
4379.5	3151	0
4379.5	3137	0
4379.5	3057	0
4379.5	3230	0
4379.6	3427	0
4379.6	3171	0
4379.6	3150	0
4379.6	3263	0
4379.7	3261	0
4379.7	3058	0
4379.7	3261	0
4379.8	1124	0
4379.8	3149	0
4379.8	2567	0
4379.8	3239	0
4379.9	3121	0
4379.9	3117	0
4379.9	3284	0
4379.9	3351	0
4380.0	3219	0
4380.0	3133	0
4380.0	3295	0
4380.1	3047	0
4380.1	3179	0
4380.1	3151	0
4380.2	3184	0
4380.2	3165	0
4380.3	2995	0
4380.3	3039	0
4380.3	3260	0
4380.4	3182	0
4380.4	3189	0
4380.4	3162	0
4380.4	3199	0
4380.4	3249	0
4380.4	3165	0
4380.4	3207	0
4380.5	3291	0
4380.5	2774	0
4380.5	3257	0
4380.5	2863	0
4380.5	3223	0
4380.6	3190	0
4380.6	3238	0
4380.6	3079	0
4380.6	3163	0
4380.7	3192	0
4380.7	3223	0
4380.7	2994	0
4380.7	3182	0
4380.8	3080	0
4380.8	1192	0
4380.8	3220	0
4380.8	3154	0
4380.8	3184	0
4380.8	3149	0
4380.9	3293	0
4380.9	3107	0
4380.9	3150	0
4380.9	3024	0
4381.0	3010	0
4381.0	3209	0
4381.0	2964	0
4381.0	3199	0
4381.0	3067	0
4381.0	3216	0
4381.1	3322	0
4381.1	3250	0
4381.1	3147	0
4381.1	3211	0
4381.1	3259	0
4381.1	3035	0
4381.1	3084	0
4381.1	3102	0
4381.1	3130	0
4381.2	3152	0
4381.2	3236	0
4381.2	3183	0
4381.3	3134	0
4381.3	3128	0
4381.3	1643	0
4381.3	4	0
4381.3	2957	0
4381.3	3151	0
4381.3	3202	0
4381.3	3196	0
4381.4	3215	0
4381.4	1581	0
4381.4	4	0
4381.5	2867	0
4381.5	3175	0
4381.6	3225	0
4381.6	3252	0
4381.6	3167	0
4381.7	3194	0
4381.7	3157	0
4381.7	3211	0
4381.7	3179	0
4381.7	3135	0
4381.7	3058	0
4381.8	3011	0
4381.8	3155	0
4381.9	3071	0
4381.9	3138	0
4382.0	3107	0
4382.0	3119	0
4382.0	3234	0
4382.1	3163	0
4382.1	3215	0
4382.1	3223	0
4382.1	3080	0
4382.1	1616	0
4382.2	1	0
4382.2	3093	0
4382.2	3128	0
4382.2	3103	0
4382.2	3397	0
4382.2	3279	0
4382.3	3268	0
4382.3	3177	0
4382.3	3158	0
4382.3	3385	0
4382.3	3119	0
4382.3	3274	0
4382.4	3206	0
4382.4	3154	0
4382.4	3229	0
4382.4	2957	0
4382.5	3323	0
4382.5	3327	0
4382.5	3249	0
4382.5	3049	0
4382.5	3174	0
4382.6	3278	0
4382.6	3233	0
4382.7	3251	0
4382.8	3086	0
4382.8	3095	0
4382.8	3210	0
4382.8	2922	0
4382.8	3201	0
4382.9	1659	0
4382.9	2209	0
4382.9	3129	0
4383.0	3198	0
4383.0	3193	0
4383.0	3203	0
4383.0	3342	0
4383.1	3053	0
4383.1	3176	0
4383.1	3078	0
4383.1	3037	0
4383.1	3275	0
4383.2	3018	0
4383.3	2963	0
4383.3	3135	0
4383.4	3215	0
4383.4	2462	0
4383.4	3105	0
4383.4	3097	0
4383.4	3262	0
4383.4	3287	0
4383.5	3167	0
4383.5	3139	0
4383.5	3306	0
4383.5	3135	0
4383.5	3287	0
4383.5	3206	0
4383.5	3223	0
4383.6	3091	0
4383.6	3018	0
4383.6	3257	0
4383.6	3261	0
4383.6	3225	0
4383.6	3185	0
4383.7	3160	0
4383.7	2991	0
4383.7	3061	0
4383.8	3121	0
4383.8	3177	0
4383.8	3293	0
4383.9	3213	0
4383.9	3162	0
4383.9	3301	0
4383.9	3246	0
4383.9	3099	0
4383.9	3337	0
4383.9	3255	0
4383.9	3159	0
4383.9	3284	0
4384.0	3019	0
4384.0	806	0
4384.0	3085	0
4384.0	3252	0
4384.0	3116	0
4384.1	3041	0
4384.1	3319	0
4384.1	3039	0
4384.1	1694	0
4384.2	3246	0
4384.2	3203	0
4384.3	3017	0
4384.3	3137	0
4384.3	3180	0
4384.3	3199	0
4384.3	852	0
4384.4	3193	0
4384.4	3219	0
4384.4	3042	0
4384.4	3159	0
4384.4	3294	0
4384.5	3256	0
4384.5	3215	0
4384.5	3099	0
4384.5	2965	0
4384.5	3303	0
4384.5	3306	0
4384.5	3171	0
4384.6	3145	0
4384.6	3207	0
4384.6	3186	0
4384.6	2986	0
4384.7	3143	0
4384.7	3263	0
4384.7	2773	0
4384.7	3062	0
4384.7	3097	0
4384.8	3251	0
4384.8	3255	0
4384.8	3131	0
4384.9	3284	0
4384.9	3109	0
4384.9	3253	0
4384.9	3102	0
4384.9	3066	0
4384.9	3041	0
4385.0	3090	0
4385.0	3211	0
4385.0	3243	0
4385.0	3247	0
4385.0	3184	0
4385.1	3233	0
4385.1	3179	0
4385.1	3232	0
4385.2	3199	0
4385.2	3315	0
4385.2	3217	0
4385.2	2862	0
4385.2	3063	0
4385.2	3217	0
4385.2	3257	0
4385.2	3144	0
4385.3	3234	0
4385.3	3109	0
4385.3	3021	0
4385.3	3168	0
4385.3	3087	0
4385.3	3162	0
4385.4	3175	0
4385.4	3135	0
4385.5	3162	0
4385.5	3339	0
4385.6	664	0
4385.6	3119	0
4385.7	3229	0
4385.7	3190	0
4385.7	3146	0
4385.7	3225	0
4385.7	3201	0
4385.7	3087	0
4385.7	3300	0
4385.7	3065	0
4385.7	3187	0
4385.7	3215	0
4385.8	3192	0
4385.8	3158	0
4385.8	774	0
4385.9	3231	0
4385.9	3281	0
4385.9	3115	0
4385.9	3053	0
4386.0	3160	0
4386.0	3226	0
4386.1	3083	0
4386.1	3190	0
4386.1	3101	0
4386.1	3147	0
4386.2	3101	0
4386.2	3215	0
4386.2	3127	0
4386.3	3159	0
4386.3	3165	0
4386.3	3287	0
4386.3	3133	0
4386.3	3145	0
4386.4	3217	0
4386.4	3199	0
4386.4	3306	0
4386.4	3188	0
4386.5	3130	0
4386.5	3115	0
4386.5	3107	0
4386.5	3001	0
4386.6	3154	0
4386.6	3265	0
4386.6	3394	0
4386.6	3182	0
4386.6	3276	0
4386.6	651	0
4386.6	3124	0
4386.7	3223	0
4386.7	3075	0
4386.7	3152	0
4386.7	3118	0
4386.8	3151	0
4386.8	3237	0
4386.8	2995	0
4386.8	3169	0
4386.8	3117	0
4386.8	3203	0
4386.8	3079	0
4386.9	3105	0
4386.9	3028	0
4387.0	3231	0
4387.0	3065	0
4387.0	3071	0
4387.1	3199	0
4387.1	3097	0
4387.1	3255	0
4387.1	3197	0
4387.1	3247	0
4387.1	3267	0
4387.2	3158	0
4387.2	3147	0
4387.2	3225	0
4387.2	3262	0
4387.3	3112	0
4387.3	3183	0
4387.3	3330	0
4387.3	3247	0
4387.3	2855	0
4387.4	3186	0
4387.4	3151	0
4387.4	3343	0
4387.5	3127	0
4387.5	3333	0
4387.5	3085	0
4387.5	3185	0
4387.6	2595	0
4387.6	3127	0
4387.6	3187	0
4387.6	3219	0
4387.7	3111	0
4387.7	3130	0
4387.7	3366	0
4387.7	3115	0
4387.7	2740	0
4387.7	3150	0
4387.8	3125	0
4387.8	2921	0
4387.8	3167	0
4387.9	3178	0
4387.9	3210	0
4387.9	3210	0
4387.9	3245	0
4387.9	3187	0
4387.9	3115	0
4387.9	2902	0
4387.9	3198	0
4388.0	3179	0
4388.0	3105	0
4388.0	3263	0
4388.0	3113	0
4388.0	3250	0
4388.0	3196	0
4388.1	3149	0
4388.2	3119	0
4388.2	3199	0
4388.2	3255	0
4388.2	3195	0
4388.3	3148	0
4388.3	3262	0
4388.3	3239	0
4388.3	3079	0
4388.3	3066	0
4388.3	3222	0
4388.3	1912	0
4388.4	3277	0
4388.4	3215	0
4388.4	3261	0
4388.4	3243	0
4388.5	3148	0
4388.5	3241	0
4388.5	3257	0
4388.5	3278	0
4388.5	2924	0
4388.5	3130	0
4388.5	3206	0
4388.5	3224	0
4388.6	3215	0
4388.6	3144	0
4388.6	3138	0
4388.6	3180	0
4388.6	3233	0
4388.7	3255	0
4388.7	3128	0
4388.7	3155	0
4388.7	3110	0
4388.8	3271	0
4388.8	3217	0
4388.8	3240	0
4388.8	3075	0
4388.9	3051	0
4388.9	3078	0
4388.9	3195	0
4389.0	3131	0
4389.0	3187	0
4389.0	3286	0
4389.0	3167	0
4389.1	3020	0
4389.1	3201	0
4389.1	3080	0
4389.2	3335	0
4389.2	3242	0
4389.3	3270	0
4389.3	3219	0
4389.4	3137	0
4389.5	3292	0
4389.5	3198	0
4389.5	3188	0
4389.5	3187	0
4389.5	3298	0
4389.5	3113	0
4389.5	3186	0
4389.6	3187	0
4389.6	3244	0
4389.6	3193	0
4389.6	3104	0
4389.6	3050	0
4389.7	3084	0
4389.7	3155	0
4389.8	3309	0
4389.9	3185	0
4389.9	3169	0
4389.9	3049	0
4389.9	3084	0
4390.0	3120	0
4390.0	3197	0
4390.0	3199	0
4390.0	3159	0
4390.0	756	0
4390.1	3103	0
4390.1	3181	0
4390.1	3173	0
4390.1	3315	0
4390.1	1209	0
4390.1	3159	0
4390.2	3307	0
4390.2	3077	0
4390.2	3259	0
4390.2	3157	0
4390.3	3199	0
4390.3	2805	0
4390.3	3194	0
4390.4	3206	0
4390.4	3343	0
4390.4	3305	0
4390.4	3197	0
4390.4	2947	0
4390.5	3064	0
4390.5	3197	0
4390.5	3101	0
4390.5	3138	0
4390.5	3287	0
4390.5	2965	0
4390.6	2999	0
4390.6	3068	0
4390.6	3301	0
4390.6	2959	0
4390.6	3108	0
4390.6	3015	0
4390.6	3239	0
4390.6	3097	0
4390.6	3197	0
4390.8	3105	0
4390.8	3210	0
4390.8	3154	0
4390.9	3123	0
4390.9	3226	0
4390.9	2967	0
4390.9	3092	0
4390.9	3171	0
4391.0	1972	0
4391.0	3208	0
4391.0	3236	0
4391.0	3157	0
4391.0	3266	0
4391.1	3219	0
4391.1	3167	0
4391.1	3157	0
4391.1	3095	0
4391.1	2984	0
4391.2	3166	0
4391.3	3242	0
4391.3	3062	0
4391.3	3290	0
4391.3	3162	0
4391.3	3164	0
4391.4	3357	0
4391.4	3255	0
4391.4	3203	0
4391.5	3199	0
4391.5	3130	0
4391.6	2731	0
4391.6	3179	0
4391.6	3091	0
4391.6	3193	0
4391.6	3026	0
4391.6	3245	0
4391.7	2953	0
4391.7	3151	0
4391.7	2545	0
4391.7	3185	0
4391.7	3170	0
4391.8	3317	0
4391.8	3057	0
4391.8	3277	0
4391.8	3197	0
4391.8	3185	0
4391.8	3263	0
4391.8	3278	0
4391.9	3141	0
4391.9	3298	0
4392.0	3178	0
4392.0	1350	0
4392.0	3153	0
4392.0	3081	0
4392.1	3235	0
4392.1	3100	0
4392.1	3218	0
4392.1	3271	0
4392.2	3259	0
4392.2	3125	0
4392.2	3127	0
4392.2	3138	0
4392.2	3329	0
4392.3	3118	0
4392.3	3071	0
4392.3	3212	0
4392.4	3139	0
4392.4	3153	0
4392.4	3183	0
4392.4	3213	0
4392.4	3181	0
4392.4	3191	0
4392.4	3035	0
4392.4	3121	0
4392.4	3218	0
4392.4	3345	0
4392.5	3084	0
4392.5	3161	0
4392.5	3244	0
4392.5	3199	0
4392.5	3089	0
4392.5	3087	0
4392.6	3271	0
4392.6	3145	0
4392.6	3337	0
4392.6	3183	0
4392.6	3201	0
4392.7	3225	0
4392.7	3042	0
4392.8	3062	0
4392.8	1006	0
4392.8	3199	0
4392.9	3417	0
4392.9	1237	0
4393.0	3119	0
4393.0	3161	0
4393.0	3157	0
4393.0	3115	0
4393.0	3142	0
4393.0	3201	0
4393.1	3279	0
4393.1	892	0
4393.1	3275	0
4393.1	3211	0
4393.2	3141	0
4393.2	3085	0
4393.2	3159	0
4393.2	3051	0
4393.2	3155	0
4393.2	3407	0
4393.3	3222	0
4393.3	3271	0
4393.3	3295	0
4393.4	3055	0
4393.4	3091	0
4393.4	2995	0
4393.4	3153	0
4393.5	3155	0
4393.5	3175	0
4393.5	3255	0
4393.5	3195	0
4393.6	3211	0
4393.6	3104	0
4393.7	3107	0
4393.7	3036	0
4393.7	3085	0
4393.8	3117	0
4393.8	3066	0
4393.8	3228	0
4393.8	3197	0
4393.8	3079	0
4393.8	3235	0
4393.8	3217	0
4393.8	3119	0
4393.9	3207	2
4393.9	3261	0
4393.9	3245	0
4394.0	3089	0
4394.0	3323	0
4394.0	3257	0
4394.0	1211	0
4394.1	2984	0
4394.1	3268	0
4394.1	2791	0
4394.1	3235	0
4394.1	3159	0
4394.1	3159	0
4394.1	3141	0
4394.2	3065	0
4394.3	3260	0
4394.3	3316	0
4394.3	3145	0
4394.3	3124	0
4394.3	3297	0
4394.3	3141	0
4394.4	3391	0
4394.4	3042	0
4394.4	3174	0
4394.4	3224	0
4394.4	3206	0
4394.4	3137	0
4394.5	2909	0
4394.5	3213	0
4394.5	3084	0
4394.5	3124	0
4394.5	3202	0
4394.5	3203	0
4394.6	3158	0
4394.6	3225	0
4394.6	3273	0
4394.7	3040	0
4394.7	3121	0
4394.7	3055	0
4394.7	3097	0
4394.7	3227	0
4394.8	3111	0
4394.8	3241	0
4394.8	3124	0
4394.8	3095	0
4394.9	3101	0
4394.9	3234	0
4394.9	3295	0
4395.0	3206	0
4395.0	3183	0
4395.0	3243	0
4395.0	3162	0
4395.0	3377	0
4395.0	3327	0
4395.0	1521	0
4395.1	3182	0
4395.1	2777	0
4395.1	3258	0
4395.1	3087	0
4395.2	3153	0
4395.2	1852	0
4395.3	3164	0
4395.3	1981	0
4395.3	3261	0
4395.3	3019	0
4395.3	2965	0
4395.4	3193	0
4395.4	3230	0
4395.4	3149	0
4395.5	3202	0
4395.5	3221	0
4395.6	3257	0
4395.7	3230	0
4395.7	3238	0
4395.7	2987	0
4395.7	3267	0
4395.7	3133	0
4395.8	3117	0
4395.8	2932	0
4395.8	3007	0
4395.8	3343	0
4395.8	3183	0
4395.9	3270	0
4395.9	2239	0
4395.9	3150	0
4395.9	3214	0
4395.9	3137	0
4396.0	3094	0
4396.0	3100	0
4396.0	3245	0
4396.0	3275	0
4396.0	3083	0
4396.0	3063	0
4396.0	3205	0
4396.1	2913	0
4396.1	3160	0
4396.1	3237	0
4396.1	3269	0
4396.1	3241	0
4396.1	3041	0
4396.1	3083	0
4396.2	1235	0
4396.2	3215	0
4396.2	3201	0
4396.3	3117	0
4396.3	3135	0
4396.3	3126	0
4396.3	3093	0
4396.4	3124	0
4396.4	3199	0
4396.4	3197	0
4396.4	3219	0
4396.4	3193	0
4396.5	3245	0
4396.5	3271	0
4396.5	3131	0
4396.6	3228	0
4396.6	3165	0
4396.7	3299	0
4396.7	3239	0
4396.7	3182	0
4396.7	3263	0
4396.7	3222	0
4396.8	3216	0
4396.8	3223	0
4396.8	3206	0
4396.9	3236	0
4396.9	3185	0
4396.9	3231	0
4396.9	3138	0
4396.9	3267	0
4397.0	3144	0
4397.0	3051	0
4397.0	3212	0
4397.1	3151	0
4397.1	1062	0
4397.1	3110	0
4397.1	3199	0
4397.1	930	0
4397.2	3216	0
4397.2	3214	0
4397.2	3113	0
4397.2	3267	0
4397.3	3151	0
4397.3	3331	0
4397.3	3003	0
4397.3	3162	0
4397.4	3199	0
4397.4	3173	0
4397.4	3306	0
4397.4	3015	0
4397.4	3395	0
4397.4	3183	0
4397.5	3246	0
4397.5	3091	0
4397.5	3193	0
4397.5	3203	0
4397.6	3030	0
4397.6	3199	0
4397.6	3222	0
4397.6	3165	0
4397.6	3226	0
4397.6	672	0
4397.7	3282	0
4397.8	3195	0
4397.8	3223	0
4397.8	3178	0
4397.8	2919	0
4397.8	3101	0
4397.8	978	0
4397.8	3179	0
4397.9	3157	0
4397.9	3125	0
4397.9	3142	0
4397.9	2668	0
4398.0	3028	0
4398.0	3315	0
4398.1	3253	0
4398.1	3181	0
4398.2	3287	0
4398.2	1637	0
4398.3	3191	0
4398.3	3091	0
4398.3	3202	0
4398.3	3252	0
4398.3	3326	0
4398.3	3217	0
4398.3	3180	0
4398.3	2887	0
4398.3	3211	0
4398.3	3138	0
4398.3	3219	0
4398.3	3274	0
4398.4	3293	0
4398.4	3231	0
4398.4	3043	0
4398.4	3272	0
4398.5	1934	0
4398.5	2998	0
4398.6	3219	0
4398.7	2986	0
4398.7	3187	0
4398.7	3277	0
4398.7	3233	0
4398.7	3031	0
4398.7	3183	0
4398.7	3205	0
4398.7	3233	0
4398.8	3265	0
4398.8	3308	0
4398.8	3156	0
4398.8	3087	0
4398.8	3187	0
4398.8	3135	0
4398.8	3210	0
4398.9	3003	0
4398.9	3265	0
4398.9	3071	0
4398.9	3069	0
4398.9	3199	0
4398.9	3055	0
4398.9	3115	0
4398.9	3229	0
4399.0	784	0
4399.0	3238	0
4399.0	3271	0
4399.0	3211	0
4399.1	3183	0
4399.1	3239	0
4399.1	3005	0
4399.1	3183	0
4399.2	3127	0
4399.2	3047	0
4399.2	3289	0
4399.2	3107	0
4399.2	3208	0
4399.2	3249	0
4399.2	3121	0
4399.2	429	0
4399.3	3099	0
4399.4	3135	0
4399.4	3251	0
4399.4	2938	0
4399.4	3175	0
4399.5	3237	0
4399.6	3195	0
4399.6	2977	0
4399.6	3195	0
4399.7	2958	0
4399.7	3188	0
4399.8	3223	0
4399.9	3167	0
4399.9	3085	0
4399.9	3051	0
4399.9	3199	0
4400.0	3237	0
4400.1	3330	0
4400.1	3277	0
4400.1	3185	0
4400.1	3279	0
4400.1	3206	0
4400.2	3251	0
4400.2	3249	0
4400.2	3045	0
4400.2	3107	0
4400.2	3191	0
4400.2	3205	0
4400.3	2275	0
4400.3	3167	0
4400.3	3056	0
4400.4	3129	0
4400.5	1298	0
4400.5	2130	0
4400.5	2992	0
4400.6	3271	0
4400.6	3215	0
4400.6	3229	0
4400.6	3273	0
4400.6	3288	0
4400.6	3032	0
4400.6	3247	0
4400.7	3239	0
4400.7	3047	0
4400.7	3359	0
4400.7	3245	0
4400.8	3189	0
4400.8	3301	0
4400.8	3266	0
4400.8	3092	0
4400.8	3182	0
4400.9	3089	0
4400.9	3202	0
4400.9	3007	0
4400.9	3198	0
4400.9	3189	0
4401.0	3162	0
4401.0	1511	0
4401.0	3227	0
4401.0	3298	0
4401.1	3159	0
4401.2	3193	0
4401.2	3170	0
4401.2	3191	0
4401.2	1640	0
4401.2	3186	0
4401.3	3026	0
4401.3	3263	0
4401.3	2873	0
4401.3	3058	0
4401.3	3269	0
4401.3	3053	0
4401.4	3231	0
4401.4	1248	0
4401.4	2777	0
4401.4	3166	0
4401.4	3125	0
4401.4	3267	0
4401.4	3289	0
4401.4	3247	0
4401.5	3144	0
4401.5	2980	0
4401.5	3079	0
4401.5	3139	0
4401.6	3093	0
4401.6	3173	0
4401.6	3261	0
4401.6	3321	0
4401.6	3265	0
4401.6	3190	0
4401.7	3094	0
4401.7	3218	0
4401.7	3054	0
4401.7	3143	0
4401.7	2609	0
4401.7	3131	0
4401.8	3011	0
4401.8	3211	0
4401.8	3253	0
4401.8	3150	0
4401.8	2831	0
4401.8	2946	0
4401.9	3172	0
4401.9	3260	0
4401.9	3112	0
4401.9	3229	0
4401.9	1420	0
4401.9	3210	0
4401.9	3111	0
4401.9	3234	0
4402.0	3195	0
4402.0	3233	0
4402.0	3165	0
4402.0	3117	0
4402.1	3124	0
4402.1	3159	0
4402.1	3111	0
4402.1	3117	0
4402.1	3215	0
4402.2	3223	0
4402.2	3188	0
4402.2	1361	0
4402.2	3145	0
4402.2	3031	0
4402.2	3277	0
4402.2	3151	0
4402.2	3129	0
4402.3	3169	0
4402.3	3260	0
4402.4	3183	0
4402.4	3099	0
4402.4	3153	0
4402.4	2091	0
4402.4	3195	0
4402.5	3243	0
4402.5	3189	0
4402.5	3199	0
4402.5	3226	0
4402.5	1398	0
4402.5	3235	0
4402.5	3289	0
4402.6	3241	0
4402.6	3223	0
4402.6	3098	0
4402.6	3100	0
4402.6	3133	0
4402.7	3183	0
4402.7	3105	0
4402.8	3277	0
4402.8	3145	0
4402.8	3275	0
4402.8	3319	0
4402.9	3213	0
4402.9	3261	0
4402.9	3117	0
4403.0	3319	0
4403.0	3201	0
4403.0	3121	0
4403.0	3141	0
4403.0	3283	0
4403.0	3139	0
4403.1	3199	0
4403.1	3233	0
4403.1	3189	0
4403.2	3293	0
4403.2	3231	0
4403.2	3053	0
4403.2	3353	0
4403.2	3102	0
4403.3	3181	0
4403.3	3164	0
4403.3	3115	0
4403.3	3036	0
4403.3	3197	0
4403.3	2399	0
4403.4	3178	0
4403.4	3171	0
4403.5	2856	0
4403.5	3273	0
4403.5	3148	0
4403.5	3203	0
4403.6	3256	0
4403.6	3214	0
4403.7	3327	0
4403.7	3154	0
4403.7	3307	0
4403.7	3194	0
4403.7	3067	0
4403.7	3181	0
4403.7	3064	0
4403.7	3057	0
4403.7	3069	0
4403.8	3091	0
4403.8	3268	0
4403.8	3353	0
4403.8	3211	0
4403.8	3231	0
4403.8	3345	0
4403.8	3221	0
4403.8	3179	0
4403.9	3259	0
4403.9	3218	0
4403.9	3121	0
4403.9	3022	0
4403.9	3197	0
4403.9	3085	0
4403.9	2897	0
4404.0	3193	0
4404.0	3309	0
4404.0	3089	0
4404.1	3235	0
4404.1	3153	0
4404.1	3227	0
4404.2	3256	0
4404.2	3255	0
4404.2	3038	0
4404.2	3179	0
4404.3	3287	0
4404.3	3223	0
4404.3	3082	0
4404.3	3271	0
4404.3	3219	0
4404.3	3185	0
4404.4	3194	0
4404.4	3229	0
4404.4	3172	0
4404.4	3194	0
4404.5	1639	0
4404.5	3256	0
4404.6	3302	0
4404.6	3254	0
4404.6	3455	0
4404.7	3198	0
4404.7	3150	0
4404.7	3295	0
4404.7	3068	0
4404.7	3189	0
4404.7	3004	0
4404.7	3198	0
4404.8	3253	0
4404.8	3155	0
4404.8	3025	0
4404.8	2969	0
4404.9	2256	0
4404.9	2711	0
4404.9	3043	0
4404.9	3090	0
4404.9	3095	0
4404.9	3326	0
4404.9	3086	0
4404.9	1873	0
4405.0	3317	0
4405.0	3157	0
4405.0	3231	0
4405.1	3257	0
4405.1	3179	0
4405.1	3207	0
4405.2	2350	0
4405.2	3291	0
4405.2	3274	0
4405.2	3151	0
4405.4	3193	0
4405.4	3287	0
4405.5	3032	0
4405.6	3105	0
4405.6	2981	0
4405.6	3235	0
4405.7	672	0
4405.7	3179	0
4405.7	3238	0
4405.7	3050	0
4405.7	3163	0
4405.7	3237	0
4405.8	3047	0
4405.9	3017	0
4405.9	3103	0
4405.9	3238	0
4406.0	3284	0
4406.0	3247	0
4406.0	3234	0
4406.0	3118	0
4406.0	3189	0
4406.1	3143	0
4406.1	1649	0
4406.1	3259	0
4406.1	2989	0
4406.1	3166	0
4406.1	3289	0
4406.1	3043	0
4406.2	3130	0
4406.2	3145	0
4406.2	3239	0
4406.2	3067	0
4406.2	3085	0
4406.3	3237	0
4406.4	2907	0
4406.4	3184	0
4406.5	3215	0
4406.5	3211	0
4406.5	3137	0
4406.5	3086	0
4406.5	3109	0
4406.6	3289	0
4406.6	3094	0
4406.8	3205	0
4406.8	3159	0
4406.8	3212	0
4406.9	3219	0
4406.9	3198	0
4406.9	3139	0
4406.9	3253	0
4407.0	3171	0
4407.0	3331	0
4407.0	3141	0
4407.0	3153	0
4407.1	3284	0
4407.1	3270	0
4407.1	3068	0
4407.1	3211	0
4407.1	3243	0
4407.1	3153	0
4407.2	3225	0
4407.2	3295	0
4407.2	3337	0
4407.2	3083	0
4407.2	3115	0
4407.3	3305	0
4407.3	3069	0
4407.3	3325	0
4407.3	3119	0
4407.3	3175	0
4407.3	3162	0
4407.3	3135	0
4407.3	3199	0
4407.4	3074	0
4407.4	3233	0
4407.4	3318	0
4407.5	3254	0
4407.6	2921	0
4407.6	3153	0
4407.7	3123	0
4407.8	3365	0
4407.8	3165	0
4407.9	3174	0
4407.9	3010	0
4407.9	3108	0
4408.0	3314	0
4408.0	3157	0
4408.1	3279	0
4408.1	3199	0
4408.1	3362	0
4408.2	3209	0
4408.2	3222	0
4408.2	3107	0
4408.2	3179	0
4408.2	3103	0
4408.2	3228	0
4408.3	2942	0
4408.3	3161	0
4408.3	3279	0
4408.3	3247	0
4408.4	3116	0
4408.4	3210	0
4408.4	3385	0
4408.4	3169	0
4408.4	3180	0
4408.5	3251	0
4408.5	3035	0
4408.5	3010	0
4408.5	3205	0
4408.6	3206	0
4408.6	3147	0
4408.6	2697	0
4408.7	3131	0
4408.7	3324	0
4408.7	3261	0
4408.7	3209	0
4408.7	3307	0
4408.7	3117	0
4408.7	3083	0
4408.7	3291	0
4408.7	3108	0
4408.8	3132	0
4408.8	3243	0
4408.8	3167	0
4408.8	3101	0
4408.9	3235	0
4408.9	3227	0
4408.9	3117	0
4408.9	3148	0
4409.0	3299	0
4409.0	3098	0
4409.0	3139	0
4409.0	3099	0
4409.1	3276	0
4409.1	3287	0
4409.1	3163	0
4409.1	2733	0
4409.2	3140	0
4409.2	3082	0
4409.2	2988	0
4409.2	3241	0
4409.2	3237	0
4409.2	3177	0
4409.3	3188	0
4409.3	3253	0
4409.3	3295	0
4409.3	3240	0
4409.3	3235	0
4409.3	3127	0
4409.3	2963	0
4409.3	3101	0
4409.3	3190	0
4409.3	3069	0
4409.4	3259	0
4409.4	3163	0
4409.4	3071	0
4409.4	3293	0
4409.5	3123	0
4409.5	3085	0
4409.6	3150	0
4409.6	3119	0
4409.6	3233	0
4409.6	3237	0
4409.6	3071	0
4409.6	3272	0
4409.6	3121	0
4409.6	3129	0
4409.6	3175	0
4409.7	3111	0
4409.7	3300	0
4409.7	3232	0
4409.7	3151	0
4409.8	3211	0
4409.8	3259	0
4409.8	3059	0
4409.8	3218	0
4409.9	3113	0
4409.9	3041	0
4409.9	3186	0
4410.0	3124	0
4410.0	2922	0
4410.1	3351	0
4410.1	3295	0
4410.1	3071	0
4410.1	3166	0
4410.2	2886	0
4410.2	3146	0
4410.3	3054	0
4410.3	3025	0
4410.3	3117	0
4410.3	2720	0
4410.4	3167	0
4410.4	3161	0
4410.4	3173	0
4410.4	3267	0
4410.5	3274	0
4410.6	3295	0
4410.6	3244	0
4410.6	3101	0
4410.6	3138	0
4410.6	3150	0
4410.6	994	0
4410.6	3137	0
4410.7	3279	0
4410.7	3095	0
4410.7	3231	0
4410.7	3201	0
4410.7	3120	0
4410.8	3188	0
4410.8	3270	0
4410.8	3130	0
4410.9	1606	0
4410.9	3167	0
4410.9	3129	0
4410.9	3139	0
4410.9	3249	0
4411.0	3123	0
4411.0	3199	0
4411.1	3197	0
4411.1	3174	0
4411.1	3223	0
4411.1	3343	0
4411.1	3115	0
4411.2	3160	0
4411.2	3135	0
4411.2	3102	0
4411.2	3437	0
4411.2	3129	0
4411.2	3079	0
4411.3	3095	0
4411.3	2985	0
4411.3	3253	0
4411.3	3103	0
4411.3	3273	0
4411.4	3143	0
4411.4	3325	0
4411.4	3265	0
4411.5	3207	0
4411.5	3229	0
4411.5	3251	0
4411.5	3162	0
4411.5	3151	0
4411.5	3153	0
4411.5	3218	0
4411.6	3268	0
4411.6	3231	0
4411.6	3167	0
4411.6	3104	0
4411.6	3111	0
4411.7	3167	0
4411.7	3151	0
4411.7	3239	0
4411.7	3317	0
4411.7	3065	0
4411.7	3316	0
4411.7	3313	0
4411.7	3231	0
4411.8	3103	0
4411.8	3279	0
4411.8	3247	0
4411.9	3114	0
4411.9	3213	0
4412.0	2695	0
4412.0	3183	0
4412.0	3135	0
4412.0	3299	0
4412.0	3167	0
4412.1	3101	0
4412.1	3301	0
4412.1	3178	0
4412.2	3199	0
4412.2	3143	0
4412.2	3047	0
4412.3	3102	0
4412.3	3304	0
4412.4	3106	0
4412.4	2838	0
4412.5	3151	0
4412.5	3206	0
4412.5	3089	0
4412.6	3218	0
4412.6	3238	0
4412.6	3355	0
4412.7	2184	0
4412.7	3227	0
4412.7	3203	0
4412.7	3275	0
4412.7	3255	0
4412.7	3177	0
4412.7	3289	0
4412.8	3159	0
4412.8	3147	0
4412.9	3175	0
4412.9	3324	0
4412.9	3283	0
4413.0	3292	0
4413.0	3147	0
4413.0	2995	0
4413.0	3134	0
4413.1	3123	0
4413.1	3227	0
4413.1	3267	0
4413.1	3167	0
4413.1	3215	0
4413.1	3171	0
4413.1	3120	0
4413.2	3253	0
4413.2	3101	0
4413.2	3146	0
4413.2	3210	0
4413.2	3316	0
4413.2	3359	0
4413.2	3139	0
4413.3	3045	0
4413.3	3245	0
4413.3	3265	0
4413.3	3174	0
4413.3	1718	0
4413.3	3023	0
4413.4	3167	0
4413.4	3021	0
4413.4	3194	0
4413.5	3167	0
4413.5	3207	0
4413.5	3177	0
4413.6	3234	0
4413.6	3084	0
4413.7	3075	0
4413.7	3336	0
4413.8	2922	0
4413.8	3285	0
4413.8	3219	0
4413.8	3191	0
4413.9	3199	0
4413.9	3181	0
4413.9	3258	0
4413.9	3204	0
4413.9	3180	0
4414.0	3051	0
4414.0	3238	0
4414.0	3199	0
4414.1	3245	0
4414.1	3249	0
4414.1	3175	0
4414.1	3231	0
4414.1	3146	0
4414.1	3177	0
4414.2	3274	0
4414.2	3341	0
4414.2	3343	0
4414.2	3194	0
4414.2	3257	0
4414.2	3095	0
4414.3	3231	0
4414.3	3238	0
4414.3	3210	0
4414.4	3118	0
4414.4	3167	0
4414.4	3087	0
4414.4	3158	0
4414.4	3071	0
4414.4	3131	0
4414.4	3277	0
4414.5	2987	0
4414.5	3194	0
4414.5	1394	0
4414.5	3023	0
4414.6	3108	0
4414.6	3121	0
4414.6	3163	0
4414.6	3225	0
4414.6	306	0
4414.6	3229	0
4414.7	3247	0
4414.7	3231	0
4414.9	3098	0
4414.9	3075	0
4414.9	3167	0
4414.9	3170	0
4414.9	3195	0
4414.9	3279	0
4415.0	3190	0
4415.0	3087	0
4415.0	3116	0
4415.0	3229	0
4415.0	3126	0
4415.1	3173	0
4415.1	3218	0
4415.1	3094	0
4415.1	3146	0
4415.1	3141	0
4415.1	3129	0
4415.1	3162	0
4415.2	3269	0
4415.2	3227	0
4415.2	3075	0
4415.3	2865	0
4415.3	3267	0
4415.3	3144	0
4415.3	3254	0
4415.3	3167	0
4415.3	3250	0
4415.3	3116	0
4415.4	3203	0
4415.4	3122	0
4415.4	3266	0
4415.4	3119	0
4415.5	2947	0
4415.5	3190	0
4415.5	3114	0
4415.5	3148	0
4415.6	3073	0
4415.6	3218	0
4415.7	3266	0
4415.7	3367	0
4415.7	3307	0
4415.8	3160	0
4415.8	3254	0
4415.8	3231	0
4415.8	3236	0
4415.9	3167	0
4415.9	3139	0
4415.9	3278	0
4415.9	3038	0
4415.9	970	0
4415.9	3174	0
4416.0	3223	0
4416.0	2942	0
4416.0	3119	0
4416.0	3091	0
4416.0	3169	0
4416.0	3007	0
4416.1	3273	0
4416.1	3131	0
4416.1	3084	0
4416.1	3130	0
4416.2	3266	0
4416.2	3097	0
4416.2	2160	0
4416.2	3107	0
4416.2	3145	0
4416.3	3133	0
4416.3	3279	0
4416.4	3102	0
4416.4	3108	0
4416.4	3215	0
4416.4	3386	0
4416.5	3270	0
4416.5	3238	0
4416.6	3197	0
4416.6	3241	0
4416.6	3193	0
4416.6	3179	0
4416.7	3318	0
4416.8	3131	0
4416.8	3181	0
4416.8	3265	0
4416.8	3167	0
4416.9	3287	0
4416.9	518	0
4417.0	3113	0
4417.0	3113	0
4417.1	3278	0
4417.1	3223	0
4417.2	3179	0
4417.2	3134	0
4417.2	3118	0
4417.2	3220	0
4417.2	3176	0
4417.3	2963	0
4417.3	3253	0
4417.3	3302	0
4417.4	3375	0
4417.4	3097	0
4417.4	2858	0
4417.5	3180	0
4417.5	3215	0
4417.6	1116	0
4417.6	3215	0
4417.6	3199	0
4417.6	3204	0
4417.6	3181	0
4417.6	3168	0
4417.7	3132	0
4417.7	3279	0
4417.7	3317	0
4417.7	3208	0
4417.7	3254	0
4417.8	3106	0
4417.8	3213	0
4417.8	3247	0
4417.8	3125	0
4417.8	3207	0
4417.8	3250	0
4417.8	3172	0
4417.8	2685	0
4417.8	3339	0
4417.9	3274	0
4417.9	3206	0
4417.9	3179	0
4417.9	3180	0
4418.0	3153	0
4418.0	3166	0
4418.0	3211	0
4418.0	2971	0
4418.0	3284	0
4418.1	2967	0
4418.1	3337	0
4418.2	3123	0
4418.2	3167	0
4418.2	3277	0
4418.2	3190	0
4418.2	3180	0
4418.3	3155	0
4418.3	3139	0
4418.3	3169	0
4418.3	3329	0
4418.3	3158	0
4418.3	3206	0
4418.4	3187	0
4418.4	3285	0
4418.4	3153	0
4418.4	3145	0
4418.4	3098	0
4418.5	3174	0
4418.5	3202	0
4418.6	3179	0
4418.6	3251	0
4418.6	3205	0
4418.7	3227	0
4418.7	3260	0
4418.8	2915	0
4418.8	3055	0
4418.8	3121	0
4418.8	3031	0
4418.8	3075	0
4418.8	3286	0
4418.9	3118	0
4418.9	3233	0
4418.9	3259	0
4418.9	3142	0
4418.9	3151	0
4418.9	3380	0
4418.9	3108	0
4418.9	3241	0
4419.0	3191	0
4419.0	3235	0
4419.1	3348	0
4419.1	3055	0
4419.2	3023	0
4419.2	3403	0
4419.2	3155	0
4419.2	3215	0
4419.3	3318	0
4419.3	3107	0
4419.3	3064	0
4419.4	3178	0
4419.4	3053	0
4419.5	3247	0
4419.6	3150	0
4419.6	3215	0
4419.6	3280	0
4419.6	3149	0
4419.6	3240	0
4419.6	3278	0
4419.7	3261	0
4419.7	3215	0
4419.8	2995	0
4419.8	3179	0
4419.8	3247	0
4419.8	3055	0
4419.8	3242	0
4419.9	3199	0
4419.9	3162	0
4419.9	3147	0
4419.9	3235	0
4420.0	3048	0
4420.0	3251	0
4420.0	2996	0
4420.1	3221	0
4420.1	3001	0
4420.1	3229	0
4420.1	3123	0
4420.1	3215	0
4420.1	3108	0
4420.2	3308	0
4420.2	3183	0
4420.2	3079	0
4420.2	3035	0
4420.2	3004	0
4420.3	3297	0
4420.3	3171	0
4420.3	3297	0
4420.3	3258	0
4420.3	3151	0
4420.4	3215	0
4420.4	2056	0
4420.4	3183	0
4420.5	1640	0
4420.5	3108	0
4420.5	3279	0
4420.5	1389	0
4420.6	3267	0
4420.6	3175	0
4420.6	3164	0
4420.6	3118	0
4420.6	3195	0
4420.7	3054	0
4420.7	3071	0
4420.7	3030	0
4420.7	3164	0
4420.7	3086	0
4420.7	3281	0
4420.7	3158	0
4420.7	3123	0
4420.7	3207	0
4420.7	3183	0
4420.8	3138	0
4420.8	3270	0
4420.8	3240	0
4420.9	3190	0
4420.9	3171	0
4421.0	3238	0
4421.0	3177	0
4421.0	3151	0
4421.1	3211	0
4421.1	3148	0
4421.1	2994	0
4421.1	3278	0
4421.1	3249	0
4421.1	3237	0
4421.2	3035	0
4421.2	3086	0
4421.3	1136	0
4421.3	3184	0
4421.3	3174	0
4421.3	3159	0
4421.3	3160	0
4421.3	3135	0
4421.4	3145	0
4421.4	3371	0
4421.4	3119	0
4421.4	3266	0
4421.4	3016	0
4421.5	3263	0
4421.5	3260	0
4421.5	3173	0
4421.6	3398	0
4421.6	3169	0
4421.6	3333	0
4421.7	1904	0
4421.7	3263	0
4421.7	3269	0
4421.7	3307	0
4421.7	3088	0
4421.8	3154	0
4421.8	787	0
4421.8	3079	0
4421.8	3231	0
4421.8	3274	0
4421.9	3263	0
4421.9	3101	0
4421.9	3068	0
4421.9	3340	0
4421.9	3191	0
4422.0	2961	0
4422.0	3182	0
4422.1	3141	0
4422.1	3180	0
4422.1	3261	0
4422.1	3279	0
4422.1	3229	0
4422.1	3215	0
4422.1	2447	0
4422.1	3164	0
4422.1	3169	0
4422.1	3171	0
4422.2	3227	0
4422.2	3223	0
4422.2	3273	0
4422.2	3238	0
4422.2	3238	0
4422.3	3173	0
4422.3	3195	0
4422.3	3043	0
4422.3	3091	0
4422.3	3099	0
4422.3	3141	0
4422.3	3089	0
4422.3	3130	0
4422.3	3062	0
4422.4	3247	0
4422.4	3327	0
4422.4	3047	0
4422.5	3226	0
4422.5	2058	0
4422.5	3149	0
4422.5	3205	0
4422.5	3161	0
4422.6	1197	0
4422.6	3228	0
4422.6	3265	0
4422.6	3187	0
4422.7	3312	0
4422.7	3091	0
4422.7	3249	0
4422.8	2373	0
4422.8	3241	0
4422.8	3204	0
4422.8	3257	0
4422.8	3198	0
4422.9	3065	0
4422.9	3207	0
4422.9	3223	0
4422.9	3100	0
4422.9	3206	0
4422.9	3214	0
4423.0	3182	0
4423.0	3317	0
4423.0	3070	0
4423.0	3267	0
4423.0	3235	0
4423.0	3223	0
4423.0	3186	0
4423.1	3229	0
4423.1	3265	0
4423.1	2515	0
4423.2	3273	0
4423.2	734	0
4423.2	3252	0
4423.3	3142	0
4423.3	3261	0
4423.3	3114	0
4423.3	3069	0
4423.4	3222	0
4423.4	3173	0
4423.4	3188	0
4423.4	3192	0
4423.4	2871	0
4423.5	3210	0
4423.5	3238	0
4423.5	3213	0
4423.5	3105	0
4423.5	3278	0
4423.5	3007	0
4423.5	3409	0
