4409.7	3206	0
4409.7	3201	0
4409.7	3143	0
4409.8	3157	0
4409.8	3249	0
4409.8	3375	0
4409.8	3262	0
4409.8	3093	0
4409.9	3157	0
4409.9	3206	0
4409.9	3173	0
4409.9	3043	0
4409.9	3148	0
4410.0	3269	0
4410.0	1110	0
4410.1	3161	0
4410.2	2906	0
4410.3	3100	0
4410.3	3147	0
4410.3	3291	0
4410.3	3213	0
4410.3	3271	0
4410.3	3119	0
4410.3	3097	0
4410.4	3177	0
4410.4	3078	0
4410.4	3207	0
4410.4	3107	0
4410.5	3291	0
4410.5	3090	0
4410.5	3063	0
4410.6	3213	0
4410.6	3050	0
4410.6	3174	0
4410.6	3234	0
4410.6	3053	0
4410.7	3109	0
4410.7	3157	0
4410.7	3131	0
4410.7	3256	0
4410.8	3075	0
4410.8	3122	0
4410.8	1075	0
4410.8	3158	0
4410.9	3119	0
4410.9	2878	0
4410.9	3166	0
4410.9	3110	0
4410.9	3163	0
4410.9	3095	0
4410.9	3139	0
4411.0	3262	0
4411.0	3196	0
4411.0	3187	0
4411.0	3206	0
4411.0	3151	0
4411.0	3227	0
4411.1	3150	0
4411.1	3071	0
4411.1	3079	0
4411.1	3111	0
4411.2	3151	0
4411.2	3123	0
4411.2	3118	0
4411.2	3293	0
4411.3	3285	0
4411.3	3119	0
4411.3	3018	0
4411.4	3128	0
4411.4	3240	0
4411.4	3164	0
4411.5	3227	0
4411.5	3204	0
4411.5	3231	0
4411.5	3070	0
4411.5	3153	0
4411.6	3177	0
4411.6	3101	0
4411.6	3267	0
4411.6	2943	0
4411.7	3339	0
4411.7	3096	0
4411.8	3085	0
4411.8	3199	0
4411.9	3083	0
4411.9	3214	0
4411.9	3193	0
4411.9	3262	0
4412.0	3170	0
4412.0	3237	0
4412.0	3233	0
4412.0	3105	0
4412.0	3074	0
4412.0	3143	0
4412.1	3334	0
4412.2	3129	0
4412.3	3071	0
4412.3	3238	0
4412.3	3107	0
4412.3	3347	0
4412.4	3093	0
4412.4	3249	0
4412.5	3338	0
4412.5	3089	0
4412.5	3099	0
4412.5	3069	0
4412.5	3211	0
4412.6	3151	0
4412.6	3092	0
4412.7	3128	0
4412.7	3301	0
4412.7	3186	0
4412.7	3231	0
4412.8	3069	0
4412.8	3220	0
4412.8	3119	0
4412.8	3125	0
4412.9	3207	0
4412.9	3199	0
4412.9	3131	0
4412.9	3170	0
4413.0	3086	0
4413.0	3148	0
4413.0	3105	0
4413.0	3215	0
4413.0	3197	0
4413.0	3197	0
4413.1	1299	0
4413.1	2982	0
4413.1	3131	0
4413.1	3116	0
4413.2	646	0
4413.2	3251	0
4413.2	3231	0
4413.2	3238	0
4413.2	3159	0
4413.3	3007	0
4413.4	3085	0
4413.4	3194	0
4413.4	3157	0
4413.4	3230	0
4413.4	3196	0
4413.4	3103	0
4413.5	3165	0
4413.5	3041	0
4413.5	3157	0
4413.5	3089	0
4413.5	3239	0
4413.6	3202	0
4413.6	3206	0
4413.6	3189	0
4413.7	3213	0
4413.7	3016	0
4413.7	3206	0
4413.7	2933	0
4413.7	3245	0
4413.7	3240	0
4413.7	3267	0
4413.7	3385	0
4413.7	3084	0
4413.7	3121	0
4413.8	3208	0
4413.8	2847	0
4413.8	3107	0
4413.9	3273	0
4413.9	3214	0
4414.0	3159	0
4414.0	3143	0
4414.0	3123	0
4414.0	3225	0
4414.0	3163	0
4414.0	3181	0
4414.0	3009	0
4414.1	3191	0
4414.1	3221	0
4414.1	3135	0
4414.1	3241	0
4414.1	3135	0
4414.2	3142	0
4414.2	3051	0
4414.2	1535	0
4414.2	3103	0
4414.2	3155	0
4414.2	3247	0
4414.2	3177	0
4414.2	3195	0
4414.2	3062	0
4414.3	3267	0
4414.4	3218	0
4414.4	3143	0
4414.4	3141	0
4414.4	3031	0
4414.4	3230	0
4414.4	3263	0
4414.4	3061	0
4414.4	3242	0
4414.4	3170	0
4414.4	3131	0
4414.4	3097	0
4414.5	3197	0
4414.5	3059	0
4414.5	3019	0
4414.5	3315	0
4414.5	3129	0
4414.5	3242	0
4414.5	3223	0
4414.5	3225	0
4414.5	3051	0
4414.6	3131	0
4414.6	3110	0
4414.6	3184	0
4414.7	3045	0
4414.7	993	0
4414.8	3139	0
4414.8	3259	0
4414.8	3178	0
4414.9	3199	0
4415.0	920	0
4415.0	3262	0
4415.0	3235	0
4415.1	3103	0
4415.1	3192	0
4415.1	3155	0
4415.1	3170	0
4415.1	3213	0
4415.2	3237	0
4415.2	3102	0
4415.2	3237	0
4415.2	3172	0
4415.2	3113	0
4415.3	3153	0
4415.3	774	0
4415.4	3162	0
4415.4	3082	0
4415.4	2729	0
4415.4	3171	0
4415.4	3179	0
4415.4	3123	0
4415.5	3257	0
4415.5	3092	0
4415.5	3161	0
4415.5	3193	0
4415.5	3179	0
4415.5	3230	0
4415.5	3268	0
4415.5	3314	0
4415.6	2985	0
4415.6	3167	0
4415.6	3191	0
4415.6	1573	0
4415.6	3367	0
4415.6	3260	0
4415.7	3025	0
4415.7	3227	0
4415.7	3188	0
4415.8	3071	0
4415.8	3284	0
4415.8	3076	0
4415.8	3155	0
4415.8	2720	0
4415.8	3131	0
4415.9	3182	0
4415.9	3033	0
4415.9	3145	0
4415.9	3087	0
4415.9	3140	0
4415.9	3215	0
4416.0	3265	0
4416.0	3085	0
4416.0	3206	0
4416.0	3199	0
4416.1	3195	0
4416.1	393	0
4416.1	3203	0
4416.1	3110	0
4416.1	3385	0
4416.2	3163	0
4416.2	3016	0
4416.3	3035	0
4416.3	3149	0
4416.3	3287	0
4416.3	3204	0
4416.4	3213	0
4416.4	3195	0
4416.4	3147	0
4416.4	3189	0
4416.4	3202	0
4416.4	3255	0
4416.5	3251	0
4416.5	3244	0
4416.5	3220	0
4416.5	3099	0
4416.5	3179	0
4416.5	3241	0
4416.6	3069	0
4416.6	3199	0
4416.6	3196	0
4416.6	3096	0
4416.6	3067	0
4416.7	3213	0
4416.7	3214	0
4416.7	3261	0
4416.7	3118	0
4416.8	3079	0
4416.8	3099	0
4416.8	3217	0
4416.8	3197	0
4416.8	3203	0
4416.9	2075	0
4416.9	2992	0
4416.9	3169	0
4416.9	3151	0
4416.9	3061	0
4417.0	3039	0
4417.0	3174	0
4417.0	3153	0
4417.0	3152	0
4417.0	3114	0
4417.1	3270	0
4417.1	3162	0
4417.1	3085	0
4417.1	3090	0
4417.2	3194	0
4417.3	3323	0
4417.3	3107	0
4417.3	654	0
4417.3	3102	0
4417.3	3218	0
4417.4	3217	0
4417.4	3259	0
4417.4	3180	0
4417.4	3218	0
4417.4	3041	0
4417.4	3184	0
4417.4	3251	0
4417.5	3246	0
4417.5	3145	0
4417.5	3167	0
4417.5	3174	0
4417.6	3161	0
4417.6	3130	0
4417.6	3183	0
4417.7	3271	0
4417.7	3012	0
4417.7	3096	0
4417.7	3177	0
4417.8	3096	0
4417.8	3219	0
4417.8	3280	0
4417.9	3137	0
4417.9	3274	0
4417.9	2893	0
4418.0	3285	0
4418.0	3226	0
4418.1	3194	0
4418.1	3044	0
4418.1	2979	0
4418.1	2950	0
4418.1	3023	0
4418.1	3203	0
4418.2	3213	0
4418.2	3083	0
4418.2	3326	0
4418.2	3009	0
4418.2	3201	0
4418.2	3054	0
4418.3	3077	0
4418.3	3252	0
4418.3	3278	0
4418.3	3245	0
4418.3	3202	0
4418.4	3081	0
4418.4	3124	0
4418.4	3195	0
4418.5	3033	0
4418.5	3267	0
4418.5	3192	0
4418.5	3117	0
4418.6	3336	0
4418.6	3209	0
4418.7	3229	0
4418.7	3114	0
4418.7	3143	0
4418.8	3120	0
4418.8	3044	0
4418.8	2838	0
4418.8	3157	0
4418.8	3233	0
4418.9	3229	0
4418.9	3133	0
4419.0	3271	0
4419.0	3203	0
4419.0	3249	0
4419.0	3026	0
4419.0	3199	0
4419.0	2982	0
4419.1	3208	0
4419.1	3215	0
4419.1	2978	0
4419.1	3239	0
4419.1	3127	0
4419.1	3153	0
4419.2	3177	0
4419.2	3063	0
4419.2	3241	0
4419.2	3182	0
4419.2	3103	0
4419.2	3268	0
4419.2	3212	0
4419.3	3151	0
4419.3	1147	0
4419.3	3231	0
4419.3	3214	0
4419.3	3183	0
4419.3	2991	0
4419.3	3187	0
4419.3	3074	0
4419.4	3229	0
4419.4	3140	0
4419.5	3109	0
4419.5	3121	0
4419.5	3275	0
4419.5	3186	0
4419.6	2808	0
4419.6	3073	0
4419.6	3149	0
4419.6	3021	0
4419.7	3080	0
4419.7	3171	0
4419.7	2965	0
4419.8	3177	0
4419.8	3229	0
4419.8	3173	0
4419.8	3245	0
4419.8	3090	0
4419.8	3058	0
4419.8	3181	0
4419.9	3091	0
4419.9	3272	0
4420.0	3121	0
4420.0	3156	0
4420.0	3003	0
4420.0	3249	0
4420.1	3074	0
4420.1	3163	0
4420.1	3272	0
4420.1	2956	0
4420.1	3127	0
4420.1	3139	0
4420.1	3266	0
4420.1	3039	0
4420.2	3147	0
4420.2	3191	0
4420.2	3046	0
4420.2	3295	0
4420.2	3141	0
4420.2	3055	0
4420.2	3179	0
4420.3	3093	0
4420.3	3223	0
4420.4	3186	0
4420.4	3041	0
4420.4	3250	0
4420.4	3118	0
4420.5	3025	0
4420.5	3203	0
4420.6	3154	0
4420.6	3233	0
4420.6	3285	0
4420.6	3159	0
4420.6	3164	0
4420.7	3332	0
4420.7	2213	0
4420.7	3278	0
4420.7	3293	0
4420.7	3065	0
4420.7	3028	0
4420.7	3122	0
4420.8	3213	0
4420.8	3038	0
4420.8	3074	0
4420.8	3065	0
4420.8	3095	0
4420.8	3147	0
4420.9	3134	0
4420.9	3132	0
4420.9	3194	0
4420.9	3149	0
4421.0	3130	0
4421.1	3086	0
4421.1	3447	0
4421.1	2995	0
4421.1	3119	0
4421.1	3231	0
4421.2	3044	0
4421.3	2993	0
4421.3	3267	0
4421.3	3115	0
4421.3	3147	0
4421.3	3229	0
4421.4	2950	0
4421.4	3231	0
4421.4	3153	0
4421.4	3076	0
4421.4	3213	0
4421.4	3128	0
4421.5	3334	0
4421.5	3188	0
4421.6	3154	0
4421.6	3203	0
4421.6	3124	0
4421.6	3224	0
4421.6	3058	0
4421.6	2866	0
4421.7	3159	0
4421.7	3173	0
4421.7	3135	0
4421.7	3117	0
4421.7	3098	0
4421.8	3241	0
4421.8	3165	0
4421.9	2053	0
4421.9	3119	0
4421.9	3137	0
4421.9	3255	0
4421.9	2975	0
4422.0	3112	0
4422.0	2995	0
4422.0	3199	0
4422.0	2984	0
4422.1	3222	0
4422.1	3291	0
4422.1	2911	0
4422.1	3062	0
4422.1	3084	0
4422.2	3083	0
4422.2	3103	0
4422.2	3148	0
4422.2	3162	0
4422.3	3263	0
4422.3	3165	0
4422.3	3123	0
4422.3	2987	0
4422.3	3133	0
4422.3	2352	0
4422.4	3148	0
4422.4	3149	0
4422.5	3162	0
4422.5	3075	0
4422.5	3231	0
4422.5	2227	0
4422.6	3009	0
4422.6	3243	0
4422.6	3155	0
4422.6	3153	0
4422.6	3173	0
4422.6	3026	0
4422.7	3314	0
4422.7	3127	0
4422.8	3325	0
4422.8	3088	0
4422.8	3116	0
4422.8	2830	0
4422.8	3099	0
4422.9	3242	0
4422.9	3171	0
4423.0	3191	0
4423.0	3219	0
4423.0	3121	0
4423.0	1756	0
4423.0	3202	0
4423.0	3235	0
4423.0	3086	0
4423.1	3181	0
4423.1	3121	0
4423.1	3260	0
4423.1	3228	0
4423.1	3090	0
4423.1	3127	0
4423.2	3151	0
4423.2	3315	0
4423.2	2961	0
4423.2	3239	0
4423.3	3211	0
4423.3	3173	0
4423.3	3115	0
4423.4	3290	0
4423.4	3206	0
4423.4	3265	0
4423.4	3068	0
4423.4	3130	0
4423.5	3205	0
4423.5	3185	0
4423.5	3014	0
4423.5	3242	0
4423.5	3097	0
4423.5	718	0
4423.5	3060	0
4423.5	3183	0
4423.6	3231	0
4423.7	1503	0
4423.7	4	0
4423.8	3212	0
4423.8	3225	0
4423.8	3135	0
4423.8	3042	0
4423.8	3161	0
4423.8	3143	0
4423.8	2937	0
4423.8	3138	0
4423.9	3291	0
4423.9	3134	0
4423.9	3406	0
4423.9	2927	0
4424.0	3217	0
4424.0	3064	0
4424.0	3098	0
4424.0	3231	0
4424.0	3186	0
4424.0	3178	0
4424.1	3015	0
4424.1	3190	0
4424.1	3215	0
4424.1	3073	0
4424.1	3247	0
4424.2	3050	0
4424.2	3149	0
4424.2	3241	0
4424.2	3051	0
4424.2	3199	0
4424.3	2995	0
4424.3	1060	0
4424.3	3213	0
4424.3	3033	0
4424.4	3091	0
4424.4	2915	0
4424.5	2972	0
4424.5	3268	0
4424.5	3068	0
4424.5	3162	0
4424.5	3121	0
4424.5	3074	0
4424.6	3313	0
4424.6	3208	0
4424.6	2991	0
4424.7	3000	0
4424.7	3147	0
4424.7	3251	0
4424.7	3103	0
4424.8	617	0
4424.8	3244	0
4424.8	3119	0
4424.8	3116	0
4424.8	3269	0
4424.9	1553	0
4424.9	3347	0
4424.9	3205	0
4424.9	3116	0
4424.9	3088	0
4424.9	2929	0
4425.0	1460	0
4425.0	4	0
4425.0	3108	0
4425.1	3255	0
4425.1	3100	0
4425.1	3283	0
4425.1	3311	0
4425.2	568	0
4425.2	3114	0
4425.2	3061	0
4425.2	2142	0
4425.2	3219	0
4425.2	3169	0
4425.2	3251	0
4425.3	3222	0
4425.3	3221	0
4425.3	3147	0
4425.3	3217	0
4425.3	3206	0
4425.4	659	0
4425.4	3191	0
4425.4	3143	0
4425.4	3082	0
4425.4	3113	0
4425.4	2953	0
4425.4	2937	0
4425.4	3102	0
4425.5	3210	0
4425.5	3212	0
4425.5	3287	0
4425.5	3176	0
4425.5	2943	0
4425.6	3090	0
4425.6	3049	0
4425.6	3151	0
4425.6	3129	0
4425.6	3131	0
4425.6	3124	0
4425.7	3103	0
4425.7	3274	0
4425.7	3190	0
4425.8	3219	0
4425.8	3052	0
4425.8	3141	0
4425.8	3231	0
4425.9	3199	0
4425.9	3209	0
4425.9	3150	0
4426.0	3212	0
4426.0	3210	0
4426.0	3000	0
4426.0	3060	0
4426.1	3319	0
4426.1	3349	0
4426.1	3228	0
4426.1	3175	0
4426.2	3110	0
4426.2	3237	0
4426.2	3176	0
4426.3	3050	0
4426.3	3165	0
4426.3	3183	0
4426.3	2575	0
4426.4	3246	0
4426.4	3045	0
4426.4	3165	0
4426.4	3207	0
4426.4	3139	0
4426.4	3013	0
4426.4	3087	0
4426.4	3163	0
4426.5	3092	0
4426.5	3225	0
4426.6	2922	0
4426.6	3201	0
4426.6	3014	0
4426.6	3099	0
4426.6	3127	0
4426.6	1213	0
4426.7	3219	0
4426.7	3289	0
4426.7	3237	0
4426.7	3099	0
4426.8	3130	0
4426.8	3130	0
4426.8	3134	0
4426.8	3181	0
4426.9	3288	0
4426.9	3266	0
4426.9	3071	0
4426.9	3043	0
4427.0	3276	0
4427.0	610	0
4427.0	723	0
4427.1	3225	0
4427.1	3082	0
4427.1	3095	0
4427.1	3239	0
4427.1	3035	0
4427.1	3299	0
4427.2	3139	0
4427.2	3161	0
4427.2	3321	0
4427.2	3126	0
4427.2	3291	0
4427.3	3177	0
4427.3	3295	0
4427.3	3125	0
4427.3	3123	0
4427.4	3177	0
4427.4	2770	0
4427.4	3061	0
4427.4	3185	0
4427.4	3251	0
4427.4	3189	0
4427.4	1513	0
4427.5	3189	0
4427.5	3146	0
4427.5	3015	0
4427.5	3165	0
4427.6	3034	0
4427.6	3195	0
4427.6	3027	0
4427.7	3222	0
4427.7	3263	0
4427.7	3161	0
4427.8	3361	0
4427.8	3103	0
4427.8	3205	0
4427.8	3109	0
4427.8	3277	0
4427.9	3244	0
4427.9	2945	0
4427.9	3257	0
4427.9	3326	0
4427.9	2835	0
4428.0	3119	0
4428.0	2719	0
4428.1	3263	0
4428.1	3191	0
4428.1	3263	0
4428.1	3007	0
4428.1	3006	0
4428.1	3382	0
4428.2	3086	0
4428.2	2999	0
4428.2	3017	0
4428.2	2931	0
4428.2	3173	0
4428.3	3116	0
4428.3	2999	0
4428.4	3066	0
4428.4	3151	0
4428.4	3254	0
4428.4	3118	0
4428.5	3069	0
4428.5	3090	0
4428.5	3171	0
4428.5	3287	0
4428.5	3169	0
4428.5	3154	0
4428.6	3167	0
4428.7	3045	0
4428.7	3094	0
4428.7	3089	0
4428.8	3025	0
4428.9	3185	0
4428.9	3146	0
4428.9	3117	0
4428.9	716	0
4428.9	3127	0
4428.9	3201	0
4428.9	3123	0
4428.9	3163	0
4428.9	3133	0
4428.9	3287	0
4429.0	3348	0
4429.0	3305	0
4429.0	3261	0
4429.0	3271	0
4429.0	3294	0
4429.0	3038	0
4429.0	1029	0
4429.0	3154	0
4429.0	3295	0
4429.0	3111	0
4429.0	3294	0
4429.0	3157	0
4429.1	3169	0
4429.1	3150	0
4429.2	3135	0
4429.2	3159	0
4429.3	3104	0
4429.3	3126	0
4429.3	3214	0
4429.3	3093	0
4429.4	2361	0
4429.4	3389	0
4429.4	3247	0
4429.4	2997	0
4429.5	3233	0
4429.6	3140	0
4429.6	1220	0
4429.6	3162	0
4429.6	2941	0
4429.6	2973	0
4429.6	3135	0
4429.7	3295	0
4429.7	3058	0
4429.7	3159	0
4429.8	3289	0
4429.8	3179	0
4429.8	3114	0
4429.8	3126	0
4429.9	3171	0
4429.9	3143	0
4429.9	3203	0
4429.9	3283	0
4430.0	3238	0
4430.0	3307	0
4430.0	3192	0
4430.0	3146	0
4430.0	3091	0
4430.0	3143	0
4430.1	3000	0
4430.1	3263	0
4430.1	3185	0
4430.1	3204	0
4430.1	3214	0
4430.2	3105	0
4430.2	3078	0
4430.2	3206	0
4430.3	3165	0
4430.3	3171	0
4430.3	3253	0
4430.3	3191	0
4430.3	3255	0
4430.3	2973	0
4430.3	3258	0
4430.3	3044	0
4430.4	3119	0
4430.4	3187	0
4430.4	3173	0
4430.4	3204	0
4430.4	3238	0
4430.4	3052	0
4430.5	3225	0
4430.5	3311	0
4430.5	3218	0
4430.5	3227	0
4430.5	3117	0
4430.5	3167	0
4430.5	3195	0
4430.6	3162	0
4430.6	3143	0
4430.7	3155	0
4430.7	3258	0
4430.7	2799	0
4430.8	3119	0
4430.8	2987	0
4430.8	3263	0
4430.9	3213	0
4430.9	3133	0
4430.9	3181	0
4431.0	3097	0
4431.0	3285	0
4431.0	3191	0
4431.0	3163	0
4431.1	3159	0
4431.1	3079	0
4431.1	2986	0
4431.2	3199	0
4431.2	3237	0
4431.2	2350	0
4431.2	2849	0
4431.3	3205	0
4431.3	3167	0
4431.3	3249	0
4431.3	3260	0
4431.4	3303	0
4431.4	3125	0
4431.4	3045	0
4431.4	3041	0
4431.4	3091	0
4431.5	1424	0
4431.5	3236	0
4431.6	3131	0
4431.6	3111	0
4431.6	3057	0
4431.6	3142	0
4431.6	3288	0
4431.6	3217	0
4431.7	3332	0
4431.7	3075	0
4431.7	3224	0
4431.7	3167	0
4431.7	3133	0
4431.7	3025	0
4431.8	3131	0
4431.8	3051	0
4431.8	3113	0
4431.8	3169	0
4431.8	3077	0
4431.8	3289	0
4431.8	3173	0
4431.9	3176	0
4431.9	3185	0
4431.9	3163	0
4431.9	3135	0
4431.9	3188	0
4431.9	3114	0
4431.9	3029	0
4431.9	3095	0
4431.9	3079	0
4431.9	3227	0
4431.9	3199	0
4432.0	2412	0
4432.0	3196	0
4432.0	3124	0
4432.0	3247	0
4432.0	3161	0
4432.0	3287	0
4432.0	3103	0
4432.0	3130	0
4432.0	3186	0
4432.0	2986	0
4432.0	3261	0
4432.0	2935	0
4432.1	3115	0
4432.1	3227	0
4432.1	2808	0
4432.2	3195	0
4432.2	3175	0
4432.2	3101	0
4432.2	3112	0
4432.3	3201	0
4432.3	3100	0
4432.3	3280	0
4432.3	3315	0
4432.5	3077	0
4432.5	560	0
4432.5	3221	0
4432.5	3185	0
4432.5	2929	0
4432.5	3115	0
4432.5	3159	0
4432.5	3153	0
4432.5	3181	0
4432.6	3304	0
4432.6	3140	0
4432.6	3114	0
4432.6	3211	0
4432.6	3154	0
4432.6	3276	0
4432.6	3231	0
4432.7	3159	0
4432.7	2950	0
4432.7	3229	0
4432.7	3117	0
4432.7	3294	0
4432.8	3077	0
4432.8	3159	0
4432.8	3131	0
4432.9	3224	0
4432.9	3359	0
4432.9	3053	0
4432.9	2281	0
4432.9	3231	0
4433.0	3125	0
4433.0	3207	0
4433.0	3275	0
4433.0	3134	0
4433.0	3230	0
4433.1	3254	0
4433.1	3106	0
4433.1	3103	0
4433.1	551	0
4433.2	3022	0
4433.2	3173	0
4433.2	2946	0
4433.3	3035	0
4433.3	3191	0
4433.3	1053	0
4433.3	3087	0
4433.3	3239	0
4433.3	3055	0
4433.4	3255	0
4433.5	3015	0
4433.5	3258	0
4433.5	3090	0
4433.6	3291	0
4433.6	3275	0
4433.6	3239	0
4433.6	3039	0
4433.7	3234	0
4433.7	3251	0
4433.7	3146	0
4433.8	3134	0
4433.8	3159	0
4433.8	3227	0
4433.8	3082	0
4433.8	3267	0
4433.8	3107	0
4433.9	1139	0
4433.9	3038	0
4433.9	3370	0
4433.9	2962	0
4434.0	3279	0
4434.0	3359	0
4434.0	3276	0
4434.0	3025	0
4434.2	1189	0
4434.2	3015	0
4434.2	3215	0
4434.2	2983	0
4434.3	3187	0
4434.4	3119	0
4434.4	2795	0
4434.4	3260	0
4434.4	3197	0
4434.4	3215	0
4434.4	3205	0
4434.5	3195	0
4434.5	3021	0
4434.5	3046	0
4434.6	3189	0
4434.6	3077	0
4434.6	3122	0
4434.7	3322	0
4434.7	3049	0
4434.7	3167	0
4434.7	3229	0
4434.7	3186	0
4434.7	3199	0
4434.7	3195	0
4434.7	2995	0
4434.8	3270	0
4434.8	3143	0
4434.8	2364	0
4434.9	3086	0
4434.9	3187	0
4434.9	3261	0
4434.9	3231	0
4434.9	3098	0
4435.0	3367	0
4435.0	3087	0
4435.1	3228	0
4435.1	3212	0
4435.1	3138	0
4435.1	2903	0
4435.1	3125	0
4435.2	3118	0
4435.2	3231	0
4435.2	3277	0
4435.2	3330	0
4435.2	3187	0
4435.3	3156	0
4435.3	3039	0
4435.3	3131	0
4435.3	3031	0
4435.3	3030	0
4435.4	3187	0
4435.4	3033	0
4435.4	3060	0
4435.4	3141	0
4435.4	3101	0
4435.4	3095	0
4435.4	2988	0
4435.5	3197	0
4435.5	3191	0
4435.5	790	0
4435.5	3227	0
4435.5	3145	0
4435.5	3071	0
4435.6	3048	0
4435.6	3177	0
4435.6	3127	0
4435.6	3156	0
4435.6	3164	0
4435.6	3068	0
4435.6	3270	0
4435.7	3240	0
4435.7	3143	0
4435.7	3271	0
4435.7	3199	0
4435.7	3111	0
4435.7	3053	0
4435.7	3087	0
4435.7	3039	0
4435.8	3209	0
4435.8	3092	0
4435.8	2906	0
4435.9	2465	0
4435.9	3227	0
4435.9	3233	0
4436.0	3093	0
4436.0	2988	0
4436.0	3045	0
4436.0	3163	0
4436.1	3276	0
4436.1	2973	0
4436.1	3059	0
4436.1	3069	0
4436.2	3085	0
4436.2	3269	0
4436.2	3205	0
4436.2	3133	0
4436.2	3283	0
4436.2	3287	0
4436.3	3254	0
4436.3	2990	0
4436.3	3103	0
4436.3	3221	0
4436.3	3158	0
4436.4	3270	0
4436.4	3092	0
4436.4	3073	0
4436.5	3135	0
4436.5	3040	0
4436.5	3100	0
4436.5	3172	0
4436.5	3146	0
4436.6	3158	0
4436.6	3043	0
4436.6	3180	0
4436.6	3266	0
4436.6	3240	0
4436.6	3124	0
4436.7	3060	0
4436.7	3059	0
4436.7	3223	0
4436.7	3196	0
4436.7	3161	0
4436.8	3137	0
4436.8	3210	0
4436.8	3162	0
4436.8	3026	0
4436.8	3219	0
4436.9	3140	0
4436.9	3028	0
4436.9	3227	0
4437.0	2954	0
4437.0	3193	0
4437.0	3031	0
4437.0	3173	0
4437.0	3237	0
4437.1	2977	0
4437.2	3127	0
4437.2	2095	0
4437.2	3106	0
4437.2	3179	0
4437.2	3243	0
4437.2	3420	0
4437.2	3262	0
4437.3	3047	0
4437.3	3175	0
4437.3	3012	0
4437.3	3091	0
4437.3	3167	0
4437.3	3351	0
4437.3	3185	0
4437.3	2859	0
4437.4	3132	0
4437.5	3081	0
4437.5	3326	0
4437.5	3250	0
4437.5	3003	0
4437.5	3063	0
4437.6	3236	0
4437.6	3199	0
4437.6	3238	0
4437.6	3163	0
4437.7	3291	0
4437.7	3174	0
4437.7	2962	0
4437.7	3199	0
4437.7	3047	0
4437.7	3217	0
4437.7	3051	0
4437.7	3195	0
4437.8	3065	0
4437.8	3208	0
4437.8	3229	0
4437.8	3351	0
4437.9	3303	0
4437.9	3095	0
4437.9	3143	0
4438.0	3241	0
4438.0	3148	0
4438.0	3071	0
4438.0	3037	0
4438.0	1820	0
4438.0	3043	0
4438.1	3006	0
4438.1	3076	0
4438.1	3084	0
4438.2	3126	0
4438.2	2759	0
4438.2	3180	0
4438.2	3250	0
4438.2	3223	0
4438.2	3188	0
4438.3	3166	0
4438.3	2500	0
4438.3	3149	0
4438.3	3071	0
4438.3	2781	0
4438.4	3183	0
4438.4	1239	0
4438.4	3229	0
4438.5	3051	0
4438.5	3013	0
4438.5	3219	0
4438.5	3012	0
4438.5	3066	0
4438.5	3248	0
4438.6	3150	0
4438.6	3107	0
4438.6	3007	0
4438.6	3207	0
4438.6	2782	0
4438.6	3283	0
4438.6	3066	0
4438.6	3153	0
4438.6	3125	0
4438.6	3223	0
4438.6	3077	0
4438.6	3032	0
4438.7	3121	0
4438.7	3095	0
4438.7	3089	0
4438.7	3192	0
4438.7	3135	0
4438.7	3241	0
4438.7	3259	0
4438.7	3076	0
4438.7	3047	0
4438.8	3037	0
4438.8	3065	0
4438.8	3103	0
4438.8	2941	0
4438.8	3199	0
4438.8	3292	0
4438.9	3183	0
4438.9	3238	0
4438.9	3081	0
4439.0	3183	0
4439.0	3071	0
4439.0	3255	0
4439.1	3217	0
4439.1	3081	0
4439.1	3162	0
4439.2	3246	0
4439.2	1498	0
4439.3	2	0
4439.3	3083	0
4439.3	3036	0
4439.3	3166	0
4439.3	3211	0
4439.3	3187	0
4439.3	3187	0
4439.4	3247	0
4439.4	3127	0
4439.4	3085	0
4439.4	3210	0
4439.5	3211	0
4439.5	3150	0
4439.5	3076	0
4439.5	3245	0
4439.6	3209	0
4439.6	3033	0
4439.6	3153	0
4439.6	3190	0
4439.6	2003	0
4439.7	3073	0
4439.7	3177	0
4439.7	3141	0
4439.7	3298	0
4439.8	3216	0
4439.8	3244	0
4439.9	3133	0
4439.9	3071	0
4439.9	1232	0
4440.0	3302	0
4440.0	3175	0
4440.0	1218	0
4440.0	3190	0
4440.0	2950	0
4440.0	3229	0
4440.0	3111	0
4440.0	3218	0
4440.1	3134	0
4440.1	3119	0
4440.1	3149	0
4440.1	3339	0
4440.1	3282	0
4440.1	3245	0
4440.2	3207	0
4440.2	3383	0
4440.2	3174	0
4440.2	3187	0
4440.3	3280	0
4440.3	3097	0
4440.3	3270	0
4440.4	3217	0
4440.4	3157	0
4440.4	3170	0
4440.4	3140	0
4440.4	3269	0
4440.5	3086	0
4440.5	3146	0
4440.5	3255	0
4440.7	3180	0
4440.7	3132	0
4440.8	3116	0
4440.8	935	0
4440.8	3222	0
4440.9	3140	0
4440.9	2655	0
4440.9	3230	0
4440.9	3227	0
4441.0	3215	0
4441.0	3067	0
4441.0	3263	0
4441.0	3274	0
4441.1	3209	0
4441.1	3313	0
4441.1	3203	0
4441.1	3119	0
4441.1	3231	0
4441.2	3143	0
4441.2	2982	0
4441.3	3109	0
4441.3	3236	0
4441.4	3208	0
4441.4	3125	0
4441.4	2951	0
4441.4	3151	0
4441.4	3281	0
4441.4	3111	0
4441.4	3149	0
4441.4	3173	0
4441.5	3163	0
4441.5	3211	0
4441.5	3281	0
4441.5	3036	0
4441.5	3122	0
4441.5	2954	0
4441.5	3197	0
4441.6	3285	0
4441.6	3321	0
4441.6	3207	0
4441.7	3268	0
4441.7	3161	0
4441.7	3161	0
4441.8	3103	0
4441.8	3333	0
4441.8	3316	0
4441.9	3150	0
4441.9	3107	0
4441.9	3194	0
4441.9	3143	0
4442.0	3160	0
4442.0	3063	0
4442.0	3006	0
4442.0	3287	0
4442.0	781	0
4442.1	3090	0
4442.1	3108	0
4442.2	3102	0
4442.2	3155	0
4442.2	3075	0
4442.2	3163	0
4442.2	3129	0
4442.2	3187	0
4442.2	3096	0
4442.3	3162	0
4442.3	3085	0
4442.3	3281	0
4442.3	3140	0
4442.3	3193	0
4442.3	3272	0
4442.3	3225	0
4442.4	2278	0
4442.4	3290	0
4442.4	3301	0
4442.4	3163	0
4442.5	3271	0
4442.5	3195	0
4442.5	3108	0
4442.5	3233	0
4442.5	3098	0
4442.6	3123	0
4442.6	3147	0
4442.6	3128	0
4442.6	3113	0
4442.6	3277	0
4442.6	3301	0
4442.6	3189	0
4442.6	3060	0
4442.7	3231	0
4442.7	3263	0
4442.8	3119	0
4442.8	3103	0
4442.8	3227	0
4442.8	3165	0
4442.8	3233	0
4442.9	3157	0
4442.9	3206	0
4442.9	3135	0
4442.9	3102	0
4443.0	3321	0
4443.0	3234	0
4443.0	3095	0
4443.1	3311	0
4443.1	3055	0
4443.1	3273	0
4443.1	3119	0
4443.1	3137	0
4443.2	3178	0
4443.2	3054	0
4443.2	3157	0
4443.2	2995	0
4443.2	3069	0
4443.3	3081	0
4443.3	3142	0
4443.3	3223	0
4443.3	3147	0
4443.3	3274	0
4443.3	3369	0
4443.4	2993	0
4443.4	3331	0
4443.5	3135	0
4443.5	3203	0
4443.5	3204	0
4443.5	3099	0
4443.5	2942	0
4443.5	3007	0
4443.5	3227	0
4443.5	3243	0
4443.6	3219	0
4443.6	3196	0
4443.6	3143	0
4443.6	3047	0
4443.7	3279	0
4443.7	3221	0
4443.7	3107	0
4443.7	3149	0
4443.7	1809	0
4443.7	3063	0
4443.7	3157	0
4443.7	3203	0
4443.7	3109	0
4443.7	3175	0
4443.8	3110	0
4443.8	3289	0
4443.8	3130	0
4443.9	3135	0
4443.9	3231	0
4443.9	3113	0
4443.9	3218	0
4443.9	3025	0
4443.9	3101	0
4443.9	3095	0
4443.9	3308	0
4444.0	3169	0
4444.0	3320	0
4444.0	3115	0
4444.0	1823	0
4444.0	2821	0
4444.0	2948	0
4444.0	3263	0
4444.1	3150	0
4444.1	2965	0
4444.1	3217	0
4444.2	3171	0
4444.2	3029	0
4444.3	3093	0
4444.3	3249	0
4444.3	3292	0
4444.3	3111	0
4444.3	3221	0
4444.4	3166	0
4444.4	3139	0
4444.4	3162	0
4444.4	3311	0
4444.4	3181	0
4444.5	3153	0
4444.5	3228	0
4444.5	2935	0
4444.5	3219	0
4444.5	3048	0
4444.5	3202	0
4444.5	2790	0
4444.5	3093	0
4444.6	493	0
4444.6	2911	0
4444.6	3113	0
4444.6	3352	0
4444.6	3205	0
4444.7	2915	0
4444.7	3197	0
4444.7	3137	0
4444.7	3338	0
4444.7	3062	0
4444.8	3166	0
4444.8	3198	0
4444.8	1963	0
4444.8	3097	0
4444.8	3239	0
4444.8	2922	0
4444.9	2975	0
4444.9	3160	0
4444.9	3081	0
4444.9	3269	0
4444.9	3219	0
4444.9	3194	0
4445.0	1097	0
4445.0	3335	0
4445.1	3227	0
4445.1	3199	0
4445.1	3313	0
4445.1	3205	0
4445.2	3059	0
4445.2	3155	0
4445.2	3178	0
4445.3	3134	0
4445.3	3012	0
4445.3	3255	0
4445.4	3175	0
4445.4	3172	0
4445.4	3263	0
4445.4	3137	0
4445.4	3225	0
4445.4	3202	0
4445.4	3106	0
4445.4	3268	0
4445.5	3121	0
4445.5	3225	0
4445.5	3106	0
4445.5	3201	0
4445.5	3160	0
4445.5	2927	0
4445.5	3099	0
4445.5	3327	0
4445.6	3231	0
4445.6	3189	0
4445.6	3177	0
4445.6	2985	0
4445.7	3226	0
4445.7	3079	0
4445.8	3145	0
4445.8	3160	0
4445.9	3197	0
4445.9	3293	0
4445.9	3279	0
4445.9	3073	0
4446.0	2999	0
4446.0	3298	0
4446.0	3195	0
4446.1	3155	0
4446.1	3209	0
4446.1	3109	0
4446.1	3025	0
4446.1	3092	0
4446.2	3115	0
4446.2	3141	0
4446.2	3127	0
4446.3	3283	0
4446.3	3088	0
4446.3	3079	0
4446.3	3268	0
4446.4	3247	0
4446.5	1316	0
4446.5	3335	0
4446.5	3271	0
4446.5	3143	0
4446.5	3313	0
4446.5	3182	0
4446.5	3131	0
4446.6	3201	0
4446.6	3053	0
4446.6	2019	0
4446.6	3273	0
4446.7	3202	0
4446.7	3237	0
4446.7	3031	0
4446.7	3110	0
4446.8	2785	0
4446.9	3161	0
4446.9	3103	0
4447.0	3234	0
4447.0	2206	0
4447.0	1617	0
4447.0	4	0
4447.1	2881	0
4447.1	3143	0
4447.1	2994	0
4447.1	2223	0
4447.1	1032	0
4447.1	2946	0
4447.1	3135	0
4447.2	3082	0
4447.2	3224	0
4447.2	3185	0
4447.2	3115	0
4447.2	3268	0
4447.3	3107	0
4447.3	3233	0
4447.4	3194	0
4447.4	3432	0
4447.4	3110	0
4447.5	2859	0
4447.5	3151	0
4447.5	3159	0
4447.5	3245	0
4447.6	3235	0
4447.6	3039	0
4447.6	3129	0
4447.6	3186	0
4447.7	2922	0
4447.7	3158	0
4447.7	3195	0
4447.8	3152	0
4447.8	3167	0
4447.8	3228	0
4447.8	3054	0
4447.9	3037	0
4447.9	3047	0
4447.9	2870	0
4447.9	3243	0
4447.9	3127	0
4448.0	2977	0
4448.0	3226	0
4448.0	3039	0
4448.0	3198	0
4448.0	3174	0
4448.0	3205	0
4448.0	3186	0
4448.1	3143	0
4448.1	1820	0
4448.1	3369	0
4448.1	3257	0
4448.1	3127	0
4448.1	3214	0
4448.2	3245	0
4448.2	3177	0
4448.2	3215	0
4448.2	3173	0
4448.2	3167	0
4448.2	3123	0
4448.2	3131	0
4448.3	3231	0
4448.4	3163	0
4448.4	3207	0
4448.4	3187	0
4448.4	3177	0
4448.4	3101	0
4448.4	3185	0
4448.4	3293	0
4448.4	2915	0
4448.5	3059	0
4448.5	3149	0
4448.6	3102	0
4448.6	3194	0
4448.6	3184	0
4448.6	3157	0
4448.6	3050	0
4448.6	3185	0
4448.7	3226	0
4448.7	3159	0
4448.7	3154	0
4448.7	3194	0
4448.7	3219	0
4448.8	3263	0
4448.8	3312	0
4448.8	3148	0
4448.8	3194	0
4448.8	3066	0
4448.9	3154	0
4448.9	3035	0
4448.9	3215	0
4449.0	3109	0
4449.0	2991	0
4449.0	3060	0
4449.0	3219	0
4449.1	3325	0
4449.1	3006	0
4449.1	3117	0
4449.1	3150	0
4449.1	3301	0
4449.2	3087	0
4449.2	3263	0
4449.3	3231	0
4449.3	2899	0
4449.3	3187	0
4449.3	3081	0
4449.4	3194	0
4449.5	3185	0
4449.5	3189	0
4449.5	3103	0
4449.5	3103	0
4449.5	1946	0
4449.5	3059	0
4449.6	3194	0
4449.6	3212	0
4449.6	3119	0
4449.6	3092	0
4449.6	3193	0
4449.6	3210	0
4449.7	2993	0
4449.7	3235	0
4449.8	1090	0
4449.8	3071	0
4449.8	3162	0
4449.8	3189	0
4449.8	3079	0
4449.8	3107	0
4449.8	3018	0
4449.8	3193	0
4449.8	3263	0
4449.8	3133	0
4449.9	3111	0
4449.9	3093	0
4449.9	3319	0
4449.9	3178	0
4450.0	3248	0
4450.0	3219	0
4450.0	3179	0
4450.0	2961	0
4450.1	3247	0
4450.2	3194	0
4450.2	3243	0
4450.2	2989	0
4450.2	3173	0
4450.2	3171	0
4450.2	3138	0
4450.2	3226	0
4450.3	3174	0
4450.3	3165	0
4450.3	3262	0
4450.3	2085	0
4450.4	3189	0
4450.4	3090	0
4450.4	3087	0
4450.4	3065	0
4450.4	3254	0
4450.5	3081	0
4450.5	3137	0
4450.5	3113	0
4450.5	3175	0
4450.5	3230	0
4450.6	3194	0
4450.6	3246	0
4450.6	3052	0
4450.6	3182	0
4450.7	3305	0
4450.7	3043	0
4450.7	3310	0
4450.8	3249	0
4450.8	3263	0
4450.8	3215	0
4450.8	3098	0
4450.8	3149	0
4450.9	3205	0
4450.9	3211	0
4450.9	3071	0
4451.0	3138	0
4451.0	3176	0
4451.0	3103	0
4451.1	3143	0
4451.1	3184	0
4451.1	3158	0
4451.2	3341	0
4451.2	3103	0
4451.2	3061	0
4451.2	3197	0
4451.2	3148	0
4451.2	3166	0
4451.2	3209	0
4451.2	3258	0
4451.3	3221	0
4451.3	3297	0
4451.4	3156	0
4451.4	3069	0
4451.4	3215	0
4451.4	3183	0
4451.4	3135	0
4451.5	3109	0
4451.5	3070	0
4451.5	3259	0
4451.5	3227	0
4451.5	3109	0
4451.6	3209	0
4451.6	3214	0
4451.6	3037	0
4451.6	3235	0
4451.6	3107	0
4451.6	3115	0
4451.7	3256	0
4451.7	3201	0
4451.7	3129	0
4451.7	3191	0
4451.8	3217	0
4451.8	3259	0
4451.8	3177	0
4451.8	3219	0
4451.9	3304	0
4452.1	3329	0
4452.1	3170	0
4452.1	2434	0
4452.1	3154	0
4452.1	1328	0
4452.2	3262	0
4452.2	3288	0
4452.2	3107	0
4452.3	3222	0
4452.3	3172	0
4452.3	3141	0
4452.3	3165	0
4452.3	3178	0
4452.4	3213	0
4452.4	3254	0
4452.4	2666	0
4452.4	3142	0
4452.4	3319	0
4452.4	2985	0
4452.4	3094	0
4452.5	3203	0
4452.5	3079	0
4452.5	3157	0
4452.5	3117	0
4452.6	3078	0
4452.6	3181	0
4452.6	3115	0
4452.6	3145	0
4452.6	3126	0
4452.6	3066	0
4452.6	3177	0
4452.6	3253	0
4452.7	2995	0
4452.7	3180	0
4452.7	3089	0
4452.7	2854	0
4452.7	3285	0
4452.7	3167	0
4452.7	3281	0
4452.7	3168	0
4452.7	3103	0
4452.8	3339	0
4452.8	1623	0
4452.8	3	0
4452.8	3277	0
4452.8	3059	0
4452.8	3295	0
4452.8	3057	0
4452.8	2711	0
4452.9	3294	0
4452.9	3302	0
4452.9	3245	0
4452.9	3147	0
4452.9	2984	0
4453.0	3196	0
4453.0	3683	0
4453.0	3292	0
4453.0	3198	0
4453.0	3318	0
4453.0	3049	0
4453.0	3211	0
4453.0	3255	0
4453.0	3125	0
4453.1	3187	0
4453.1	3362	0
4453.1	3113	0
4453.1	3199	0
4453.1	3023	0
4453.1	2937	0
4453.2	2978	0
4453.3	3045	0
4453.3	3151	0
4453.3	3369	0
4453.4	1116	0
4453.4	3214	0
4453.4	3151	0
4453.5	3196	0
4453.5	3281	0
4453.5	3345	0
4453.5	3152	0
4453.5	3300	0
4453.5	3294	0
4453.5	3114	0
4453.5	3148	0
4453.6	3241	0
4453.6	955	0
4453.6	3143	0
4453.7	2914	0
4453.7	3183	0
4453.7	3212	0
4453.8	3143	0
4453.8	3215	0
4453.8	3167	0
4453.9	3161	0
4453.9	3083	0
4453.9	3233	0
4453.9	2793	0
4453.9	3274	0
4453.9	3248	0
4454.0	2960	0
4454.0	3174	0
4454.0	3141	0
4454.0	3123	0
4454.1	3100	0
4454.1	3213	0
4454.1	3187	0
4454.1	3069	0
4454.1	3154	0
4454.1	3215	0
4454.1	3159	0
4454.2	3228	0
4454.2	3187	0
4454.2	2977	0
4454.2	3277	0
4454.2	3096	0
4454.3	3269	0
4454.3	3095	0
4454.3	3161	0
4454.3	3068	0
4454.4	3245	0
4454.5	2996	0
4454.5	3058	0
4454.5	2961	0
4454.5	3061	0
4454.5	3129	0
4454.5	3247	0
4454.5	965	0
4454.5	752	0
4454.5	3187	0
4454.6	3010	0
4454.6	3207	0
4454.6	1595	0
4454.7	4	0
4454.7	3251	0
4454.7	3211	0
4454.7	3169	0
4454.7	3005	0
4454.7	3143	0
4454.7	3116	0
4454.7	3238	0
4454.8	3085	0
4454.8	3165	0
4454.8	3128	0
4454.8	3150	0
4454.9	2285	0
4454.9	3197	0
4454.9	3269	0
4454.9	3235	0
4455.0	3205	0
4455.0	3194	0
4455.0	3307	0
4455.1	3185	0
4455.1	3206	0
4455.1	3177	0
4455.1	3164	0
4455.2	3167	0
4455.2	3061	0
4455.3	3215	0
4455.3	3239	0
4455.4	3141	0
4455.4	3143	0
4455.4	3242	0
4455.4	3341	0
4455.4	3271	0
4455.4	3105	0
4455.4	3153	0
4455.5	3137	0
4455.5	3075	0
4455.5	2930	0
4455.5	2583	0
4455.7	3089	0
4455.7	1544	0
4455.7	4	0
4455.8	3013	0
4455.8	3144	0
4455.8	3159	0
4455.8	3187	0
4455.9	3105	0
4455.9	3255	0
4456.0	3125	0
4456.0	3127	0
4456.0	3321	0
4456.0	3153	0
4456.1	3079	0
4456.1	3143	0
4456.1	3211	0
4456.1	3171	0
4456.1	3313	0
4456.2	3013	0
4456.2	3172	0
4456.2	3220	0
4456.3	3111	0
4456.4	3059	0
4456.4	3091	0
4456.4	3076	0
4456.4	877	0
4456.5	3199	0
4456.5	3207	0
4456.5	3281	0
4456.5	2911	0
4456.5	3059	0
4456.5	3080	0
4456.5	554	0
4456.6	3036	0
4456.6	3133	0
4456.6	3023	0
4456.6	3230	0
4456.6	3173	0
4456.6	3107	0
4456.6	2791	0
4456.7	3167	0
4456.7	3186	0
4456.8	3058	0
4456.8	3151	0
4456.8	3169	0
4456.8	3087	0
4456.8	3239	0
4456.8	3207	0
4456.8	3082	0
4456.9	3282	0
4456.9	3169	0
4456.9	3099	0
4456.9	3126	0
4456.9	3169	0
4456.9	3277	0
4456.9	3090	0
4456.9	3030	0
4456.9	3148	0
4457.0	3257	0
4457.0	3255	0
4457.1	3190	0
4457.1	3158	0
4457.1	3167	0
4457.1	3159	0
4457.1	2763	0
4457.2	3039	0
4457.2	3174	0
4457.2	782	0
4457.2	1781	0
4457.3	3166	0
4457.3	3141	0
4457.3	3095	0
4457.3	3191	0
4457.3	3246	0
4457.3	3047	0
4457.4	3225	0
4457.5	3299	0
4457.5	1585	0
4457.6	3036	0
4457.6	3127	0
4457.7	3146	0
4457.7	3219	0
4457.7	3201	0
4457.7	3203	0
4457.7	3117	0
