2732.7	468	0
2734.4	1327	0
2734.8	1202	0
2735.2	1266	0
2742.4	552	0
2742.4	444	0
2743.9	850	0
2744.7	599	0
2748.5	727	0
2749.9	719	0
2751.3	736	0
2751.4	368	0
2751.9	1067	0
2755.1	961	0
2756.0	411	0
2756.2	430	0
2758.8	1102	0
2763.6	1018	0
2764.0	922	0
2766.9	781	0
2770.1	706	0
2770.9	424	0
2771.2	352	0
2772.5	611	0
2772.9	832	0
2775.5	448	0
2775.9	424	0
2777.7	452	0
2777.8	586	0
2778.7	649	0
2780.9	480	0
2783.8	881	0
2784.8	748	0
2789.8	440	0
2795.8	742	0
2797.1	580	0
2800.5	803	0
2803.4	500	0
2806.1	1264	0
2808.7	380	0
2809.2	592	0
2811.4	567	0
2812.9	440	0
2814.5	668	0
2817.3	890	0
2817.9	528	0
2818.0	1015	0
2819.2	980	0
2819.6	517	0
2819.7	1648	0
2821.2	847	0
2821.8	499	0
2821.9	526	0
2824.9	512	0
2825.2	538	0
2831.6	559	0
2831.8	660	0
2833.6	1622	0
2837.0	1120	0
2837.7	401	0
2840.9	484	0
2844.6	478	0
2845.5	758	0
2851.4	1314	0
2853.2	1258	0
2857.7	676	0
2858.4	624	0
2858.9	594	0
2860.5	634	0
2862.1	524	0
2862.6	1046	0
2862.9	621	0
2864.0	640	0
2864.5	742	0
2865.9	700	0
2866.0	799	0
2866.9	380	0
2868.1	912	0
2868.1	872	0
2872.1	700	0
2874.4	709	0
2876.4	978	0
2879.0	700	0
2879.6	796	0
2880.9	678	0
2881.6	904	0
2885.5	589	0
2887.8	408	0
2888.3	768	0
2891.3	629	0
2895.5	1058	0
2895.7	433	0
2898.0	687	0
2898.7	756	0
2899.9	831	0
2901.7	577	0
2903.1	524	0
2904.4	764	0
2904.5	510	0
2906.1	865	0
2906.4	873	0
2911.3	1268	0
2912.1	776	0
2912.7	544	0
2913.3	745	0
2913.6	392	0
2920.4	375	0
2920.4	1012	0
2923.7	945	0
2925.1	1084	0
2925.8	1280	0
2928.7	876	0
2930.0	883	0
2930.1	1118	0
2931.0	350	0
2933.2	903	0
2941.5	301	0
2943.5	742	0
2945.4	1288	0
2948.2	364	0
2948.4	392	0
2951.2	492	0
2951.5	327	0
2952.5	432	0
2953.2	1709	0
2955.1	549	0
2957.1	912	0
2957.6	493	0
2962.2	360	0
2963.9	464	0
2969.2	744	0
2969.3	1656	0
2974.6	582	0
2978.1	1042	0
2978.4	452	0
2978.6	530	0
2979.6	709	0
2982.1	1352	0
2982.5	619	0
2983.3	548	0
2985.3	507	0
#da qui in poi ci sono i dati quando è tornata la luce
690.6	814	0
690.8	578	0
694.0	690	0
697.2	891	0
698.2	713	0
700.2	580	0
701.4	597	0
702.5	824	0
705.8	580	0
706.7	369	0
708.1	1040	0
708.4	734	0
716.0	384	0
718.8	1248	0
718.9	664	0
720.8	644	0
724.3	517	0
726.1	578	0
726.4	484	0
727.3	809	0
728.2	478	0
728.6	724	0
728.8	649	0
730.6	1459	0
730.9	680	0
731.1	1062	0
731.7	766	0
733.0	592	0
734.1	988	0
735.9	589	0
736.5	338	0
738.0	322	0
738.3	1092	0
739.4	960	0
739.8	370	0
739.9	867	0
745.1	718	0
746.5	979	0
749.1	509	0
750.2	642	0
750.9	1270	0
752.7	954	0
755.4	366	0
758.5	1507	0
761.1	426	0
762.6	1050	0
762.9	787	0
763.0	452	0
763.7	1259	0
766.9	624	0
768.2	508	0
769.0	471	0
771.6	825	0
774.1	840	0
774.4	428	0
777.6	614	0
779.8	804	0
780.2	1413	0
788.4	1012	0
796.0	340	0
800.5	470	0
808.3	674	0
810.9	656	0
811.2	617	0
811.8	550	0
813.6	759	0
820.6	413	0
824.3	831	0
825.0	436	0
826.0	1141	0
828.0	381	0
829.6	368	0
829.8	930	0
829.9	548	0
830.8	740	0
832.4	654	0
833.9	885	0
833.9	436	0
834.1	628	0
837.8	632	0
846.4	982	0
847.5	616	0
848.4	424	0
849.1	461	0
850.5	1041	0
852.4	707	0
852.5	546	0
853.8	460	0
855.0	717	0
857.8	428	0
858.3	618	0
860.5	780	0
861.5	599	0
863.4	845	0
864.1	397	0
865.8	1148	0
866.4	552	0
867.2	535	0
872.5	628	0
872.8	468	0
874.3	336	0
876.2	344	0
879.7	809	0
882.1	483	0
882.7	538	0
882.8	716	0
883.3	620	0
884.1	945	0
885.3	380	0
887.1	382	0
890.2	781	0
890.5	1156	0
892.6	324	0
892.9	984	0
893.5	1440	0
896.5	740	0
898.2	742	0
898.4	801	0
899.0	880	0
900.3	1218	0
900.7	542	0
903.0	462	0
903.1	1020	0
903.5	1252	0
906.2	1088	0
909.6	1283	0
911.5	912	0
917.1	686	0
918.8	397	0
920.0	1272	0
922.8	770	0
923.4	671	0
926.3	1157	0
928.2	821	0
929.9	802	0
934.5	768	0
935.2	673	0
935.9	698	0
936.7	388	0
937.2	503	0
940.7	398	0
943.1	644	0
944.1	385	0
948.5	353	0
951.0	736	0
952.7	450	0
954.8	1169	0
955.1	854	0
958.7	648	0
962.3	424	0
964.2	491	0
967.3	430	0
969.4	734	0
970.7	1278	0
975.5	549	0
976.4	565	0
977.7	1085	0
981.8	414	0
983.9	695	0
986.6	426	0
988.0	1097	0
988.5	1409	0
989.2	792	0
992.0	766	0
994.8	732	0
994.9	652	0
995.8	644	0
998.3	1189	0
999.6	838	0
1002.9	1107	0
1008.7	589	0
1010.5	814	0
1011.7	412	0
1012.8	696	0
1015.2	532	0
1016.6	450	0
1020.5	1337	0
1022.0	471	0
1022.2	1262	0
1023.2	744	0
1031.3	484	0
1032.7	966	0
1036.0	882	0
1038.3	517	0
1039.6	790	0
1041.8	917	0
1042.9	433	0
1043.0	530	0
1044.2	678	0
1046.8	396	0
# 190	358874
