1240.8	625	0
1240.8	441	0
1242.1	847	0
1242.2	410	0
1242.2	758	0
1242.3	392	0
1242.6	1132	0
1242.8	790	0
1243.2	836	0
1243.9	1010	0
1244.3	916	0
1245.9	675	0
1246.2	929	0
1247.4	920	0
1247.4	969	0
1248.4	830	0
1248.4	501	0
1248.9	1420	0
1249.8	1142	0
1250.2	1505	0
1250.2	1312	0
1250.9	1541	0
1252.8	456	0
1253.3	460	0
1253.7	954	0
1254.1	1032	0
1255.2	515	0
1256.2	365	0
1257.0	717	0
1257.5	344	0
1258.1	496	0
1259.1	1225	0
1259.9	658	0
1260.1	597	0
1260.8	932	0
1261.7	508	0
1263.9	677	0
1264.1	352	0
1265.8	604	0
1266.1	1012	0
1267.2	825	0
1268.0	488	0
1268.2	394	0
1270.1	584	0
1270.2	658	0
1271.4	514	0
1271.6	494	0
1273.8	1832	0
1275.5	725	0
1276.3	465	0
1277.2	1430	0
1277.3	633	0
1278.4	858	0
1279.1	457	0
1280.3	401	0
1280.6	1120	0
1281.8	573	0
1282.2	1398	0
1283.2	704	0
1283.7	989	0
1284.2	442	0
1284.6	573	0
1286.5	540	0
1288.2	810	0
1288.8	400	0
1289.4	702	0
1289.7	620	0
1290.0	1076	0
1290.1	1162	0
1291.5	823	0
1292.8	1152	0
1293.8	672	0
1294.2	814	0
1295.8	892	0
1295.8	805	0
1296.4	676	0
1297.1	1062	0
1297.8	590	0
1298.0	710	0
1299.8	729	0
1300.3	942	0
1301.6	776	0
1302.2	1012	0
1303.6	685	0
1303.7	1324	0
1303.8	480	0
1303.8	410	0
1304.2	1044	0
1304.6	672	0
1304.8	1719	0
1305.2	715	0
1306.1	558	0
1307.5	955	0
1308.4	488	0
1308.9	2150	0
1309.4	441	0
1310.7	606	0
1310.8	1713	0
1311.8	1137	0
1312.5	1391	0
1313.6	650	0
1313.7	482	0
1314.3	798	0
1314.8	928	0
1315.7	830	0
1315.8	590	0
1317.9	570	0
1318.6	1205	0
1319.5	1442	0
1319.8	420	0
1320.1	608	0
1321.2	616	0
1322.2	1408	0
1324.2	530	0
1324.4	920	0
1325.5	393	0
1325.8	394	0
1325.9	352	0
1326.6	692	0
1327.0	1007	0
1327.1	500	0
1327.2	338	0
1327.7	0	0
1327.7	850	0
1327.7	606	0
1328.0	554	0
1329.4	1310	0
1329.6	1389	0
1330.1	656	0
1331.6	560	0
1332.1	398	0
1332.8	476	0
1333.3	356	0
1333.4	1273	0
1334.0	1104	0
1335.4	844	0
1336.2	993	0
1336.5	1255	0
1336.6	1612	0
1338.4	504	0
1338.5	482	0
1338.7	352	0
1338.9	697	0
1339.6	672	0
1340.3	552	0
1341.7	893	0
1342.9	906	0
1343.2	619	0
1343.4	813	0
1344.7	905	0
1345.7	1220	0
1348.1	525	0
1348.2	390	0
1348.6	444	0
1349.1	516	0
1349.5	545	0
1350.0	1202	0
1351.2	658	0
1351.8	758	0
1353.4	986	0
1353.8	376	0
1354.0	812	0
1354.1	714	0
1355.1	898	0
1356.3	449	0
1356.6	453	0
1357.0	893	0
1358.0	1399	0
1358.9	554	0
1360.0	353	0
1364.2	453	0
1365.7	900	0
1365.7	713	0
1365.8	558	0
1367.0	1162	0
1367.8	974	0
1369.2	869	0
1369.6	1391	0
1369.7	1876	0
1370.4	1360	0
1370.5	436	0
1370.9	1024	0
1371.3	1048	0
1371.4	528	0
1371.8	385	0
1371.9	951	0
1373.0	502	0
1373.4	1316	0
1373.6	432	0
1373.8	717	0
1374.1	900	0
1374.4	1193	0
1375.6	812	0
1375.9	840	0
1376.3	412	0
1376.4	512	0
1376.7	562	0
1376.9	742	0
1377.5	1198	0
1377.7	846	0
1378.1	1534	0
1378.5	444	0
1379.0	944	0
1380.6	733	0
1381.3	988	0
1382.5	990	0
1384.1	1302	0
1384.9	1018	0
1385.1	1250	0
1386.4	614	0
1387.0	837	0
1387.0	694	0
1389.4	517	0
1390.2	675	0
1390.6	723	0
1390.9	427	0
1391.6	379	0
1392.1	1107	0
1393.9	1722	0
1393.9	683	0
1394.1	0	0
1394.4	608	0
1395.1	456	0
1395.5	1104	0
1396.0	1179	0
1396.1	481	0
1396.2	557	0
1396.7	373	0
1397.6	793	0
1398.9	663	0
1399.3	949	0
1400.2	1233	0
1400.8	605	0
1401.4	944	0
1404.2	696	0
1404.5	484	0
1407.0	520	0
1408.1	1332	0
1408.8	884	0
1408.9	765	0
1409.0	522	0
1409.0	1221	0
1410.0	1527	0
1410.3	656	0
1411.2	1114	0
1412.0	833	0
1412.1	573	0
1412.4	401	0
1412.5	1290	0
1413.0	488	0
1413.8	818	0
1416.8	1103	0
1416.9	959	0
1417.2	464	0
1417.8	1752	0
1418.4	590	0
1418.7	651	0
1419.4	1446	0
1419.8	494	0
1420.9	1280	0
1422.5	804	0
1423.0	873	0
1423.3	683	0
1424.3	517	0
1424.6	812	0
1424.9	427	0
1427.3	598	0
1427.7	652	0
1429.1	1129	0
1430.9	985	0
1431.7	1470	0
1433.3	908	0
1433.6	430	0
1434.1	453	0
1434.4	974	0
1435.1	554	0
1435.8	1040	0
1436.8	717	0
1437.7	480	0
1437.9	735	0
1437.9	909	0
1439.1	644	0
1439.8	766	0
1440.9	1662	0
1441.6	961	0
1441.7	428	0
1441.8	909	0
1442.3	718	0
1442.4	728	0
1442.7	936	0
1443.0	822	0
1443.0	720	0
1444.3	389	0
1444.6	428	0
1445.5	392	0
1446.3	1548	0
1446.3	2173	0
1446.4	598	0
1449.3	1018	0
1449.7	361	0
1450.0	503	0
1450.9	824	0
1450.9	510	0
1450.9	1676	0
1451.8	545	0
1453.2	958	0
1453.6	546	0
1453.9	554	0
1456.5	444	0
1456.6	836	0
1456.6	388	0
1459.2	823	0
1459.7	1166	0
1460.8	776	0
1461.2	501	0
1461.6	509	0
1462.0	375	0
1462.7	416	0
1463.5	386	0
1464.4	956	0
1464.4	710	0
1464.6	424	0
1467.2	440	0
1467.4	1160	0
1467.5	716	0
1469.1	692	0
1471.3	978	0
1472.7	794	0
1472.8	652	0
1473.1	480	0
1473.1	504	0
1473.2	1412	0
1473.9	801	0
1473.9	1003	0
1475.3	684	0
1476.5	372	0
1476.6	1174	0
1479.2	448	0
1479.3	1046	0
1480.1	646	0
1482.3	537	0
1482.4	834	0
1482.8	1116	0
1483.0	1015	0
1483.1	640	0
1483.9	736	0
1484.5	1070	0
1484.9	546	0
1485.6	828	0
1486.5	689	0
1487.1	569	0
1487.7	466	0
1488.0	1088	0
1489.3	1001	0
1491.2	911	0
1493.5	888	0
1493.6	570	0
1494.1	985	0
1494.7	861	0
1496.0	578	0
1496.2	736	0
1497.1	1320	0
1497.2	635	0
1498.8	1736	0
1498.8	1614	0
1499.2	512	0
1499.8	928	0
1499.9	746	0
1500.3	473	0
1500.3	685	0
1501.8	983	0
1502.8	538	0
1503.6	512	0
1504.3	704	0
1504.8	1963	0
1505.6	593	0
1505.6	931	0
1505.7	570	0
1505.8	692	0
1505.8	1270	0
1505.8	464	0
1506.6	346	0
1508.1	1047	0
1509.2	408	0
1512.2	582	0
1512.5	860	0
1512.9	834	0
1514.8	954	0
1515.6	396	0
1515.8	707	0
1516.6	780	0
1516.8	780	0
1516.9	392	0
1517.4	508	0
1518.0	545	0
1518.1	1246	0
1518.6	558	0
1519.4	1476	0
1519.4	1243	0
1519.6	892	0
1519.9	784	0
1520.8	407	0
1522.2	512	0
1523.1	498	0
1523.6	1223	0
1525.2	365	0
1526.0	716	0
1526.1	482	0
1527.0	1836	0
1527.3	940	0
1527.4	578	0
1527.7	410	0
1528.0	1280	0
1530.0	530	0
1530.3	820	0
1530.5	870	0
1530.7	890	0
1532.2	682	0
1532.3	505	0
1532.7	1673	0
1533.0	1197	0
1534.6	1269	0
1534.6	898	0
1534.9	956	0
1535.9	792	0
1536.4	700	0
1536.7	858	0
1536.7	1063	0
1537.2	1366	0
1537.2	560	0
1539.1	395	0
1540.4	576	0
1543.0	1305	0
1543.6	545	0
1543.9	539	0
1544.4	1119	0
1545.9	472	0
1546.7	643	0
1547.6	602	0
1547.6	442	0
1548.1	608	0
1548.2	480	0
1548.7	907	0
1548.8	1422	0
1549.2	1309	0
1551.0	745	0
1551.7	890	0
1551.9	819	0
1553.2	346	0
1553.4	960	0
1554.4	922	0
1554.9	1308	0
