5211.9	3106	0
5211.9	1550	0
5211.9	4	0
5212.0	2863	0
5212.1	3161	0
5212.1	3011	0
5212.2	1504	0
5212.2	4	0
5212.2	3137	0
5212.2	3098	0
5212.2	3155	0
5212.2	3101	0
5212.2	3203	0
5212.3	3173	0
5212.3	3028	0
5212.3	3155	0
5212.3	3021	0
5212.3	3065	0
5212.3	1297	0
5212.4	3120	0
5212.4	2959	0
5212.4	3069	0
5212.4	2963	0
5212.4	3095	0
5212.4	3087	0
5212.4	2924	0
5212.5	3131	0
5212.5	3187	0
5212.6	3101	0
5212.6	2873	0
5212.6	3074	0
5212.6	3036	0
5212.6	3123	0
5212.7	3078	0
5212.7	3159	0
5212.7	2988	0
5212.7	2818	0
5212.7	3020	0
5212.8	3112	0
5212.8	2955	0
5212.9	2973	0
5212.9	2891	0
5212.9	2904	0
5213.0	3108	0
5213.1	3173	0
5213.1	3077	0
5213.1	3053	0
5213.2	3163	0
5213.2	3079	0
5213.3	2996	0
5213.3	3226	0
5213.3	3016	0
5213.3	3096	0
5213.3	3115	0
5213.4	2979	0
5213.4	3108	0
5213.4	2995	0
5213.4	3119	0
5213.4	3177	0
5213.4	2393	0
5213.4	3031	0
5213.4	3117	0
5213.5	2083	0
5213.5	2993	0
5213.5	3398	0
5213.5	2995	0
5213.6	3110	0
5213.6	3093	0
5213.6	2903	0
5213.6	3180	0
5213.6	3140	0
5213.6	3064	0
5213.6	3052	0
5213.6	3046	0
5213.6	3007	0
5213.7	3153	0
5213.7	3117	0
5213.7	3131	0
5213.7	3156	0
5213.7	2937	0
5213.7	2878	0
5213.8	3057	0
5213.8	2815	0
5213.8	3156	0
5213.8	3014	0
5213.8	2992	0
5213.9	3042	0
5213.9	2032	0
5213.9	2951	0
5213.9	3033	0
5213.9	3103	0
5213.9	3117	0
5214.0	3039	0
5214.0	3147	0
5214.0	3163	0
5214.0	3165	0
5214.1	3144	0
5214.1	3125	0
5214.2	3114	0
5214.2	3199	0
5214.2	3132	0
5214.2	3034	0
5214.4	2918	0
5214.4	3081	0
5214.4	3007	0
5214.4	3309	0
5214.4	3031	0
5214.4	3084	0
5214.5	3003	0
5214.5	3111	0
5214.5	3043	0
5214.5	3134	0
5214.6	2984	0
5214.6	2920	0
5214.6	2849	0
5214.6	2940	0
5214.6	3249	0
5214.7	3054	0
5214.7	3182	0
5214.7	3223	0
5214.8	3077	0
5214.8	2887	0
5214.8	3063	0
5214.8	2726	0
5214.8	3128	0
5214.9	3129	0
5214.9	3022	0
5214.9	3071	0
5214.9	3068	0
5214.9	3071	0
5214.9	3141	0
5214.9	516	0
5215.0	3063	0
5215.0	3071	0
5215.0	2741	0
5215.0	2990	0
5215.0	3002	0
5215.0	3108	0
5215.1	3176	0
5215.1	2862	0
5215.2	2962	0
5215.2	2990	0
5215.2	3009	0
5215.2	3122	0
5215.2	2994	0
5215.2	3053	0
5215.3	3030	0
5215.3	3055	0
5215.3	3189	0
5215.3	3071	0
5215.4	2859	0
5215.4	3101	0
5215.4	3091	0
5215.4	2956	0
5215.5	3034	0
5215.5	3027	0
5215.5	2752	0
5215.5	3158	0
5215.6	3113	0
5215.6	2526	0
5215.6	2975	0
5215.6	3113	0
5215.7	3039	0
5215.7	2935	0
5215.8	3084	0
5215.8	2891	0
5215.9	3075	0
5215.9	2969	0
5215.9	2875	0
5215.9	3272	0
5216.0	3099	0
5216.0	3228	0
5216.0	2994	0
5216.1	2917	0
5216.1	3004	0
5216.1	3097	0
5216.1	2778	0
5216.2	3151	0
5216.3	3077	0
5216.3	2942	0
5216.3	3115	0
5216.3	3062	0
5216.3	3085	0
5216.3	1332	0
5216.4	2880	0
5216.4	3317	0
5216.4	3087	0
5216.4	2643	0
5216.4	3134	0
5216.4	3118	0
5216.4	3021	0
5216.4	3127	0
5216.5	3150	0
5216.5	3209	0
5216.5	1484	0
5216.5	3238	0
5216.5	3257	0
5216.5	3224	0
5216.5	3051	0
5216.5	3130	0
5216.5	3131	0
5216.6	2991	0
5216.6	2925	0
5216.6	3231	0
5216.6	3323	0
5216.6	3235	0
5216.7	3107	0
5216.7	2963	0
5216.7	3029	0
5216.8	3107	0
5216.8	3235	0
5216.8	2971	0
5216.8	2847	0
5216.9	3113	0
5216.9	3110	0
5216.9	3127	0
5216.9	2762	0
5217.0	3215	0
5217.0	3122	0
5217.0	3142	0
5217.0	3041	0
5217.0	2973	0
5217.1	3027	0
5217.1	3131	0
5217.1	3069	0
5217.2	3146	0
5217.2	3176	0
5217.2	3107	0
5217.2	3103	0
5217.2	3046	0
5217.2	3018	0
5217.2	3049	0
5217.2	3133	0
5217.2	3062	0
5217.3	3138	0
5217.3	2987	0
5217.3	3157	0
5217.3	3133	0
5217.4	3079	0
5217.4	3118	0
5217.4	3260	0
5217.4	3199	0
5217.5	3088	0
5217.5	2917	0
5217.6	3069	0
5217.6	3171	0
5217.6	3125	0
5217.6	3063	0
5217.6	3086	0
5217.6	3102	0
5217.7	3002	0
5217.7	734	0
5217.7	2978	0
5217.7	3061	0
5217.8	2951	0
5217.8	3167	0
5217.8	3041	0
5217.8	3058	0
5217.8	3059	0
5217.9	3189	0
5217.9	3087	0
5218.0	3071	0
5218.0	3147	0
5218.0	3018	0
5218.0	3057	0
5218.0	3169	0
5218.0	3119	0
5218.0	2930	0
5218.0	3178	0
5218.1	3210	0
5218.1	2993	0
5218.1	3193	0
5218.1	3230	0
5218.2	3013	0
5218.2	3031	0
5218.2	3038	0
5218.3	2987	0
5218.3	3039	0
5218.3	3030	0
5218.3	3068	0
5218.4	3103	0
5218.4	3035	0
5218.4	2998	0
5218.5	3234	0
5218.5	779	0
5218.5	3069	0
5218.6	3063	0
5218.6	2667	0
5218.6	3122	0
5218.6	3217	0
5218.6	2882	0
5218.7	3203	0
5218.7	2995	0
5218.7	3029	0
5218.7	3049	0
5218.7	2943	0
5218.7	3134	0
5218.7	2989	0
5218.8	2916	0
5218.8	2966	0
5218.8	3020	0
5218.8	3154	0
5218.9	3047	0
5218.9	3120	0
5218.9	3084	0
5218.9	3152	0
5218.9	3210	0
5219.0	3035	0
5219.0	2917	0
5219.0	3229	0
5219.1	3247	0
5219.1	3101	0
5219.1	3132	0
5219.1	3135	0
5219.1	3159	0
5219.1	3051	0
5219.1	3096	0
5219.2	3059	0
5219.2	3151	0
5219.2	3070	0
5219.2	3114	0
5219.3	2987	0
5219.3	3175	0
5219.3	2937	0
5219.3	3207	0
5219.3	947	0
5219.4	3187	0
5219.4	3046	0
5219.4	3079	0
5219.4	3343	0
5219.4	2847	0
5219.4	3099	0
5219.4	3079	0
5219.4	3144	0
5219.4	2919	0
5219.5	3147	0
5219.5	3068	0
5219.6	2527	0
5219.6	1475	0
5219.7	4	0
5219.7	3153	0
5219.7	2978	0
5219.8	3104	0
5219.8	2892	0
5219.8	2879	0
5219.8	3130	0
5219.9	3281	0
5219.9	3087	0
5219.9	2954	0
5219.9	3222	0
5220.0	3267	0
5220.0	2963	0
5220.0	3083	0
5220.0	2600	0
5220.0	3119	0
5220.1	3123	0
5220.1	3134	0
5220.1	2974	0
5220.1	3195	0
5220.2	2870	0
5220.2	3234	0
5220.2	3101	0
5220.2	1163	0
5220.2	3103	0
5220.2	3187	0
5220.3	3114	0
5220.3	2970	0
5220.3	3125	0
5220.3	3129	0
5220.3	2995	0
5220.4	3050	0
5220.4	3143	0
5220.4	3071	0
5220.4	3297	0
5220.5	3171	0
5220.5	3009	0
5220.5	2956	0
5220.5	2991	0
5220.5	3051	0
5220.6	2954	0
5220.6	3148	0
5220.6	3092	0
5220.6	3095	0
5220.6	3115	0
5220.6	2602	0
5220.7	3075	0
5220.7	3101	0
5220.7	3055	0
5220.7	2892	0
5220.7	3106	0
5220.7	3111	0
5220.7	3071	0
5220.7	2915	0
5220.7	3015	0
5220.7	3097	0
5220.8	3007	0
5220.8	3015	0
5220.8	3031	0
5220.8	3122	0
5220.8	3034	0
5220.8	3120	0
5220.9	3017	0
5220.9	3081	0
5221.0	3069	0
5221.0	2949	0
5221.0	3080	0
5221.0	3201	0
5221.1	2981	0
5221.1	3082	0
5221.1	3123	0
5221.1	3079	0
5221.1	2969	0
5221.2	3045	0
5221.2	2991	0
5221.2	3103	0
5221.2	3146	0
5221.2	3053	0
5221.2	3030	0
5221.3	3062	0
5221.3	3085	0
5221.3	2878	0
5221.3	3186	0
5221.4	3095	0
5221.4	1016	0
5221.4	3079	0
5221.5	3006	0
5221.5	1685	0
5221.5	3103	0
5221.5	3268	0
5221.5	3199	0
5221.5	3078	0
5221.6	3183	0
5221.6	3069	0
5221.6	2921	0
5221.6	3014	0
5221.6	3213	0
5221.6	3231	0
5221.7	3097	0
5221.7	1558	0
5221.7	2949	0
5221.7	3027	0
5221.7	3186	0
5221.7	3086	0
5221.8	3107	0
5221.8	3065	0
5221.8	3089	0
5221.8	3057	0
5221.8	3052	0
5221.8	3027	0
5221.9	2994	0
5221.9	3153	0
5221.9	3022	0
5222.0	3055	0
5222.0	3163	0
5222.0	3177	0
5222.0	3201	0
5222.1	3141	0
5222.1	3042	0
5222.1	2986	0
5222.1	3139	0
5222.1	3099	0
5222.1	2913	0
5222.2	3020	0
5222.2	3118	0
5222.2	994	0
5222.2	2979	0
5222.3	3068	0
5222.3	3046	0
5222.3	3017	0
5222.3	2947	0
5222.3	3053	0
5222.4	3122	0
5222.4	2849	0
5222.4	3088	0
5222.4	3111	0
5222.4	2655	0
5222.4	3001	0
5222.5	2953	0
5222.5	3157	0
5222.5	3229	0
5222.5	3057	0
5222.5	3146	0
5222.5	2959	0
5222.6	3109	0
5222.6	3081	0
5222.6	3325	0
5222.7	3105	0
5222.8	2975	0
5222.8	2849	0
5222.8	3211	0
5222.8	3155	0
5222.8	3057	0
5222.9	3122	0
5222.9	2918	0
5222.9	3009	0
5223.0	3074	0
5223.0	3214	0
5223.0	2809	0
5223.0	3015	0
5223.1	3215	0
5223.1	3125	0
5223.1	2800	0
5223.1	3006	0
5223.2	3087	0
5223.2	3029	0
5223.2	2989	0
5223.2	2967	0
5223.2	3036	0
5223.3	3086	0
5223.3	2823	0
5223.3	3167	0
5223.3	3031	0
5223.4	3005	0
5223.5	3119	0
5223.5	776	0
5223.5	3007	0
5223.5	3175	0
5223.5	3164	0
5223.5	3126	0
5223.6	2869	0
5223.6	2932	0
5223.6	3035	0
5223.6	2963	0
5223.7	3160	0
5223.7	3135	0
5223.7	3005	0
5223.7	2980	0
5223.7	3118	0
5223.7	3061	0
5223.7	3033	0
5223.8	3119	0
5223.8	3093	0
5223.8	3173	0
5223.8	3088	0
5223.8	2922	0
5223.8	3074	0
5223.9	3049	0
5223.9	3143	0
5223.9	2967	0
5223.9	3084	0
5223.9	2916	0
5223.9	3217	0
5224.0	2856	0
5224.0	2939	0
5224.1	3066	0
5224.1	3123	0
5224.1	3091	0
5224.1	3102	0
5224.1	3037	0
5224.2	3276	0
5224.2	3039	0
5224.2	3129	0
5224.2	3129	0
5224.3	3166	0
5224.4	2723	0
5224.5	3088	0
5224.5	3028	0
5224.5	2877	0
5224.5	2980	0
5224.5	3015	0
5224.5	2985	0
5224.6	2998	0
5224.6	2941	0
5224.6	3031	0
5224.6	3171	0
5224.6	3083	0
5224.6	3077	0
5224.6	3111	0
5224.6	3061	0
5224.6	2863	0
5224.7	1697	0
5224.7	3025	0
5224.7	3143	0
5224.7	3221	0
5224.8	3097	0
5224.8	3034	0
5224.8	3170	0
5224.8	3158	0
5224.8	3071	0
5224.9	3076	0
5224.9	3015	0
5224.9	3094	0
5224.9	3048	0
5225.0	2920	0
5225.0	3097	0
5225.0	3128	0
5225.1	3165	0
5225.1	3140	0
5225.1	2886	0
5225.1	3213	0
5225.1	2870	0
5225.2	3149	0
5225.2	2885	0
5225.2	3103	0
5225.2	3237	0
5225.3	3046	0
5225.3	2987	0
5225.3	3035	0
5225.3	3107	0
5225.4	3030	0
5225.4	3175	0
5225.4	2958	0
5225.5	3095	0
5225.5	3194	0
5225.5	3029	0
5225.5	3080	0
5225.5	3053	0
5225.5	3047	0
5225.5	3135	0
5225.5	3177	0
5225.6	3016	0
5225.6	1616	0
5225.6	3214	0
5225.6	2990	0
5225.6	3202	0
5225.7	3084	0
5225.7	3060	0
5225.7	3007	0
5225.7	3055	0
5225.8	3102	0
5225.8	2563	0
5225.9	3125	0
5225.9	2975	0
5225.9	2114	0
5225.9	2859	0
5225.9	2973	0
5226.0	2895	0
5226.0	2901	0
5226.0	2865	0
5226.0	3187	0
5226.0	3023	0
5226.0	3077	0
5226.1	3111	0
5226.1	3177	0
5226.1	2982	0
5226.2	2929	0
5226.2	3095	0
5226.2	3124	0
5226.3	2923	0
5226.3	2990	0
5226.3	3172	0
5226.3	2864	0
5226.4	2974	0
5226.4	3099	0
5226.4	3071	0
5226.4	3115	0
5226.5	2891	0
5226.5	2753	0
5226.5	3169	0
5226.5	3032	0
5226.5	3119	0
5226.5	2912	0
5226.5	3063	0
5226.5	3045	0
5226.6	3145	0
5226.6	2983	0
5226.6	3128	0
5226.6	3143	0
5226.6	3185	0
5226.6	2877	0
5226.6	3135	0
5226.7	2992	0
5226.7	2950	0
5226.7	3201	0
5226.8	2785	0
5226.8	2967	0
5226.8	3121	0
5226.8	3037	0
5226.9	3252	0
5226.9	2961	0
5226.9	3039	0
5226.9	2974	0
5227.0	3060	0
5227.0	3021	0
5227.0	3001	0
5227.0	606	0
5227.0	3063	0
5227.0	3150	0
5227.0	1638	0
5227.1	3058	0
5227.1	3227	0
5227.1	656	0
5227.1	3171	0
5227.1	3107	0
5227.1	3202	0
5227.2	3211	0
5227.3	3069	0
5227.3	3122	0
5227.3	3154	0
5227.3	3132	0
5227.3	2989	0
5227.3	3093	0
5227.4	3168	0
5227.4	2939	0
5227.4	3142	0
5227.4	3182	0
5227.4	3064	0
5227.4	725	0
5227.5	3053	0
5227.5	3089	0
5227.5	3060	0
5227.5	3064	0
5227.5	3091	0
5227.5	3221	0
5227.6	3154	0
5227.6	3162	0
5227.6	3187	0
5227.6	3025	0
5227.6	2958	0
5227.7	3077	0
5227.7	2999	0
5227.7	3174	0
5227.7	3039	0
5227.8	3138	0
5227.8	3130	0
5227.8	3084	0
5227.9	2998	0
5227.9	2915	0
5228.0	3101	0
5228.0	3221	0
5228.0	3063	0
5228.0	3008	0
5228.0	3105	0
5228.0	3085	0
5228.1	3180	0
5228.1	3006	0
5228.1	3099	0
5228.2	3004	0
5228.2	3142	0
5228.3	3237	0
5228.3	3053	0
5228.3	2943	0
5228.3	3026	0
5228.4	3106	0
5228.4	3100	0
5228.4	3167	0
5228.4	3071	0
5228.4	1413	0
5228.4	3071	0
5228.5	3165	0
5228.5	2871	0
5228.5	3127	0
5228.6	3190	0
5228.6	3078	0
5228.6	3177	0
5228.7	2967	0
5228.7	2749	0
5228.8	3107	0
5228.8	3121	0
5228.8	3035	0
5228.9	2952	0
5228.9	3206	0
5228.9	3105	0
5228.9	2981	0
5228.9	2926	0
5228.9	3206	0
5229.0	3315	0
5229.0	2867	0
5229.0	3082	0
5229.0	3076	0
5229.1	2978	0
5229.1	3167	0
5229.1	3009	0
5229.1	3121	0
5229.1	3034	0
5229.1	3111	0
5229.1	2975	0
5229.1	3015	0
5229.1	3071	0
5229.2	3239	0
5229.3	2993	0
5229.3	3007	0
5229.3	3009	0
5229.3	3211	0
5229.3	3019	0
5229.3	3167	0
5229.3	2994	0
5229.3	594	0
5229.3	3105	0
5229.4	2995	0
5229.4	3078	0
5229.4	3064	0
5229.5	3114	0
5229.5	3107	0
5229.5	3020	0
5229.5	3191	0
5229.5	3103	0
5229.6	3212	0
5229.6	3179	0
5229.6	3147	0
5229.7	2869	0
5229.7	3095	0
5229.7	2851	0
5229.8	3127	0
5229.8	3105	0
5229.8	3044	0
5229.8	2879	0
5229.8	3065	0
5229.8	2485	0
5229.9	3162	0
5229.9	3057	0
5230.0	3037	0
5230.0	3060	0
5230.0	3165	0
5230.0	2033	0
5230.1	3174	0
5230.1	3118	0
5230.1	3011	0
5230.1	3115	0
5230.1	2983	0
5230.1	3191	0
5230.1	3061	0
5230.1	3104	0
5230.2	3007	0
5230.2	3207	0
5230.2	3130	0
5230.2	3006	0
5230.2	2984	0
5230.3	3012	0
5230.3	3074	0
5230.3	3152	0
5230.3	2840	0
5230.3	2978	0
5230.4	3257	0
5230.4	3094	0
5230.4	2850	0
5230.4	3239	0
5230.4	2949	0
5230.5	3044	0
5230.5	3149	0
5230.5	2777	0
5230.5	2985	0
5230.6	2997	0
5230.6	3134	0
5230.6	2939	0
5230.6	3102	0
5230.6	3130	0
5230.6	3103	0
5230.7	3068	0
5230.7	2955	0
5230.7	3097	0
5230.7	3075	0
5230.7	2911	0
5230.7	3134	0
5230.8	2908	0
5230.8	3036	0
5230.8	2767	0
5230.8	3009	0
5230.8	3207	0
5230.8	2834	0
5230.8	3167	0
5230.9	3022	0
5230.9	3147	0
5230.9	2980	0
5231.0	3215	0
5231.0	3183	0
5231.0	2994	0
5231.0	2929	0
5231.1	3091	0
5231.2	2999	0
5231.3	3036	0
5231.3	2972	0
5231.3	3093	0
5231.3	3183	0
5231.3	3246	0
5231.4	2889	0
5231.4	2835	0
5231.4	2662	0
5231.4	1259	0
5231.5	3083	0
5231.5	1102	0
5231.5	3090	0
5231.5	3176	0
5231.5	3085	0
5231.5	3227	0
5231.6	3013	0
5231.6	3119	0
5231.6	3106	0
5231.6	3054	0
5231.6	2885	0
5231.7	3190	0
5231.7	3076	0
5231.7	3117	0
5231.7	3199	0
5231.7	3107	0
5231.7	3119	0
5231.8	3055	0
5231.8	3058	0
5231.8	3239	0
5231.8	2925	0
5231.9	2954	0
5231.9	3018	0
5231.9	2904	0
5231.9	3186	0
5232.0	3165	0
5232.0	2951	0
5232.0	3239	0
5232.1	2926	0
5232.1	3205	0
5232.1	3135	0
5232.1	3073	0
5232.1	3051	0
5232.1	3055	0
5232.1	3049	0
5232.1	3159	0
5232.1	2950	0
5232.2	3001	0
5232.2	2838	0
5232.3	2671	0
5232.3	3107	0
5232.3	2901	0
5232.4	3053	0
5232.4	3062	0
5232.4	3061	0
5232.4	3025	0
5232.5	3165	0
5232.5	2967	0
5232.5	3021	0
5232.6	3068	0
5232.6	3085	0
5232.6	2997	0
5232.6	2635	0
5232.7	2534	0
5232.7	3058	0
5232.7	2331	0
5232.7	3076	0
5232.7	3053	0
5232.7	2891	0
5232.7	3089	0
5232.7	3046	0
5232.7	3054	0
5232.8	3211	0
5232.8	3193	0
5232.8	3176	0
5232.8	3214	0
5232.8	2993	0
5232.8	3027	0
5232.8	3126	0
5232.8	3047	0
5232.8	3081	0
5232.9	2903	0
5232.9	3078	0
5232.9	3044	0
5232.9	3069	0
5233.0	2977	0
5233.0	3114	0
5233.0	3108	0
5233.0	3090	0
5233.0	3009	0
5233.0	1067	0
5233.0	2820	0
5233.1	3179	0
5233.1	3013	0
5233.1	3123	0
5233.1	3048	0
5233.1	3199	0
5233.1	3139	0
5233.2	2795	0
5233.2	3187	0
5233.2	3091	0
5233.2	2931	0
5233.2	2999	0
5233.2	3140	0
5233.2	3229	0
5233.2	3037	0
5233.3	3224	0
5233.3	3123	0
5233.3	3143	0
5233.3	2869	0
5233.3	3095	0
5233.3	2963	0
5233.3	3144	0
5233.3	3071	0
5233.3	3045	0
5233.4	3051	0
5233.4	2934	0
5233.5	3198	0
5233.5	2938	0
5233.5	2926	0
5233.5	3073	0
5233.5	3172	0
5233.5	3119	0
5233.5	3095	0
5233.5	3091	0
5233.6	3129	0
5233.6	3057	0
5233.6	3235	0
5233.6	3147	0
5233.6	2993	0
5233.6	1076	0
5233.7	2991	0
5233.7	3060	0
5233.7	3143	0
5233.8	3203	0
5233.8	3025	0
5233.8	2916	0
5233.8	2877	0
5233.8	3108	0
5233.9	3077	0
5233.9	3126	0
5233.9	3044	0
5234.0	828	0
5234.0	3187	0
5234.1	3122	0
5234.1	2888	0
5234.1	3007	0
5234.2	2930	0
5234.2	2995	0
5234.2	3104	0
5234.3	3005	0
5234.3	2971	0
5234.3	3119	0
5234.3	3020	0
5234.4	2877	0
5234.5	3068	0
5234.5	3107	0
5234.5	3175	0
5234.5	3045	0
5234.6	3050	0
5234.6	2927	0
5234.6	2851	0
5234.7	3066	0
5234.7	3001	0
5234.7	2839	0
5234.7	3018	0
5234.7	3067	0
5234.8	2969	0
5234.8	3124	0
5234.8	2942	0
5234.8	3009	0
5234.8	2987	0
5234.8	2936	0
5234.9	2997	0
5234.9	2760	0
5235.0	2949	0
5235.0	2938	0
5235.0	1191	0
5235.0	2957	0
5235.0	3036	0
5235.0	2987	0
5235.1	2805	0
5235.2	1945	0
5235.2	3075	0
5235.2	3251	0
5235.2	3195	0
5235.2	3078	0
5235.2	3201	0
5235.3	2875	0
5235.3	3049	0
5235.3	3090	0
5235.4	3153	0
5235.4	3304	0
5235.4	3140	0
5235.4	3202	0
5235.4	3029	0
5235.5	3087	0
5235.5	2943	0
5235.5	3003	0
5235.5	3079	0
5235.6	3025	0
5235.6	3119	0
5235.7	2931	0
5235.7	3147	0
5235.7	3064	0
5235.8	2791	0
5235.8	3235	0
5235.8	3119	0
5235.8	3149	0
5235.8	3087	0
5235.8	3044	0
5235.9	3165	0
5235.9	3070	0
5235.9	3122	0
5235.9	2934	0
5235.9	2977	0
5236.0	3094	0
5236.0	3140	0
5236.0	3024	0
5236.0	3147	0
5236.2	3118	0
5236.2	2948	0
5236.2	3057	0
5236.2	2947	0
5236.2	3077	0
5236.3	3143	0
5236.3	2999	0
5236.3	2986	0
5236.3	1117	0
5236.3	3059	0
5236.3	3071	0
5236.3	3051	0
5236.3	3025	0
5236.4	3062	0
5236.4	3227	0
5236.5	3004	0
5236.5	2922	0
5236.5	2817	0
5236.5	3154	0
5236.5	3010	0
5236.5	3043	0
5236.5	3056	0
5236.5	3040	0
5236.5	2988	0
5236.5	3079	0
5236.5	3156	0
5236.6	3086	0
5236.6	3085	0
5236.6	2906	0
5236.7	3121	0
5236.7	3121	0
5236.7	2886	0
5236.7	3110	0
5236.7	3037	0
5236.8	3118	0
5236.8	3027	0
5236.8	2978	0
5236.8	3130	0
5236.8	2991	0
5236.8	3031	0
5236.9	2992	0
5236.9	3095	0
5236.9	3093	0
5236.9	3178	0
5237.0	3150	0
5237.0	3075	0
5237.0	2971	0
5237.0	3281	0
5237.0	3149	0
5237.0	3157	0
5237.1	2999	0
5237.1	3158	0
5237.1	3002	0
5237.1	3099	0
5237.2	3191	0
5237.2	3142	0
5237.2	3250	0
5237.2	3061	0
5237.3	3069	0
5237.3	3011	0
5237.4	3158	0
5237.5	3187	0
5237.5	539	0
5237.5	3137	0
5237.5	2885	0
5237.5	3235	0
5237.5	3016	0
5237.6	2826	0
5237.6	3225	0
5237.6	3048	0
5237.6	3201	0
5237.6	3001	0
5237.6	2946	0
5237.6	2910	0
5237.7	3103	0
5237.7	3019	0
5237.8	3079	0
5237.8	3051	0
5237.8	3155	0
5237.9	2993	0
5237.9	3151	0
5237.9	2957	0
5238.0	2844	0
5238.0	2705	0
5238.0	3003	0
5238.0	3042	0
5238.0	2863	0
5238.0	3039	0
5238.0	3160	0
5238.0	3115	0
5238.1	3035	0
5238.1	2897	0
5238.1	3116	0
5238.1	2947	0
5238.2	3176	0
5238.2	2930	0
5238.2	3171	0
5238.3	3155	0
5238.3	3001	0
5238.3	3031	0
5238.3	3098	0
5238.4	3172	0
5238.4	3037	0
5238.4	2853	0
5238.5	3048	0
5238.5	3087	0
5238.5	3051	0
5238.5	3041	0
5238.5	3071	0
5238.5	3127	0
5238.5	3198	0
5238.5	3123	0
5238.6	3011	0
5238.7	3248	0
5238.7	3126	0
5238.8	3004	0
5238.8	1212	0
5238.8	3219	0
5238.9	644	0
5238.9	2984	0
5239.0	2697	0
5239.0	2985	0
5239.0	3047	0
5239.0	2879	0
5239.0	3185	0
5239.0	3231	0
5239.1	1098	0
5239.1	3019	0
5239.1	3091	0
5239.1	2937	0
5239.1	2930	0
5239.1	2861	0
5239.2	2950	0
5239.2	2891	0
5239.2	3089	0
5239.3	2971	0
5239.3	3086	0
5239.3	3069	0
5239.3	3043	0
5239.3	3133	0
5239.3	3032	0
5239.4	2997	0
5239.4	3051	0
5239.4	3227	0
5239.4	3147	0
5239.4	2737	0
5239.5	2874	0
5239.5	3060	0
5239.5	3075	0
5239.5	3129	0
5239.6	3082	0
5239.6	3054	0
5239.6	3166	0
5239.6	3155	0
5239.6	3077	0
5239.6	3123	0
5239.6	3025	0
5239.6	1413	0
5239.7	4	0
5239.7	2968	0
5239.7	3154	0
5239.7	3002	0
5239.7	3007	0
5239.8	2991	0
5239.8	3023	0
5239.8	3209	0
5239.8	2950	0
5239.9	3068	0
5239.9	3098	0
5239.9	3091	0
5239.9	3075	0
5239.9	3076	0
5240.0	3110	0
5240.0	1755	0
5240.1	3085	0
5240.1	3101	0
5240.1	3084	0
5240.1	3129	0
5240.1	3142	0
5240.2	3164	0
5240.2	2907	0
5240.2	3173	0
5240.3	3070	0
5240.3	3063	0
5240.3	3026	0
5240.4	2875	0
5240.5	2984	0
5240.5	3079	0
5240.5	3065	0
5240.5	3099	0
5240.5	1692	0
5240.5	3053	0
5240.6	3049	0
5240.6	3010	0
5240.6	3241	0
5240.7	3138	0
5240.7	2991	0
5240.8	2881	0
5240.8	3153	0
5240.8	3107	0
5240.9	3041	0
5240.9	3083	0
5240.9	3021	0
5241.0	2917	0
5241.0	3106	0
5241.0	3007	0
5241.0	3130	0
5241.0	2863	0
5241.1	3086	0
5241.1	3151	0
5241.1	3016	0
5241.1	3135	0
5241.1	3058	0
5241.2	3256	0
5241.2	3023	0
5241.2	3069	0
5241.2	3099	0
5241.2	3100	0
5241.2	3029	0
5241.2	2809	0
5241.2	3144	0
5241.2	3213	0
5241.2	3071	0
5241.3	2215	0
5241.3	2753	0
5241.3	3191	0
5241.3	3071	0
5241.4	3145	0
5241.4	3059	0
5241.4	3233	0
5241.4	2891	0
5241.4	3135	0
5241.4	2941	0
5241.4	2909	0
5241.5	2092	0
5241.5	2315	0
5241.5	2866	0
5241.5	2971	0
5241.5	3175	0
5241.6	2994	0
5241.6	3116	0
5241.6	3095	0
5241.6	3204	0
5241.6	3255	0
5241.6	3227	0
5241.7	3059	0
5241.7	2973	0
5241.7	3086	0
5241.7	3241	0
5241.7	2222	0
5241.7	2997	0
5241.8	3139	0
5241.8	3067	0
5241.8	3002	0
5241.8	2957	0
5241.8	3039	0
5241.9	3033	0
5241.9	3163	0
5242.0	3235	0
5242.0	3122	0
5242.0	3207	0
5242.0	3059	0
5242.0	3034	0
5242.0	2985	0
5242.1	3268	0
5242.1	2904	0
5242.1	2952	0
5242.1	3054	0
5242.1	3179	0
5242.2	3100	0
5242.2	3055	0
5242.2	2995	0
5242.2	2987	0
5242.2	3186	0
5242.2	2945	0
5242.3	3186	0
5242.3	3109	0
5242.3	3185	0
5242.3	3062	0
5242.3	3009	0
5242.4	2849	0
5242.4	3225	0
5242.4	3172	0
5242.4	2777	0
5242.4	3085	0
5242.5	2764	0
5242.5	2934	0
5242.5	3018	0
5242.5	1054	0
5242.6	3206	0
5242.6	3011	0
5242.6	3113	0
5242.6	2980	0
5242.6	3142	0
5242.6	3120	0
5242.7	2919	0
5242.8	3052	0
5242.8	2808	0
5242.8	3171	0
5242.8	3107	0
5242.9	2967	0
5242.9	2916	0
5242.9	3043	0
5242.9	3219	0
5243.0	3011	0
5243.0	3058	0
5243.0	2922	0
5243.0	3202	0
5243.0	1575	0
5243.1	2993	0
5243.1	3147	0
5243.1	3055	0
5243.1	3163	0
5243.1	3078	0
5243.2	3039	0
5243.2	3119	0
5243.2	3124	0
5243.3	2975	0
5243.3	2973	0
5243.3	3133	0
5243.3	3129	0
5243.3	3047	0
5243.3	3042	0
5243.3	3006	0
5243.3	3137	0
5243.3	2637	0
5243.3	659	0
5243.4	3014	0
5243.4	2146	0
5243.4	3067	0
5243.4	2957	0
5243.4	2975	0
5243.5	3007	0
5243.5	3213	0
5243.5	2953	0
5243.5	3100	0
5243.5	2979	0
5243.6	3106	0
5243.6	3123	0
5243.7	3071	0
5243.7	3013	0
5243.7	2966	0
5243.7	2909	0
5243.7	3068	0
5243.8	2891	0
5243.8	3078	0
5243.8	3038	0
5243.8	3035	0
5243.8	3455	0
5243.9	2890	0
5243.9	2859	0
5243.9	3071	0
5243.9	3015	0
5243.9	3125	0
5244.0	3064	0
5244.0	3133	0
5244.0	3121	0
5244.1	3049	0
5244.1	2982	0
5244.1	3133	0
5244.1	3080	0
5244.2	3062	0
5244.2	3039	0
5244.3	3103	0
5244.3	3024	0
5244.3	3023	0
5244.3	3021	0
5244.3	3013	0
5244.3	3103	0
5244.3	2965	0
5244.4	3053	0
5244.4	2874	0
5244.4	1505	0
5244.4	4	0
5244.4	1394	0
5244.5	3140	0
5244.5	3123	0
5244.5	3076	0
5244.5	3039	0
5244.5	1042	0
5244.5	2998	0
5244.6	2978	0
5244.6	3245	0
5244.6	3084	0
5244.7	3023	0
5244.7	2969	0
5244.7	2981	0
5244.7	2993	0
5244.7	3193	0
5244.7	2556	0
5244.7	3005	0
5244.8	3145	0
5244.8	3012	0
5244.8	549	0
5244.8	2957	0
5244.9	3017	0
5244.9	2986	0
5244.9	3199	0
5245.0	2998	0
5245.0	3038	0
5245.0	3085	0
5245.0	3081	0
5245.0	2967	0
5245.0	3053	0
5245.0	2882	0
5245.1	3228	0
5245.1	3012	0
5245.2	2933	0
5245.2	3218	0
5245.2	3135	0
5245.2	3026	0
5245.2	3099	0
5245.3	1058	0
5245.3	3143	0
5245.3	3156	0
5245.3	3135	0
5245.3	3131	0
5245.4	1462	0
5245.4	4	0
5245.4	2870	0
5245.4	3246	0
5245.5	3170	0
5245.5	3065	0
5245.5	3095	0
5245.6	3119	0
5245.6	3131	0
5245.6	3063	0
5245.7	3158	0
5245.8	3097	0
5245.8	3103	0
5245.8	3156	0
5245.8	1630	0
5245.8	3047	0
5245.9	3162	0
5246.0	2907	0
5246.0	3108	0
5246.1	3167	0
5246.2	3044	0
5246.2	3178	0
5246.2	3125	0
5246.2	2958	0
5246.2	3194	0
5246.2	3035	0
5246.2	2996	0
5246.3	3057	0
5246.3	3163	0
5246.3	2893	0
5246.3	3011	0
5246.4	930	0
5246.4	3128	0
5246.5	3071	0
5246.5	3125	0
5246.5	3067	0
5246.6	3007	0
5246.6	3125	0
5246.6	2977	0
5246.6	2909	0
5246.6	3205	0
5246.6	2645	0
5246.7	2902	0
5246.7	3186	0
5246.7	3102	0
5246.7	2904	0
5246.7	3147	0
5246.7	3131	0
5246.8	3145	0
5246.8	3108	0
5246.8	3115	0
5246.8	3099	0
5246.8	2932	0
5246.8	3074	0
5246.9	2959	0
5246.9	3081	0
5246.9	3265	0
5246.9	3052	0
5246.9	2990	0
5247.0	3159	0
5247.0	2959	0
5247.0	3089	0
5247.1	3109	0
5247.1	3175	0
5247.1	3211	0
5247.1	3296	0
5247.1	2920	0
5247.2	3054	0
5247.2	3091	0
5247.2	3209	0
5247.2	3027	0
5247.2	3040	0
5247.2	3080	0
5247.2	3146	0
5247.3	1589	0
5247.3	3190	0
5247.3	2966	0
5247.3	3095	0
5247.4	3039	0
5247.4	3022	0
5247.4	3023	0
5247.4	3030	0
5247.4	3022	0
5247.5	3151	0
5247.5	764	0
5247.5	3090	0
5247.5	790	0
5247.6	2959	0
5247.6	2966	0
5247.7	3137	0
5247.7	2887	0
5247.8	3110	0
5247.8	2991	0
5247.9	2939	0
5247.9	3103	0
5248.0	3121	0
5248.0	2783	0
5248.1	3222	0
5248.1	3015	0
5248.1	3115	0
5248.2	664	0
5248.2	2647	0
5248.3	3151	0
5248.3	2998	0
5248.3	3125	0
5248.3	2897	0
5248.4	3033	0
5248.4	2999	0
5248.4	3131	0
5248.4	2785	0
5248.5	3145	0
5248.5	3137	0
5248.5	3146	0
5248.6	1457	0
5248.6	1540	0
5248.7	3145	0
5248.7	3054	0
5248.7	3081	0
5248.7	3064	0
5248.7	1100	0
5248.7	3034	0
5248.7	3231	0
5248.7	2974	0
5248.7	3103	0
5248.8	3221	0
5248.8	3071	0
5248.8	2935	0
5248.9	2847	0
5248.9	3065	0
5248.9	3135	0
5248.9	3215	0
5248.9	3066	0
5248.9	2869	0
5249.0	3055	0
5249.0	3186	0
5249.0	3085	0
5249.0	2982	0
5249.0	2969	0
5249.0	3117	0
5249.1	3026	0
5249.1	3129	0
5249.1	3129	0
5249.1	3095	0
5249.1	2252	0
5249.1	3007	0
5249.1	3128	0
5249.1	3018	0
5249.1	2859	0
5249.2	3143	0
5249.2	3059	0
5249.2	3175	0
5249.2	3101	0
5249.2	3087	0
5249.2	3181	0
5249.3	3109	0
5249.3	2947	0
5249.3	2969	0
5249.3	3107	0
5249.3	3222	0
5249.3	2999	0
5249.3	2916	0
5249.4	2967	0
5249.4	3213	0
5249.4	3009	0
5249.5	3088	0
5249.5	3079	0
5249.5	3162	0
5249.5	2991	0
5249.5	3191	0
5249.5	3075	0
5249.6	2827	0
5249.6	2975	0
5249.6	3083	0
5249.6	3065	0
5249.6	3110	0
5249.6	3090	0
5249.6	3103	0
5249.6	3309	0
5249.7	2898	0
5249.7	3082	0
5249.7	3097	0
5249.7	2982	0
5249.7	2899	0
5249.8	3025	0
5249.8	3079	0
5249.8	2951	0
5249.9	3124	0
5249.9	1419	0
5249.9	2780	0
5250.0	3093	0
5250.0	3105	0
5250.0	3199	0
5250.1	823	0
5250.1	3035	0
5250.1	3001	0
5250.1	3059	0
5250.2	3139	0
5250.2	3067	0
5250.2	3218	0
5250.2	3183	0
5250.2	3014	0
5250.2	3129	0
5250.2	2867	0
5250.3	3060	0
5250.3	3026	0
5250.3	2901	0
5250.4	3093	0
5250.4	2956	0
5250.4	3117	0
5250.4	3102	0
5250.4	3123	0
5250.5	3082	0
5250.6	3050	0
5250.6	2719	0
5250.7	3035	0
5250.7	2925	0
5250.7	2873	0
5250.7	2907	0
5250.8	3091	0
5250.8	2917	0
5250.8	3007	0
5250.9	2882	0
5250.9	2656	0
5250.9	3169	0
5250.9	3031	0
5251.0	2870	0
5251.0	3099	0
5251.0	3145	0
5251.0	2999	0
5251.0	3183	0
5251.0	3271	0
5251.1	3031	0
5251.1	2921	0
5251.1	3079	0
5251.1	3277	0
5251.1	2949	0
5251.1	3181	0
5251.1	1272	0
5251.2	2985	0
5251.3	2834	0
5251.3	3082	0
5251.3	3185	0
5251.3	3213	0
5251.3	3236	0
5251.3	3004	0
5251.4	3132	0
5251.4	3211	0
5251.5	3046	0
5251.5	3159	0
5251.5	3106	0
5251.6	3114	0
5251.6	3158	0
5251.6	2965	0
5251.6	3155	0
5251.6	3065	0
5251.6	3173	0
5251.7	1663	0
5251.7	2984	0
5251.7	3059	0
5251.7	3107	0
5251.7	2918	0
5251.7	3071	0
5251.7	2772	0
5251.8	2717	0
5251.8	3070	0
5251.8	3085	0
5251.8	3044	0
5251.9	2850	0
5251.9	3058	0
5251.9	3000	0
5251.9	2983	0
5252.0	2982	0
5252.0	3093	0
5252.0	3110	0
5252.1	2831	0
5252.1	2835	0
5252.1	2956	0
5252.1	3120	0
5252.1	2994	0
5252.1	3122	0
5252.2	2929	0
5252.2	3099	0
5252.2	3137	0
5252.3	3066	0
5252.3	3065	0
5252.3	2983	0
5252.4	3011	0
5252.4	3081	0
5252.4	2874	0
5252.4	2932	0
5252.5	2823	0
5252.5	3027	0
5252.5	3161	0
5252.5	2975	0
5252.5	3134	0
5252.5	3107	0
5252.6	2879	0
5252.6	2798	0
5252.7	3133	0
5252.7	3011	0
5252.7	2791	0
5252.7	3135	0
5252.7	3129	0
5252.7	3118	0
5252.7	3199	0
5252.7	3054	0
5252.8	2937	0
5252.8	3094	0
5252.8	3102	0
5252.8	3073	0
5252.8	3146	0
5252.9	3126	0
5252.9	3093	0
5252.9	3223	0
5253.0	2813	0
5253.0	3171	0
5253.1	2926	0
5253.1	2953	0
5253.1	2980	0
5253.1	3007	0
5253.1	2887	0
5253.1	3020	0
5253.1	3103	0
5253.1	2881	0
5253.2	2997	0
5253.2	2958	0
5253.2	3199	0
5253.2	3100	0
5253.2	3098	0
5253.2	2998	0
5253.2	2998	0
5253.2	2963	0
5253.2	3138	0
5253.3	560	0
5253.3	3273	0
5253.3	2935	0
5253.3	3065	0
5253.3	3089	0
5253.4	2917	0
5253.4	3191	0
5253.4	692	0
5253.4	3104	0
5253.5	3153	0
5253.5	3074	0
5253.5	3045	0
5253.5	1061	0
5253.5	2927	0
5253.5	3103	0
5253.5	3032	0
5253.6	2964	0
5253.6	3020	0
5253.6	2919	0
5253.6	780	0
5253.6	2971	0
5253.7	3047	0
5253.7	3103	0
5253.7	3073	0
5253.7	3065	0
5253.8	3137	0
5253.8	3007	0
5253.8	2895	0
5253.9	3149	0
5253.9	3287	0
5253.9	3103	0
5253.9	3063	0
5253.9	2984	0
5253.9	3017	0
5254.0	3139	0
5254.0	3159	0
5254.0	3064	0
5254.0	3119	0
5254.0	2981	0
5254.0	3131	0
5254.0	3065	0
5254.0	1027	0
5254.0	2943	0
5254.0	3154	0
5254.0	2783	0
5254.1	3262	0
5254.1	3087	0
5254.1	3025	0
5254.1	3069	0
5254.1	3230	0
5254.2	3128	0
5254.2	3119	0
5254.2	3064	0
5254.2	3028	0
5254.2	2671	0
5254.3	2927	0
5254.3	2883	0
5254.3	3049	0
5254.3	3106	0
5254.3	3139	0
5254.3	2741	0
5254.3	3143	0
5254.3	3053	0
5254.3	3249	0
5254.4	3108	0
5254.4	2994	0
5254.4	2946	0
5254.5	3191	0
5254.5	3111	0
5254.5	3156	0
5254.6	3119	0
5254.6	3116	0
5254.6	2753	0
5254.6	3083	0
5254.6	3003	0
5254.7	674	0
5254.7	3102	0
5254.7	2936	0
5254.7	3086	0
5254.7	3106	0
5254.7	3025	0
5254.7	3026	0
5254.7	2866	0
5254.8	3145	0
5254.8	3041	0
5254.8	3113	0
5254.8	2831	0
5254.9	2889	0
5254.9	3018	0
5254.9	3023	0
5254.9	3287	0
5254.9	3068	0
5254.9	3003	0
5254.9	3066	0
5255.0	3154	0
5255.1	2997	0
5255.1	3087	0
5255.1	3044	0
5255.2	2822	0
5255.2	3090	0
5255.2	2950	0
5255.2	3099	0
5255.2	2870	0
5255.2	3107	0
5255.2	3085	0
5255.3	3081	0
5255.3	3028	0
5255.3	3129	0
5255.3	3140	0
5255.3	3047	0
5255.3	3022	0
5255.4	3181	0
5255.4	3189	0
5255.4	672	0
5255.4	3086	0
5255.4	3007	0
5255.4	3037	0
5255.6	3181	0
5255.6	3132	0
5255.6	2961	0
5255.6	2967	0
5255.7	3051	0
5255.7	3031	0
5255.7	2907	0
5255.7	3143	0
5255.8	3028	0
5255.8	3167	0
5255.8	3002	0
5255.9	3185	0
5255.9	1836	0
5255.9	3189	0
5255.9	2968	0
5255.9	3171	0
5255.9	2983	0
5255.9	2972	0
5255.9	2959	0
5255.9	3105	0
5256.0	3240	0
5256.0	2905	0
5256.0	3199	0
5256.0	3065	0
5256.0	3150	0
5256.0	2914	0
5256.0	3110	0
5256.0	2911	0
5256.1	3029	0
5256.1	3063	0
5256.1	3095	0
5256.2	3144	0
5256.2	2875	0
5256.2	3207	0
5256.2	3005	0
5256.2	3062	0
5256.3	905	0
5256.3	2978	0
5256.3	3090	0
5256.3	3131	0
5256.4	3165	0
5256.4	2813	0
5256.4	2713	0
5256.4	3027	0
5256.4	3014	0
5256.4	3148	0
5256.4	3174	0
5256.5	2977	0
5256.6	3019	0
5256.6	3050	0
5256.6	2888	0
5256.6	3025	0
5256.6	2983	0
5256.7	3153	0
5256.7	3109	0
5256.7	3021	0
5256.7	2578	0
5256.8	3087	0
5256.8	3099	0
5256.8	3061	0
5256.8	3336	0
5256.9	3081	0
5256.9	3101	0
5256.9	3165	0
5257.0	2929	0
5257.0	2943	0
5257.0	3151	0
5257.1	3209	0
5257.1	2881	0
5257.1	2967	0
5257.1	3027	0
5257.1	3197	0
5257.1	2892	0
5257.2	3068	0
5257.2	2738	0
5257.2	668	0
5257.2	3007	0
5257.2	3073	0
5257.3	3231	0
5257.3	2727	0
5257.3	2983	0
5257.3	2879	0
5257.3	3167	0
5257.4	3143	0
5257.4	3112	0
5257.5	3059	0
5257.5	3071	0
5257.5	3143	0
5257.5	3141	0
5257.6	3106	0
5257.6	3094	0
5257.6	3174	0
5257.7	2918	0
5257.7	3041	0
5257.7	3146	0
5257.7	3059	0
5257.7	3177	0
5257.9	2848	0
5257.9	3154	0
5257.9	3029	0
5257.9	2913	0
5257.9	3015	0
5257.9	3042	0
5257.9	3012	0
5257.9	2754	0
5257.9	2953	0
5257.9	3012	0
5257.9	3062	0
5258.0	3135	0
5258.0	3074	0
5258.0	3131	0
5258.0	2895	0
5258.0	3026	0
5258.1	3191	0
5258.1	3127	0
5258.1	2933	0
5258.1	2879	0
5258.2	3246	0
5258.2	3064	0
5258.2	3033	0
5258.3	3039	0
5258.3	2907	0
5258.3	3004	0
5258.3	3019	0
5258.4	3117	0
5258.4	3098	0
5258.4	3154	0
5258.4	2987	0
5258.4	3051	0
5258.4	3049	0
5258.5	2965	0
5258.5	2970	0
5258.5	3091	0
5258.5	3094	0
5258.5	3190	0
5258.6	2962	0
5258.6	3118	0
5258.7	3150	0
5258.7	3143	0
5258.7	3113	0
5258.7	3006	0
5258.8	2942	0
5258.8	2916	0
5258.8	3139	0
5258.8	3050	0
5258.8	3039	0
5258.8	2923	0
5258.8	3163	0
5258.8	3013	0
5258.8	3182	0
5258.9	3054	0
5258.9	2820	0
5258.9	3110	0
5259.0	3195	0
5259.1	2969	0
5259.1	3055	0
5259.1	2961	0
5259.1	3121	0
5259.1	2901	0
5259.1	1914	0
5259.1	3099	0
5259.1	3132	0
5259.2	3145	0
5259.2	3071	0
5259.2	2913	0
5259.2	3041	0
5259.2	2873	0
5259.2	3060	0
5259.2	2821	0
5259.3	2947	0
5259.3	2922	0
5259.3	3183	0
5259.3	2872	0
5259.3	3176	0
5259.3	3039	0
5259.4	2991	0
5259.4	2986	0
5259.4	3122	0
5259.5	3093	0
5259.5	3092	0
5259.5	3063	0
5259.6	3189	0
5259.6	3122	0
5259.6	3014	0
5259.6	3109	0
5259.6	920	0
5259.7	3230	0
5259.7	3115	0
5259.7	3125	0
5259.7	3035	0
5259.7	2941	0
5259.7	2863	0
5259.8	2979	0
5259.8	3053	0
5259.8	3055	0
5259.8	2953	0
5259.8	3060	0
5259.8	3097	0
5259.9	3187	0
5259.9	3191	0
5259.9	3025	0
5259.9	3179	0
5260.0	3131	0
5260.0	2995	0
5260.0	3061	0
5260.1	3023	0
5260.1	3057	0
5260.1	3087	0
5260.2	3033	0
5260.2	2743	0
5260.2	3098	0
5260.2	2781	0
5260.2	3081	0
5260.2	3009	0
5260.3	2975	0
5260.3	3074	0
5260.3	3208	0
5260.3	3212	0
5260.3	2751	0
5260.4	3013	0
5260.4	1518	0
5260.4	4	0
5260.4	3144	0
5260.4	3007	0
5260.5	3180	0
5260.5	2566	0
5260.5	3027	0
5260.5	3203	0
5260.6	2755	0
5260.6	3021	0
5260.6	3081	0
5260.6	2776	0
5260.6	3153	0
5260.6	3057	0
5260.7	3188	0
5260.7	2863	0
5260.7	3203	0
5260.7	3039	0
5260.7	2993	0
5260.7	3087	0
5260.8	3113	0
5260.8	3043	0
5260.8	3082	0
5260.8	3037	0
5260.8	3045	0
5260.8	2923	0
5260.8	2335	0
5260.8	3010	0
5260.9	3123	0
5260.9	3018	0
5260.9	3130	0
5260.9	3219	0
5260.9	3022	0
5260.9	2852	0
5261.0	3159	0
5261.0	3067	0
5261.0	3184	0
5261.0	2895	0
5261.0	2962	0
5261.1	3147	0
5261.1	3145	0
5261.1	3234	0
5261.1	3223	0
5261.2	3106	0
5261.2	1562	0
5261.2	3127	0
5261.3	3103	0
5261.3	3068	0
5261.3	2016	0
5261.3	3151	0
5261.4	3151	0
5261.4	1143	0
5261.4	3183	0
5261.4	2964	0
5261.4	3082	0
5261.5	3055	0
5261.5	2959	0
5261.5	3118	0
5261.5	3051	0
5261.5	3103	0
5261.6	2999	0
5261.7	3143	0
5261.7	2988	0
5261.7	2983	0
5261.7	3113	0
5261.7	3069	0
5261.7	3149	0
5261.7	3025	0
5261.7	2977	0
5261.8	1559	0
5261.8	3019	0
5261.8	3274	0
5261.9	3020	0
5261.9	3134	0
5261.9	3123	0
5261.9	3175	0
5261.9	3143	0
5262.0	3095	0
5262.0	3014	0
5262.0	2873	0
5262.0	3243	0
5262.0	3130	0
5262.1	2915	0
5262.1	3149	0
5262.1	3006	0
5262.1	3052	0
5262.2	3117	0
5262.2	2950	0
5262.2	3115	0
5262.2	2998	0
5262.3	3135	0
5262.3	3038	0
5262.3	3257	0
5262.3	3029	0
5262.4	3188	0
5262.4	3151	0
5262.4	3189	0
5262.4	2926	0
5262.4	3198	0
5262.4	3103	0
5262.5	732	0
5262.5	3225	0
5262.5	2885	0
5262.6	3111	0
5262.6	2979	0
5262.6	3144	0
5262.6	3039	0
5262.6	2939	0
5262.6	3068	0
5262.7	3148	0
5262.8	3231	0
5262.8	3063	0
5262.9	3053	0
5263.0	3095	0
5263.0	992	0
5263.0	3267	0
5263.0	2999	0
5263.0	3069	0
5263.0	3095	0
5263.1	3180	0
5263.1	3137	0
5263.1	3069	0
5263.1	3118	0
5263.1	3229	0
5263.1	2667	0
5263.1	940	0
5263.1	2743	0
5263.2	1887	0
5263.2	3180	0
5263.2	2809	0
5263.3	3222	0
5263.3	3115	0
5263.3	3016	0
5263.3	3089	0
5263.4	2927	0
5263.4	3089	0
5263.4	3076	0
5263.4	3053	0
5263.5	3087	0
5263.5	2910	0
5263.6	3063	0
5263.6	2893	0
5263.6	3010	0
5263.6	3069	0
5263.6	3074	0
5263.6	3206	0
5263.7	2891	0
5263.7	3167	0
5263.7	3045	0
5263.7	3032	0
5263.8	2891	0
5263.8	3106	0
5263.8	3062	0
5263.8	2893	0
5263.8	3054	0
5263.9	1216	0
5263.9	3026	0
5263.9	3118	0
5263.9	3169	0
5263.9	3251	0
5263.9	3114	0
5264.0	2996	0
5264.0	2979	0
5264.1	1485	0
5264.1	3117	0
5264.1	3103	0
5264.1	3096	0
5264.1	2093	0
5264.1	2938	0
5264.1	2897	0
5264.2	3043	0
5264.2	3071	0
5264.2	3108	0
5264.2	3074	0
5264.3	3220	0
5264.3	3056	0
5264.3	3073	0
5264.3	3014	0
5264.4	3125	0
5264.4	3155	0
5264.4	3087	0
5264.4	3093	0
5264.5	3111	0
5264.5	2951	0
5264.5	3103	0
5264.5	3002	0
5264.6	3111	0
5264.6	3128	0
5264.6	3099	0
5264.6	3130	0
5264.7	3093	0
5264.8	3155	0
5264.8	2951	0
5264.8	3123	0
5264.8	2923	0
5264.8	3111	0
5264.8	3031	0
5264.9	3127	0
5264.9	3167	0
5264.9	2785	0
5264.9	3050	0
5264.9	3148	0
5265.0	3127	0
5265.0	3005	0
5265.1	3091	0
5265.2	3118	0
5265.2	3057	0
5265.2	2999	0
5265.2	2977	0
5265.2	3080	0
5265.3	3213	0
5265.3	3133	0
5265.3	2986	0
5265.3	3223	0
5265.3	2962	0
5265.3	2903	0
5265.3	3061	0
5265.3	3117	0
5265.4	3135	0
5265.4	2983	0
5265.4	2879	0
5265.4	3223	0
5265.4	3177	0
5265.5	3116	0
5265.5	3071	0
5265.5	2983	0
5265.5	3165	0
5265.5	3089	0
5265.5	2625	0
5265.6	2979	0
5265.6	2998	0
5265.6	3078	0
5265.6	3021	0
5265.7	2757	0
5265.7	3108	0
5265.7	2984	0
5265.7	3165	0
5265.8	3118	0
5265.8	3056	0
5265.8	3001	0
5265.8	3267	0
5265.9	3045	0
5265.9	3122	0
5265.9	3217	0
5265.9	3073	0
5265.9	3143	0
5266.0	3013	0
5266.0	3126	0
5266.0	3093	0
5266.0	3111	0
5266.0	3022	0
5266.0	3145	0
5266.1	3157	0
5266.1	3097	0
5266.1	3253	0
5266.1	3059	0
5266.1	2957	0
5266.1	2895	0
5266.1	3090	0
5266.2	3007	0
5266.2	2292	0
5266.2	2917	0
5266.2	3147	0
5266.2	3266	0
5266.3	3131	0
5266.4	2980	0
5266.4	3094	0
5266.4	3001	0
5266.4	3183	0
5266.4	3319	0
5266.4	3027	0
5266.4	3036	0
5266.5	3167	0
5266.5	3003	0
5266.5	3082	0
5266.5	2879	0
5266.5	3069	0
5266.5	2969	0
5266.6	3042	0
5266.6	3075	0
5266.7	3175	0
5266.7	3208	0
5266.7	3049	0
5266.7	2912	0
5266.8	2948	0
5266.8	3021	0
5266.9	3061	0
5266.9	2990	0
5266.9	1770	0
5266.9	2997	0
5267.0	3022	0
5267.0	3048	0
5267.0	3031	0
5267.0	3152	0
5267.0	3053	0
5267.0	3081	0
5267.1	3199	0
5267.1	3052	0
5267.2	2824	0
5267.2	1512	0
5267.3	1483	0
5267.3	4	0
5267.3	3198	0
5267.5	384	0
5267.5	3083	0
5267.5	3033	0
5267.5	3082	0
5267.5	3051	0
5267.5	1245	0
5267.6	2996	0
5267.6	2979	0
5267.6	3198	0
5267.6	3171	0
5267.6	3094	0
5267.7	3063	0
5267.7	3175	0
5267.8	3101	0
5267.8	3235	0
5267.8	3148	0
5267.8	3142	0
5267.9	2921	0
5267.9	3045	0
5267.9	3115	0
5268.0	3184	0
5268.0	2948	0
5268.0	3205	0
5268.1	1534	0
5268.1	3055	0
5268.1	3102	0
5268.1	3066	0
5268.1	3129	0
5268.1	2999	0
5268.1	3167	0
5268.1	3096	0
5268.1	2939	0
5268.2	3119	0
5268.2	2993	0
5268.2	3078	0
5268.3	3175	0
5268.3	3201	0
5268.3	3160	0
5268.3	3089	0
5268.3	3025	0
5268.4	3148	0
5268.4	3187	0
5268.4	3075	0
5268.4	2996	0
5268.4	3108	0
5268.4	3169	0
5268.4	2895	0
5268.5	2927	0
5268.5	3201	0
5268.5	3079	0
5268.5	3140	0
5268.5	3128	0
5268.5	3069	0
5268.6	3096	0
5268.6	2947	0
5268.6	3109	0
5268.6	3090	0
5268.7	2995	0
5268.8	3082	0
5268.8	3041	0
5268.8	3138	0
5268.8	3062	0
5268.9	3058	0
5268.9	2984	0
5269.0	3160	0
5269.1	3187	0
5269.1	3125	0
5269.1	2959	0
5269.1	2886	0
5269.2	2981	0
5269.2	3110	0
5269.2	3066	0
5269.2	3273	0
5269.3	3070	0
5269.3	546	0
5269.3	3067	0
5269.4	2998	0
5269.4	3218	0
5269.4	3155	0
5269.4	2870	0
5269.4	3203	0
5269.5	2983	0
5269.5	719	0
5269.5	3143	0
5269.5	3091	0
5269.5	3163	0
5269.5	3150	0
5269.5	2871	0
5269.6	3082	0
5269.6	3010	0
5269.6	3092	0
5269.6	3109	0
5269.6	2946	0
5269.7	2987	0
5269.7	3190	0
5269.7	3153	0
5269.7	3111	0
5269.7	3135	0
5269.8	3145	0
5269.8	988	0
5269.8	3011	0
5269.8	2918	0
5269.8	3079	0
5269.8	2997	0
5269.8	3114	0
5269.8	3030	0
5269.9	3117	0
5269.9	2950	0
5269.9	3122	0
5270.0	3064	0
5270.0	3113	0
5270.0	746	0
5270.1	3090	0
5270.1	3086	0
5270.2	2995	0
5270.2	3060	0
5270.3	3013	0
5270.3	3139	0
5270.3	3050	0
5270.3	1144	0
5270.3	2992	0
5270.3	1538	0
5270.3	4	0
5270.3	3147	0
5270.4	3159	0
5270.4	3121	0
5270.4	3095	0
5270.4	3095	0
5270.4	3071	0
5270.5	3198	0
5270.5	3078	0
5270.5	3046	0
5270.5	3094	0
5270.6	3068	0
5270.6	3013	0
5270.7	2825	0
5270.7	3262	0
5270.7	2585	0
5270.7	2945	0
5270.7	2931	0
5270.7	3037	0
5270.8	2921	0
5270.8	3059	0
5270.9	3105	0
5270.9	3103	0
5270.9	2943	0
5270.9	2893	0
5270.9	1694	0
5271.0	3052	0
5271.0	2987	0
5271.0	3147	0
5271.1	2649	0
5271.1	3106	0
5271.1	2883	0
5271.2	3245	0
5271.2	3067	0
5271.2	2969	0
5271.2	3243	0
5271.3	3053	0
5271.3	3071	0
5271.3	2225	0
5271.3	3023	0
5271.3	3151	0
5271.4	3089	0
5271.4	3204	0
5271.4	2971	0
5271.4	2839	0
5271.5	3056	0
5271.5	1995	0
5271.5	3037	0
5271.6	3135	0
5271.6	3191	0
5271.6	3133	0
5271.6	3107	0
5271.7	3013	0
5271.7	3125	0
5271.7	2971	0
5271.7	3064	0
5271.7	3019	0
5271.7	3391	0
5271.7	3071	0
5271.8	3105	0
5271.8	3026	0
5271.8	3110	0
5271.8	1300	0
5271.8	3082	0
5271.8	3069	0
5271.8	3101	0
5271.9	3137	0
5271.9	3092	0
5271.9	3078	0
5271.9	3102	0
5272.0	3001	0
5272.0	3278	0
5272.1	3271	0
5272.1	3175	0
5272.1	3073	0
5272.1	3183	0
5272.1	3109	0
5272.1	3025	0
5272.2	3027	0
5272.2	3103	0
5272.2	3095	0
5272.2	3068	0
5272.3	3098	0
5272.3	3165	0
5272.3	3145	0
5272.3	3099	0
5272.3	3171	0
5272.3	3154	0
5272.3	2947	0
5272.3	3021	0
5272.4	3088	0
5272.4	3057	0
5272.4	2950	0
5272.4	3085	0
5272.4	3063	0
5272.4	2984	0
5272.5	3134	0
5272.5	3055	0
5272.5	3044	0
5272.5	3126	0
5272.5	2932	0
5272.5	2804	0
5272.6	2938	0
5272.6	3138	0
5272.6	3119	0
5272.6	3063	0
5272.7	2921	0
5272.7	3065	0
5272.7	3005	0
5272.7	3101	0
5272.7	3097	0
5272.8	3044	0
5272.8	3031	0
5272.8	3206	0
5272.8	2930	0
5272.8	2675	0
5272.8	3193	0
5272.8	3137	0
5272.9	3073	0
5272.9	3023	0
5272.9	3054	0
5272.9	3053	0
5272.9	3062	0
5272.9	3107	0
5272.9	3228	0
5272.9	3039	0
5272.9	2990	0
5273.0	3277	0
5273.0	3110	0
5273.0	3183	0
5273.0	2991	0
5273.1	3045	0
5273.1	3135	0
5273.1	2986	0
5273.1	3137	0
5273.1	3071	0
5273.2	2921	0
5273.2	3039	0
5273.2	3171	0
5273.2	3059	0
5273.2	2974	0
5273.3	3018	0
5273.3	3098	0
5273.3	3033	0
5273.3	3087	0
5273.3	3177	0
5273.3	2990	0
5273.3	2779	0
5273.4	2911	0
5273.4	3110	0
5273.4	3175	0
5273.4	3140	0
5273.5	3027	0
5273.5	3096	0
5273.6	3298	0
5273.6	492	0
5273.6	3003	0
5273.6	3013	0
5273.6	3045	0
5273.6	3151	0
5273.6	3151	0
5273.6	3169	0
5273.7	2983	0
5273.7	2972	0
5273.7	3167	0
5273.8	2985	0
5273.8	3086	0
5273.8	2930	0
5273.8	3025	0
5273.8	3157	0
5273.8	3281	0
5273.9	3095	0
5273.9	3089	0
5273.9	3173	0
5274.1	3060	0
5274.1	1113	0
5274.1	3035	0
5274.1	2959	0
5274.2	3007	0
5274.3	3148	0
5274.3	3026	0
5274.4	2996	0
5274.4	2974	0
5274.4	3026	0
5274.4	2724	0
5274.4	2805	0
5274.4	3024	0
5274.5	3117	0
5274.5	2986	0
5274.5	2657	0
5274.5	3139	0
5274.5	3155	0
5274.6	2929	0
5274.6	2979	0
5274.6	3065	0
5274.6	3060	0
5274.7	3157	0
5274.7	3175	0
5274.7	2895	0
5274.7	2925	0
5274.7	2927	0
5274.7	2871	0
5274.8	3147	0
5274.8	3133	0
5274.8	3154	0
5274.8	3145	0
5274.8	2992	0
5274.8	2869	0
5274.9	3123	2
5274.9	559	0
5274.9	2764	0
5274.9	3165	0
5274.9	3078	0
5275.0	3112	0
5275.0	3031	0
5275.0	2919	0
5275.0	3150	0
5275.0	3029	0
5275.0	2975	0
5275.0	3081	0
5275.0	3015	0
5275.1	3174	0
5275.1	2851	0
5275.1	2658	0
5275.1	3090	0
5275.1	2895	0
5275.2	3033	0
5275.2	3087	0
5275.2	3135	0
5275.2	3215	0
5275.2	3105	0
5275.3	3014	0
5275.3	3188	0
5275.3	3007	0
5275.3	3059	0
5275.3	3105	0
5275.3	2911	0
5275.3	3143	0
5275.3	2938	0
5275.4	3249	0
5275.4	3084	0
5275.4	3106	0
5275.4	3034	0
5275.4	2963	0
5275.5	3247	0
5275.5	3157	0
5275.5	2986	0
5275.5	3246	0
5275.5	2881	0
5275.5	2995	0
5275.5	3031	0
5275.6	3168	0
5275.6	3016	0
5275.6	3085	0
5275.6	2887	0
5275.6	3115	0
5275.6	2898	0
5275.6	3250	0
5275.6	3107	0
5275.7	2891	0
5275.7	3032	0
5275.7	3117	0
5275.7	3048	0
5275.8	3097	0
5275.8	2887	0
5275.8	3173	0
5275.8	3071	0
5275.9	2966	0
5276.1	2947	0
5276.1	2987	0
5276.1	3313	0
5276.1	3092	0
5276.1	3084	0
5276.1	3181	0
5276.1	3011	0
5276.2	2991	0
5276.3	2303	0
5276.3	2942	0
5276.3	3079	0
5276.3	3077	0
5276.4	3013	0
5276.4	2929	0
5276.4	3135	0
5276.5	2788	0
5276.5	3013	0
5276.5	2876	0
5276.6	3101	0
5276.6	3041	0
5276.6	2854	0
5276.6	3032	0
5276.7	3106	0
5276.7	2735	0
5276.8	3002	0
5276.8	3020	0
5276.8	3148	0
5276.9	3135	0
5276.9	3155	0
5276.9	808	0
5276.9	3027	0
5276.9	3089	0
5277.0	3098	0
5277.0	2783	0
5277.0	3107	0
5277.0	2983	0
5277.1	2903	0
5277.1	3257	0
5277.1	3011	0
5277.1	3020	0
5277.1	2874	0
5277.2	3101	0
5277.2	3243	0
5277.2	3159	0
5277.2	3165	0
5277.2	2933	0
5277.3	3010	0
5277.3	2990	0
5277.3	3077	0
5277.4	3115	0
5277.4	3085	0
5277.4	3302	0
5277.4	3036	0
5277.4	3053	0
5277.5	2982	0
5277.5	3104	0
5277.5	3026	0
5277.5	2943	0
5277.6	3083	0
5277.6	2979	0
5277.7	3132	0
5277.7	3039	0
5277.7	3049	0
5277.7	3066	0
5277.7	3069	0
5277.7	3065	0
5277.8	2554	0
5277.8	3132	0
5277.8	3139	0
5277.8	3129	0
5277.9	3201	0
5277.9	3017	0
5277.9	1957	0
5277.9	3146	0
5278.0	3150	0
5278.0	3128	0
5278.0	3231	0
5278.0	3177	0
5278.0	3065	0
5278.1	3039	0
5278.1	2953	0
5278.1	2902	0
5278.1	3116	0
5278.2	3125	0
5278.2	2831	0
5278.2	3159	0
5278.2	3053	0
5278.3	2871	0
5278.3	2925	0
5278.3	2970	0
5278.4	3121	0
5278.4	3231	0
5278.4	2934	0
5278.4	3103	0
5278.4	3122	0
5278.4	3005	0
5278.4	3077	0
5278.5	2515	0
5278.5	1739	0
5278.5	3077	0
5278.5	3208	0
5278.6	3090	0
5278.6	3081	0
5278.6	3105	0
5278.6	3183	0
5278.6	3015	0
5278.6	3087	0
5278.7	3031	0
5278.7	2845	0
5278.7	3035	0
5278.8	2905	0
5278.8	3176	0
5278.8	3117	0
5278.8	3007	0
5278.8	3251	0
5278.8	3023	0
5278.8	3001	0
5278.9	3151	0
5278.9	3141	0
5278.9	2517	0
5278.9	2988	0
5278.9	3342	0
5279.0	2885	0
5279.0	3096	0
5279.0	3013	0
5279.0	2876	0
5279.1	2856	0
5279.1	3118	0
5279.1	3098	0
5279.1	3036	0
5279.1	3055	0
5279.1	3075	0
5279.2	3059	0
5279.2	2995	0
5279.2	3027	0
5279.2	3028	0
5279.2	2292	0
5279.2	3053	0
5279.3	2879	0
5279.3	3137	0
5279.3	2943	0
5279.3	3091	0
5279.3	3105	0
5279.3	3047	0
5279.3	2952	0
5279.3	3035	0
5279.4	3178	0
5279.5	3106	0
5279.5	3117	0
5279.5	2993	0
5279.5	2959	0
5279.6	2764	0
5279.6	3119	0
5279.6	3054	0
5279.6	3176	0
5279.6	3042	0
5279.6	3051	0
5279.7	2961	0
5279.8	3111	0
5279.8	3027	0
5279.8	3154	0
5279.8	3060	0
5279.8	2943	0
5279.8	3019	0
5279.9	3051	0
5279.9	3007	0
5280.0	3254	0
5280.0	2977	0
5280.0	3099	0
5280.0	3095	0
5280.0	3118	0
5280.1	2904	0
5280.1	2961	0
5280.1	3092	0
5280.1	3071	0
5280.1	2974	0
5280.2	2901	0
5280.2	3059	0
5280.2	3175	0
5280.2	3105	0
5280.2	3083	0
5280.3	3132	0
5280.3	3019	0
5280.3	3131	0
5280.3	3154	0
5280.3	3123	0
5280.3	3036	0
5280.3	686	0
5280.4	3155	0
5280.4	3039	0
5280.4	3038	0
5280.5	2919	0
5280.5	3001	0
5280.5	3002	0
5280.6	3240	0
5280.6	3109	0
5280.6	3247	0
5280.7	2925	0
5280.7	3143	0
5280.8	3096	0
5280.8	3052	0
5280.8	3099	0
5280.8	3173	0
5280.8	3195	0
5280.9	3202	0
5280.9	2943	0
5280.9	3059	0
5280.9	3196	0
5280.9	3137	0
5280.9	3161	0
5280.9	3110	0
5281.0	3147	0
5281.0	2990	0
5281.0	3010	0
5281.0	3194	0
5281.1	3091	0
5281.1	2978	0
5281.1	3170	0
5281.1	3057	0
5281.1	3006	0
5281.2	3114	0
5281.2	3007	0
5281.2	3118	0
5281.2	2871	0
5281.2	2969	0
5281.3	2995	0
5281.3	3097	0
5281.3	3031	0
5281.4	3138	0
5281.4	3084	0
5281.4	2951	0
5281.4	2716	0
5281.4	3107	0
5281.5	3018	0
5281.5	3190	0
5281.5	3119	0
5281.6	3261	0
5281.6	3194	0
5281.6	3266	0
5281.6	3241	0
5281.6	3107	0
5281.7	2721	0
5281.7	3098	0
5281.7	3061	0
5281.8	3115	0
5281.8	3117	0
5281.8	2953	0
5281.8	2990	0
5281.9	919	0
5281.9	2991	0
5281.9	3073	0
5281.9	3159	0
5282.0	3114	0
5282.0	2926	0
5282.0	2994	0
5282.0	3185	0
5282.0	3102	0
5282.1	2874	0
5282.1	2926	0
5282.2	3122	0
5282.2	2988	0
5282.2	3062	0
5282.2	3019	0
5282.2	2939	0
5282.2	3042	0
5282.3	3166	0
5282.3	3085	0
5282.3	3127	0
5282.3	3105	0
5282.4	3023	0
5282.4	3170	0
5282.4	3132	0
5282.4	2938	0
5282.4	3066	0
5282.4	3151	0
5282.5	3111	0
5282.5	3134	0
5282.5	3251	0
5282.5	3151	0
5282.5	3101	0
5282.5	3172	0
5282.5	2971	0
5282.6	3135	0
5282.7	3143	0
5282.7	3119	0
5282.7	3096	0
5282.7	3027	0
5282.7	3000	0
5282.7	3198	0
5282.7	2986	0
5282.7	3099	0
5282.7	2930	0
5282.8	3035	0
5282.8	3119	0
5282.8	3137	0
5282.8	3043	0
5282.8	3159	0
5282.8	3011	0
5282.9	3010	0
5282.9	3083	0
5282.9	2887	0
5282.9	3045	0
5282.9	3071	0
5283.0	3023	0
5283.0	2725	0
5283.0	2836	0
5283.0	3017	0
5283.0	2991	0
5283.1	3049	0
5283.1	2975	0
5283.1	3043	0
5283.1	3115	0
5283.2	3051	0
5283.2	3122	0
5283.2	3165	0
5283.2	3123	0
5283.3	3069	0
5283.3	3193	0
5283.3	3068	0
5283.4	2999	0
5283.4	2858	0
5283.4	3281	0
5283.4	3063	0
5283.4	3182	0
5283.4	2981	0
5283.4	3047	0
5283.5	3189	0
5283.5	2915	0
5283.5	3288	0
5283.5	3313	0
5283.5	3162	0
5283.5	3115	0
5283.6	2999	0
5283.6	2915	0
5283.6	1495	0
5283.6	2991	0
5283.6	3047	0
5283.6	3103	0
5283.6	2926	0
5283.7	3110	0
5283.7	2920	0
5283.8	3057	0
5283.8	2791	0
5283.8	2927	0
5283.9	3191	0
5283.9	3103	0
5283.9	3166	0
5283.9	3115	0
5283.9	3127	0
5284.0	3127	0
5284.0	2981	0
5284.0	3182	0
5284.0	3075	0
5284.0	3255	0
5284.0	2956	0
5284.1	3129	0
5284.1	2807	0
5284.1	3116	0
5284.1	3159	0
5284.1	3103	0
5284.1	1485	0
5284.1	4	0
5284.1	3177	0
5284.2	3089	0
5284.2	3093	0
5284.2	2917	0
5284.2	2917	0
5284.2	3109	0
5284.2	3105	0
5284.2	2915	0
5284.3	3025	0
5284.3	3149	0
5284.3	3139	0
5284.4	3153	0
5284.4	3238	0
5284.5	3040	0
5284.5	3093	0
5284.5	3087	0
5284.5	3209	0
5284.6	3089	0
5284.6	3079	0
5284.6	3110	0
5284.6	2507	0
5284.6	3106	0
5284.6	3079	0
5284.6	3113	0
5284.7	3107	0
5284.7	2969	0
5284.7	3080	0
5284.7	3039	0
5284.7	3114	0
5284.7	2763	0
5284.7	3110	0
5284.8	3243	0
5284.8	3066	0
5284.8	3114	0
5284.9	3052	0
5284.9	3077	0
5284.9	3022	0
5284.9	3084	0
5284.9	3157	0
5285.0	3122	0
5285.0	3135	0
5285.0	3142	0
5285.0	694	0
5285.0	2942	0
5285.1	3138	0
5285.1	2989	0
5285.1	3213	0
5285.2	3145	0
5285.2	631	0
5285.2	1214	0
5285.2	3063	0
5285.2	3183	0
5285.2	3042	0
5285.3	3167	0
5285.3	3092	0
5285.3	3054	0
5285.4	2351	0
5285.4	3009	0
5285.5	2809	0
5285.6	3144	0
5285.6	3119	0
5285.6	3090	0
5285.6	3035	0
5285.6	2951	0
5285.7	3019	0
5285.7	1598	0
5285.7	4	0
5285.7	3164	0
5285.7	3079	0
5285.7	3094	0
5285.7	2991	0
5285.8	3153	0
5285.8	3031	0
5285.8	3115	0
5286.0	3122	0
5286.0	3215	0
5286.0	3083	0
5286.0	3106	0
5286.1	3186	0
5286.1	3156	0
5286.1	3070	0
5286.1	3063	0
5286.2	3002	0
5286.2	3100	0
5286.2	3134	0
5286.2	3107	0
5286.3	3115	0
5286.3	3089	0
5286.3	2965	0
5286.3	3044	0
5286.4	3115	0
5286.4	2882	0
5286.4	3233	0
5286.4	3157	0
5286.4	3239	0
5286.5	2958	0
5286.5	3123	0
5286.5	3179	0
5286.5	3172	0
5286.5	2975	0
5286.6	3158	0
5286.6	3011	0
5286.6	3121	0
5286.6	2993	0
5286.7	2738	0
5286.7	3014	0
5286.7	3199	0
5286.7	3026	0
5286.7	2937	0
5286.7	2869	0
5286.7	3041	0
5286.7	1330	0
5286.8	3159	0
5286.9	2989	0
5286.9	3213	0
5286.9	2948	0
5286.9	3054	0
5287.0	3106	0
5287.0	2977	0
5287.1	3087	0
5287.1	3124	0
5287.2	3020	0
5287.2	3097	0
5287.3	3010	0
5287.3	2955	0
5287.3	2969	0
5287.3	3013	0
5287.4	3043	0
5287.4	2254	0
5287.4	3044	0
5287.4	3154	0
5287.4	2988	0
5287.5	3098	0
5287.5	2975	0
5287.5	3119	0
5287.5	3183	0
5287.6	2675	0
5287.6	3310	0
5287.7	3316	0
5287.7	3114	0
5287.9	3183	0
5287.9	3165	0
5287.9	3039	0
5287.9	3081	0
5287.9	3222	0
5288.0	3062	0
5288.0	2981	0
5288.0	2907	0
5288.0	3032	0
5288.1	2889	0
5288.1	3025	0
5288.1	3049	0
5288.1	2875	0
5288.1	3122	0
5288.2	2994	0
5288.2	3101	0
5288.2	2978	0
5288.2	3015	0
5288.2	2957	0
5288.3	2976	0
5288.3	2853	0
5288.3	3167	0
5288.3	2784	0
5288.5	3174	0
5288.5	3065	0
5288.5	3071	0
5288.5	3095	0
5288.5	3054	0
5288.5	3176	0
5288.5	3080	0
5288.6	3006	0
5288.6	3319	0
5288.6	2175	0
5288.7	2885	0
5288.8	2258	0
5288.8	3118	0
5288.8	3002	0
5288.8	3108	0
5288.8	3075	0
5288.8	3098	0
5288.8	3019	0
5288.8	3198	0
5288.8	3258	0
5288.8	3271	0
5288.9	3195	0
5288.9	2994	0
5288.9	2869	0
5288.9	2870	0
5289.0	3127	0
5289.0	3122	0
5289.0	3203	0
5289.0	3050	0
5289.0	2963	0
5289.1	3176	0
5289.1	2917	0
5289.1	3162	0
5289.1	3003	0
5289.1	3049	0
5289.2	3130	0
5289.2	3005	0
5289.2	2999	0
5289.2	3102	0
5289.2	3101	0
5289.2	1273	0
5289.2	3185	0
5289.3	3125	0
5289.3	3097	0
5289.4	3062	0
5289.4	3177	0
5289.4	3030	0
5289.4	3256	0
5289.4	3146	0
5289.4	3171	0
5289.4	2537	0
5289.4	3028	0
5289.4	3180	0
5289.5	2737	0
5289.6	2775	0
5289.6	1585	0
5289.6	3132	0
5289.6	3061	0
5289.6	3119	0
5289.6	3138	0
5289.6	3233	0
5289.7	3064	0
5289.7	3087	0
5289.7	2889	0
5289.8	2975	0
5289.8	3021	0
5289.8	3059	0
5289.8	2864	0
5289.9	3167	0
5289.9	2942	0
5289.9	2867	0
5290.0	3164	0
5290.0	3105	0
5290.0	3143	0
5290.1	2965	0
5290.1	3015	0
5290.1	3079	0
5290.1	3174	0
5290.1	3173	0
5290.1	2911	0
5290.1	2993	0
5290.2	3215	0
5290.2	3180	0
5290.2	3067	0
5290.3	3024	0
5290.3	3027	0
5290.3	3006	0
5290.4	3031	0
5290.4	3201	0
5290.4	2911	0
5290.5	3052	0
5290.5	3045	0
5290.5	3106	0
5290.5	3133	0
5290.6	3019	0
5290.6	2860	0
5290.6	3154	0
5290.6	3032	0
5290.7	3047	0
5290.7	3086	0
5290.7	2980	0
5290.7	3130	0
5290.8	1498	0
5290.8	4	0
5290.8	3015	0
5290.8	3053	0
5290.8	3131	0
5290.8	2947	0
5290.9	2961	0
5290.9	3032	0
5290.9	3130	0
5291.0	3016	0
5291.0	3126	0
5291.0	3015	0
5291.0	3066	0
5291.0	846	0
5291.0	3106	0
5291.0	3111	0
5291.1	3295	0
5291.1	3109	0
5291.2	3081	0
5291.2	3122	0
5291.2	3098	0
5291.2	3092	0
5291.2	3122	0
5291.2	2996	0
5291.3	2943	0
5291.3	2923	0
5291.3	3161	0
5291.3	3079	0
5291.4	3013	0
5291.4	3179	0
5291.4	3138	0
5291.4	2801	0
5291.4	3039	0
5291.4	2940	0
5291.4	2960	0
5291.5	3001	0
5291.5	3069	0
5291.5	3119	0
5291.5	3177	0
5291.5	3002	0
5291.5	2837	0
5291.5	3207	0
5291.5	3226	0
5291.5	2848	0
5291.5	3035	0
5291.6	3094	0
5291.6	2980	0
5291.6	3016	0
5291.6	3164	0
5291.6	2925	0
5291.6	3139	0
5291.6	3064	0
5291.7	2994	0
5291.7	3114	0
5291.7	3037	0
5291.7	2652	0
5291.7	2935	0
5291.7	3195	0
5291.8	3063	0
5291.8	3117	0
5291.8	3162	0
5291.8	3343	0
5291.9	2801	0
5291.9	3183	0
5292.0	3087	0
5292.0	3091	0
5292.0	1475	0
5292.0	2911	0
5292.0	3021	0
5292.1	724	0
5292.1	3117	0
5292.2	2855	0
5292.2	3105	0
5292.3	3171	0
5292.3	3109	0
5292.3	3178	0
5292.3	2898	0
5292.3	3119	0
5292.4	3194	0
5292.4	2955	0
5292.4	3140	0
5292.4	3063	0
5292.4	3193	0
5292.5	2956	0
5292.5	676	0
5292.5	2945	0
5292.5	689	0
5292.6	1472	0
5292.6	3281	0
5292.6	3027	0
5292.6	596	0
5292.6	3057	0
5292.6	2744	0
5292.7	3007	0
5292.7	3207	0
5292.8	3135	0
5292.8	3105	0
5292.9	3074	0
5292.9	2859	0
5292.9	3126	0
5292.9	3055	0
5293.0	1149	0
5293.0	3237	0
5293.0	2901	0
5293.1	3017	0
5293.1	3043	0
5293.1	3126	0
5293.1	3099	0
5293.2	3118	0
5293.2	3156	0
5293.2	3131	0
5293.2	3076	0
5293.2	3027	0
5293.2	3165	0
5293.2	3245	0
5293.2	3071	0
5293.2	3075	0
5293.3	2987	0
5293.3	2947	0
5293.3	3129	0
5293.4	2936	0
5293.4	3169	0
5293.4	3083	0
5293.4	3061	0
5293.5	3217	0
5293.5	2746	0
5293.5	3069	0
5293.5	3261	0
5293.5	3103	0
5293.5	3262	0
5293.6	2993	0
5293.6	2869	0
5293.6	3110	0
5293.6	3060	0
5293.7	3001	0
5293.7	3074	0
5293.7	2979	0
5293.8	3045	0
5293.8	3162	0
5293.8	3169	0
5293.8	2907	0
5293.9	2914	0
5293.9	3010	0
5294.0	3028	0
5294.0	3217	0
5294.1	3185	0
5294.1	2889	0
5294.1	3089	0
5294.1	3115	0
5294.2	3267	0
5294.2	2886	0
5294.2	3233	0
5294.2	3050	0
5294.2	3034	0
5294.2	2994	0
5294.3	2961	0
5294.3	3161	0
5294.4	3096	0
5294.5	3025	0
5294.5	2719	0
5294.6	2648	0
5294.6	2945	0
5294.6	3093	0
5294.6	3087	0
5294.7	3033	0
5294.7	2050	0
5294.7	3038	0
5294.7	2867	0
5294.7	2975	0
5294.8	3078	0
5294.8	3048	0
5294.8	3181	0
5294.9	3078	0
5294.9	3127	0
5294.9	2853	0
5294.9	3163	0
5294.9	3223	0
5295.0	2933	0
5295.0	2939	0
5295.0	3121	0
5295.0	2993	0
5295.0	3075	0
5295.1	3111	0
5295.1	2983	0
5295.1	3029	0
5295.1	2965	0
5295.1	3118	0
5295.2	3331	0
5295.2	3077	0
5295.2	2919	0
5295.2	718	0
5295.2	1675	0
5295.3	3009	0
5295.3	3079	0
5295.3	3149	0
5295.4	2999	0
5295.5	3105	0
5295.5	3120	0
5295.5	3127	0
5295.5	3109	0
5295.6	3050	0
5295.6	3130	0
5295.6	3185	0
5295.6	3090	0
5295.6	3092	0
5295.7	3000	0
5295.7	3175	0
5295.8	3201	0
5295.8	2813	0
5295.8	2916	0
5295.8	3164	0
5295.8	1915	0
5295.9	802	0
5295.9	3179	0
5295.9	2966	0
5295.9	3013	0
5295.9	3267	0
5295.9	2847	0
5296.0	826	0
5296.0	3126	0
5296.0	3191	0
5296.1	3052	0
5296.1	3194	0
5296.1	2931	0
5296.2	3042	0
5296.2	2890	0
5296.2	3037	0
5296.2	3113	0
5296.2	3103	0
5296.2	3081	0
5296.2	3188	0
5296.2	2820	0
5296.3	3173	0
5296.3	3017	0
5296.3	2927	0
5296.3	2768	0
5296.3	2811	0
5296.3	3138	0
5296.3	2843	0
5296.4	3082	0
5296.4	3160	0
5296.4	3015	0
5296.4	2885	0
5296.4	3095	0
5296.5	3190	0
5296.5	3034	0
5296.5	3181	0
5296.5	2798	0
5296.5	3075	0
5296.6	2963	0
5296.6	3307	0
5296.7	2965	0
5296.7	3221	0
5296.7	3027	0
5296.8	2915	0
5296.8	3009	0
5296.9	2919	0
5296.9	2667	0
5296.9	3126	0
5296.9	1045	0
5296.9	2960	0
5296.9	3066	0
5297.0	2939	0
5297.0	3078	0
5297.0	3090	0
5297.0	3156	0
5297.0	3027	0
5297.1	2990	0
5297.1	3207	0
5297.1	3042	0
5297.1	2674	0
5297.1	3126	0
5297.1	3032	0
5297.2	3171	0
5297.2	3003	0
5297.3	3150	0
5297.3	3015	0
5297.3	3036	0
5297.4	3145	0
5297.4	3069	0
5297.4	3103	0
5297.4	3035	0
5297.4	1067	0
5297.4	3116	0
5297.5	2795	0
5297.5	3231	0
5297.5	3093	0
5297.5	3095	0
5297.5	3036	0
5297.6	3100	0
5297.6	3106	0
5297.6	2091	0
5297.6	3234	0
5297.6	3054	0
5297.6	3065	0
5297.6	3185	0
5297.7	2671	0
5297.8	3095	0
5297.8	2991	0
5297.8	2850	0
5297.8	3038	0
5297.9	2967	0
5297.9	3121	0
5297.9	2859	0
5297.9	2947	0
5297.9	3073	0
5297.9	3119	0
5298.0	3039	0
5298.0	3083	0
5298.1	3184	0
5298.1	2953	0
5298.1	2943	0
5298.1	3054	0
5298.1	3053	0
5298.1	3001	0
5298.1	3233	0
5298.2	3100	0
5298.2	3171	0
5298.2	3006	0
5298.3	2856	0
5298.3	825	0
5298.4	3128	0
5298.4	3175	0
5298.5	2707	0
5298.5	2911	0
5298.5	2939	0
5298.5	3075	0
5298.5	2929	0
5298.6	2869	0
5298.6	3032	0
5298.6	2897	0
5298.6	1372	0
5298.6	3109	0
5298.7	3055	0
5298.7	2687	0
5298.7	3022	0
5298.7	3074	0
5298.7	2595	0
5298.8	3248	0
5298.9	2677	0
5298.9	3010	0
5298.9	2979	0
5299.0	3035	0
5299.0	3103	0
5299.1	3023	0
5299.1	3085	0
5299.1	2968	0
5299.1	3057	0
5299.1	777	0
5299.2	3063	0
5299.2	3129	0
5299.2	3277	0
5299.2	2966	0
5299.2	3002	0
5299.2	3001	0
5299.2	3102	0
5299.2	3028	0
5299.3	3113	0
5299.3	2888	0
5299.3	3209	0
5299.4	2846	0
5299.4	2933	0
5299.4	3016	0
5299.4	3073	0
5299.5	2867	0
5299.5	3175	0
5299.5	3174	0
5299.5	3174	0
5299.5	3186	0
5299.5	3117	0
5299.5	3132	0
5299.5	3087	0
5299.5	2863	0
5299.5	3178	0
5299.5	3094	0
5299.5	2901	0
5299.6	3023	0
5299.6	3071	0
5299.7	3091	0
5299.7	2946	0
5299.7	3150	0
5299.7	2930	0
5299.7	2939	0
5299.8	2839	0
5299.8	3029	0
5299.8	889	0
5299.8	3067	0
5299.9	2967	0
5299.9	3100	0
5299.9	3247	0
5299.9	2873	0
5299.9	3182	0
5299.9	3193	0
5299.9	3127	0
5300.0	2957	0
5300.0	3010	0
5300.0	3150	0
5300.0	3085	0
5300.0	2901	0
5300.0	3083	0
5300.1	2994	0
5300.1	3119	0
5300.2	2857	0
5300.2	2876	0
5300.2	3100	0
5300.2	3099	0
5300.3	2901	0
5300.3	3033	0
5300.3	3076	0
5300.3	3052	0
5300.3	3097	0
5300.3	3055	0
5300.3	3145	0
5300.4	3049	0
5300.5	3186	0
5300.5	1074	0
5300.5	3055	0
5300.5	3095	0
5300.5	3131	0
5300.6	3116	0
5300.6	3174	0
5300.6	2911	0
5300.7	3291	0
5300.7	3026	0
5300.7	3119	0
5300.7	3199	0
5300.7	3019	0
5300.8	3046	0
5300.8	3147	0
5300.9	3079	0
5300.9	3035	0
5300.9	2965	0
5300.9	3054	0
5300.9	3164	0
5301.0	3111	0
5301.1	3183	0
5301.1	3029	0
5301.1	3119	0
5301.1	3033	0
5301.1	2907	0
5301.2	3147	0
5301.2	2875	0
5301.2	3074	0
5301.2	1884	0
5301.3	3120	0
5301.3	2977	0
5301.3	3090	0
