3929.0	2062	0
3930.1	1686	0
3930.5	1905	0
3930.6	2359	0
3930.6	2364	0
3931.3	2136	0
3931.3	2563	0
3932.9	2347	0
3933.7	1393	0
3933.8	2115	0
3938.6	2110	0
3939.0	864	0
3939.5	993	0
3940.9	2352	0
3941.0	1204	0
3941.1	1625	0
3943.4	1879	0
3944.0	1780	0
3945.0	1767	0
3946.1	1241	0
3946.7	842	0
3949.3	2	0
3950.0	1980	0
3951.8	1329	0
3952.7	1798	0
3953.1	1506	0
3954.5	1152	0
3955.9	2487	0
3957.0	1540	0
3957.5	2129	0
3958.2	2015	0
3959.3	2179	0
3959.4	2168	0
3960.4	1616	0
3961.6	1378	0
3961.7	2041	0
3965.9	1969	0
3966.0	2436	0
3967.5	872	0
3967.5	1516	0
3967.5	2261	0
3968.5	1594	0
3971.0	2362	0
3971.8	1980	0
3972.5	2274	0
3974.7	2092	0
3975.3	1849	0
3975.7	2244	0
3976.3	2505	0
3976.7	1284	0
3976.7	1856	0
3976.9	1775	0
3977.5	2541	0
3977.8	1498	0
3978.7	1289	0
3979.5	2129	0
3980.2	2254	0
3981.1	1860	0
3981.5	1977	0
3982.6	1284	0
3983.5	1947	0
3985.2	2415	0
3985.7	1940	0
3985.9	1381	0
3987.8	2335	0
3988.4	1935	0
3988.8	1960	0
3989.3	2575	0
3989.5	1386	0
3991.2	2108	0
3992.0	2421	0
3993.0	2328	0
3993.3	2348	0
3993.7	2177	0
3993.9	1668	0
3996.1	1716	0
3996.4	1817	0
3996.9	1854	0
3998.6	1838	0
3998.9	2429	0
3999.1	1453	0
4000.7	2172	0
4001.2	2037	0
4001.2	2105	0
4001.9	2271	0
4002.4	2832	0
4003.2	811	0
4004.6	2279	0
4005.8	2514	0
4006.0	2540	0
4007.2	1799	0
4007.8	2076	0
4009.9	2413	0
4010.1	1602	0
4010.7	1888	0
4012.3	1329	0
4012.3	1450	0
4012.5	1293	0
4014.5	2044	0
4015.1	1946	0
4015.6	2758	0
4016.9	1953	0
4017.0	1803	0
4019.7	2141	0
4020.0	924	0
4020.3	2586	0
4021.0	1553	0
4021.7	606	0
4023.9	2393	0
4024.3	1886	0
4024.7	2258	0
4025.4	2190	0
4026.5	913	0
4027.4	806	0
4029.1	1361	0
4030.2	2348	0
4030.3	2771	0
4032.5	1275	0
4032.7	2172	0
4033.4	1763	0
4033.5	2284	0
4034.1	2660	0
4037.5	1487	0
4037.6	1776	0
4037.8	1788	0
4037.9	1374	0
4039.2	2371	0
4041.4	1268	0
4041.6	1598	0
4041.6	1082	0
4041.7	2590	0
4042.5	1749	0
4043.3	1871	0
4044.4	1738	0
4045.1	2211	0
4045.4	1688	0
4045.9	1900	0
4046.3	1980	0
4046.7	1397	0
4046.7	2307	0
4048.4	2471	0
4049.0	1342	0
4050.0	2522	0
4051.0	1380	0
4051.7	928	0
4052.1	1348	0
4052.7	1628	0
4055.3	1645	0
4055.7	2248	0
4056.1	1800	0
4056.4	2544	0
4059.0	1591	0
4059.1	2420	0
4059.4	1944	0
4060.9	1761	0
4061.2	2259	0
4061.3	2218	0
4061.8	1813	0
4062.0	2040	0
4062.6	2231	0
4062.8	1876	0
4063.7	1553	0
4065.2	2108	0
4065.2	1858	0
4066.8	916	0
4067.5	1323	0
4067.8	2023	0
4068.1	1162	0
4068.5	1735	0
4068.9	942	0
4070.1	1	0
4071.1	2429	0
4071.7	2468	0
4073.1	368	0
4073.7	1664	0
4074.5	1861	0
4075.2	1358	0
4078.5	2018	0
4079.9	1988	0
4080.0	2318	0
4080.2	2745	0
4081.2	2631	0
4081.3	1961	0
4081.6	2126	0
4081.7	2071	0
4082.8	1973	0
4082.8	1719	0
4084.0	2563	0
4084.3	2507	0
4085.0	999	0
4085.2	1313	0
4085.5	2119	0
4086.2	1021	0
4087.6	2097	0
4087.9	2207	0
4089.1	892	0
4089.3	1748	0
4089.3	407	0
4090.6	2243	0
4090.7	461	0
4091.7	1866	0
4092.1	1974	0
4094.9	1700	0
4095.2	2008	0
4095.5	1599	0
4095.5	2079	0
4096.3	2310	0
4096.8	1998	0
4098.7	1888	0
4099.3	2497	0
4099.4	1830	0
4099.7	2111	0
4100.2	1350	0
4101.1	1396	0
4101.4	1321	0
4102.0	1557	0
4102.5	2137	0
4102.5	848	0
4104.0	2394	0
4104.3	2555	0
4104.4	2145	0
4104.6	2451	0
4105.0	2060	0
4106.0	2513	0
4106.1	1411	0
4108.6	2105	0
4109.0	1298	0
4109.6	2622	0
4109.9	2727	0
4110.1	1386	0
4115.9	1678	0
4116.3	2336	0
4116.5	1833	0
4116.7	1426	0
4118.7	1853	0
4118.9	1914	0
4118.9	1589	0
4119.6	1640	0
4120.1	1857	0
4120.8	2135	0
4120.8	1933	0
4121.5	2158	0
4126.3	2703	0
4128.3	2678	0
4129.3	1144	0
4129.8	2283	0
4129.9	2422	0
4130.1	1486	0
4130.3	638	0
4130.8	2248	0
4131.6	1969	0
4132.5	1986	0
4133.9	2481	0
4134.4	2225	0
4138.7	1700	0
4139.2	2169	0
4142.6	768	0
4143.2	1650	0
4144.3	1657	0
4144.5	1969	0
4144.7	1326	0
4145.3	1360	0
4145.7	2154	0
4146.6	1304	0
4146.9	1776	0
4147.5	2665	0
4148.2	918	0
4149.8	1719	0
4149.9	1740	0
4150.6	2217	0
4151.7	1852	0
4156.4	2171	0
4157.9	2401	0
4160.0	2217	0
4160.4	2581	0
4164.0	1518	0
4164.3	2322	0
4164.8	1659	0
4165.2	2537	0
4166.4	2409	0
4166.6	2277	0
4172.1	2369	0
4172.3	1619	0
4174.0	429	0
4174.7	2130	0
4175.9	1623	0
4176.2	2165	0
4177.1	2270	0
4179.0	2357	0
4180.2	2459	0
4181.7	1823	0
4183.3	1905	0
4183.7	1408	0
4185.2	2146	0
4187.0	1484	0
4187.4	2237	0
4187.6	2683	0
4187.7	1736	0
4188.4	924	0
4188.9	2001	0
4189.2	1663	0
4191.6	2144	0
4192.3	1129	0
4194.5	2063	0
4194.8	2136	0
4195.1	2555	0
4197.7	1716	0
4198.0	345	0
4198.6	745	0
4201.2	2470	0
4201.8	2501	0
4203.2	2596	0
4203.7	2682	0
4204.8	2279	0
4205.0	1554	0
4205.5	2226	0
4206.0	1836	0
4206.0	1408	0
4206.2	2542	0
4208.0	1885	0
4209.1	1676	0
4209.2	1392	0
4209.9	1691	0
4210.2	1838	0
4210.7	2067	0
4211.8	2849	0
4213.2	1533	0
4213.5	2028	0
4213.7	1848	0
4213.8	2271	0
4215.0	2535	0
4215.2	1659	0
4215.5	1990	0
4218.8	2184	0
4219.3	1823	0
4220.2	2179	0
4221.0	2471	0
4222.2	2581	0
4223.1	2275	0
4223.6	1248	0
4224.5	2139	0
4226.4	1125	0
4227.7	1595	0
4228.1	1866	0
4229.5	1965	0
4229.7	1840	0
4229.8	2464	0
4230.9	1301	0
4232.5	1926	0
4233.4	1856	0
4233.7	2002	0
4234.3	1892	0
4236.0	1370	0
4236.4	1832	0
4236.5	1320	0
4237.3	1949	0
4241.5	2641	0
4241.6	2653	0
4242.7	2248	0
4243.1	2276	0
4243.5	1648	0
4248.6	2088	0
4249.5	1802	0
4251.8	1778	0
4252.2	1775	0
4253.0	1915	0
4253.7	1201	0
4254.2	2389	0
4254.6	1726	0
4254.8	2196	0
4255.9	1784	0
4256.7	2558	0
4257.6	1867	0
4259.5	1701	0
4260.7	2524	0
4261.1	2284	0
4261.3	952	0
4261.6	2122	0
4261.8	1926	0
4262.3	1197	0
4266.3	2299	0
4270.8	2154	0
4273.4	1829	0
4275.1	2401	0
4275.4	1951	0
4276.0	1400	0
4276.6	1191	0
4277.7	1561	0
4278.1	1862	0
4278.9	2166	0
4279.4	1935	0
4279.6	2022	0
4280.7	2051	0
4281.0	2629	0
4281.1	2087	0
4282.1	1836	0
4282.3	2605	0
4282.3	1552	0
4283.0	2103	0
4284.9	1657	0
4286.0	2181	0
4286.7	2385	0
4288.5	1878	0
4289.8	2521	0
4290.6	2014	0
4290.9	1941	0
4292.1	2544	0
4292.2	2292	0
4292.5	1632	0
4293.8	1465	0
4294.0	1966	0
4294.7	1968	0
4294.9	2208	0
4296.4	1821	0
4296.8	2187	0
4297.0	1724	0
4297.1	1493	0
4298.0	1731	0
4298.6	1744	0
4299.0	1684	0
4299.2	1508	0
4299.3	1949	0
4299.5	1583	0
4299.5	1297	0
4300.5	976	0
4301.8	2113	0
4303.0	792	0
4303.0	2188	0
4304.4	2559	0
4305.8	2425	0
4305.8	1596	0
4310.3	2110	0
4310.6	2480	0
4314.2	945	0
4315.4	2094	0
4315.5	2206	0
4315.6	1036	0
4316.2	1182	0
4316.9	1440	0
4317.7	1304	0
4318.1	1666	0
4318.2	2057	0
4319.6	514	0
4319.9	2627	0
4321.0	2101	0
4321.8	2403	0
4323.7	1932	0
4324.0	939	0
4325.8	1769	0
4325.9	2222	0
4326.5	1449	0
4327.1	2452	0
4328.0	1354	0
4329.0	2061	0
4330.2	1749	0
4331.1	1261	0
4332.0	485	0
4332.5	1531	0
4333.2	1952	0
4334.2	1963	0
4335.3	1018	0
4337.0	1896	0
4337.2	2591	0
4341.2	579	0
4341.3	2508	0
4341.9	818	0
4342.7	2324	0
4343.6	1689	0
4346.4	1294	0
4346.7	1917	0
4347.7	2081	0
4347.9	2397	0
4351.2	1708	0
4352.5	1391	0
4352.6	2255	0
4352.8	1852	0
4356.0	2044	0
4356.1	1640	0
4357.8	1437	0
4360.5	2082	0
4361.7	1729	0
4361.9	1439	0
4362.6	2054	0
4362.6	2050	0
4362.6	1864	0
4363.1	2062	0
4363.4	2760	0
4363.4	1684	0
4363.8	2089	0
4364.6	2625	0
4365.4	1442	0
4366.5	2557	0
4367.8	1380	0
4367.9	2681	0
4367.9	1435	0
4368.3	2279	0
4369.5	2215	0
4370.5	2642	0
4370.6	1871	0
4371.6	2664	0
4373.8	2465	0
4375.9	2136	0
4375.9	1648	0
4376.5	1316	0
4377.7	2556	0
4377.8	2817	0
4378.1	1144	0
4378.9	2419	0
4380.1	2618	0
4381.0	701	0
4382.3	1542	0
4383.6	1760	0
4384.2	2265	0
4384.4	837	0
4387.5	1119	0
4389.6	2151	0
4389.7	2254	0
4390.2	1861	0
4390.3	2793	0
4390.3	2097	0
4390.8	1500	0
4391.1	2314	0
4391.3	2150	0
4392.8	2659	0
4394.3	1953	0
4395.9	2653	0
4396.5	2221	0
4396.7	1632	0
4397.5	2016	0
4397.6	781	0
4398.5	1734	0
4399.0	1681	0
4399.0	1441	0
4399.5	2077	0
4400.7	1936	0
4401.3	2376	0
4402.0	2533	0
4402.3	1959	0
4402.3	1070	0
4404.1	1537	0
4404.3	2443	0
4404.4	1452	0
4404.4	1606	0
4405.5	1135	0
4407.8	2256	0
4408.3	1999	0
4408.4	1562	0
4410.2	1846	0
4411.4	1067	0
4412.0	2132	0
4414.1	1814	0
4414.8	2439	0
4415.9	1925	0
4419.0	1090	0
4421.4	2207	0
4421.8	1337	0
4422.6	1249	0
4422.6	1603	0
4424.5	2121	0
4425.1	1719	0
4425.8	1907	0
4425.8	2653	0
4426.1	2150	0
4426.3	2455	0
4426.6	2099	0
4426.8	2161	0
4428.5	1111	0
4428.5	1675	0
4428.8	1103	0
4430.1	904	0
4430.2	2458	0
4430.4	2254	0
4430.6	2155	0
4431.3	2430	0
4432.6	2137	0
4432.6	2223	0
4433.0	2585	0
4433.1	2755	0
4433.3	1799	0
4433.5	1530	0
4433.7	2382	0
4434.5	1878	0
4435.8	2408	0
4436.6	1219	0
4436.9	2734	0
4437.3	2376	0
4437.4	2207	0
4438.2	1763	0
4438.7	2189	0
4438.8	1945	0
4438.8	1846	0
4439.0	2441	0
4439.5	2361	0
4439.5	1316	0
4442.7	2140	0
4443.0	1176	0
4444.0	2050	0
4445.5	2458	0
4447.1	2076	0
4447.2	2177	0
4448.1	1862	0
4448.1	2603	0
4448.4	1445	0
4449.1	1950	0
4450.6	1606	0
4450.9	2438	0
4451.7	1759	0
4451.8	2202	0
4453.5	1985	0
4453.6	1961	0
4453.9	1644	0
4456.4	1157	0
4457.7	1188	0
4457.8	1258	0
4458.6	1663	0
4459.0	1560	0
4459.8	1813	0
4462.1	2204	0
4462.8	2109	0
4463.8	2070	0
4464.4	2344	0
4466.0	1947	0
4466.7	1756	0
4467.3	2322	0
4467.4	2133	0
4467.9	2234	0
4468.9	2168	0
4469.0	1794	0
4469.0	1921	0
4470.2	2113	0
4470.3	2866	0
4471.6	1568	0
4473.2	1784	0
4473.3	1314	0
4474.7	2369	0
4474.7	2262	0
4475.4	960	0
4476.2	1488	0
4477.1	1855	0
4477.3	2181	0
4481.9	2043	0
4482.7	2035	0
4482.9	1025	0
4484.0	2010	0
4484.7	2082	0
4486.0	1938	0
4486.7	2339	0
4489.9	1296	0
4490.1	1324	0
4490.7	2482	0
4491.6	1262	0
4493.9	1925	0
4495.5	1288	0
4496.5	1266	0
4496.8	1180	0
4500.5	1967	0
4501.6	1187	0
4502.0	2210	0
4502.1	1380	0
4503.2	2265	0
4504.5	418	0
4505.7	2334	0
4506.2	1250	0
4507.4	2073	0
4509.2	1796	0
4509.4	868	0
4511.2	1860	0
4512.9	1987	0
4513.5	1792	0
4515.8	1844	0
4516.4	1638	0
4516.8	1680	0
4517.2	2515	0
4517.4	2033	0
4518.3	2320	0
4520.4	1661	0
4521.9	1504	0
4523.4	1860	0
4524.0	1748	0
4524.2	1339	0
4524.9	2047	0
4529.4	1834	0
4529.9	1294	0
4531.0	1923	0
4531.5	2847	0
4532.3	2155	0
4533.4	2047	0
4533.9	1748	0
4535.2	1725	0
4535.9	1394	0
4536.1	1444	0
4536.9	1055	0
4537.5	2227	0
4538.2	1452	0
4538.5	2108	0
4540.6	2091	0
4541.2	1869	0
4541.2	2069	0
4543.1	2517	0
4543.4	1717	0
4543.6	1178	0
4543.7	2298	0
4543.9	1934	0
4544.3	1268	0
4545.1	2511	0
4545.8	2502	0
4546.0	1506	0
4546.8	1531	0
4546.8	2241	0
4547.1	2143	0
4549.8	1807	0
4551.5	1357	0
4552.2	2809	0
4552.2	2406	0
4552.3	1991	0
4554.6	2281	0
4555.0	1186	0
4555.8	2269	0
4556.5	2528	0
4557.6	2385	0
4558.1	1609	0
4558.4	2118	0
4559.0	1586	0
4559.9	2180	0
4561.0	1234	0
4561.7	1565	0
4563.5	1570	0
4563.7	1825	0
4564.1	1812	0
4564.6	1853	0
4564.7	1162	0
4565.5	1576	0
4566.9	2102	0
4568.6	1706	0
4569.1	2542	0
4570.5	1698	0
4571.9	519	0
4572.1	2464	0
4572.2	1593	0
4574.1	2069	0
4574.2	2339	0
4574.4	1651	0
4574.9	2553	0
4575.9	2587	0
4580.0	2543	0
4580.6	491	0
4580.7	1475	0
4581.0	1221	0
4582.0	1345	0
4582.2	812	0
4585.4	2030	0
4586.8	2797	0
4586.9	1955	0
4587.2	1528	0
4587.2	1684	0
4588.0	2191	0
4589.3	1091	0
4590.7	2167	0
4593.7	1653	0
4595.6	2265	0
4595.7	1533	0
4595.9	2022	0
4596.9	2211	0
4602.1	2599	0
4602.5	2442	0
4602.6	2101	0
4604.1	2619	0
4605.1	1897	0
4605.9	1267	0
4609.9	1531	0
4610.8	2093	0
4612.0	2146	0
4612.1	2223	0
4612.1	2104	0
4612.3	1836	0
4612.9	2259	0
4613.5	2119	0
4614.0	2177	0
4616.2	2230	0
4617.8	2249	0
4617.8	1601	0
4621.7	881	0
4625.6	1207	0
4625.9	2143	0
4626.0	2018	0
4626.0	2242	0
4627.2	2301	0
4627.5	1348	0
4627.8	2352	0
4627.8	2582	0
4627.9	2479	0
4628.9	1243	0
4631.5	1776	0
4632.9	2227	0
4633.7	2625	0
4633.9	2711	0
4633.9	2114	0
4634.0	1156	0
4634.5	1828	0
4636.6	2705	0
4636.7	2116	0
4636.8	1734	0
4637.2	2467	0
4638.9	1802	0
4639.6	2244	0
4640.0	1647	0
4640.1	1543	0
4640.1	1248	0
4641.3	1681	0
4641.5	2668	0
4642.1	2167	0
4642.2	1983	0
4642.5	1848	0
4642.7	2420	0
4642.8	1617	0
4643.1	2135	0
4643.5	1282	0
4644.8	1883	0
4645.4	2148	0
4645.6	1188	0
4645.7	1441	0
4646.0	1439	0
4646.6	1747	0
4648.1	2907	0
4648.7	1672	0
4651.3	2092	0
4651.5	2269	0
4654.3	1284	0
4656.3	2107	0
4656.4	1672	0
4656.9	1929	0
4657.3	1351	0
4657.3	1352	0
4658.2	1483	0
4661.3	2193	0
4662.8	1832	0
4663.6	1758	0
4663.9	1173	0
4664.0	1675	0
4664.5	1660	0
4665.3	1572	0
4665.8	1920	0
4666.1	1465	0
4666.7	1630	0
4666.8	1654	0
4670.5	2221	0
4671.2	2385	0
4673.2	2292	0
4673.4	1947	0
4674.0	1228	0
4675.0	2449	0
4675.3	2097	0
4677.0	2715	0
4677.2	894	0
4677.3	2376	0
4677.7	1693	0
4678.2	2647	0
4679.1	1789	0
4679.6	1956	0
4679.6	2138	0
4680.1	2425	0
4681.4	2266	0
4681.5	2360	0
4682.6	1794	0
4683.9	1735	0
4684.2	2217	0
4685.2	2297	0
4685.7	2385	0
4686.2	2088	0
4686.7	1096	0
4687.2	1441	0
4687.8	2026	0
4688.0	1561	0
4688.1	1882	0
4688.3	2511	0
4689.0	1566	0
4690.9	1942	0
4691.8	1335	0
4692.9	1813	0
4693.6	901	0
4695.0	1737	0
4697.3	1634	0
4697.7	1332	0
4699.5	2609	0
4699.8	1363	0
4701.1	1172	0
4701.5	2341	0
4701.7	2440	0
4702.9	1805	0
4703.6	1364	0
4704.2	1790	0
4704.7	2072	0
4705.5	2128	0
4707.0	1579	0
4707.9	1831	0
4708.1	1798	0
4709.3	2246	0
4709.7	2192	0
4711.1	1716	0
4711.5	933	0
4712.5	2423	0
4713.2	1598	0
4713.7	1081	0
4716.5	1179	0
4716.6	1881	0
4717.3	1459	0
4717.7	1549	0
4718.5	2040	0
4721.4	1565	0
4723.3	2543	0
4723.3	2308	0
4724.9	1973	0
4724.9	1593	0
4725.0	2298	0
4725.2	1839	0
4725.8	1825	0
4726.6	1758	0
4727.3	2110	0
4727.9	2349	0
4728.6	2633	0
4728.8	1884	0
4728.9	2123	0
4730.1	1989	0
4730.2	2273	0
4730.2	2762	0
4731.0	1170	0
4731.4	2126	0
4731.8	2619	0
4731.8	1345	0
4731.9	2321	0
4732.5	1632	0
4732.8	1890	0
4734.9	2338	0
4737.1	1746	0
4738.3	2271	0
4739.8	2774	0
4742.2	2492	0
4742.6	1837	0
4745.0	1634	0
4746.7	2220	0
4747.0	1173	0
4747.4	1978	0
4748.0	1457	0
4748.3	2080	0
4749.7	1920	0
4750.6	1373	0
4752.8	524	0
4753.5	2389	0
4754.2	2435	0
4754.2	2148	0
4754.3	2190	0
4754.6	2576	0
4755.0	1309	0
4756.6	2007	0
4757.1	2163	0
4757.4	2300	0
4758.3	2397	0
4759.3	1318	0
4759.5	2089	0
4760.4	1150	0
4761.2	2189	0
4761.4	1388	0
4763.6	2177	0
4764.5	1300	0
4766.0	2190	0
4766.1	1649	0
4766.2	1262	0
4766.4	2143	0
4766.8	1218	0
4766.9	2007	0
4766.9	2066	0
4768.8	1380	0
4771.2	1339	0
4772.2	2094	0
4774.6	632	0
4776.9	1971	0
4776.9	1903	0
4778.1	2219	0
4778.5	2268	0
4778.6	2577	0
4779.1	2292	0
4780.3	1163	0
4780.8	1799	0
4781.6	2147	0
4781.8	1967	0
4782.5	1808	0
4783.5	1892	0
4784.3	1411	0
4784.3	1930	0
4784.4	2345	0
4784.9	1426	0
4788.2	2522	0
4788.3	1851	0
4788.9	1645	0
4789.5	2209	0
4789.7	1312	0
4791.4	2028	0
4791.6	2193	0
4792.0	2387	0
4792.7	2272	0
4792.8	1312	0
4793.0	1822	0
4793.4	2361	0
4793.5	1304	0
4793.7	1696	0
4793.9	1912	0
4794.7	2582	0
4795.6	518	0
4795.8	1875	0
4797.8	1434	0
4799.2	1927	0
4800.6	1489	0
4803.2	1630	0
4803.3	1864	0
4804.9	2055	0
4806.2	2439	0
4808.2	1827	0
4812.9	1896	0
4815.2	1896	0
4815.8	2461	0
4815.9	2009	0
4817.7	564	0
4818.8	2139	0
4819.9	1749	0
4820.2	2377	0
4821.1	1560	0
4821.6	1624	0
4822.2	1759	0
4823.3	1883	0
4823.9	1398	0
4824.6	2323	0
4826.0	1112	0
4827.2	2204	0
4827.3	2516	0
4828.2	1966	0
4828.5	1958	0
4829.1	2188	0
4829.3	1777	0
4829.9	2775	0
4830.1	2427	0
4831.0	2771	0
4831.6	1250	0
4832.2	1309	0
4832.5	1235	0
4833.0	2604	0
4834.1	1087	0
4834.5	1569	0
4834.5	1480	0
4836.2	2614	0
4836.3	1134	0
4838.6	1108	0
4838.8	2167	0
4839.0	1092	0
4840.1	1880	0
4840.8	1762	0
4840.8	1840	0
4841.9	1384	0
4843.0	1862	0
4843.2	1243	0
4845.0	1943	0
4845.1	2086	0
4845.8	1074	0
4846.4	449	0
4847.8	1466	0
4849.3	2065	0
4849.6	2719	0
4849.7	1822	0
4849.8	1580	0
4851.3	1470	0
4851.8	2467	0
4853.3	2321	0
4853.4	1790	0
4853.7	1389	0
4853.8	2322	0
4856.0	848	0
4856.0	1995	0
4856.4	1756	0
4857.9	1596	0
4857.9	1251	0
4858.5	2656	0
4858.9	1429	0
4859.8	1829	0
4859.8	2250	0
4860.8	1711	0
4861.5	2170	0
4862.8	1695	0
4863.6	1835	0
4864.5	2684	0
4864.9	2233	0
4865.1	2179	0
4865.9	1284	0
4867.5	2333	0
4868.0	1886	0
4868.1	892	0
4870.8	1764	0
4871.2	1698	0
4871.6	1837	0
4872.5	1763	0
4872.8	2191	0
4873.8	2317	0
4873.8	2232	0
4874.1	1987	0
4874.1	1829	0
4874.3	984	0
4874.8	1940	0
4875.7	2505	0
4876.1	2272	0
4876.9	2459	0
4878.6	2025	0
4878.8	2184	0
4880.0	2770	0
4881.5	2014	0
4881.9	1787	0
4881.9	2353	0
4884.0	2473	0
4885.4	2438	0
4885.4	1194	0
4885.6	1410	0
4885.6	1938	0
4886.8	1826	0
4888.5	2365	0
4888.5	2242	0
4889.5	2604	0
4892.3	1732	0
4892.8	1651	0
4892.8	2787	0
4895.9	1270	0
4896.1	1208	0
4897.7	2140	0
4897.8	1520	0
4898.1	2527	0
4898.6	2758	0
4899.8	1934	0
4899.8	469	0
4902.2	659	0
4902.5	1693	0
4903.1	1891	0
4905.2	1456	0
4905.3	2242	0
4905.9	1597	0
4908.6	2334	0
4909.1	1064	0
4909.6	2293	0
4911.1	1743	0
4911.6	1649	0
4912.0	1935	0
4912.4	1669	0
4912.7	1781	0
4912.9	2378	0
4914.1	2099	0
4914.6	1667	0
4914.7	1969	0
4914.7	1861	0
4914.8	1008	0
4914.9	1575	0
4915.2	2054	0
4915.3	2167	0
4915.3	2686	0
4918.6	1276	0
4919.5	980	0
4920.6	1813	0
4920.6	1861	0
4921.1	1553	0
4922.0	2347	0
4922.4	916	0
4923.4	2399	0
4924.0	1676	0
4924.4	2682	0
4924.8	2445	0
4925.1	1967	0
4925.4	2111	0
4926.1	2452	0
4926.1	1101	0
4926.4	2723	0
4927.4	2746	0
4928.6	1627	0
4928.8	2055	0
4929.4	2052	0
4931.9	2467	0
4932.6	2479	0
4934.7	2039	0
4936.0	974	0
4936.3	1560	0
4937.2	1728	0
4938.2	482	0
4941.0	2391	0
4942.8	2077	0
4943.5	2711	0
4944.4	1736	0
4944.6	2463	0
4945.1	2017	0
4945.2	1920	0
4947.1	2455	0
4948.2	2147	0
4948.9	1684	0
4949.1	2168	0
4949.1	1778	0
4949.5	2493	0
4949.6	1861	0
4949.7	1940	0
4950.4	843	0
4950.5	2020	0
4950.6	1321	0
4951.4	2805	0
4952.4	1727	0
4952.8	2115	0
4953.0	2251	0
4953.8	1486	0
4954.2	1064	0
4954.7	2072	0
4956.7	1578	0
4957.7	1539	0
4958.3	2134	0
4961.2	1317	0
4961.4	1940	0
4962.1	1872	0
4962.3	2103	0
4964.4	2412	0
4965.1	1832	0
4967.2	1619	0
4968.3	2244	0
4968.8	1313	0
4968.8	1706	0
4969.5	1210	0
4970.5	1952	0
4970.8	2448	0
4973.6	2363	0
4973.9	2188	0
4975.3	2081	0
4976.4	1464	0
4976.8	2217	0
4977.5	1795	0
4978.5	1582	0
4978.5	1536	0
4978.7	1888	0
4978.8	2421	0
4979.5	1983	0
4980.5	1763	0
4981.1	1106	0
4984.8	1684	0
4985.0	1283	0
4986.4	2711	0
4987.1	2275	0
4987.6	1803	0
4988.4	1487	0
4989.5	837	0
4990.4	1493	0
4991.0	1534	0
4993.6	1291	0
4994.1	2036	0
4994.1	2090	0
4994.3	1434	0
4994.4	2290	0
4995.3	1825	0
4995.5	646	0
4996.0	1986	0
4996.5	1989	0
4996.8	1185	0
4996.9	992	0
4997.8	1376	0
4999.8	2365	0
5001.1	2105	0
5001.3	1793	0
5002.0	1517	0
5002.1	2387	0
5003.9	1374	0
5004.2	2033	0
5004.8	1632	0
5005.3	1187	0
5006.6	2242	0
5009.8	1485	0
5011.7	1804	0
5012.9	1393	0
5013.1	1387	0
5013.4	1487	0
5013.7	1634	0
5013.8	1685	0
5016.9	2434	0
5017.0	1987	0
5017.2	2320	0
5018.8	1333	0
5018.9	1865	0
5019.2	537	0
5019.8	2136	0
5020.1	1629	0
5020.4	1828	0
5020.7	2251	0
5022.1	1971	0
5022.4	2465	0
5023.6	1418	0
5023.7	1964	0
5024.4	2277	0
5024.5	1194	0
5025.9	982	0
5026.2	2020	0
5026.3	1976	0
5026.7	1680	0
5027.0	1972	0
5027.0	840	0
5027.7	2054	0
5027.9	2222	0
5028.0	1948	0
5029.6	2183	0
5030.5	2382	0
5031.3	1416	0
5032.4	2342	0
5032.7	1722	0
5033.0	1996	0
5033.7	1539	0
5034.0	2263	0
5034.8	1935	0
5035.8	2195	0
5036.2	1882	0
5037.1	2275	0
5037.9	2258	0
5039.6	1971	0
5040.5	1562	0
5041.3	688	0
5043.6	2749	0
5044.7	2452	0
5045.0	1498	0
5045.4	1511	0
5045.8	551	0
5045.9	1711	0
5046.4	1783	0
5048.4	915	0
5048.6	1940	0
5049.6	1257	0
5053.1	1875	0
5053.4	2175	0
5053.8	1936	0
5054.5	2018	0
5056.6	1734	0
5056.7	2039	0
5057.5	2513	0
5058.5	1442	0
5058.8	1580	0
5059.0	2003	0
5060.1	1556	0
5061.2	1523	0
5061.5	2300	0
5061.9	2058	0
5062.4	2151	0
5063.0	1470	0
5063.4	1953	0
5063.8	1550	0
5064.9	1786	0
5065.6	2006	0
5066.9	1536	0
5067.4	2550	0
5069.1	1225	0
5069.7	1791	0
5069.9	2691	0
5071.3	2030	0
5072.0	1932	0
5072.4	2141	0
5075.9	560	0
5076.0	2	0
5076.5	2075	0
5076.6	1618	0
5077.4	1829	0
5078.6	2786	0
5078.8	2071	0
5079.2	1689	0
5080.9	1093	0
5083.5	1633	0
5084.3	1637	0
5084.4	1865	0
5085.4	2033	0
5087.4	1388	0
5088.1	1626	0
5088.2	1087	0
5089.0	2503	0
5092.0	2269	0
5092.1	649	0
5093.4	1782	0
5095.0	2762	0
5096.9	1973	0
5097.2	1662	0
5097.4	2511	0
5097.6	1871	0
5098.6	2281	0
5099.1	2466	0
5100.2	2153	0
5100.4	2052	0
5100.5	2279	0
5101.9	2767	0
5102.0	1072	0
5102.6	1493	0
5104.4	2773	0
5104.9	1200	0
5104.9	1944	0
5105.7	2181	0
5106.7	1342	0
5107.9	1479	0
5108.7	2206	0
5109.6	1313	0
5109.7	2721	0
5110.0	2252	0
5111.0	1549	0
5111.4	1657	0
5111.8	1946	0
5111.9	1378	0
5112.0	1431	0
5112.5	1824	0
5113.5	1907	0
5113.6	1538	0
5114.1	2797	0
5114.6	1842	0
5116.6	2432	0
5118.1	2384	0
5118.7	812	0
5119.1	2594	0
5123.1	2226	0
5123.6	1916	0
5123.8	2155	0
5125.6	2202	0
5125.6	2109	0
5126.0	1336	0
5126.2	1653	0
5127.3	1112	0
5127.9	1955	0
5129.0	2380	0
5130.9	1663	0
5131.3	1913	0
5132.1	1934	0
5132.3	1412	0
5132.7	2407	0
5133.1	2266	0
5133.8	2681	0
5134.5	2305	0
5136.3	2089	0
5136.4	2058	0
5136.4	2249	0
5136.6	2302	0
5137.5	2228	0
5137.8	1900	0
5137.9	1995	0
5138.2	1689	0
5139.9	1096	0
5140.8	2401	0
5141.5	2603	0
5142.2	1648	0
5145.5	1893	0
5145.7	1873	0
5147.4	1643	0
5149.6	1046	0
5149.7	2	0
5149.8	1366	0
5150.6	2121	0
5154.4	2482	0
5154.7	1519	0
5155.7	1701	0
5156.3	2072	0
5157.6	1637	0
5158.0	2070	0
5158.4	1849	0
5159.4	1782	0
5160.3	1606	0
5161.4	1818	0
5161.5	2518	0
5162.3	1644	0
5163.8	2006	0
5166.5	1998	0
5167.6	1877	0
5168.0	1959	0
5168.6	1813	0
5168.8	2527	0
5169.7	1663	0
5169.8	2060	0
5171.5	2152	0
5171.9	2065	0
5172.1	2205	0
5178.3	1604	0
5179.9	1914	0
5180.1	1887	0
5180.1	1314	0
5182.3	1520	0
5183.0	1636	0
5183.9	2514	0
5183.9	1372	0
5184.3	1493	0
5184.8	1083	0
5187.0	0	0
5187.9	1303	0
5189.2	2136	0
5191.5	1277	0
5191.7	2025	0
5193.0	2042	0
5193.4	2299	0
5194.1	2140	0
5194.4	2304	0
5196.6	1785	0
5199.8	2714	0
5200.0	1688	0
5200.2	2172	0
5200.8	2023	0
5202.3	1817	0
5202.8	2140	0
5203.1	2108	0
5204.3	1991	0
5206.1	1293	0
5206.4	2332	0
5206.5	1893	0
5206.7	2167	0
5207.0	2226	0
5207.1	1686	0
5207.2	2248	0
5207.7	734	0
5208.6	2299	0
5208.9	1890	0
5209.6	2310	0
5209.9	2372	0
5211.7	710	0
5213.0	1876	0
5213.5	1884	0
5213.8	1415	0
5214.5	365	0
5214.6	2528	0
5216.9	2042	0
5217.6	2119	0
5218.9	1933	0
5219.1	1986	0
5219.2	1994	0
5221.0	2463	0
5222.1	2741	0
5223.3	2365	0
5225.9	2441	0
5229.6	2309	0
5231.9	2170	0
5232.1	2065	0
5232.5	2024	0
5233.3	1482	0
5233.9	1810	0
5234.8	2266	0
5234.8	2327	0
5235.1	931	0
5236.2	2639	0
5236.9	1704	0
5237.5	2235	0
5238.2	2291	0
5241.4	1823	0
5242.3	2371	0
5243.4	1823	0
5244.7	2067	0
5247.9	836	0
5249.8	558	0
5249.8	1837	0
5250.4	2477	0
5251.9	1880	0
5252.0	1221	0
5252.5	2594	0
5253.7	1996	0
5253.9	1806	0
5254.2	643	0
5254.4	2317	0
5258.2	2314	0
5258.8	1769	0
5260.2	417	0
5261.1	2395	0
5262.0	1766	0
5262.2	2158	0
5264.3	1354	0
5265.2	2270	0
5266.1	1347	0
5266.6	2015	0
5267.6	1867	0
5269.0	1024	0
5270.3	580	0
5270.5	1809	0
5271.9	1472	0
5272.0	1622	0
5272.8	1995	0
5276.2	2217	0
5278.5	2035	0
5278.6	1526	0
5279.1	2118	0
5279.5	2509	0
5282.6	701	0
5283.1	2281	0
5283.3	2056	0
5285.1	2378	0
5285.4	1334	0
5287.5	1915	0
5287.7	1264	0
5289.7	1922	0
5290.5	1439	0
5293.3	2340	0
5293.9	1800	0
5295.0	1573	0
5297.2	1181	0
5297.4	1780	0
5297.7	2360	0
5298.3	1661	0
5299.6	1081	0
5299.9	1947	0
5300.9	1097	0
5300.9	2614	0
5301.7	2480	0
5302.5	1713	0
5303.0	2575	0
5303.0	2137	0
5303.3	2586	0
5304.6	2058	0
5305.9	2171	0
5306.7	1855	0
5308.3	2190	0
5308.8	1366	0
5309.5	2534	0
5310.3	1613	0
5310.9	1749	0
5312.6	534	0
5312.6	1854	0
5312.7	2228	0
5312.9	2153	0
5313.8	2513	0
5315.7	1205	0
5316.3	2143	0
5317.9	2541	0
5317.9	1270	0
5318.9	1754	0
5319.6	1576	0
5319.7	1508	0
5320.3	1121	0
5321.6	831	0
5321.8	2305	0
5324.2	2319	0
5324.9	2578	0
5327.4	2483	0
5328.9	2299	0
5329.8	1524	0
5330.6	2671	0
5331.0	2393	0
5332.6	505	0
5333.4	1746	0
5334.6	2172	0
5334.9	1768	0
5334.9	846	0
5335.5	2078	0
5335.7	1980	0
5339.2	2583	0
5339.8	1967	0
5340.0	2316	0
5343.5	1539	0
5344.5	2510	0
5344.6	1349	0
5345.1	1633	0
5346.8	2324	0
5347.3	2498	0
5347.3	1768	0
5349.5	2547	0
5353.0	1193	0
5353.3	1882	0
5353.3	2344	0
5353.7	2491	0
5354.0	1929	0
5355.0	1538	0
5357.6	1685	0
5357.7	2157	0
5360.5	1742	0
5361.2	2134	0
5362.4	1973	0
5364.3	2140	0
5364.3	1991	0
5366.4	1740	0
5367.7	1466	0
5367.7	1985	0
5369.3	2156	0
5373.1	2325	0
5374.4	1803	0
5374.4	2142	0
5374.9	1559	0
5375.4	2221	0
5378.1	1164	0
5378.2	2247	0
5379.5	2219	0
5381.7	2059	0
5382.1	816	0
5382.5	2327	0
5383.1	1852	0
5383.9	1761	0
5384.6	1489	0
5384.6	1880	0
5389.0	1277	0
5390.2	1968	0
5391.2	1616	0
5391.4	2368	0
5393.2	1754	0
5393.9	1362	0
5394.5	2243	0
5396.7	1892	0
5398.3	1651	0
5399.1	2263	0
5399.4	2460	0
5402.1	785	0
5402.4	1233	0
5403.4	1823	0
5404.3	2652	0
5405.2	836	0
5405.9	1083	0
5413.5	1932	0
5414.2	730	0
5414.5	1994	0
5414.8	1993	0
5415.0	2565	0
5415.4	2044	0
5416.9	1456	0
5417.0	2706	0
5418.8	1615	0
5419.8	1863	0
5420.7	2847	0
5421.6	2280	0
5422.5	1420	0
5422.5	340	0
5422.9	1612	0
5424.7	1922	0
5424.8	2061	0
5425.5	1606	0
5428.8	2378	0
5429.1	2559	0
5429.1	1674	0
5430.4	2003	0
5431.1	1040	0
5432.0	691	0
5433.3	2134	0
