5745.5	2710	0
5745.5	2047	0
5745.6	2565	0
5745.7	2672	0
5745.8	2339	0
5745.8	2447	0
5745.9	2597	0
5746.1	2008	0
5746.1	1824	0
5746.4	2149	0
5746.4	2623	0
5746.5	2800	0
5746.6	2597	0
5747.0	2619	0
5747.1	2703	0
5747.1	2286	0
5747.1	2624	0
5747.1	1168	0
5747.2	2741	0
5747.3	2807	0
5747.3	2636	0
5747.4	2662	0
5747.4	2443	0
5747.5	2698	0
5747.5	2641	0
5747.6	2728	0
5747.8	1981	0
5748.0	1402	0
5748.1	4	0
5748.4	2446	0
5748.4	2865	0
5748.4	2754	0
5748.5	2078	0
5748.7	1812	0
5748.7	2632	0
5748.7	2468	0
5748.9	2599	0
5749.0	2548	0
5749.1	2745	0
5749.2	1875	0
5749.2	2166	0
5749.2	2631	0
5749.4	2708	0
5749.5	2617	0
5749.9	2474	0
5749.9	2368	0
5750.0	2516	0
5750.1	2843	0
5750.1	2570	0
5750.2	2622	0
5750.3	2140	0
5750.4	2431	0
5750.6	1372	0
5750.6	2504	0
5750.7	2510	0
5750.7	2596	0
5750.9	2628	0
5750.9	2666	0
5750.9	2676	0
5751.0	1158	0
5751.0	2635	0
5751.1	2865	0
5751.3	2555	0
5751.4	2294	0
5751.4	2731	0
5751.6	1462	0
5751.6	2794	0
5751.7	2697	0
5751.8	2260	0
5751.8	2437	0
5751.8	2711	0
5752.0	2485	0
5752.0	2444	0
5752.1	1405	0
5752.2	2	0
5752.2	2536	0
5752.3	2857	0
5752.3	1780	0
5752.4	2500	0
5752.5	2492	0
5752.5	485	0
5752.5	3014	0
5752.6	2615	0
5752.6	2297	0
5752.6	2650	0
5752.7	2541	0
5752.7	1928	0
5752.7	2443	0
5752.7	2548	0
5752.8	2088	0
5753.0	2781	0
5753.1	2769	0
5753.1	2829	0
5753.1	2667	0
5753.3	2682	0
5753.3	2786	0
5753.5	2763	0
5753.5	2561	0
5753.5	2318	0
5753.7	2421	0
5753.7	2607	0
5753.8	2558	0
5753.8	2209	0
5753.9	2781	0
5754.1	1240	0
5754.3	4	0
5754.3	2809	0
5754.4	2454	0
5754.4	2064	0
5754.4	2606	0
5754.6	1881	0
5754.6	2621	0
5754.7	1396	0
5754.7	2676	0
5754.8	2581	0
5754.8	2815	0
5754.8	3061	0
5754.8	2771	0
5754.9	2402	0
5754.9	1512	0
5755.0	2434	0
5755.2	2650	0
5755.4	2687	0
5755.5	2839	0
5755.6	2665	0
5755.6	2338	0
5755.8	2327	0
5755.9	2786	0
5756.1	2889	0
5756.4	2780	0
5756.4	2675	0
5756.5	2505	0
5756.5	2773	0
5756.5	2532	0
5756.6	2723	0
5756.7	2802	0
5756.8	2839	0
5756.8	2925	0
5756.9	2635	0
5756.9	2761	0
5757.1	2454	0
5757.2	2898	0
5757.3	2587	0
5757.3	3048	0
5757.4	2516	0
5757.4	2608	0
5757.5	2649	0
5757.6	2703	0
5757.6	2786	0
5757.6	2119	0
5757.6	2290	0
5757.7	2587	0
5757.9	2881	0
5757.9	2639	0
5758.2	2659	0
5758.3	2698	0
5758.3	2582	0
5758.7	2852	0
5758.8	2660	0
5758.8	2487	0
5758.8	2841	0
5758.8	2964	0
5758.8	2803	0
5759.2	2239	0
5759.2	2771	0
5759.4	2589	0
5759.6	2213	0
5759.7	2856	0
5760.0	2798	0
5760.0	2689	0
5760.0	2517	0
5760.0	2342	0
5760.2	2162	0
5760.2	2503	0
5760.3	2096	0
5760.4	2397	0
5760.4	2658	0
5760.5	2645	0
5760.5	2680	0
5760.6	2619	0
5760.7	2185	0
5760.7	2681	0
5761.0	2606	0
5761.0	2656	0
5761.0	958	0
5761.1	2631	0
5761.1	2267	0
5761.4	1130	0
5761.4	2901	0
5761.5	2259	0
5761.6	2546	0
5761.6	2463	0
5761.6	2751	0
5761.7	2801	0
5761.8	2618	0
5761.9	2621	0
5761.9	2612	0
5762.0	2396	0
5762.0	2564	0
5762.1	2650	0
5762.1	2811	0
5762.5	2673	0
5762.5	2664	0
5762.7	2678	0
5762.8	2724	0
5762.8	1762	0
5762.9	2693	0
5763.0	2615	0
5763.2	2215	0
5763.3	2489	0
5763.3	2479	0
5763.4	2207	0
5763.4	2672	0
5763.5	2736	0
5763.6	2182	0
5763.7	2488	0
5763.8	2548	0
5763.9	2751	0
5763.9	2567	0
5763.9	2449	0
5764.0	2052	0
5764.1	2638	0
5764.1	2483	0
5764.1	2830	0
5764.2	1596	0
5764.2	2637	0
5764.2	2701	0
5764.3	2748	0
5764.3	2882	0
5764.3	2515	0
5764.4	2630	0
5764.4	2173	0
5764.4	2256	0
5764.4	2496	0
5764.5	2737	0
5764.6	2545	0
5764.6	2903	0
5764.6	2465	0
5765.0	2523	0
5765.1	2664	0
5765.1	2542	0
5765.2	2092	0
5765.2	2421	0
5765.3	1769	0
5765.4	2670	0
5765.4	2766	0
5765.4	2633	0
5765.4	2827	0
5765.6	1922	0
5765.6	2725	0
5765.7	2700	0
5765.8	2763	0
5765.8	2670	0
5765.8	2753	0
5765.9	2382	0
5765.9	2669	0
5766.1	2815	0
5766.1	2997	0
5766.1	2898	0
5766.2	890	0
5766.2	2645	0
5766.4	2595	0
5766.4	2780	0
5766.5	2303	0
5766.6	1267	0
5766.8	2591	0
5766.9	2639	0
5766.9	2507	0
5767.0	2819	0
5767.2	2647	0
5767.2	2359	0
5767.4	2736	0
5767.4	2404	0
5767.5	2469	0
5767.6	2475	0
5767.6	2378	0
5767.6	2764	0
5767.6	2911	0
5767.6	2620	0
5767.6	2775	0
5767.6	2199	0
5767.7	2874	0
5767.7	2033	0
5767.9	2982	0
5767.9	2282	0
5767.9	2395	0
5768.0	2749	0
5768.4	2708	0
5768.4	2247	0
5768.5	2786	0
5768.7	2975	0
5768.7	2681	0
5768.7	2326	0
5768.8	2470	0
5768.9	2854	0
5769.1	2825	0
5769.1	2535	0
5769.2	2770	0
5769.3	2800	0
5769.4	2550	0
5769.5	2507	0
5769.5	2611	0
5769.6	2265	0
5769.6	2956	0
5769.7	2636	0
5769.8	2694	0
5769.8	2537	0
5769.9	2424	0
5769.9	2362	0
5770.0	2599	0
5770.2	2012	0
5770.2	2814	0
5770.2	2368	0
5770.4	2682	0
5770.5	2857	0
5770.6	2837	0
5770.7	2753	0
5770.7	1946	0
5770.8	2146	0
5771.0	2734	0
5771.0	2573	0
5771.0	2867	0
5771.0	2590	0
5771.1	1787	0
5771.1	2219	0
5771.2	525	0
5771.3	2428	0
5771.4	1848	0
5771.5	1805	0
5771.5	2484	0
5771.5	2650	0
5771.6	2544	0
5771.7	2390	0
5771.9	2788	0
5772.0	2838	0
5772.0	2826	0
5772.0	2417	0
5772.1	2650	0
5772.1	2574	0
5772.3	1865	0
5772.5	1837	0
5772.6	2892	0
5772.6	2731	0
5772.6	2810	0
5772.7	2581	0
5772.7	2417	0
5772.7	2477	0
5772.8	2588	0
5772.9	2751	0
5772.9	2628	0
5772.9	2628	0
5773.0	2345	0
5773.1	2536	0
5773.1	2463	0
5773.2	1733	0
5773.2	2641	0
5773.4	2426	0
5773.4	2263	0
5773.4	2843	0
5773.4	2471	0
5773.6	2530	0
5773.6	2727	0
5773.6	2875	0
5773.6	2140	0
5773.6	2545	0
5773.8	2395	0
5774.0	2725	0
5774.0	2351	0
5774.1	2425	0
5774.2	2785	0
5774.4	2473	0
5774.4	2687	0
5774.5	2975	0
5774.6	2546	0
5774.6	3009	0
5774.8	1909	0
5774.8	2878	0
5774.8	2481	0
5774.8	2640	0
5774.9	2312	0
5774.9	2117	0
5774.9	2356	0
5775.0	2718	0
5775.0	2810	0
5775.1	1908	0
5775.4	2831	0
5775.4	1977	0
5775.5	1416	0
5775.5	4	0
5775.5	2722	0
5775.7	2831	0
5775.8	2156	0
5775.8	2629	0
5775.9	2869	0
5776.0	2232	0
5776.1	2566	0
5776.1	2827	0
5776.1	2760	0
5776.2	2411	0
5776.2	2523	0
5776.3	2841	0
5776.5	2285	0
5776.7	2766	0
5776.9	2495	0
5777.0	2188	0
5777.1	2668	0
5777.1	2498	0
5777.2	2654	0
5777.4	768	0
5777.5	2847	0
5777.6	2915	0
5777.7	2487	0
5777.7	2891	0
5777.7	2708	0
5777.8	2469	0
5777.9	2723	0
5778.1	2491	0
5778.2	2632	0
5778.2	2718	0
5778.2	2760	0
5778.3	2594	0
5778.3	2393	0
5778.5	2090	0
5778.6	2681	0
5778.7	2177	0
5778.7	2603	0
5778.7	1994	0
5778.7	2691	0
5778.8	2797	0
5778.8	2789	0
5778.9	2725	0
5778.9	2829	0
5779.1	2388	0
5779.2	2511	0
5779.2	2422	0
5779.3	2687	0
5779.3	2475	0
5779.3	2545	0
5779.5	2113	0
5779.5	2711	0
5779.6	2729	0
5779.7	2645	0
5779.9	2796	0
5779.9	2606	0
5780.0	2723	0
5780.2	2067	0
5780.4	2581	0
5780.5	2625	0
5780.5	2455	0
5780.6	2539	0
5780.6	2456	0
5780.6	2549	0
5780.7	2883	0
5780.8	2248	0
5780.8	2866	0
5781.0	2690	0
5781.0	2649	0
5781.0	2727	0
5781.1	2693	0
5781.1	1981	0
5781.2	2300	0
5781.2	2437	0
5781.2	2295	0
5781.2	2531	0
5781.3	2520	0
5781.5	848	0
5781.5	2227	0
5781.7	2668	0
5782.0	2710	0
5782.1	2701	0
5782.1	2836	0
5782.1	2907	0
5782.1	2580	0
5782.1	2751	0
5782.2	2803	0
5782.2	2772	0
5782.3	2599	0
5782.3	2521	0
5782.4	2709	0
5782.5	2775	0
5782.5	2803	0
5782.5	2503	0
5782.5	2482	0
5782.6	1186	0
5782.7	2738	0
5782.7	2382	0
5782.8	2352	0
5783.1	2594	0
5783.2	2809	0
5783.2	2356	0
5783.3	2704	0
5783.4	2759	0
5783.5	2660	0
5783.5	2335	0
5783.6	2732	0
5783.6	1030	0
5783.6	2281	0
5783.7	2595	0
5783.8	2659	0
5783.9	2761	0
5783.9	2233	0
5783.9	2623	0
5783.9	2787	0
5784.0	2751	0
5784.0	2967	0
5784.1	2152	0
5784.2	2352	0
5784.2	2626	0
5784.3	2840	0
5784.4	2642	0
5784.4	2660	0
5784.5	2324	0
5784.6	2826	0
5784.6	2254	0
5784.8	2498	0
5784.9	2238	0
5785.1	2591	0
5785.1	2671	0
5785.2	2487	0
5785.3	2976	0
5785.3	2768	0
5785.4	942	0
5785.4	2669	0
5785.5	2571	0
5785.5	2209	0
5785.5	2404	0
5785.6	2533	0
5785.6	2454	0
5785.7	2599	0
5785.7	2787	0
5786.1	2813	0
5786.2	2619	0
5786.3	2793	0
5786.4	2580	0
5786.4	2708	0
5786.4	1175	0
5786.5	4	0
5786.5	2559	0
5786.7	2575	0
5786.7	1915	0
5786.7	2670	0
5786.8	2865	0
5787.0	1733	0
5787.1	2766	0
5787.1	2859	0
5787.2	2873	0
5787.2	2619	0
5787.3	2642	0
5787.4	2438	0
5787.6	2496	0
5787.7	2723	0
5787.8	2551	0
5787.8	2630	0
5787.8	2579	0
5787.8	2121	0
5787.9	2499	0
5788.1	2731	0
5788.1	2246	0
5788.2	2568	0
5788.3	2724	0
5788.3	2604	0
5788.5	2747	0
5788.5	2854	0
5788.5	2751	0
5788.5	2371	0
5788.6	2582	0
5788.6	2413	0
5788.8	2823	0
5788.8	2817	0
5788.9	2657	0
5789.0	2575	0
5789.1	2368	0
5789.1	2469	0
5789.1	2738	0
5789.2	2677	0
5789.5	2807	0
5789.6	2814	0
5789.6	2480	0
5789.7	2521	0
5789.8	2537	0
5789.9	2058	0
5790.0	2893	0
5790.0	2245	0
5790.1	2718	0
5790.1	2743	0
5790.2	2847	0
5790.2	1868	0
5790.3	1723	0
5790.6	2508	0
5790.6	2591	0
5790.7	3047	0
5790.7	1983	0
5790.7	2917	0
5790.9	2535	0
5790.9	2791	0
5790.9	2780	0
5790.9	2530	0
5791.0	2751	0
5791.0	2438	0
5791.1	2591	0
5791.1	1916	0
5791.2	2216	0
5791.2	2489	0
5791.3	2710	0
5791.3	2520	0
5791.4	2659	0
5791.4	2765	0
5791.5	1020	0
5791.5	2252	0
5791.5	2553	0
5791.6	2690	0
5791.6	2671	0
5791.6	2725	0
5791.7	2292	0
5791.7	2577	0
5791.8	2443	0
5791.8	2951	0
5791.8	2454	0
5792.3	2509	0
5792.4	2509	0
5792.5	2623	0
5792.5	2779	0
5792.5	2546	0
5792.7	2859	0
5792.7	2604	0
5792.7	2606	0
5792.8	2481	0
5792.8	2315	0
5792.8	1132	0
5792.9	2202	0
5793.0	2758	0
5793.1	1715	0
5793.2	2553	0
5793.3	2785	0
5793.3	2513	0
5793.5	1946	0
5793.5	2956	0
5793.6	2605	0
5793.6	2500	0
5793.6	2933	0
5793.8	2492	0
5793.8	2641	0
5794.0	1904	0
5794.0	2415	0
5794.1	2174	0
5794.1	2026	0
5794.1	2459	0
5794.1	2799	0
5794.2	1789	0
5794.3	2773	0
5794.3	2376	0
5794.3	2639	0
5794.5	2777	0
5794.5	2653	0
5794.6	2528	0
5794.8	2585	0
5794.8	2683	0
5794.9	2632	0
5795.1	2735	0
5795.2	2611	0
5795.5	2667	0
5795.5	2536	0
5795.5	2625	0
5795.7	2495	0
5795.7	2550	0
5795.8	2736	0
5795.9	1958	0
5795.9	2178	0
5796.0	2287	0
5796.2	2381	0
5796.2	2479	0
5796.2	2776	0
5796.3	2701	0
5796.3	2954	0
5796.4	2700	0
5796.5	2930	0
5796.5	2488	0
5796.6	2735	0
5796.7	2995	0
5796.8	2785	0
5796.9	2284	0
5796.9	1666	0
5796.9	2846	0
5797.0	2854	0
5797.0	1890	0
5797.2	2665	0
5797.3	2821	0
5797.5	2387	0
5797.5	2747	0
5797.6	2650	0
5797.7	2323	0
5797.7	1595	0
5797.8	2934	0
5797.9	2320	0
5798.0	2818	0
5798.0	2759	0
5798.1	2401	0
5798.3	1778	0
5798.3	2677	0
5798.4	1965	0
5798.4	2119	0
5798.5	2129	0
5798.5	2719	0
5798.6	2763	0
5798.6	2540	0
5798.7	2764	0
5798.8	2454	0
5798.8	2190	0
5798.9	2628	0
5798.9	2174	0
5798.9	2847	0
5799.0	2165	0
5799.0	2532	0
5799.0	2642	0
5799.0	2753	0
5799.0	1844	0
5799.1	2357	0
5799.2	2574	0
5799.3	2639	0
5799.3	2899	0
5799.4	2752	0
5799.4	2807	0
5799.5	2690	0
5799.5	2609	0
5799.5	2591	0
5799.6	2476	0
5799.6	2538	0
5799.8	2676	0
5799.8	2519	0
5799.8	2742	0
5799.9	2514	0
5799.9	2516	0
5800.0	2746	0
5800.0	1685	0
5800.1	2544	0
5800.2	2833	0
5800.2	2589	0
5800.3	2697	0
5800.4	2639	0
5800.4	2635	0
5800.5	2645	0
5800.8	2452	0
5800.9	2687	0
5801.1	2518	0
5801.2	2813	0
5801.2	2480	0
5801.2	1931	0
5801.2	2415	0
5801.3	2184	0
5801.3	1926	0
5801.6	2021	0
5801.6	2749	0
5801.7	2387	0
5801.7	2638	0
5801.8	1939	0
5801.9	2079	0
5802.1	2444	0
5802.1	2633	0
5802.1	2551	0
5802.1	2659	0
5802.2	2847	0
5802.2	2717	0
5802.3	1579	0
5802.3	2927	0
5802.4	2836	0
5802.4	2647	0
5802.5	2533	0
5802.5	2582	0
5802.6	2459	0
5802.6	2646	0
5802.6	2637	0
5802.6	2689	0
5802.7	2328	0
5802.7	2769	0
5802.7	2725	0
5802.8	1549	0
5802.8	2642	0
5802.8	2404	0
5802.9	2567	0
5802.9	2131	0
5803.0	2471	0
5803.0	1927	0
5803.0	2702	0
5803.1	2516	0
5803.1	2465	0
5803.1	2579	0
5803.3	2841	0
5803.3	2497	0
5803.5	2943	0
5803.5	2937	0
5803.6	2583	0
5803.7	2780	0
5803.7	2709	0
5803.8	2347	0
5803.8	2687	0
5803.9	2250	0
5803.9	2769	0
5804.0	2795	0
5804.0	2819	0
5804.1	2549	0
5804.1	2877	0
5804.1	2691	0
5804.2	2725	0
5804.3	2064	0
5804.4	2175	0
5804.5	2432	0
5804.5	2709	0
5804.6	2745	0
5804.7	2897	0
5804.7	2845	0
5804.8	2387	0
5804.8	2736	0
5804.8	1444	0
5804.9	2762	0
5805.0	2497	0
5805.1	2817	0
5805.1	2863	0
5805.2	1279	0
5805.2	2646	0
5805.3	2122	0
5805.4	2814	0
5805.4	2714	0
5805.5	1956	0
5805.5	2654	0
5805.5	2314	0
5805.6	2535	0
5805.6	2364	0
5805.6	2453	0
5805.7	2428	0
5805.8	2593	0
5805.9	2695	0
5805.9	2068	0
5805.9	2689	0
5806.0	2836	0
5806.0	2050	0
5806.0	2723	0
5806.1	2706	0
5806.2	2587	0
5806.3	2119	0
5806.3	2473	0
5806.5	2427	0
5806.8	2622	0
5806.8	2726	0
5806.9	2557	0
5806.9	2416	0
5807.0	790	0
5807.1	2690	0
5807.3	2821	0
5807.4	2437	0
5807.5	2618	0
5807.5	2853	0
5807.5	1804	0
5807.6	2200	0
5807.6	2497	0
5807.6	2554	0
5807.6	2309	0
5807.6	2483	0
5807.7	608	0
5807.7	2981	0
5807.7	2702	0
5807.8	2720	0
5808.1	2647	0
5808.1	2867	0
5808.1	2169	0
5808.2	2431	0
5808.3	2475	0
5808.3	2807	0
5808.3	2468	0
5808.4	2585	0
5808.4	2695	0
5808.5	2239	0
5808.6	2353	0
5808.7	2590	0
5808.7	1746	0
5808.8	2761	0
5808.9	2571	0
5808.9	2833	0
5809.0	1874	0
5809.0	2665	0
5809.0	2223	0
5809.1	2414	0
5809.1	2339	0
5809.1	2615	0
5809.4	2634	0
5809.4	2739	0
5809.5	2542	0
5809.6	2293	0
5809.8	2897	0
5809.8	2757	0
5809.8	2594	0
5809.9	2558	0
5809.9	2086	0
5809.9	1864	0
5810.0	2158	0
5810.0	2791	0
5810.0	2526	0
5810.2	2593	0
5810.2	2463	0
5810.2	2498	0
5810.3	2594	0
5810.4	2943	0
5810.5	2170	0
5810.6	2400	0
5810.7	1228	0
5810.8	2487	0
5811.0	2431	0
5811.1	2489	0
5811.1	2901	0
5811.1	2651	0
5811.2	2561	0
5811.3	2624	0
5811.3	2783	0
5811.4	2548	0
5811.4	2584	0
5811.4	2804	0
5811.5	2489	0
5811.5	2498	0
5811.6	2022	0
5811.7	2206	0
5811.9	2465	0
5811.9	2913	0
5812.0	2441	0
5812.1	1922	0
5812.1	2078	0
5812.1	2619	0
5812.1	2447	0
5812.1	1334	0
5812.1	4	0
5812.2	1883	0
5812.4	2440	0
5812.6	2184	0
5812.6	2668	0
5812.7	2097	0
5812.8	2657	0
5812.8	2261	0
5813.0	2670	0
5813.1	2667	0
5813.1	616	0
5813.1	2571	0
5813.2	2741	0
5813.2	2496	0
5813.2	2601	0
5813.2	2813	0
5813.3	2667	0
5813.3	2275	0
5813.4	2343	0
5813.5	2545	0
5813.6	2507	0
5813.6	2366	0
5813.7	2856	0
5813.7	2554	0
5813.9	2601	0
5814.1	2723	0
5814.2	2689	0
5814.2	2060	0
5814.3	2124	0
5814.5	2451	0
5814.6	2350	0
5814.6	2893	0
5814.6	2542	0
5814.7	2733	0
5814.7	2670	0
5814.9	2353	0
5814.9	2143	0
5814.9	2713	0
5815.0	2669	0
5815.0	2817	0
5815.0	2438	0
5815.1	2755	0
5815.1	2603	0
5815.2	2589	0
5815.2	2360	0
5815.3	2082	0
5815.4	2623	0
5815.4	2690	0
5815.5	2779	0
5815.6	2566	0
5815.7	2854	0
5815.8	2899	0
5815.9	1765	0
5816.0	2659	0
5816.0	2439	0
5816.1	2721	0
5816.1	2629	0
5816.1	1541	0
5816.1	2288	0
5816.2	2639	0
5816.2	2625	0
5816.3	2443	0
5816.3	2711	0
5816.6	2589	0
5816.7	2586	0
5816.8	2693	0
5816.9	2513	0
5816.9	2237	0
5817.0	2574	0
5817.1	2835	0
5817.3	2549	0
5817.3	2905	0
5817.4	2300	0
5817.5	2604	0
5817.5	2683	0
5817.6	2123	0
5817.7	2753	0
5817.7	2649	0
5817.7	2140	0
5817.8	2419	0
5818.0	2867	0
5818.1	2207	0
5818.1	2795	0
5818.1	2670	0
5818.2	2758	0
5818.2	3133	0
5818.2	2878	0
5818.3	2300	0
5818.3	2777	0
5818.3	2457	0
5818.4	2714	0
5818.6	2545	0
5818.6	2632	0
5818.6	2530	0
5818.6	1852	0
5818.7	2824	0
5818.7	2527	0
5818.8	2405	0
5818.8	2678	0
5818.8	2870	0
5818.9	2755	0
5818.9	2860	0
5818.9	2465	0
5819.0	2783	0
5819.0	2261	0
5819.1	2661	0
5819.1	2719	0
5819.4	2809	0
5819.5	2621	0
5819.6	1889	0
5819.6	2508	0
5819.7	1887	0
5819.7	2906	0
5819.8	2711	0
5819.8	1992	0
5819.9	2738	0
5819.9	2786	0
5820.2	2651	0
5820.2	2275	0
5820.2	2579	0
5820.3	2481	0
5820.3	2130	0
5820.4	2609	0
5820.5	1272	0
5820.7	2242	0
5820.7	2519	0
5820.7	2443	0
5820.7	2911	0
5820.7	2369	0
5820.8	2771	0
5820.9	1897	0
5820.9	2802	0
5821.0	2705	0
5821.0	2719	0
5821.0	2642	0
5821.1	2450	0
5821.1	2536	0
5821.1	2645	0
5821.3	2813	0
5821.4	2569	0
5821.4	2761	0
5821.8	2419	0
5821.8	2472	0
5821.9	2265	0
5821.9	2602	0
5822.0	2457	0
5822.0	2679	0
5822.1	1660	0
5822.2	2546	0
5822.3	2497	0
5822.4	2893	0
5822.5	2720	0
5822.5	2888	0
5822.6	2527	0
5822.6	2293	0
5822.8	2448	0
5822.8	2991	0
5822.8	2387	0
5822.9	2455	0
5823.0	2728	0
5823.0	2198	0
5823.0	2661	0
5823.1	2571	0
5823.3	2593	0
5823.3	2763	0
5823.3	2599	0
5823.3	2501	0
5823.4	2723	0
5823.5	2687	0
5823.5	2644	0
5823.6	2483	0
5823.8	2955	0
5823.8	2184	0
5823.9	2570	0
5823.9	2886	0
5823.9	2491	0
5824.0	1888	0
5824.1	2423	0
5824.2	2558	0
5824.2	2869	0
5824.3	2800	0
5824.3	2374	0
5824.4	2723	0
5824.4	2061	0
5824.5	2416	0
5824.5	1927	0
5824.5	2867	0
5824.5	2297	0
5824.7	2662	0
5824.8	2613	0
5824.9	2492	0
5824.9	2776	0
5824.9	872	0
5824.9	2340	0
5825.0	2623	0
5825.0	2790	0
5825.1	2715	0
5825.1	2937	0
5825.2	2675	0
5825.3	2659	0
5825.3	2614	0
5825.3	2344	0
5825.4	2674	0
5825.4	2636	0
5825.6	2823	0
5825.6	2364	0
5825.8	2719	0
5825.9	2680	0
5826.0	2548	0
5826.1	2787	0
5826.1	2522	0
5826.1	2278	0
5826.1	2574	0
5826.2	2888	0
5826.2	2146	0
5826.3	2639	0
5826.3	2135	0
5826.3	2626	0
5826.4	2454	0
5826.4	2427	0
5826.5	1926	0
5826.5	2380	0
5826.5	2249	0
5826.6	2574	0
5826.9	2603	0
5826.9	2735	0
5827.1	2173	0
5827.1	2629	0
5827.2	2603	0
5827.2	2535	0
5827.3	2284	0
5827.7	2218	0
5827.7	2321	0
5827.7	2614	0
5827.8	2098	0
5827.9	2046	0
5827.9	2883	0
5827.9	2930	0
5827.9	2598	0
5828.3	2563	0
5828.3	2563	0
5828.4	1810	0
5828.4	2022	0
5828.5	2655	0
5828.6	1211	0
5828.6	4	0
5828.7	2537	0
5828.7	2659	0
5828.8	2400	0
5828.8	2493	0
5829.0	1946	0
5829.0	2725	0
5829.0	2759	0
5829.1	2637	0
5829.1	2566	0
5829.1	2775	0
5829.1	2617	0
5829.5	2597	0
5829.5	2625	0
5829.5	2758	0
5829.7	1995	0
5829.8	2759	0
5829.8	2472	0
5829.8	2563	0
5829.9	2565	0
5830.0	2519	0
5830.4	2709	0
5830.4	2680	0
5830.4	2576	0
5830.5	2767	0
5830.7	2603	0
5830.7	2629	0
5830.7	2564	0
5830.7	2527	0
5830.8	2833	0
5830.8	2759	0
5831.1	2734	0
5831.1	2920	0
5831.2	2911	0
5831.2	2390	0
5831.3	1769	0
5831.4	2793	0
5831.4	2613	0
5831.4	1042	0
5831.5	2713	0
5831.6	2527	0
5831.6	2750	0
5831.9	2558	0
5831.9	2386	0
5832.1	1979	0
5832.2	2588	0
5832.2	2686	0
5832.2	2452	0
5832.2	2909	0
5832.4	2133	0
5832.4	2759	0
5832.4	2752	0
5832.5	2631	0
5832.5	2593	0
5832.7	2896	0
5832.7	2502	0
5832.7	2244	0
5832.8	2669	0
5832.8	2926	0
5832.8	2037	0
5832.8	2789	0
5832.8	2170	0
5832.8	2775	0
5833.0	2553	0
5833.0	2171	0
5833.1	2033	0
5833.1	2732	0
5833.1	2731	0
5833.2	2904	0
5833.2	2579	0
5833.3	2349	0
5833.3	2822	0
5833.4	2559	0
5833.5	2614	0
5833.5	882	0
5833.6	2650	0
5833.8	2620	0
5833.8	2739	0
5833.9	2702	0
5833.9	2815	0
5834.0	2710	0
5834.1	2485	0
5834.2	2713	0
5834.3	2727	0
5834.3	2513	0
5834.4	2381	0
5834.4	2957	0
5834.6	2791	0
5834.6	2835	0
5834.8	2585	0
5834.9	1802	0
5835.0	1937	0
5835.1	2626	0
5835.1	2214	0
5835.1	2674	0
5835.1	2697	0
5835.2	2598	0
5835.3	2999	0
5835.5	2759	0
5835.6	2712	0
5835.7	2680	0
5835.7	1543	0
5835.8	2554	0
5835.8	2200	0
5835.8	2706	0
5835.8	2915	0
5835.9	2526	0
5836.0	2906	0
5836.0	2046	0
5836.0	2718	0
5836.1	2564	0
5836.1	2582	0
5836.1	2098	0
5836.2	2783	0
5836.2	2866	0
5836.3	2510	0
5836.6	2720	0
5836.6	1825	0
5836.8	2681	0
5836.9	2340	0
5836.9	2042	0
5836.9	2211	0
5837.0	2631	0
5837.0	2502	0
5837.1	2726	0
5837.2	2275	0
5837.5	2707	0
5837.5	1886	0
5837.5	2066	0
5837.6	2254	0
5837.7	2485	0
5837.7	2481	0
5837.7	2392	0
5837.8	2648	0
5837.9	2410	0
5838.0	2834	0
5838.1	2408	0
5838.1	2850	0
5838.1	2009	0
5838.1	2491	0
5838.2	2559	0
5838.3	2681	0
5838.3	2749	0
5838.3	2393	0
5838.3	2829	0
5838.4	2699	0
5838.4	2636	0
5838.4	2627	0
5838.4	2727	0
5838.4	2488	0
5838.6	2779	0
5838.6	2298	0
5838.6	2612	0
5838.7	2814	0
5838.8	2527	0
5839.0	2681	0
5839.0	2173	0
5839.0	2096	0
5839.0	2789	0
5839.1	2839	0
5839.1	2201	0
5839.2	2806	0
5839.4	2833	0
5839.6	2717	0
5839.6	2778	0
5839.6	2593	0
5839.7	2484	0
5839.7	2420	0
5839.7	2785	0
5839.8	2686	0
5839.8	2823	0
5840.1	2598	0
5840.2	2254	0
5840.2	2787	0
5840.2	1947	0
5840.2	2316	0
5840.2	2490	0
5840.3	2540	0
5840.3	2234	0
5840.4	2318	0
5840.5	2893	0
5840.6	2748	0
5840.6	2520	0
5840.7	2603	0
5840.7	2116	0
5840.8	2865	0
5840.8	2600	0
5841.0	2802	0
5841.3	2747	0
5841.4	2681	0
5841.4	2551	0
5841.6	3119	0
5841.6	2469	0
5841.7	2509	0
5841.7	2612	0
5842.1	2725	0
5842.1	2756	0
5842.1	2412	0
5842.1	1807	0
5842.3	2777	0
5842.3	2411	0
5842.3	2354	0
5842.4	2464	0
5842.4	2301	0
5842.4	2611	0
5842.4	2607	0
5842.5	2836	0
5842.6	2552	0
5842.7	2579	0
5842.9	2080	0
5843.0	2610	0
5843.1	2168	0
5843.1	2798	0
5843.1	2361	0
5843.2	2251	0
5843.3	2314	0
5843.5	2053	0
5843.6	2463	0
5843.7	2590	0
5843.8	2885	0
5843.8	646	0
5843.8	2328	0
5843.8	2347	0
5843.8	2709	0
5843.9	2547	0
5844.0	2630	0
5844.0	2303	0
5844.1	2470	0
5844.1	2529	0
5844.2	2335	0
5844.2	2489	0
5844.4	2774	0
5844.4	2566	0
5844.4	2913	0
5844.7	2735	0
5844.8	1855	0
5844.8	2499	0
5844.8	1898	0
5845.0	2807	0
5845.0	2610	0
5845.1	2773	0
5845.1	1829	0
5845.1	2678	0
5845.1	2561	0
5845.2	2692	0
5845.3	2465	0
5845.3	2843	0
5845.4	2815	0
5845.5	2689	0
5845.6	2522	0
5845.6	2627	0
5845.7	2675	0
5845.7	2726	0
5845.8	748	0
5846.0	2405	0
5846.0	2586	0
5846.0	2768	0
5846.1	2714	0
5846.1	2552	0
5846.1	2073	0
5846.3	2198	0
5846.4	2690	0
5846.4	934	0
5846.5	2650	0
5846.6	2510	0
5846.7	2529	0
5846.7	2657	0
5846.7	2389	0
5846.7	1665	0
5846.8	2464	0
5846.8	2815	0
5846.8	2497	0
5846.9	2773	0
5847.0	2544	0
5847.0	2242	0
5847.1	2649	0
5847.1	2594	0
5847.1	2273	0
5847.1	2810	0
5847.4	2170	0
5847.6	2788	0
5847.6	2503	0
5847.6	2815	0
5847.6	2307	0
5847.6	2610	0
5847.7	2834	0
5847.8	2617	0
5847.9	2905	0
5847.9	1461	0
5848.1	2749	0
5848.1	2609	0
5848.1	2455	0
5848.1	3527	0
5848.2	2222	0
5848.3	2461	0
5848.4	2654	0
5848.4	2529	0
5848.5	2740	0
5848.6	2812	0
5848.6	2949	0
5848.7	1647	0
5848.7	2493	0
5849.0	2481	0
5849.0	2642	0
5849.1	2247	0
5849.1	2361	0
5849.2	2460	0
5849.2	2186	0
5849.3	596	0
5849.3	2836	0
5849.5	2520	0
5849.5	2904	0
5849.6	2328	0
5849.7	2801	0
5849.7	2221	0
5849.7	2481	0
5849.8	2744	0
5849.8	2758	0
5849.8	2568	0
5849.9	2551	0
5850.1	2778	0
5850.2	2790	0
5850.3	2686	0
5850.4	2141	0
5850.5	2474	0
5850.7	2786	0
5850.7	2197	0
5850.9	2757	0
5851.1	2564	0
5851.1	2589	0
5851.2	2529	0
5851.3	2263	0
5851.3	2269	0
5851.3	2838	0
5851.4	2893	0
5851.4	2465	0
5851.4	2938	0
5851.4	2905	0
5851.4	1782	0
5851.7	2734	0
5851.8	2628	0
5851.9	2721	0
5851.9	2142	0
5852.0	2564	0
5852.1	2262	0
5852.1	2275	0
5852.2	2382	0
5852.2	2578	0
5852.3	1178	0
5852.3	2706	0
5852.3	1648	0
5852.3	2591	0
5852.5	2228	0
5852.6	2660	0
5852.6	2681	0
5852.7	2339	0
5852.8	2706	0
5852.9	2315	0
5853.0	2671	0
5853.0	2853	0
5853.1	1804	0
5853.1	1086	0
5853.2	2	0
5853.3	2573	0
5853.3	2762	0
5853.3	2029	0
5853.5	2463	0
5853.5	2430	0
5853.6	2945	0
5853.8	2394	0
5853.9	2703	0
5853.9	2562	0
5853.9	2235	0
5854.0	2478	0
5854.1	2490	0
5854.1	2571	0
5854.2	2284	0
5854.3	2885	0
5854.3	2286	0
5854.3	2490	0
5854.4	2642	0
5854.4	1811	0
5854.4	2482	0
5854.5	2640	0
5854.7	2287	0
5854.8	2521	0
5854.9	2875	0
5855.0	2798	0
5855.2	2749	0
5855.3	2590	0
5855.5	2591	0
5855.5	2862	0
5855.6	2522	0
5855.7	2639	0
5855.8	2516	0
5855.8	2600	0
5855.8	2176	0
5855.8	2374	0
5855.8	2837	0
5855.9	2618	0
5856.0	2687	0
5856.0	2607	0
5856.0	2590	0
5856.1	2323	0
5856.1	2715	0
5856.2	2594	0
5856.2	2840	0
5856.3	1219	0
5856.4	4	0
5856.4	2659	0
5856.5	2606	0
5856.5	2510	0
5856.5	2145	0
5856.6	2921	0
5856.7	2009	0
5856.8	1971	0
5856.8	2561	0
5857.0	2638	0
5857.0	2403	0
5857.1	2809	0
5857.1	2636	0
5857.2	2719	0
5857.3	2772	0
5857.3	2539	0
5857.3	2776	0
5857.3	2852	0
5857.4	2889	0
5857.4	1058	0
5857.5	2755	0
5857.5	2504	0
5857.6	2462	0
5857.6	2634	0
5857.8	2562	0
5857.8	2662	0
5857.9	2703	0
5857.9	2599	0
5858.3	2527	0
5858.3	2629	0
5858.3	2571	0
5858.3	2568	0
5858.4	2547	0
5858.4	2455	0
5858.4	2769	0
5858.5	2335	0
5858.8	2926	0
5858.9	2948	0
5859.0	2355	0
5859.0	2767	0
5859.2	2435	0
5859.2	2367	0
5859.3	2470	0
5859.3	2429	0
5859.7	2755	0
5859.7	2435	0
5859.9	2556	0
5859.9	2654	0
5860.3	2080	0
5860.6	2334	0
5860.7	2977	0
5860.7	2619	0
5860.7	2783	0
5860.8	2645	0
5860.8	2961	0
5860.9	1668	0
5861.0	2595	0
5861.1	2705	0
5861.3	1816	0
5861.4	2696	0
5861.4	2609	0
5861.4	2690	0
5861.4	2426	0
5861.4	2206	0
5861.5	2132	0
5861.5	1664	0
5861.5	2463	0
5861.6	2673	0
5861.6	2651	0
5861.7	2567	0
5861.7	2859	0
5862.0	2549	0
5862.0	2654	0
5862.2	2652	0
5862.2	2384	0
5862.2	2623	0
5862.2	2546	0
5862.3	2939	0
5862.3	2228	0
5862.6	2667	0
5862.6	2513	0
5862.6	2585	0
5862.6	2743	0
5862.6	2349	0
5862.8	1799	0
5862.8	2346	0
5862.8	2154	0
5862.9	2807	0
5862.9	2049	0
5863.0	2414	0
5863.1	992	0
5863.1	2566	0
5863.1	1970	0
5863.2	2186	0
5863.2	2775	0
5863.3	1906	0
5863.3	2895	0
5863.4	2542	0
5863.4	2499	0
5863.4	2581	0
5863.5	1945	0
5863.5	2771	0
5863.5	2839	0
5863.6	2331	0
5863.7	2714	0
5863.8	2371	0
5863.9	2673	0
5864.1	2702	0
5864.1	1892	0
5864.2	749	0
5864.2	2779	0
5864.2	2564	0
5864.3	2431	0
5864.4	2724	0
5864.4	2761	0
5864.5	2516	0
5864.5	2215	0
5864.6	2572	0
5864.7	2435	0
5864.7	2559	0
5864.7	2721	0
5864.7	2502	0
5864.9	2387	0
5865.1	2863	0
5865.2	2790	0
5865.3	2189	0
5865.3	2757	0
5865.5	2090	0
5865.5	2324	0
5865.5	2414	0
5865.5	2033	0
5865.6	2731	0
5865.6	2597	0
5865.7	2644	0
5865.8	2155	0
5865.8	2677	0
5865.9	2533	0
5865.9	2641	0
5866.0	2205	0
5866.0	1898	0
5866.1	2562	0
5866.1	2779	0
5866.1	2639	0
5866.1	2602	0
5866.2	3033	0
5866.2	2551	0
5866.2	2339	0
5866.3	1774	0
5866.3	2472	0
5866.4	2318	0
5866.4	2739	0
5866.5	2769	0
5866.6	2587	0
5866.6	2779	0
5866.6	2266	0
5866.6	2703	0
5866.6	2682	0
5866.7	2596	0
5866.9	1791	0
5867.0	2593	0
5867.2	2516	0
5867.2	2885	0
5867.2	2941	0
5867.4	2739	0
5867.4	2862	0
5867.5	2731	0
5867.6	2781	0
5867.7	1974	0
5867.7	2677	0
5867.7	2101	0
5867.9	2836	0
5868.0	2947	0
5868.0	2138	0
5868.0	2408	0
5868.2	2547	0
5868.2	2243	0
5868.4	2553	0
5868.5	2833	0
5868.5	2872	0
5868.6	2681	0
5868.6	2709	0
5868.6	2101	0
5868.7	2438	0
5868.7	2512	0
5868.7	2517	0
5868.9	2630	0
5868.9	2803	0
5868.9	2889	0
5869.1	2636	0
5869.1	2642	0
5869.1	2951	0
5869.2	2474	0
5869.3	2762	0
5869.3	2357	0
5869.3	1729	0
5869.5	2684	0
5869.5	2123	0
5869.5	2521	0
5869.6	2759	0
5869.6	2698	0
5869.7	2455	0
5869.8	2126	0
5869.8	2589	0
5869.8	2463	0
5870.0	2853	0
5870.0	2783	0
5870.0	2450	0
5870.1	2768	0
5870.1	2094	0
5870.1	1773	0
5870.2	2607	0
5870.3	2565	0
5870.3	2630	0
5870.4	2705	0
5870.4	2757	0
5870.5	1925	0
5870.7	2715	0
5870.9	2122	0
5870.9	2790	0
5871.0	2523	0
5871.0	2391	0
5871.1	2647	0
5871.1	2995	0
5871.2	2751	0
5871.2	1426	0
5871.2	2345	0
5871.3	2422	0
5871.3	2725	0
5871.3	2573	0
5871.4	2732	0
5871.5	2213	0
5871.5	2599	0
5871.6	2609	0
5871.6	2721	0
5871.7	2611	0
5871.7	1894	0
5871.7	2388	0
5871.8	524	0
5871.9	2041	0
5872.0	2226	0
5872.1	2789	0
5872.2	3075	0
5872.3	2849	0
5872.4	2790	0
5872.5	2687	0
5872.5	2911	0
5872.7	2510	0
5872.8	946	0
5872.8	2549	0
5872.8	2869	0
5872.9	2311	0
5873.0	2552	0
5873.1	2906	0
5873.2	2485	0
5873.2	2729	0
5873.2	2660	0
5873.2	2802	0
5873.3	2607	0
5873.4	2447	0
5873.5	2215	0
5873.5	2717	0
5873.6	2717	0
5873.6	2913	0
5873.7	2515	0
5873.8	2721	0
5873.8	1755	0
5873.9	2879	0
5873.9	2658	0
5873.9	2895	0
5873.9	2409	0
5874.1	2655	0
5874.2	2112	0
5874.3	821	0
5874.3	2899	0
5874.4	2523	0
5874.4	2822	0
5874.5	2741	0
5874.6	2684	0
5874.7	2779	0
5874.7	2532	0
5874.8	2344	0
5874.9	1344	0
5874.9	2465	0
5874.9	552	0
5875.1	2734	0
5875.3	2294	0
5875.3	1729	0
5875.3	2821	0
5875.4	1643	0
5875.5	2396	0
5875.5	2358	0
5875.6	821	0
5875.6	2223	0
5875.7	2782	0
5875.7	2887	0
5875.8	2557	0
5875.8	2128	0
5875.8	2426	0
5875.9	2356	0
5876.0	2721	0
5876.1	2591	0
5876.1	2457	0
5876.2	2807	0
5876.2	1761	0
5876.3	2532	0
5876.4	1940	0
5876.5	2144	0
5876.6	2510	0
5876.7	2401	0
5877.1	2538	0
5877.3	2571	0
5877.3	2999	0
5877.4	2855	0
5877.4	2027	0
5877.4	2655	0
5877.5	2408	0
5877.6	251	0
5877.6	4	0
5877.7	2703	0
5877.8	2426	0
5877.8	1874	0
5877.9	2863	0
5878.0	2616	0
5878.0	2376	0
5878.0	2269	0
5878.2	2666	0
5878.2	2751	0
5878.3	2078	0
5878.3	2703	0
5878.4	2412	0
5878.4	1861	0
5878.4	2815	0
5878.5	2925	0
5878.5	1960	0
5878.5	2512	0
5878.5	2587	0
5878.6	2795	0
5878.6	2212	0
5878.6	2058	0
5878.6	1159	0
5878.7	2704	0
5878.8	2771	0
5878.8	2165	0
5879.0	2719	0
5879.1	2686	0
5879.1	2178	0
5879.1	2675	0
5879.2	2930	0
5879.2	2279	0
5879.3	2605	0
5879.4	2678	0
5879.4	2690	0
5879.5	2865	0
5879.5	2076	0
5879.7	2720	0
5879.8	2877	0
5879.9	2574	0
5879.9	2595	0
5880.0	2613	0
5880.1	2196	0
5880.4	2644	0
5880.4	2853	0
5880.4	2747	0
5880.6	2252	0
5880.6	2760	0
5880.6	2454	0
5880.7	2380	0
5880.7	2380	0
5880.8	2776	0
5880.8	2917	0
5880.9	2728	0
5881.0	2798	0
5881.0	2765	0
5881.2	2823	0
5881.3	2733	0
5881.3	2879	0
5881.3	2792	0
5881.5	2804	0
5881.5	2717	0
5881.5	2575	0
5881.6	2883	0
5881.6	2597	0
5881.6	2474	0
5881.7	2587	0
5881.7	2891	0
5881.8	2646	0
5881.8	2543	0
5881.8	2621	0
5881.8	2472	0
5881.9	2328	0
5881.9	2593	0
5881.9	2837	0
5881.9	2722	0
5881.9	2737	0
5881.9	2845	0
5882.0	2635	0
5882.1	2075	0
5882.1	2649	0
5882.2	2565	0
5882.4	2317	0
5882.5	2449	0
5882.5	2769	0
5882.6	1016	0
5882.6	2735	0
5882.6	2865	0
5882.6	520	0
5882.7	2669	0
5882.7	2766	0
5882.8	2040	0
5882.8	2501	0
5882.8	2591	0
5883.0	2886	0
5883.1	2373	0
5883.1	2551	0
5883.2	1364	0
5883.2	2520	0
5883.3	2488	0
5883.3	2597	0
5883.3	1608	0
5883.3	2097	0
5883.5	2852	0
5883.6	2821	0
5883.6	1334	0
5883.7	2239	0
5883.8	2009	0
5883.9	2762	0
5883.9	2311	0
5883.9	1663	0
5884.0	642	0
5884.0	2409	0
5884.0	2652	0
5884.0	2661	0
5884.1	2429	0
5884.2	2802	0
5884.2	2376	0
5884.3	1650	0
5884.3	2928	0
5884.4	2713	0
5884.5	2349	0
5884.5	2298	0
5884.5	2599	0
5884.6	2128	0
5884.6	2399	0
5884.8	2567	0
5884.8	2510	0
5884.9	2833	0
5884.9	2844	0
5884.9	2654	0
5885.0	2238	0
5885.1	2199	0
5885.1	2675	0
5885.2	2764	0
5885.2	2821	0
5885.3	2597	0
5885.3	2135	0
5885.3	2484	0
5885.5	2692	0
5885.5	2858	0
5885.6	2501	0
5885.7	2237	0
5885.8	2641	0
5885.8	2821	0
5885.9	2646	0
5886.1	536	0
5886.1	2227	0
5886.1	2328	0
5886.3	2672	0
5886.3	2265	0
5886.4	2633	0
5886.5	2847	0
5886.5	2722	0
5886.6	2599	0
5886.7	2064	0
5886.7	2594	0
5886.8	2277	0
5886.8	2037	0
5886.8	2446	0
5886.8	2463	0
5886.8	2823	0
5886.9	2623	0
5887.0	2776	0
5887.0	2552	0
5887.0	2567	0
5887.0	829	0
5887.0	2762	0
5887.1	1387	0
5887.1	3	0
5887.1	2861	0
5887.2	2653	0
5887.3	2183	0
5887.3	2300	0
5887.3	2633	0
5887.3	2060	0
5887.4	2766	0
5887.4	2726	0
5887.4	2803	0
5887.5	2491	0
5887.5	2231	0
5887.6	2564	0
5887.7	1791	0
5887.8	2314	0
5887.9	2717	0
5887.9	2746	0
5888.0	2714	0
5888.0	2077	0
5888.0	2531	0
5888.0	1365	0
5888.2	2339	0
5888.3	2794	0
5888.3	2575	0
5888.3	2265	0
5888.4	2534	0
5888.4	2537	0
5888.5	2758	0
5888.5	2808	0
5888.6	2513	0
5888.8	2212	0
5888.8	2724	0
5888.9	2632	0
5888.9	2755	0
5889.1	2732	0
5889.2	1420	0
5889.3	2742	0
5889.3	2288	0
5889.3	2548	0
5889.4	2418	0
5889.5	2056	0
5889.5	2582	0
5889.5	2637	0
5889.6	2839	0
5889.6	2484	0
5889.6	2573	0
5889.8	2358	0
5889.9	2649	0
5889.9	2786	0
5889.9	2400	0
5890.0	2839	0
5890.0	2410	0
5890.1	2868	0
5890.1	2890	0
5890.2	2631	0
5890.2	2427	0
5890.3	2407	0
5890.3	2672	0
5890.3	2913	0
5890.3	2427	0
5890.4	2679	0
5890.4	2745	0
5890.5	2542	0
5890.7	1620	0
5890.8	2908	0
5891.0	2706	0
5891.2	2685	0
5891.3	2634	0
5891.3	1906	0
5891.4	1760	0
5891.4	2769	0
5891.5	2543	0
5891.6	1959	0
5891.7	2503	0
5891.7	2603	0
5892.0	2618	0
5892.0	2223	0
5892.0	2537	0
5892.0	2572	0
5892.1	2711	0
5892.2	2094	0
5892.2	2749	0
5892.2	2458	0
5892.3	2729	0
5892.4	2751	0
5892.4	2819	0
5892.5	2631	0
5892.5	1904	0
5892.5	2751	0
5892.7	2388	0
5892.7	2452	0
5892.7	2540	0
5892.8	2652	0
5892.8	2596	0
5892.9	2971	0
5893.1	1848	0
5893.1	2727	0
5893.1	2733	0
5893.1	2647	0
5893.2	2916	0
5893.3	1361	0
5893.3	2621	0
5893.3	2354	0
5893.5	2813	0
5893.5	2460	0
5893.6	2563	0
5893.6	2333	0
5893.6	2837	0
5893.7	2730	0
5893.7	2663	0
5893.9	2635	0
5894.0	2542	0
5894.2	2699	0
5894.3	2314	0
5894.3	1973	0
5894.4	1931	0
5894.4	2631	0
5894.5	2398	0
5894.6	2622	0
5894.6	2588	0
5894.7	2943	0
5894.7	512	0
5894.8	2282	0
5895.0	2427	0
5895.0	2613	0
5895.1	2431	0
5895.1	580	0
5895.2	2485	0
5895.5	2219	0
5895.6	2059	0
5895.6	732	0
5895.7	1781	0
5895.8	2689	0
5895.8	2586	0
5895.8	1932	0
5895.9	2661	0
5896.0	1380	0
5896.0	2012	0
5896.1	2870	0
5896.1	2642	0
5896.1	2674	0
5896.3	2489	0
5896.3	2703	0
5896.5	2729	0
5896.6	2473	0
5896.6	2539	0
5896.7	2756	0
5896.7	2768	0
5896.8	2740	0
5896.8	2635	0
5896.8	2757	0
5896.8	2215	0
5896.8	2778	0
5896.8	2756	0
5896.8	2502	0
5896.9	2559	0
5897.1	2753	0
5897.1	2647	0
5897.1	2933	0
5897.1	2726	0
5897.2	2913	0
5897.2	2536	0
5897.3	2811	0
5897.5	2226	0
5897.6	2491	0
5897.6	2591	0
5897.7	2685	0
5897.7	2544	0
5897.8	2708	0
5897.8	2511	0
5897.8	2534	0
5897.9	1822	0
5897.9	2359	0
5898.1	2735	0
5898.2	2607	0
5898.3	1875	0
5898.4	782	0
5898.4	2316	0
5898.4	2249	0
5898.5	2729	0
5898.7	2876	0
5898.7	2036	0
5898.7	2893	0
5898.8	2777	0
5898.9	2841	0
5898.9	2598	0
5899.0	2732	0
5899.1	1695	0
5899.2	2557	0
5899.3	2819	0
5899.3	2407	0
5899.5	2714	0
5899.6	1367	0
5899.6	2443	0
5899.7	1812	0
5899.9	2575	0
5900.0	2306	0
5900.1	2886	0
5900.1	2295	0
5900.2	2825	0
5900.2	2603	0
5900.3	2670	0
5900.3	2617	0
5900.5	2772	0
5900.5	2705	0
5900.6	2536	0
5900.6	2649	0
5900.7	2530	0
5900.8	2880	0
5901.2	2631	0
5901.2	2403	0
5901.3	2582	0
5901.3	2782	0
5901.4	2336	0
5901.5	2187	0
5901.6	2479	0
5901.7	2559	0
5901.7	1403	0
5901.8	2300	0
5902.0	2367	0
5902.0	2456	0
5902.1	2526	0
5902.1	2258	0
5902.2	2369	0
5902.3	2403	0
5902.4	2291	0
5902.6	2714	0
5902.6	2801	0
5902.6	2554	0
5902.7	2101	0
5902.9	2495	0
5902.9	2510	0
5903.0	2552	0
5903.0	2666	0
5903.0	2874	0
5903.1	2776	0
5903.2	2147	0
5903.2	2753	0
5903.2	2711	0
5903.3	2638	0
5903.4	2444	0
5903.4	2426	0
5903.4	2577	0
5903.4	2670	0
5903.4	2615	0
5903.7	2732	0
5903.7	2479	0
5903.7	2509	0
5903.8	2959	0
5903.8	2439	0
5904.0	2125	0
5904.1	2825	0
5904.1	2403	0
5904.1	2689	0
5904.2	2558	0
5904.3	2693	0
5904.3	1956	0
5904.4	2495	0
5904.6	2656	0
5904.7	2423	0
5904.7	2759	0
5904.7	2765	0
5904.7	625	0
5904.8	2819	0
5904.8	2355	0
5904.8	2423	0
5905.0	1728	0
5905.0	2631	0
5905.0	2563	0
5905.0	2766	0
5905.1	2441	0
5905.1	2677	0
5905.1	1633	0
5905.3	2661	0
5905.4	2447	0
5905.4	2472	0
5905.4	2643	0
5905.5	2124	0
5905.5	2493	0
5905.6	2684	0
5905.7	2387	0
5905.7	2610	0
5905.7	2626	0
5905.8	2503	0
5905.9	2545	0
5905.9	2755	0
5906.0	2628	0
5906.1	2449	0
5906.1	2695	0
5906.2	2455	0
5906.2	1991	0
5906.3	2653	0
5906.5	2466	0
5906.6	1581	0
5906.7	2709	0
5906.7	2662	0
5906.7	2777	0
5906.7	2756	0
5906.7	2855	0
5906.8	2177	0
5906.8	2901	0
5906.8	2893	0
5906.9	2580	0
5907.0	1272	0
5907.2	2806	0
5907.3	2262	0
5907.4	1482	0
5907.4	2861	0
5907.4	2655	0
5907.5	2766	0
5907.6	2643	0
5907.6	2398	0
5907.6	2468	0
5907.8	2655	0
5907.8	2531	0
5907.9	2647	0
5907.9	2902	0
5908.0	2411	0
5908.0	2296	0
5908.1	2116	0
5908.2	2824	0
5908.2	2560	0
5908.2	2814	0
5908.3	2753	0
5908.4	2535	0
5908.4	2711	0
5908.4	2267	0
5908.5	2779	0
5908.6	2649	0
5908.6	2604	0
5908.7	2550	0
5908.8	2959	0
5908.8	2479	0
5908.9	2214	0
5908.9	2386	0
5908.9	2079	0
5909.0	524	0
5909.1	2727	0
5909.2	1915	0
5909.2	2862	0
5909.2	2648	0
5909.3	2461	0
5909.3	2422	0
5909.3	2195	0
5909.4	2717	0
5909.4	2044	0
5909.4	2817	0
5909.5	2489	0
5909.6	2582	0
5909.7	2545	0
5909.7	2673	0
5909.7	2735	0
5909.7	2631	0
5909.7	2708	0
5909.8	2711	0
5909.8	2132	0
5909.9	2571	0
5910.0	2494	0
5910.1	2525	0
5910.2	2699	0
5910.2	2712	0
5910.3	2791	0
5910.3	2730	0
5910.3	2289	0
5910.3	2583	0
5910.4	2777	0
5910.4	2759	0
5910.5	2859	0
5910.5	2384	0
5910.5	2818	0
5910.6	2758	0
5910.7	2725	0
5910.8	2513	0
5910.9	2185	0
5910.9	528	0
5910.9	2667	0
5911.1	2721	0
5911.1	2587	0
5911.3	2487	0
5911.3	2847	0
5911.6	2722	0
5911.6	2841	0
5911.7	2559	0
5911.7	2199	0
5911.7	2580	0
5911.7	2691	0
5911.8	2571	0
5912.1	2249	0
5912.2	2714	0
5912.3	2487	0
5912.3	2586	0
5912.5	2213	0
5912.6	2644	0
5912.6	2825	0
5912.9	1925	0
5912.9	2567	0
5913.0	2759	0
5913.0	2401	0
5913.1	2000	0
5913.1	2791	0
5913.2	2325	0
5913.2	2756	0
5913.3	2792	0
5913.3	2607	0
5913.4	2783	0
5913.5	2843	0
5913.6	2313	0
5913.7	2738	0
5913.7	2850	0
5913.7	2769	0
5913.8	2431	0
5913.8	2661	0
5913.8	2230	0
5913.9	2918	0
5914.1	2461	0
5914.1	2626	0
5914.1	2591	0
5914.2	2634	0
5914.3	2676	0
5914.4	2647	0
5914.5	2699	0
5914.6	1694	0
5914.6	2857	0
5914.6	2622	0
5914.7	2638	0
5914.9	2811	0
5914.9	1698	0
5915.0	2569	0
5915.0	990	0
5915.1	2769	0
5915.1	2603	0
5915.1	2155	0
5915.2	1150	0
5915.2	2777	0
5915.4	2790	0
5915.4	1873	0
5915.5	2650	0
5915.6	2016	0
5915.7	2517	0
5915.7	2542	0
5915.8	891	0
5915.8	1149	0
5915.9	2451	0
5915.9	2787	0
5916.0	2702	0
5916.2	2722	0
5916.3	1653	0
5916.3	2331	0
5916.4	2281	0
5916.4	2637	0
5916.5	2773	0
5916.5	2711	0
5916.6	2431	0
5917.1	2770	0
5917.1	2567	0
5917.1	2533	0
5917.1	2699	0
5917.2	1517	0
5917.3	2129	0
5917.3	2833	0
5917.3	1236	0
5917.5	2663	0
5917.7	2370	0
5917.8	2714	0
5917.8	2562	0
5917.8	1908	0
5917.9	2767	0
5917.9	2162	0
5918.1	2234	0
5918.2	2856	0
5918.3	2402	0
5918.3	2666	0
5918.4	2553	0
5918.4	2079	0
5918.7	2762	0
5918.8	2583	0
5918.9	2969	0
5919.0	2534	0
5919.1	2521	0
5919.1	2727	0
5919.2	2257	0
5919.3	2430	0
5919.3	2687	0
5919.4	2555	0
5919.4	2789	0
5919.4	2551	0
5919.4	2762	0
5919.5	2745	0
5919.5	2128	0
5919.5	2327	0
5919.6	2740	0
5920.0	2382	0
5920.2	2543	0
5920.3	2569	0
5920.3	1626	0
5920.3	2218	0
5920.4	2464	0
5920.4	2060	0
5920.5	2820	0
5920.6	2487	0
5920.6	2135	0
5920.7	2773	0
5920.7	2330	0
5920.7	2506	0
5920.7	2699	0
5920.7	2253	0
5920.9	2723	0
5921.1	2651	0
5921.2	2459	0
5921.3	2654	0
5921.3	2517	0
5921.3	2899	0
5921.4	2649	0
5921.5	2739	0
5921.5	2695	0
5921.6	2607	0
5921.6	2337	0
5921.6	2943	0
5921.6	2488	0
5921.7	929	0
5921.9	2719	0
5921.9	2548	0
5921.9	2780	0
5921.9	2718	0
5922.0	2442	0
5922.1	2578	0
5922.1	2651	0
5922.1	2696	0
5922.2	2008	0
5922.2	2441	0
5922.2	2809	0
5922.2	2204	0
5922.4	2079	0
5922.4	2852	0
5922.4	2968	0
5922.4	2828	0
5922.7	2733	0
5922.7	2821	0
5922.8	2654	0
5923.1	2647	0
5923.1	2741	0
5923.1	2651	0
5923.1	2171	0
5923.1	2694	0
5923.2	2157	0
5923.2	653	0
5923.3	2920	0
5923.3	2255	0
5923.3	2454	0
5923.3	2962	0
5923.4	2026	0
5923.6	2650	0
5923.6	2594	0
5923.7	2619	0
5923.8	2721	0
5923.8	2747	0
5923.8	2770	0
5923.9	2897	0
5923.9	2558	0
5924.0	2778	0
5924.0	2538	0
5924.1	2608	0
5924.1	2861	0
5924.1	2935	0
5924.2	1326	0
5924.3	2710	0
5924.4	2779	0
5924.4	2369	0
5924.4	2680	0
5924.5	2545	0
5924.6	2901	0
5924.8	1248	0
5924.9	3	0
5924.9	2629	0
5924.9	2009	0
5925.1	2267	0
5925.3	2668	0
5925.3	2287	0
5925.3	2609	0
5925.3	2733	0
5925.6	2545	0
5925.7	2843	0
5925.7	2653	0
5925.8	2633	0
5925.8	2506	0
5925.8	2801	0
5925.9	2566	0
5925.9	2542	0
5925.9	2081	0
5926.1	2044	0
5926.1	2207	0
5926.3	1925	0
5926.3	2567	0
5926.7	2383	0
5926.8	1126	0
5926.8	1348	0
5926.8	1931	0
5926.8	2727	0
5927.0	2668	0
5927.0	2726	0
5927.0	1894	0
5927.0	2472	0
5927.1	2019	0
5927.2	2411	0
5927.2	2880	0
5927.2	2646	0
5927.2	2469	0
5927.3	2855	0
5927.4	2659	0
5927.4	2810	0
5927.4	2502	0
5927.4	2881	0
5927.4	2518	0
5927.5	2641	0
5927.6	2739	0
5927.7	2292	0
5927.7	1804	0
5927.8	2703	0
5927.9	2707	0
5928.3	2514	0
5928.3	2258	0
5928.4	2587	0
5928.4	2475	0
5928.6	2687	0
5928.6	2812	0
5928.7	2856	0
5928.7	2368	0
5928.8	1233	0
5928.8	4	0
5929.0	2708	0
5929.0	2626	0
5929.0	2502	0
5929.1	2690	0
5929.2	2722	0
5929.4	2713	0
5929.5	1948	0
5929.5	2689	0
5929.7	2632	0
5929.9	2201	0
5929.9	2198	0
5929.9	2462	0
5930.0	2623	0
5930.1	2296	0
5930.4	2533	0
5930.5	2621	0
5930.5	2087	0
5930.5	2571	0
5930.6	2583	0
5930.6	2346	0
5930.8	2781	0
5930.8	2830	0
5930.9	2687	0
5930.9	1390	0
5930.9	2677	0
5930.9	2463	0
5930.9	2593	0
5930.9	2926	0
5931.0	2265	0
5931.0	810	0
5931.1	2502	0
5931.2	3016	0
5931.2	2876	0
5931.3	2493	0
5931.3	2496	0
5931.3	2542	0
5931.3	2630	0
5931.5	2288	0
5931.5	1845	0
5931.6	1829	0
5931.6	2602	0
5931.6	2844	0
5931.6	2583	0
5931.7	2767	0
5931.7	2341	0
5931.8	2809	0
5932.0	2565	0
5932.0	2719	0
5932.2	2564	0
5932.2	2082	0
5932.3	2268	0
5932.4	2734	0
5932.4	2559	0
5932.4	2966	0
5932.6	2390	0
5932.7	2551	0
5932.8	2787	0
5932.8	2796	0
5932.8	978	0
5933.1	2933	0
5933.1	2598	0
5933.1	1520	0
5933.1	2632	0
5933.2	2136	0
5933.2	919	0
5933.2	2415	0
5933.2	2325	0
5933.3	2718	0
5933.4	2348	0
5933.4	2381	0
5933.5	2705	0
5933.5	2791	0
5933.5	2349	0
5933.6	2320	0
5933.6	2287	0
5934.0	2735	0
5934.0	2573	0
5934.1	2686	0
5934.1	2690	0
5934.3	2585	0
5934.3	2730	0
5934.3	2678	0
5934.3	2517	0
5934.4	2602	0
5934.5	2219	0
5934.6	2781	0
5934.7	2234	0
5934.9	2433	0
5934.9	2824	0
5934.9	2421	0
5935.1	2709	0
5935.2	1524	0
5935.3	2662	0
5935.4	2759	0
5935.4	2579	0
5935.4	2947	0
5935.6	1756	0
5935.7	2366	0
5935.7	1937	0
5935.7	2771	0
5935.7	2767	0
5935.7	1752	0
5935.7	1760	0
5935.9	2437	0
5935.9	2738	0
5936.0	2183	0
5936.0	2605	0
5936.0	2619	0
5936.0	2742	0
5936.1	2885	0
5936.1	2863	0
5936.1	2843	0
5936.2	2803	0
5936.3	2532	0
5936.4	2412	0
5936.4	2521	0
5936.4	2660	0
5936.6	2705	0
5936.6	2726	0
5936.7	2143	0
5936.8	2444	0
5936.9	2446	0
5936.9	2662	0
5937.0	1849	0
5937.0	2514	0
5937.1	2613	0
5937.1	2652	0
5937.1	1490	0
5937.2	1438	0
5937.4	4	0
5937.4	2411	0
5937.5	2655	0
5937.5	2706	0
5937.6	2780	0
5937.8	2877	0
5937.8	2651	0
5938.0	1285	0
5938.0	2609	0
5938.0	2309	0
5938.1	2558	0
5938.2	2441	0
5938.3	2432	0
5938.4	2476	0
5938.4	1666	0
5938.4	2308	0
5938.5	2614	0
5938.6	2613	0
5938.7	2513	0
5938.9	2393	0
5938.9	2484	0
5939.0	2897	0
5939.1	2803	0
5939.1	2524	0
5939.2	2267	0
5939.3	2619	0
5939.4	2507	0
5939.4	2647	0
5939.4	2470	0
5939.4	2696	0
5939.4	2726	0
5939.5	2435	0
5939.5	2136	0
5939.6	2727	0
5939.6	2564	0
5939.8	2744	0
5939.8	2464	0
5939.9	2843	0
5939.9	2156	0
5940.1	2863	0
5940.1	2857	0
5940.1	2710	0
5940.1	2539	0
5940.3	2142	0
5940.5	2927	0
5940.7	2111	0
5940.9	2201	0
5941.0	2091	0
5941.1	2693	0
5941.1	2873	0
5941.1	2226	0
5941.2	2036	0
5941.2	2086	0
5941.3	2645	0
5941.3	2809	0
5941.5	2326	0
5941.6	2533	0
5941.6	2601	0
5941.7	2517	0
5941.7	2695	0
5941.8	2433	0
5941.8	2448	0
5941.8	2535	0
5941.9	2658	0
5941.9	2503	0
5941.9	2570	0
5941.9	3052	0
5942.0	2643	0
5942.0	2673	0
5942.1	2120	0
5942.1	2620	0
5942.2	2430	0
5942.2	2635	0
5942.4	1121	0
5942.6	2506	0
5942.6	2983	0
5942.6	2614	0
5942.6	2855	0
5942.6	2168	0
5942.7	1798	0
5942.7	2742	0
5942.8	1672	0
5943.0	2630	0
5943.3	2835	0
5943.3	2733	0
5943.4	2705	0
5943.4	2781	0
5943.4	2809	0
5943.4	2592	0
5943.5	2640	0
5943.6	2394	0
5943.7	2465	0
5943.8	2190	0
5943.8	2508	0
5943.9	2821	0
5943.9	2724	0
5943.9	2087	0
5944.2	2425	0
5944.2	2731	0
5944.2	2821	0
5944.3	2655	0
5944.3	2552	0
5944.4	2350	0
5944.4	2682	0
5944.4	2727	0
5944.4	2266	0
5944.6	2629	0
5944.8	2694	0
5944.8	1349	0
5944.9	943	0
5945.0	2693	0
5945.0	2645	0
5945.2	2795	0
5945.2	2333	0
5945.2	2031	0
5945.3	2753	0
5945.4	2753	0
5945.4	550	0
5945.9	2673	0
5946.0	650	0
5946.1	2659	0
5946.1	2437	0
5946.3	2798	0
5946.3	2327	0
5946.6	2603	0
5946.7	2370	0
5946.7	2588	0
5946.7	2627	0
5946.8	2534	0
5946.9	2580	0
5947.0	2646	0
5947.1	2507	0
5947.3	2661	0
5947.5	2803	0
5947.5	2761	0
5947.6	2778	0
5947.6	2611	0
5947.7	2172	0
5947.7	2881	0
5947.8	2983	0
5947.8	2859	0
5947.9	2507	0
5948.0	2079	0
5948.2	2614	0
5948.2	2516	0
5948.2	2609	0
5948.2	2841	0
5948.3	2583	0
5948.3	2635	0
5948.4	3006	0
5948.4	2701	0
5948.4	2586	0
5948.5	2706	0
5948.5	1873	0
5948.5	2582	0
5948.7	2416	0
5948.8	2491	0
5948.8	1788	0
5948.9	2637	0
5949.0	2651	0
5949.0	2660	0
5949.2	2621	0
5949.3	2539	0
5949.3	2675	0
5949.3	2178	0
5949.3	1525	0
5949.4	1180	0
5949.4	2205	0
5949.4	2593	0
5949.4	1952	0
5949.4	2699	0
5949.6	2575	0
5949.7	2273	0
5949.7	2794	0
5949.8	2744	0
5949.8	2762	0
5949.9	2181	0
5950.0	2320	0
5950.0	2771	0
5950.0	2811	0
5950.1	2207	0
5950.2	2755	0
5950.2	2299	0
5950.3	2795	0
5950.4	2699	0
5950.4	2457	0
5950.4	2709	0
5950.5	2747	0
5950.6	2248	0
5950.7	2627	0
5950.7	2906	0
5950.7	1741	0
5950.8	1222	0
5950.9	2438	0
5950.9	2857	0
5950.9	2467	0
5950.9	636	0
5950.9	2647	0
5951.0	2678	0
5951.1	2371	0
5951.1	2851	0
5951.2	2794	0
5951.2	2174	0
5951.2	2693	0
5951.3	2523	0
5951.3	2306	0
5951.3	2961	0
5951.3	2495	0
5951.4	2716	0
5951.5	678	0
5951.5	2791	0
5951.5	2924	0
5951.6	2919	0
5951.6	2325	0
5951.7	2737	0
5951.7	997	0
5952.1	2	0
5952.1	2622	0
5952.2	2545	0
5952.5	2285	0
5952.6	2484	0
5952.6	2763	0
5952.7	2213	0
5952.8	2758	0
5952.8	2678	0
5952.8	2785	0
5952.9	2160	0
5952.9	2734	0
5953.0	2896	0
5953.0	2687	0
5953.0	2926	0
5953.1	2333	0
5953.2	2559	0
5953.3	2564	0
5953.3	2589	0
5953.6	2122	0
5953.6	2081	0
5953.6	2001	0
5953.7	2635	0
5953.8	2802	0
5953.8	2323	0
5953.8	2625	0
5953.8	2651	0
5953.8	2591	0
5953.9	2847	0
5954.1	2800	0
5954.1	1910	0
5954.2	2531	0
5954.2	2463	0
5954.3	2364	0
5954.3	2675	0
5954.4	2730	0
5954.6	2899	0
5954.7	2678	0
5954.8	518	0
5955.0	2115	0
5955.1	2452	0
5955.2	2542	0
5955.3	1820	0
5955.3	1432	0
5955.3	2399	0
5955.4	2592	0
5955.5	2696	0
5955.5	2743	0
5955.6	2619	0
5955.6	2670	0
5955.7	2816	0
5955.8	2825	0
5955.8	2175	0
5955.9	2714	0
5956.0	2885	0
5956.1	2709	0
5956.1	2512	0
5956.2	2755	0
5956.2	2487	0
5956.2	2226	0
5956.3	2240	0
5956.3	2635	0
5956.4	2710	0
5956.4	1787	0
5956.5	2406	0
5956.5	2614	0
5956.6	742	0
5956.7	2610	0
5956.8	1965	0
5956.8	2597	0
5956.9	1890	0
5957.0	2844	0
5957.1	2349	0
5957.2	2562	0
5957.2	2463	0
5957.4	2437	0
5957.5	2227	0
5957.5	2233	0
5957.5	2450	0
5957.6	2200	0
5958.0	2797	0
5958.2	2631	0
5958.2	2565	0
5958.3	2426	0
5958.4	2180	0
5958.5	2988	0
5958.5	2182	0
5958.5	2239	0
5958.7	2610	0
5958.7	2499	0
5958.8	2872	0
5958.8	2309	0
5958.8	2895	0
5958.9	2732	0
5958.9	2666	0
5959.3	2553	0
5959.3	2387	0
5959.3	2603	0
5959.6	2566	0
5959.6	727	0
5959.7	2352	0
5959.8	2608	0
5959.8	2113	0
5959.8	2295	0
5959.8	2063	0
5959.8	2253	0
5959.9	2086	0
5959.9	1113	0
5960.0	2250	0
5960.0	2653	0
5960.1	2865	0
5960.1	2051	0
5960.1	2739	0
5960.2	2527	0
5960.2	2852	0
5960.4	2684	0
5960.6	1138	0
5960.7	2390	0
5960.8	2766	0
5961.1	2427	0
5961.2	2175	0
5961.2	2749	0
5961.2	1809	0
5961.3	2479	0
5961.4	2042	0
5961.4	2249	0
5961.5	2827	0
5961.6	2673	0
5961.6	1372	0
5961.7	2568	0
5961.9	2399	0
5962.1	2356	0
5962.1	2586	0
5962.2	2687	0
5962.3	2732	0
5962.3	2720	0
5962.3	2260	0
5962.5	2743	0
5962.6	989	0
5962.7	2771	0
5962.7	1511	0
5962.9	926	0
5962.9	2573	0
5962.9	2680	0
5963.0	2233	0
5963.1	2621	0
5963.1	2459	0
5963.3	2693	0
5963.4	2755	0
5963.4	2783	0
5963.5	2561	0
5963.5	2841	0
5963.5	2905	0
5963.6	2472	0
5963.7	2405	0
5963.8	2693	0
5963.8	2498	0
5963.8	2837	0
5964.0	1969	0
5964.3	1835	0
5964.3	2938	0
5964.3	1960	0
5964.5	2687	0
5964.5	2570	0
5964.6	2473	0
5964.6	2551	0
5964.6	2560	0
5964.7	2358	0
5964.7	798	0
5964.8	2406	0
5964.8	2822	0
5964.8	2771	0
5964.9	2547	0
5964.9	2274	0
5964.9	2383	0
5965.0	2895	0
5965.0	1765	0
5965.0	1552	0
5965.2	2389	0
5965.2	2238	0
5965.3	2098	0
5965.4	2262	0
5965.7	2903	0
5965.9	2772	0
5965.9	2196	0
5966.0	2821	0
5966.0	2867	0
5966.0	2461	0
5966.1	2286	0
5966.1	2595	0
5966.1	2483	0
5966.2	2746	0
5966.3	2665	0
5966.4	1942	0
5966.5	2479	0
5966.5	2686	0
5966.5	2878	0
5966.6	2079	0
5966.7	2528	0
5966.7	2081	0
5966.8	2313	0
5966.8	2374	0
5966.9	1758	0
5966.9	2544	0
5967.0	2372	0
5967.0	2669	0
5967.0	2886	0
5967.1	2235	0
5967.1	2619	0
5967.2	2398	0
5967.2	2807	0
5967.3	2655	0
5967.4	2508	0
5967.4	2681	0
5967.4	2014	0
5967.4	2580	0
5967.6	2685	0
5967.7	2701	0
5967.9	2975	0
5967.9	2681	0
5968.0	2451	0
5968.0	2646	0
5968.1	1525	0
5968.2	2651	0
5968.3	2750	0
5968.3	1548	0
5968.4	2422	0
5968.4	2569	0
5968.5	2770	0
5968.5	2620	0
5968.6	2957	0
5968.6	2483	0
5968.7	2733	0
5968.9	2811	0
5969.0	2184	0
5969.0	2581	0
5969.1	2614	0
5969.2	1837	0
5969.2	2727	0
5969.3	2203	0
5969.3	2617	0
5969.4	2205	0
5969.6	2782	0
5969.7	2451	0
5969.7	2382	0
5969.7	2665	0
5969.8	2354	0
5969.8	2635	0
5969.9	1926	0
5969.9	2675	0
5970.1	2093	0
5970.1	2678	0
5970.2	1824	0
5970.3	1725	0
5970.4	2657	0
5970.4	3026	0
5970.4	2104	0
5970.5	2803	0
5970.5	2052	0
5970.5	2685	0
5970.8	2623	0
5970.9	2581	0
5971.0	2708	0
5971.0	2797	0
5971.1	1980	0
5971.1	2659	0
5971.3	2826	0
5971.3	2661	0
5971.4	2411	0
5971.4	1762	0
5971.5	2595	0
5971.5	2783	0
5971.5	2086	0
5971.7	2477	0
5971.7	2543	0
5971.9	2183	0
5972.0	2782	0
5972.0	2454	0
5972.2	2696	0
5972.2	2062	0
5972.2	2946	0
5972.2	2567	0
5972.3	2966	0
5972.3	2869	0
5972.6	2504	0
5972.6	2338	0
5972.7	2565	0
5972.7	2616	0
5972.7	2713	0
5972.8	2402	0
5972.8	2689	0
5972.8	2525	0
5973.0	2895	0
5973.1	2462	0
5973.2	2853	0
5973.2	2907	0
5973.3	2759	0
5973.5	2122	0
5973.5	2577	0
5973.6	2452	0
5973.6	2439	0
5973.7	2655	0
5973.7	2765	0
5973.7	2088	0
5973.8	2879	0
5973.9	2737	0
5973.9	2769	0
5974.1	2391	0
5974.2	2440	0
5974.3	2159	0
5974.3	2697	0
5974.4	2634	0
5974.4	2416	0
5974.6	2753	0
5974.7	2730	0
5974.8	626	0
5974.8	2788	0
5974.9	2208	0
5975.0	590	0
5975.0	1382	0
5975.1	2609	0
5975.1	2441	0
5975.1	2931	0
5975.2	2557	0
5975.2	2713	0
5975.3	2594	0
5975.4	1936	0
5975.5	2556	0
5975.5	2345	0
5975.6	2109	0
5975.6	2914	0
5975.7	2789	0
5975.8	2899	0
5975.8	2598	0
5975.8	2785	0
5975.9	2726	0
5975.9	2585	0
5976.1	2540	0
5976.1	2668	0
5976.1	2232	0
5976.2	2783	0
5976.3	2771	0
5976.3	2676	0
5976.4	2696	0
5976.5	2638	0
5976.5	2643	0
5976.6	2532	0
5976.7	2796	0
5976.7	2290	0
5976.7	2797	0
5976.8	2020	0
5976.8	2351	0
5977.0	2498	0
5977.0	2152	0
5977.0	2887	0
5977.0	2809	0
5977.1	2531	0
5977.2	2601	0
5977.2	2794	0
5977.3	1662	0
5977.4	2652	0
5977.5	2909	0
5977.5	2369	0
5977.5	2674	0
5977.5	2500	0
5977.7	2045	0
5977.7	2751	0
5977.7	2510	0
5977.8	2476	0
5977.9	2553	0
5977.9	2628	0
5978.0	2311	0
5978.0	2753	0
5978.1	2703	0
5978.3	2281	0
5978.3	2643	0
5978.4	2439	0
5978.5	2941	0
5978.7	2668	0
5978.7	2293	0
5978.7	2727	0
5978.7	2785	0
5978.8	2681	0
5978.8	2668	0
5978.8	2245	0
5978.8	1353	0
5978.9	2611	0
5979.0	2162	0
5979.0	2900	0
5979.1	2136	0
5979.1	2609	0
5979.2	2789	0
5979.2	1955	0
5979.5	2719	0
5979.6	2720	0
5979.6	1796	0
5979.7	640	0
5979.7	2654	0
5979.7	2511	0
5979.8	2332	0
5979.9	2619	0
5979.9	2425	0
5980.0	2360	0
5980.1	2497	0
5980.1	2621	0
5980.2	2303	0
5980.2	1887	0
5980.3	2387	0
5980.4	2592	0
5980.4	2636	0
5980.4	2669	0
5980.4	2677	0
5980.4	2501	0
5980.6	1909	0
5980.6	2935	0
5980.7	2569	0
5980.8	2655	0
5980.8	2252	0
5980.9	2677	0
5980.9	2077	0
5981.0	2375	0
5981.0	2371	0
5981.1	2119	0
5981.1	2682	0
5981.3	3061	0
5981.4	2886	0
5981.4	2775	0
5981.5	2849	0
5981.5	2469	0
5981.6	2335	0
5981.6	2817	0
5981.6	2469	0
5981.6	1941	0
5981.7	2599	0
5981.7	2103	0
5981.8	2794	0
5981.8	2650	0
5981.9	2833	0
5981.9	2739	0
5981.9	2851	0
5982.1	2766	0
5982.3	2001	0
5982.4	2709	0
5982.5	2186	0
5982.5	2774	0
5982.6	2446	0
5982.6	2551	0
5982.8	2112	0
5982.8	2638	0
5983.0	2894	0
5983.1	1994	0
5983.1	2923	0
5983.2	2370	0
5983.3	2765	0
5983.3	2739	0
5983.3	1512	0
5983.6	2408	0
5983.7	2663	0
5983.7	2574	0
5983.7	2605	0
5983.8	2709	0
5983.9	2213	0
5983.9	2723	0
5984.1	2371	0
5984.3	2807	0
5984.3	2518	0
5984.3	2192	0
5984.4	2622	0
5984.4	2712	0
5984.5	2846	0
5984.5	1513	0
5984.7	2417	0
5984.8	2613	0
5985.0	2302	0
5985.1	2447	0
5985.3	2471	0
5985.4	2787	0
