1976.7	1631	0
1976.7	1730	0
1976.7	2023	0
1976.8	1601	0
1976.8	576	0
1976.8	2225	0
1976.8	1700	0
1976.8	1784	0
1977.0	1545	0
1977.0	2217	0
1977.1	1598	0
1977.1	1539	0
1977.2	1053	0
1977.2	2011	0
1977.2	2018	0
1977.2	1309	0
1977.3	1630	0
1977.3	1889	0
1977.3	1052	0
1977.3	1272	0
1977.4	1314	0
1977.4	2062	0
1977.4	882	0
1977.5	2091	0
1977.5	2222	0
1977.5	1101	0
1977.5	2351	0
1977.5	1569	0
1977.6	1826	0
1977.6	2338	0
1977.6	1554	0
1977.6	2204	0
1977.6	535	0
1977.6	1906	0
1977.6	1990	0
1977.6	2226	0
1977.6	2349	0
1977.6	1603	0
1977.7	2143	0
1977.7	1550	0
1977.7	1920	0
1977.7	1481	0
1977.7	1938	0
1977.7	1674	0
1977.8	1782	0
1977.8	1663	0
1977.9	1936	0
1977.9	1960	0
1977.9	2046	0
1977.9	1958	0
1977.9	1997	0
1977.9	1334	0
1977.9	1845	0
1977.9	2284	0
1977.9	2219	0
1978.0	1535	0
1978.0	1913	0
1978.1	2008	0
1978.1	2090	0
1978.1	2086	0
1978.2	1613	0
1978.2	1122	0
1978.2	1887	0
1978.2	1550	0
1978.3	1757	0
1978.3	1959	0
1978.3	2281	0
1978.3	1094	0
1978.3	2246	0
1978.4	1387	0
1978.4	1791	0
1978.4	1984	0
1978.4	2236	0
1978.4	1822	0
1978.5	1733	0
1978.5	1608	0
1978.5	2041	0
1978.5	1559	0
1978.6	1935	0
1978.6	1208	0
1978.6	1237	0
1978.6	1881	0
1978.7	1819	0
1978.7	1134	0
1978.7	2167	0
1978.7	1372	0
1978.8	1489	0
1978.8	2033	0
1978.9	1855	0
1978.9	1724	0
1978.9	2202	0
1978.9	2041	0
1979.0	1508	0
1979.0	1967	0
1979.1	1770	0
1979.1	1747	0
1979.1	842	0
1979.1	1733	0
1979.1	1101	0
1979.1	1540	0
1979.1	1773	0
1979.2	1844	0
1979.2	1722	0
1979.3	1983	0
1979.3	1965	0
1979.3	1592	0
1979.4	2105	0
1979.4	2281	0
1979.4	1546	0
1979.4	2205	0
1979.5	1778	0
1979.5	1652	0
1979.5	1828	0
1979.5	1989	0
1979.5	1307	0
1979.5	1496	0
1979.6	2181	0
1979.6	2010	0
1979.6	1483	0
1979.6	1920	0
1979.7	1979	0
1979.7	1577	0
1979.7	1674	0
1979.7	2104	0
1979.8	2009	0
1979.8	1938	0
1979.8	2000	0
1979.8	1432	0
1979.8	2356	0
1979.8	1637	0
1979.8	2031	0
1979.8	1842	0
1979.8	1960	0
1979.8	1678	0
1979.9	1894	0
1979.9	2024	0
1979.9	1890	0
1979.9	1058	0
1979.9	2151	0
1980.0	1822	0
1980.0	1675	0
1980.1	1777	0
1980.1	1987	0
1980.1	1529	0
1980.1	2159	0
1980.1	533	0
1980.1	1596	0
1980.2	1500	0
1980.2	955	0
1980.2	898	0
1980.2	2111	0
1980.2	2335	0
1980.2	1472	0
1980.3	1893	0
1980.3	2045	0
1980.3	1539	0
1980.3	1906	0
1980.3	2134	0
1980.3	1986	0
1980.3	1759	0
1980.4	419	0
1980.4	1906	0
1980.4	1550	0
1980.4	1348	0
1980.4	1312	0
1980.5	1947	0
1980.5	2031	0
1980.5	1540	0
1980.5	1461	0
1980.6	1858	0
1980.6	1823	0
1980.7	1158	0
1980.7	2116	0
1980.7	2196	0
1980.7	1488	0
1980.8	2246	0
1980.8	1664	0
1980.8	1829	0
1980.8	1933	0
1980.8	1275	0
1980.9	2415	0
1980.9	1895	0
1980.9	2219	0
1980.9	2319	0
1981.0	2166	0
1981.0	1504	0
1981.0	2037	0
1981.0	1173	0
1981.0	478	0
1981.0	2191	0
1981.1	744	0
1981.1	1513	0
1981.1	2038	0
1981.1	2084	0
1981.1	1789	0
1981.1	1490	0
1981.1	1933	0
1981.2	2293	0
1981.2	1699	0
1981.2	2429	0
1981.2	1225	0
1981.3	1750	0
1981.3	1812	0
1981.4	1789	0
1981.4	1700	0
1981.4	2234	0
1981.5	1879	0
1981.5	439	0
1981.5	1646	0
1981.5	2171	0
1981.5	2041	0
1981.6	1562	0
1981.6	2293	0
1981.6	2074	0
1981.7	1064	0
1981.7	1595	0
1981.8	1157	0
1981.8	1721	0
1981.8	1839	0
1981.8	1465	0
1981.8	1835	0
1981.9	1985	0
1981.9	1914	0
1981.9	2175	0
1981.9	1017	0
1981.9	1851	0
1981.9	2199	0
1982.0	1653	0
1982.0	935	0
1982.0	1921	0
1982.0	573	0
1982.0	2	0
1982.0	2211	0
1982.0	2460	0
1982.0	1871	0
1982.1	2103	0
1982.1	2083	0
1982.1	1587	0
1982.2	2173	0
1982.2	1495	0
1982.2	2075	0
1982.2	1739	0
1982.2	2080	0
1982.2	2151	0
1982.3	1743	0
1982.3	1447	0
1982.3	1561	0
1982.4	1740	0
1982.4	2135	0
1982.4	2070	0
1982.4	1357	0
1982.4	2271	0
1982.4	1400	0
1982.4	2142	0
1982.5	1873	0
1982.5	1200	0
1982.5	1463	0
1982.5	2224	0
1982.6	1908	0
1982.6	2007	0
1982.6	1304	0
1982.6	1445	0
1982.6	1645	0
1982.6	1323	0
1982.6	1560	0
1982.6	1685	0
1982.6	1585	0
1982.6	1714	0
1982.7	1068	0
1982.7	2072	0
1982.7	1344	0
1982.7	1984	0
1982.7	1857	0
1982.7	1670	0
1982.7	1812	0
1982.7	2127	0
1982.7	1803	0
1982.8	1030	0
1982.8	1573	0
1982.8	2293	0
1982.8	1912	0
1982.8	1735	0
1982.9	1877	0
1982.9	2228	0
1983.0	1795	0
1983.0	1482	0
1983.0	2267	0
1983.0	1763	0
1983.0	1956	0
1983.1	1987	0
1983.1	2387	0
1983.2	1488	0
1983.2	2094	0
1983.2	1820	0
1983.2	1780	0
1983.2	1801	0
1983.2	2079	0
1983.2	1709	0
1983.2	2341	0
1983.2	1762	0
1983.2	1485	0
1983.2	1084	0
1983.3	1767	0
1983.3	2223	0
1983.3	1790	0
1983.3	1376	0
1983.3	1949	0
1983.4	1254	0
1983.5	877	0
1983.5	1304	0
1983.6	2130	0
1983.6	1946	0
1983.6	2302	0
1983.6	687	0
1983.7	1873	0
1983.7	1750	0
1983.7	2475	0
1983.7	1751	0
1983.7	1445	0
1983.8	897	0
1983.8	2239	0
1983.8	2157	0
1983.8	2376	0
1983.8	2069	0
1983.9	1473	0
1983.9	2243	0
1983.9	2158	0
1983.9	1947	0
1984.0	1035	0
1984.0	1613	0
1984.0	2333	0
1984.0	1951	0
1984.1	2041	0
1984.1	1288	0
1984.1	956	0
1984.1	1532	0
1984.1	1288	0
1984.1	1633	0
1984.1	1843	0
1984.1	1452	0
1984.1	2151	0
1984.1	1403	0
1984.2	1568	0
1984.2	1949	0
1984.3	1494	0
1984.3	1753	0
1984.3	2385	0
1984.3	1946	0
1984.3	1906	0
1984.4	640	0
1984.4	2180	0
1984.5	1261	0
1984.5	1597	0
1984.5	1887	0
1984.5	2295	0
1984.5	1941	0
1984.6	1661	0
1984.6	1412	0
1984.6	709	0
1984.6	1474	0
1984.7	1881	0
1984.7	1630	0
1984.8	1728	0
1984.8	2197	0
1984.8	2026	0
1984.9	1754	0
1984.9	1233	0
1984.9	1029	0
1984.9	1399	0
1984.9	1797	0
1984.9	2146	0
1985.0	2118	0
1985.0	1534	0
1985.0	1223	0
1985.0	1930	0
1985.0	1656	0
1985.0	1550	0
1985.1	1587	0
1985.1	2430	0
1985.1	1320	0
1985.1	1899	0
1985.1	1651	0
1985.1	1677	0
1985.1	1870	0
1985.2	1756	0
1985.2	1575	0
1985.2	2019	0
1985.3	2249	0
1985.3	2253	0
1985.3	1810	0
1985.3	2022	0
1985.4	1644	0
1985.4	1216	0
1985.4	1194	0
1985.5	1402	0
1985.6	1913	0
1985.6	1725	0
1985.6	1793	0
1985.6	1681	0
1985.6	2114	0
1985.6	1196	0
1985.6	2444	0
1985.6	2348	0
1985.6	1919	0
1985.6	1972	0
1985.6	962	0
1985.7	1789	0
1985.7	2149	0
1985.7	1750	0
1985.7	1579	0
1985.7	1866	0
1985.7	2127	0
1985.7	1864	0
1985.7	998	0
1985.7	2192	0
1985.8	1421	0
1985.8	1642	0
1985.8	1338	0
1985.8	2355	0
1985.8	1852	0
1985.9	1272	0
1985.9	927	0
1985.9	2283	0
1985.9	1983	0
1985.9	1529	0
1985.9	1203	0
1986.0	1578	0
1986.0	1953	0
1986.0	1687	0
1986.0	2038	0
1986.0	1873	0
1986.0	2055	0
1986.0	1320	0
1986.0	2019	0
1986.0	2171	0
1986.1	2306	0
1986.1	1832	0
1986.1	1435	0
1986.1	2122	0
1986.1	2125	0
1986.2	1683	0
1986.2	1892	0
1986.3	1757	0
1986.3	1187	0
1986.3	2254	0
1986.3	1700	0
1986.3	2239	0
1986.3	1778	0
1986.3	1806	0
1986.4	1178	0
1986.4	2	0
1986.4	1788	0
1986.5	2059	0
1986.5	1997	0
1986.5	1519	0
1986.5	2349	0
1986.6	1485	0
1986.6	2123	0
1986.6	1746	0
1986.6	2205	0
1986.6	2224	0
1986.6	1845	0
1986.6	2219	0
1986.7	1592	0
1986.7	1458	0
1986.7	2056	0
1986.7	1245	0
1986.8	1644	0
1986.8	2112	0
1986.8	1506	0
1986.8	1898	0
1986.8	2009	0
1986.9	1996	0
1986.9	2191	0
1986.9	1601	0
1986.9	1794	0
1986.9	1994	0
1986.9	2453	0
1986.9	1962	0
1987.0	1468	0
1987.0	2524	0
1987.0	2263	0
1987.1	1968	0
1987.1	1668	0
1987.1	1626	0
1987.1	1791	0
1987.2	1860	0
1987.3	1722	0
1987.3	1643	0
1987.3	1476	0
1987.3	1507	0
1987.3	1606	0
1987.3	1068	0
1987.4	1643	0
1987.4	2335	0
1987.5	2021	0
1987.5	1677	0
1987.5	1954	0
1987.5	2695	0
1987.5	1447	0
1987.5	1568	0
1987.6	1360	0
1987.6	1461	0
1987.6	1984	0
1987.6	1798	0
1987.6	2206	0
1987.7	1657	0
1987.7	2074	0
1987.7	861	0
1987.7	1946	0
1987.7	1515	0
1987.7	1742	0
1987.8	1914	0
1987.8	1676	0
1987.8	1903	0
1987.8	1706	0
1987.9	1730	0
1987.9	1792	0
1987.9	2475	0
1988.1	2130	0
1988.1	1723	0
1988.1	1993	0
1988.1	1602	0
1988.1	2060	0
1988.1	2019	0
1988.2	2057	0
1988.2	1823	0
1988.2	1773	0
1988.3	1576	0
1988.3	1948	0
1988.3	1762	0
1988.3	1198	0
1988.3	2081	0
1988.4	1656	0
1988.4	1954	0
1988.4	1610	0
1988.4	1651	0
1988.5	1685	0
1988.5	2010	0
1988.5	1379	0
1988.5	2107	0
1988.6	1545	0
1988.6	1923	0
1988.6	2231	0
1988.6	1908	0
1988.6	2003	0
1988.6	1667	0
1988.6	2349	0
1988.7	2416	0
1988.7	1689	0
1988.7	2319	0
1988.7	1456	0
1988.7	2303	0
1988.8	1443	0
1988.9	2033	0
1988.9	1616	0
1988.9	1722	0
1988.9	1788	0
1988.9	1632	0
1989.0	1960	0
1989.0	1550	0
1989.0	1843	0
1989.0	1938	0
1989.0	1535	0
1989.0	676	0
1989.0	2334	0
1989.0	2083	0
1989.0	2302	0
1989.0	1930	0
1989.1	1416	0
1989.1	1029	0
1989.1	1808	0
1989.1	2243	0
1989.2	1227	0
1989.2	1615	0
1989.2	2104	0
1989.2	1462	0
1989.3	1824	0
1989.3	1979	0
1989.3	1779	0
1989.3	488	0
1989.3	1580	0
1989.3	576	0
1989.3	1303	0
1989.3	1940	0
1989.4	1324	0
1989.4	2237	0
1989.4	416	0
1989.4	852	0
1989.6	2017	0
1989.6	2106	0
1989.6	2171	0
1989.6	2117	0
1989.6	2062	0
1989.6	2025	0
1989.7	1521	0
1989.7	1598	0
1989.7	1936	0
1989.7	924	0
1989.7	2	0
1989.7	1648	0
1989.7	2106	0
1989.7	2067	0
1989.8	2199	0
1989.8	1420	0
1989.8	999	0
1989.8	1336	0
1989.8	1698	0
1989.8	1476	0
1989.8	1475	0
1989.8	1493	0
1989.9	2007	0
1989.9	2158	0
1989.9	1429	0
1989.9	2127	0
1989.9	1919	0
1989.9	1784	0
1990.0	1803	0
1990.0	477	0
1990.1	1364	0
1990.1	1717	0
1990.1	1864	0
1990.1	1158	0
1990.1	2065	0
1990.1	1998	0
1990.1	1925	0
1990.2	1543	0
1990.2	1387	0
1990.2	2355	0
1990.2	1309	0
1990.2	1750	0
1990.3	2004	0
1990.3	550	0
1990.3	1218	0
1990.3	1903	0
1990.3	1179	0
1990.3	1492	0
1990.3	1848	0
1990.4	1923	0
1990.4	1406	0
1990.4	1225	0
1990.4	2259	0
1990.5	1989	0
1990.5	2211	0
1990.6	2418	0
1990.6	1772	0
1990.6	1856	0
1990.6	1970	0
1990.6	2101	0
1990.6	2196	0
1990.7	1239	0
1990.7	943	0
1990.8	1314	0
1990.8	1727	0
1990.8	1597	0
1990.8	1660	0
1990.8	1775	0
1990.8	2096	0
1990.9	1601	0
1990.9	1351	0
1990.9	1595	0
1990.9	1459	0
1990.9	1350	0
1990.9	1622	0
1991.0	2119	0
1991.0	1097	0
1991.0	2158	0
1991.0	1374	0
1991.0	1219	0
1991.1	1264	0
1991.1	1757	0
1991.1	2087	0
1991.1	1666	0
1991.2	1966	0
1991.2	2195	0
1991.2	2167	0
1991.2	2150	0
1991.2	1684	0
1991.2	2090	0
1991.2	2039	0
1991.3	1651	0
1991.3	1639	0
1991.3	2032	0
1991.4	1738	0
1991.4	2129	0
1991.4	560	0
1991.4	1643	0
1991.4	2345	0
1991.4	1857	0
1991.4	1891	0
1991.4	1567	0
1991.5	2388	0
1991.6	1240	0
1991.6	2420	0
1991.7	1567	0
1991.7	2317	0
1991.7	2336	0
1991.8	2257	0
1991.8	1746	0
1991.9	2092	0
1991.9	2033	0
1991.9	877	0
1991.9	1999	0
1992.0	1548	0
1992.0	1602	0
1992.0	2228	0
1992.0	1602	0
1992.0	1800	0
1992.1	2151	0
1992.1	1285	0
1992.1	1547	0
1992.1	1577	0
1992.2	2157	0
1992.2	2266	0
1992.2	2249	0
1992.2	1883	0
1992.2	1702	0
1992.2	1318	0
1992.3	2201	0
1992.3	2237	0
1992.4	1983	0
1992.4	1792	0
1992.4	1640	0
1992.5	1640	0
1992.5	1366	0
1992.5	1251	0
1992.6	2399	0
1992.6	2235	0
1992.6	1978	0
1992.6	2378	0
1992.6	2065	0
1992.7	1924	0
1992.7	1480	0
1992.8	1976	0
1992.9	1075	0
1993.0	1948	0
1993.0	1672	0
1993.0	1757	0
1993.0	1152	0
1993.0	1763	0
1993.0	1895	0
1993.1	1747	0
1993.1	1682	0
1993.1	1779	0
1993.1	2354	0
1993.1	1799	0
1993.2	1499	0
1993.2	1727	0
1993.2	2286	0
1993.2	1434	0
1993.2	1795	0
1993.2	2006	0
1993.3	389	0
1993.3	1820	0
1993.3	1825	0
1993.3	1278	0
1993.3	2288	0
1993.3	2043	0
1993.3	2416	0
1993.4	2106	0
1993.4	1679	0
1993.4	2091	0
1993.4	1812	0
1993.4	1993	0
1993.4	1987	0
1993.4	1710	0
1993.5	1539	0
1993.5	1970	0
1993.5	1429	0
1993.5	1841	0
1993.6	1913	0
1993.6	1716	0
1993.6	1294	0
1993.6	1814	0
1993.6	1643	0
1993.7	1992	0
1993.7	2121	0
1993.7	1888	0
1993.8	1768	0
1993.8	1917	0
1993.8	2258	0
1993.9	1795	0
1993.9	1618	0
1993.9	1548	0
1993.9	1678	0
1993.9	1516	0
1993.9	1739	0
1994.0	2371	0
1994.0	2146	0
1994.0	1658	0
1994.0	1280	0
1994.0	2153	0
1994.1	1769	0
1994.1	671	0
1994.2	1745	0
1994.2	2043	0
1994.2	1496	0
1994.3	1399	0
1994.3	1602	0
1994.3	1865	0
1994.4	2041	0
1994.4	2257	0
1994.4	2024	0
1994.4	1736	0
1994.4	1825	0
1994.5	2355	0
1994.6	1601	0
1994.6	2183	0
1994.7	1859	0
1994.7	1758	0
1994.7	1834	0
1994.7	1750	0
1994.7	1704	0
1994.7	2357	0
1994.7	1428	0
1994.7	3395	0
1994.8	2948	0
1994.8	2457	0
1994.8	2911	0
1994.8	2719	0
1994.9	2589	0
1994.9	2887	0
1995.0	2431	0
1995.0	2917	0
1995.0	2695	0
1995.0	2472	0
1995.0	2903	0
1995.0	2946	0
1995.0	2609	0
1995.0	2544	0
1995.0	2785	0
1995.0	2894	0
1995.1	2842	0
1995.1	2512	0
1995.1	2871	0
1995.1	2846	0
1995.2	3005	0
1995.2	2801	0
1995.2	2807	0
1995.2	2401	0
1995.2	2602	0
1995.2	2623	0
1995.2	2234	0
1995.2	2722	0
1995.3	2827	0
1995.3	2661	0
1995.3	2253	0
1995.3	2168	0
1995.3	2857	0
1995.3	2507	0
1995.4	2699	0
1995.4	1445	0
1995.4	4	0
1995.4	3113	0
1995.4	2989	0
1995.4	2689	0
1995.4	1744	0
1995.4	2629	0
1995.4	2773	0
1995.4	2695	0
1995.5	2991	0
1995.5	2568	0
1995.5	2173	0
1995.6	2927	0
1995.6	2931	0
1995.7	2867	0
1995.7	2971	0
1995.7	2870	0
1995.7	2135	0
1995.7	2597	0
1995.7	2954	0
1995.7	2520	0
1995.7	2716	0
1995.8	2846	0
1995.8	2891	0
1995.9	2864	0
1995.9	2277	0
1995.9	2755	0
1995.9	2695	0
1995.9	1299	0
1995.9	1978	0
1995.9	2813	0
1996.0	2955	0
1996.0	2821	0
1996.0	2825	0
1996.0	2959	0
1996.0	3051	0
1996.0	2566	0
1996.0	2475	0
1996.0	2754	0
1996.0	2845	0
1996.1	2772	0
1996.1	2722	0
1996.1	2871	0
1996.1	2622	0
1996.1	2808	0
1996.1	2341	0
1996.2	3093	0
1996.3	2693	0
1996.3	2785	0
1996.3	2650	0
1996.3	2642	0
1996.3	2989	0
1996.4	2909	0
1996.4	3022	0
1996.4	2860	0
1996.4	2875	0
1996.5	3001	0
1996.5	2806	0
1996.6	3038	0
1996.6	2762	0
1996.6	2803	0
1996.6	2981	0
1996.6	1796	0
1996.6	3022	0
1996.6	3000	0
1996.7	2925	0
1996.7	1763	0
1996.7	2651	0
1996.7	2796	0
1996.8	2863	0
1996.8	2613	0
1996.8	2579	0
1996.9	2786	0
1996.9	2748	0
1996.9	2739	0
1996.9	2852	0
1996.9	2810	0
1997.0	2904	0
1997.0	2652	0
1997.0	2921	0
1997.0	2689	0
1997.1	3017	0
1997.1	2888	0
1997.2	1505	0
1997.2	2378	0
1997.3	2302	0
1997.3	2661	0
1997.3	2478	0
1997.3	2801	0
1997.4	2770	0
1997.4	3010	0
1997.4	3073	0
1997.4	2626	0
1997.4	2911	0
1997.4	3071	0
1997.5	2325	0
1997.5	2794	0
1997.5	2529	0
1997.5	2738	0
1997.5	2556	0
1997.6	2716	0
1997.7	2746	0
1997.7	3057	0
1997.7	3021	0
1997.7	2735	0
1997.7	2571	0
1997.7	2386	0
1997.7	2869	0
1997.7	2489	0
1997.8	2543	0
1997.8	2945	0
1997.8	2845	0
1997.8	2882	0
1997.9	2751	0
1997.9	2716	0
1997.9	2631	0
1997.9	2603	0
1997.9	1886	0
1997.9	2608	0
1998.0	2368	0
1998.0	2971	0
1998.0	2782	0
1998.0	2589	0
1998.0	2780	0
1998.1	2731	0
1998.1	2700	0
1998.2	2951	0
1998.2	2685	0
1998.2	2477	0
1998.2	2313	0
1998.3	2798	0
1998.4	2693	0
1998.4	1846	0
1998.4	2806	0
1998.4	2723	0
1998.5	2814	0
1998.5	2768	0
1998.5	2546	0
1998.5	2532	0
1998.5	2469	0
1998.5	2760	0
1998.5	2899	0
1998.6	2617	0
1998.6	2999	0
1998.6	2630	0
1998.7	2895	0
1998.7	2611	0
1998.7	2719	0
1998.7	2815	0
1998.7	2915	0
1998.8	2481	0
1998.8	2785	0
1998.9	2485	0
1998.9	2813	0
1998.9	2605	0
1998.9	2853	0
1999.0	2644	0
1999.0	1761	0
1999.0	2681	0
1999.1	1426	0
1999.1	2742	0
1999.1	3045	0
1999.2	2163	0
1999.2	2970	0
1999.2	2562	0
1999.2	2597	0
1999.3	2686	0
1999.3	2744	0
1999.4	2511	0
1999.4	2759	0
1999.4	2589	0
1999.4	1322	0
1999.4	4	0
1999.5	2439	0
1999.5	2941	0
1999.5	2739	0
1999.5	2603	0
1999.5	2748	0
1999.6	2698	0
1999.6	2581	0
1999.6	2882	0
1999.6	2865	0
1999.7	2291	0
1999.7	2785	0
1999.7	2994	0
1999.8	2807	0
1999.8	3049	0
1999.8	2799	0
1999.8	2627	0
1999.8	1540	0
1999.9	2433	0
1999.9	2518	0
1999.9	2809	0
1999.9	2873	0
1999.9	2775	0
1999.9	2322	0
1999.9	2838	0
2000.1	2483	0
2000.1	2842	0
2000.1	2999	0
2000.1	2416	0
2000.1	2619	0
2000.2	2592	0
2000.2	2256	0
2000.2	2813	0
2000.3	2649	0
2000.3	2974	0
2000.3	3052	0
2000.3	2840	0
2000.3	2537	0
2000.4	2933	0
2000.4	1753	0
2000.4	2468	0
2000.4	3175	0
2000.4	980	0
2000.4	2873	0
2000.4	3074	0
2000.4	2734	0
2000.5	2785	0
2000.5	2843	0
2000.6	1865	0
2000.6	2642	0
2000.6	2610	0
2000.6	2842	0
2000.6	2446	0
2000.6	2620	0
2000.7	2904	0
2000.7	2953	0
2000.7	2631	0
2000.7	2841	0
2000.7	2451	0
2000.8	2678	0
2000.8	2651	0
2000.8	2906	0
2000.9	3035	0
2000.9	2839	0
2000.9	2908	0
2000.9	2715	0
2001.0	2676	0
2001.0	2990	0
2001.1	1381	0
2001.1	4	0
2001.1	2781	0
2001.1	2887	0
2001.1	2925	0
2001.1	2748	0
2001.2	1362	0
2001.2	4	0
2001.2	2481	0
2001.2	2971	0
2001.2	1878	0
2001.2	2755	0
2001.2	3067	0
2001.2	2768	0
2001.3	2687	0
2001.3	2801	0
2001.4	1150	0
2001.4	2623	0
2001.4	2619	0
2001.4	2952	0
2001.4	3003	0
2001.5	2682	0
2001.5	3041	0
2001.5	3074	0
2001.6	2575	0
2001.6	2776	0
2001.6	2657	0
2001.7	2606	0
2001.7	2875	0
2001.7	2823	0
2001.7	2963	0
2001.7	2256	0
2001.7	3002	0
2001.7	2852	0
2001.8	2630	0
2001.8	2649	0
2001.8	2938	0
2001.8	2770	0
2001.9	3083	0
2002.0	2847	0
2002.0	2642	0
2002.0	3107	0
2002.0	2701	0
2002.1	2706	0
2002.1	2803	0
2002.2	2848	0
2002.2	2689	0
2002.2	2556	0
2002.2	2547	0
2002.3	2748	0
2002.3	3035	0
2002.3	2695	0
2002.3	2933	0
2002.3	3100	0
2002.3	2695	0
2002.3	2201	0
2002.3	2805	0
2002.3	2629	0
2002.4	2556	0
2002.4	2925	0
2002.4	1777	0
2002.4	2479	0
2002.4	2796	0
2002.4	2496	0
2002.5	2644	0
2002.6	2820	0
2002.6	2435	0
2002.6	2719	0
2002.7	2857	0
2002.7	1724	0
2002.7	2822	0
2002.7	2273	0
2002.7	2629	0
2002.8	2818	0
2002.8	3014	0
2002.8	2703	0
2002.8	1523	0
2002.8	2406	0
2002.8	2875	0
2002.8	2959	0
2002.8	2993	0
2002.8	2777	0
2002.8	2740	0
2002.9	2884	0
2002.9	2825	0
2002.9	2785	0
2002.9	2943	0
2002.9	2749	0
2003.0	2709	0
2003.0	2883	0
2003.0	2785	0
2003.0	1572	0
2003.0	2879	0
2003.1	2628	0
2003.1	2797	0
2003.1	3002	0
2003.1	2835	0
2003.2	812	0
2003.3	2853	0
2003.3	2763	0
2003.3	1418	0
2003.3	2486	0
2003.4	3039	0
2003.4	2739	0
2003.4	3095	0
2003.4	2395	0
2003.4	2779	0
2003.5	2182	0
2003.5	2683	0
2003.5	2844	0
2003.5	2667	0
2003.6	2609	0
2003.6	2568	0
2003.7	2671	0
2003.7	2620	0
2003.7	1492	0
2003.8	2770	0
2003.8	2968	0
2003.8	2917	0
2003.8	2835	0
2003.8	3012	0
2003.9	2487	0
2003.9	2419	0
2003.9	2657	0
2003.9	2994	0
2003.9	2728	0
2003.9	2943	0
2004.0	2843	0
2004.1	2727	0
2004.1	2950	0
2004.2	2674	0
2004.2	2987	0
2004.2	2527	0
2004.2	2861	0
2004.2	2786	0
2004.2	2956	0
2004.2	2694	0
2004.3	2840	0
2004.3	2722	0
2004.3	2699	0
2004.3	2723	0
2004.3	2867	0
2004.3	1508	0
2004.3	2273	0
2004.3	2589	0
2004.3	2947	0
2004.4	2603	0
2004.4	2623	0
2004.4	2962	0
2004.4	2678	0
2004.4	2760	0
2004.4	1747	0
2004.4	2917	0
2004.5	2461	0
2004.5	2439	0
2004.5	2679	0
2004.5	2717	0
2004.6	2585	0
2004.7	2753	0
2004.7	2770	0
2004.7	2581	0
2004.7	2655	0
2004.7	2771	0
2004.7	2234	0
2004.8	2931	0
2004.8	2025	0
2004.8	2661	0
2004.9	2811	0
2004.9	2853	0
2004.9	2828	0
2005.0	2587	0
2005.0	3029	0
2005.0	2770	0
2005.0	2747	0
2005.0	2731	0
2005.0	2672	0
2005.0	2686	0
2005.0	2996	0
2005.1	2680	0
2005.1	2630	0
2005.1	2815	0
2005.1	2447	0
2005.1	2785	0
2005.2	2396	0
2005.2	2716	0
2005.2	2952	0
2005.2	2817	0
2005.2	2506	0
2005.2	2698	0
2005.2	2982	0
2005.2	2900	0
2005.3	2767	0
2005.3	1794	0
2005.3	2413	0
2005.3	2898	0
2005.3	2788	0
2005.4	2685	0
2005.4	3013	0
2005.4	2429	0
2005.5	2829	0
2005.5	2825	0
2005.5	2252	0
2005.5	2741	0
2005.5	3062	0
2005.5	2820	0
2005.5	2774	0
2005.6	2805	0
2005.6	2711	0
2005.6	2815	0
2005.6	2794	0
2005.6	2480	0
2005.6	2828	0
2005.6	2437	0
2005.7	2786	0
2005.7	2595	0
2005.7	2694	0
2005.7	2358	0
2005.7	2873	0
2005.7	2656	0
2005.7	2638	0
2005.7	2455	0
2005.8	2935	0
2005.8	2682	0
2005.8	2866	0
2005.8	2785	0
2005.9	2067	0
2005.9	2624	0
2005.9	3051	0
2006.0	2922	0
2006.0	2812	0
2006.0	2379	0
2006.1	2944	0
2006.1	3113	0
2006.1	3083	0
2006.1	2062	0
2006.1	2588	0
2006.2	2955	0
2006.2	2927	0
2006.3	2788	0
2006.3	2567	0
2006.4	3019	0
2006.4	2620	0
2006.4	2979	0
2006.4	2807	0
2006.4	2740	0
2006.5	2866	0
2006.5	2174	0
2006.5	2961	0
2006.5	2783	0
2006.5	2851	0
2006.5	2757	0
2006.5	2592	0
2006.6	2602	0
2006.6	2517	0
2006.6	2855	0
2006.7	2700	0
2006.7	2918	0
2006.7	2618	0
2006.7	2942	0
2006.8	2800	0
2006.9	2902	0
2006.9	2819	0
2006.9	2799	0
2006.9	2735	0
2006.9	2679	0
2007.0	2841	0
2007.0	2673	0
2007.0	2678	0
2007.0	2800	0
2007.0	1565	0
2007.1	2765	0
2007.1	2733	0
2007.1	2806	0
2007.1	2759	0
2007.1	2773	0
2007.2	2731	0
2007.2	3029	0
2007.2	2909	0
2007.2	2800	0
2007.2	2751	0
2007.2	2711	0
2007.2	2239	0
2007.2	2616	0
2007.2	2878	0
2007.2	2513	0
2007.2	2433	0
2007.2	2777	0
2007.3	2670	0
2007.3	2561	0
2007.3	2648	0
2007.3	2437	0
2007.3	2145	0
2007.4	2734	0
2007.4	2840	0
2007.4	2788	0
2007.4	2834	0
2007.5	2667	0
2007.5	2790	0
2007.5	2687	0
2007.5	2725	0
2007.5	2568	0
2007.5	2363	0
2007.5	2583	0
2007.6	2669	0
2007.6	2676	0
2007.6	2976	0
2007.6	2651	0
2007.6	2337	0
2007.6	2905	0
2007.7	3071	0
2007.7	2939	0
2007.7	2878	0
2007.7	2883	0
2007.7	2835	0
2007.7	2950	0
2007.8	2942	0
2007.8	2488	0
2007.8	2574	0
2007.9	2552	0
2007.9	2801	0
2007.9	2763	0
2007.9	3051	0
2007.9	2769	0
2007.9	2755	0
2008.0	2284	0
2008.0	945	0
2008.1	2661	0
2008.1	2879	0
2008.1	2479	0
2008.1	2902	0
2008.1	2619	0
2008.2	2634	0
2008.2	2677	0
2008.3	2657	0
2008.4	3107	0
2008.4	2891	0
2008.4	2787	0
2008.4	2296	0
2008.4	2738	0
2008.4	2980	0
2008.4	2457	0
2008.5	2353	0
2008.5	2763	0
2008.5	2633	0
2008.5	2685	0
2008.6	2695	0
2008.6	2716	0
2008.7	3057	0
2008.8	2874	0
2008.8	2679	0
2008.9	2821	0
2008.9	2431	0
2008.9	819	0
2008.9	2752	0
2008.9	2770	0
2009.0	2656	0
2009.0	2646	0
2009.0	2483	0
2009.0	2704	0
2009.0	2701	0
2009.0	2355	0
2009.0	2787	0
2009.1	2514	0
2009.1	2637	0
2009.1	1736	0
2009.1	2745	0
2009.1	2687	0
2009.1	3111	0
2009.1	2959	0
2009.2	2615	0
2009.2	2822	0
2009.2	2769	0
2009.3	2978	0
2009.3	2732	0
2009.3	2679	0
2009.3	2777	0
2009.3	2330	0
2009.3	2899	0
2009.4	2813	0
2009.4	3140	0
2009.4	3096	0
2009.4	2655	0
2009.4	2389	0
2009.4	3017	0
2009.4	2528	0
2009.5	2479	0
2009.5	2699	0
2009.5	2961	0
2009.5	2614	0
2009.6	2501	0
2009.6	2774	0
2009.6	2797	0
2009.6	2635	0
2009.6	2951	0
2009.6	2963	0
2009.6	2377	0
2009.7	2607	0
2009.7	2736	0
2009.7	2987	0
2009.7	2882	0
2009.7	2993	0
2009.7	2337	0
2009.7	2638	0
2009.7	2903	0
2009.8	2551	0
2009.9	2219	0
2009.9	2896	0
2009.9	2856	0
2009.9	2847	0
2009.9	2240	0
2010.0	2523	0
2010.0	2583	0
2010.0	2587	0
2010.1	2762	0
2010.1	3131	0
2010.1	2663	0
2010.1	2846	0
2010.1	3031	0
2010.2	2441	0
2010.2	2820	0
2010.2	2629	0
2010.2	2594	0
2010.2	2564	0
2010.2	2860	0
2010.2	2507	0
2010.2	3009	0
2010.3	2440	0
2010.3	2886	0
2010.4	2241	0
2010.4	2601	0
2010.4	2874	0
2010.4	2988	0
2010.4	2886	0
2010.4	2675	0
2010.4	2814	0
2010.4	2857	0
2010.4	2532	0
2010.4	2640	0
2010.5	2721	0
2010.6	2771	0
2010.6	2987	0
2010.6	2707	0
2010.6	1299	0
2010.7	3066	0
2010.7	2542	0
2010.7	3043	0
2010.8	2954	0
2010.9	2808	0
2010.9	2664	0
2011.0	2527	0
2011.0	2719	0
2011.0	2652	0
2011.0	2333	0
2011.0	2615	0
2011.1	2261	0
2011.2	2911	0
2011.2	2653	0
2011.2	2534	0
2011.2	2945	0
2011.2	2835	0
2011.2	2962	0
2011.2	3006	0
2011.3	3106	0
2011.3	2469	0
2011.3	2720	0
2011.3	3078	0
2011.3	2594	0
2011.3	2769	0
2011.4	2859	0
2011.4	2625	0
2011.4	2913	0
2011.4	3052	0
2011.4	2779	0
2011.5	2529	0
2011.5	2750	0
2011.5	3021	0
2011.5	3021	0
2011.5	2937	0
2011.6	1867	0
2011.6	2616	0
2011.7	2630	0
2011.7	3017	0
2011.7	2559	0
2011.8	1067	0
2011.8	2792	0
2011.8	2721	0
2011.9	2321	0
2011.9	2643	0
2011.9	2899	0
2012.0	2555	0
2012.0	2799	0
2012.0	2743	0
2012.0	2674	0
2012.0	2882	0
2012.1	2581	0
2012.1	2913	0
2012.1	3063	0
2012.1	2754	0
2012.2	2697	0
2012.2	2962	0
2012.2	2520	0
2012.2	2568	0
2012.2	2822	0
2012.2	2862	0
2012.2	2883	0
2012.2	2799	0
2012.2	2373	0
2012.2	2749	0
2012.2	1210	0
2012.3	2641	0
2012.3	2883	0
2012.3	2721	0
2012.4	3069	0
2012.4	2892	0
2012.4	2915	0
2012.4	2728	0
2012.5	2742	0
2012.5	3082	0
2012.5	2886	0
2012.5	2852	0
2012.5	2882	0
2012.5	2576	0
2012.5	2699	0
2012.5	2276	0
2012.5	3097	0
2012.6	2753	0
2012.6	2843	0
2012.6	2798	0
2012.6	2963	0
2012.6	2677	0
2012.6	2674	0
2012.6	2787	0
2012.6	3220	0
2012.7	2804	0
2012.7	2463	0
2012.7	2612	0
2012.7	2694	0
2012.7	2839	0
2012.8	2969	0
2012.8	2669	0
2012.8	1600	0
2012.8	2802	0
2012.9	3011	0
2012.9	2121	0
2012.9	2886	0
2013.0	2986	0
2013.0	2696	0
2013.1	2946	0
2013.1	2740	0
2013.1	2710	0
2013.1	3119	0
2013.2	2790	0
2013.2	3013	0
2013.2	2108	0
2013.3	2989	0
2013.3	2390	0
2013.3	938	0
2013.3	2809	0
2013.3	2749	0
2013.4	2638	0
2013.4	3074	0
2013.4	2820	0
2013.4	2705	0
2013.5	2479	0
2013.5	2807	0
2013.5	2677	0
2013.6	2525	0
2013.6	3023	0
2013.6	2635	0
2013.6	2787	0
2013.6	2095	0
2013.7	2925	0
2013.7	2846	0
2013.7	2961	0
2013.7	2449	0
2013.8	2583	0
2013.8	2676	0
2013.9	2673	0
2013.9	2751	0
2013.9	2647	0
2013.9	1866	0
2013.9	2630	0
2013.9	3017	0
2014.0	2452	0
2014.0	2801	0
2014.0	2088	0
2014.0	2867	0
2014.0	2253	0
2014.0	2476	0
2014.1	2631	0
2014.1	2692	0
2014.1	2657	0
2014.1	2881	0
2014.1	2426	0
2014.1	2675	0
2014.1	2645	0
2014.1	2660	0
2014.2	2584	0
2014.2	2651	0
2014.2	2763	0
2014.2	2983	0
2014.3	3097	0
2014.3	2190	0
2014.3	2309	0
2014.3	2673	0
2014.3	2667	0
2014.3	3035	0
2014.3	1512	0
2014.3	2537	0
2014.4	2858	0
2014.4	2754	0
2014.4	2437	0
2014.4	3014	0
2014.5	2739	0
2014.5	2789	0
2014.5	3279	0
2014.6	3100	0
2014.6	2777	0
2014.6	878	0
2014.6	2972	0
2014.6	2860	0
2014.7	2719	0
2014.7	2724	0
2014.7	2526	0
2014.7	2647	0
2014.7	2632	0
2014.8	2130	0
2014.8	2501	0
2014.8	2404	0
2014.8	2837	0
2014.9	2695	0
2014.9	2834	0
2015.0	2483	0
2015.0	2818	0
2015.0	2678	0
2015.0	2914	0
2015.1	2838	0
2015.1	2877	0
2015.1	2609	0
2015.2	2131	0
2015.2	2563	0
2015.2	2689	0
2015.2	2691	0
2015.2	2647	0
2015.3	2751	0
2015.3	2619	0
2015.3	2113	0
2015.3	2937	0
2015.3	2821	0
2015.4	2921	0
2015.4	2984	0
2015.4	2791	0
2015.4	2537	0
2015.4	2763	0
2015.5	2822	0
2015.5	2564	0
2015.5	2782	0
2015.5	2812	0
2015.5	2696	0
2015.6	2780	0
2015.7	2709	0
2015.7	2730	0
2015.7	2876	0
2015.7	2718	0
2015.7	2714	0
2015.8	2488	0
2015.8	2669	0
2015.8	2223	0
2015.8	2830	0
2015.8	2746	0
2015.9	2600	0
2015.9	2396	0
2015.9	2664	0
2016.0	2899	0
2016.0	2591	0
2016.1	2879	0
2016.1	2408	0
2016.1	2819	0
2016.1	2795	0
2016.1	3497	0
2016.1	2600	0
2016.1	2414	0
2016.1	2959	0
2016.2	2690	0
2016.2	2500	0
2016.2	2941	0
2016.2	2561	0
2016.2	2623	0
2016.2	2844	0
2016.3	1966	0
2016.3	2661	0
2016.3	2860	0
2016.4	2639	0
2016.4	3087	0
2016.4	2857	0
2016.4	2488	0
2016.4	2785	0
2016.4	2903	0
2016.5	2237	0
2016.5	2667	0
2016.5	2687	0
2016.5	2922	0
2016.5	2678	0
2016.6	2901	0
2016.6	2572	0
2016.6	2708	0
2016.7	2639	0
2016.7	2827	0
2016.7	2869	0
2016.7	2772	0
2016.7	2859	0
2016.7	2847	0
2016.8	2603	0
2016.8	3025	0
2016.8	2636	0
2016.8	2597	0
2016.8	2828	0
2016.8	2882	0
2016.8	2586	0
2016.9	1489	0
2016.9	2809	0
2016.9	2775	0
2016.9	2616	0
2016.9	2781	0
2016.9	2776	0
2016.9	2664	0
2016.9	3060	0
2017.0	3060	0
2017.0	2793	0
2017.0	2685	0
2017.0	2760	0
2017.0	2495	0
2017.0	2741	0
2017.1	2760	0
2017.1	2778	0
2017.1	2396	0
2017.1	2872	0
2017.1	2804	0
2017.2	2637	0
2017.2	2818	0
2017.2	2847	0
2017.3	2839	0
2017.3	2881	0
2017.3	2699	0
2017.3	2787	0
2017.4	2722	0
2017.4	2649	0
2017.4	2726	0
2017.4	2898	0
2017.5	2899	0
2017.5	640	0
2017.5	2985	0
2017.6	2766	0
2017.6	2836	0
2017.6	2621	0
2017.6	2573	0
2017.6	2785	0
2017.6	2929	0
2017.7	2807	0
2017.7	2773	0
2017.7	2721	0
2017.8	2883	0
2017.8	2929	0
2017.8	2885	0
2017.8	2107	0
2017.8	2195	0
2017.8	2857	0
2017.8	2731	0
2017.8	2371	0
2017.9	2714	0
2017.9	2609	0
2017.9	2710	0
2017.9	2833	0
2018.0	2879	0
2018.0	1173	0
2018.0	2952	0
2018.0	2517	0
2018.0	2908	0
2018.1	2925	0
2018.1	2810	0
2018.2	2739	0
2018.2	3100	0
2018.2	2842	0
2018.2	2850	0
2018.3	2087	0
2018.3	2693	0
2018.4	2682	0
2018.4	2879	0
2018.4	2853	0
2018.4	2641	0
2018.5	2573	0
2018.5	2196	0
2018.5	1551	0
2018.5	1314	0
2018.5	3	0
2018.5	2352	0
2018.6	2799	0
2018.6	2618	0
2018.7	2771	0
2018.7	2711	0
2018.7	2980	0
2018.7	3025	0
2018.7	2678	0
2018.7	1602	0
2018.8	2777	0
2018.8	2782	0
2018.8	2744	0
2018.8	2732	0
2018.8	2678	0
2018.8	2977	0
2018.8	2862	0
2018.8	2755	0
2018.8	2813	0
2018.8	2471	0
2018.8	1263	0
2018.9	2843	0
2018.9	2330	0
2018.9	2992	0
2018.9	2524	0
2018.9	2757	0
2019.0	3007	0
2019.0	2826	0
2019.0	2454	0
2019.0	2803	0
2019.0	2841	0
2019.1	2551	0
2019.1	2671	0
2019.1	2870	0
2019.1	2903	0
2019.2	2534	0
2019.2	2738	0
2019.2	2969	0
2019.2	2867	0
2019.3	2586	0
2019.3	2969	0
2019.3	2722	0
2019.3	2965	0
2019.3	2711	0
2019.3	2784	0
2019.3	3297	0
2019.4	2950	0
2019.4	2962	0
2019.4	2922	0
2019.4	2761	0
2019.5	2901	0
2019.5	2377	0
2019.5	2910	0
2019.5	2737	0
2019.5	2322	0
2019.5	2767	0
2019.6	2554	0
2019.6	2655	0
2019.6	2561	0
2019.6	2991	0
2019.6	2649	0
2019.6	2788	0
2019.6	3006	0
2019.7	2807	0
2019.7	2641	0
2019.7	2370	0
2019.7	2925	0
2019.7	2881	0
2019.8	2658	0
2019.8	2635	0
2019.8	3015	0
2019.8	2847	0
2019.8	3026	0
2019.8	2954	0
2019.8	2904	0
2019.9	2809	0
2019.9	2957	0
2019.9	2970	0
2019.9	2601	0
2020.0	2902	0
2020.1	2295	0
2020.1	2813	0
2020.2	2285	0
2020.2	2686	0
2020.2	2957	0
2020.2	2724	0
2020.2	3026	0
2020.2	2811	0
2020.3	2692	0
2020.3	2950	0
2020.3	2861	0
2020.3	2307	0
2020.3	2919	0
2020.3	2885	0
2020.3	2871	0
2020.4	2952	0
2020.4	2571	0
2020.4	2547	0
2020.4	2666	0
2020.4	2910	0
2020.4	2803	0
2020.4	2751	0
2020.4	2986	0
2020.4	2751	0
2020.4	2750	0
2020.5	2545	0
2020.5	2899	0
2020.5	2492	0
2020.5	2511	0
2020.5	3006	0
2020.5	2940	0
2020.5	2979	0
2020.5	2923	0
2020.5	2700	0
2020.5	2634	0
2020.5	2851	0
2020.6	2354	0
2020.6	2917	0
2020.6	2891	0
2020.6	3012	0
2020.6	2667	0
2020.7	2613	0
2020.7	2429	0
2020.7	2895	0
2020.8	3030	0
2020.8	2331	0
2020.8	2694	0
2020.8	2943	0
2020.8	2740	0
2020.9	2649	0
2020.9	2980	0
2020.9	2758	0
2020.9	2995	0
2020.9	3020	0
2021.0	2929	0
2021.0	2688	0
2021.1	2694	0
2021.1	2520	0
2021.1	2825	0
2021.1	2655	0
2021.1	2365	0
2021.1	3096	0
2021.1	2833	0
2021.2	2121	0
2021.2	2912	0
2021.2	2869	0
2021.2	2396	0
2021.3	2895	0
2021.3	2943	0
2021.3	1945	0
2021.3	2263	0
2021.3	2998	0
2021.3	3218	0
2021.3	2991	0
2021.3	1781	0
2021.4	2160	0
2021.4	2311	0
2021.4	2804	0
2021.4	2929	0
2021.5	2967	0
2021.5	2778	0
2021.5	2686	0
2021.6	2620	0
2021.6	2663	0
2021.6	2871	0
2021.6	2377	0
2021.6	2707	0
2021.6	1379	0
2021.6	4	0
2021.7	2637	0
2021.7	2414	0
2021.7	2928	0
2021.8	2821	0
2021.8	2677	0
2021.8	849	0
2021.8	2913	0
2021.8	2838	0
2021.9	2984	0
2021.9	2755	0
2021.9	3212	0
2022.0	2779	0
2022.0	2610	0
2022.0	2642	0
2022.1	3223	0
2022.1	2651	0
2022.1	1880	0
2022.1	2510	0
2022.2	2562	0
2022.2	2915	0
2022.2	2651	0
2022.2	1285	0
2022.3	2694	0
2022.3	2862	0
2022.4	1184	0
2022.4	4	0
2022.4	2728	0
2022.4	2976	0
2022.4	2498	0
2022.4	2678	0
2022.4	2590	0
2022.5	2926	0
2022.5	2611	0
2022.5	2587	0
2022.5	2555	0
2022.5	2328	0
2022.5	2564	0
2022.5	2751	0
2022.6	2435	0
2022.6	2489	0
2022.6	2554	0
2022.6	2835	0
2022.7	2674	0
2022.7	2942	0
2022.7	2876	0
2022.8	2742	0
2022.8	2599	0
2022.8	2822	0
2022.8	2795	0
2022.8	2845	0
2022.8	2894	0
2022.8	2782	0
2022.8	2654	0
2022.9	2637	0
2022.9	2083	0
2023.0	2621	0
2023.0	2878	0
2023.0	3025	0
2023.0	2659	0
2023.0	2971	0
2023.0	2961	0
2023.1	2857	0
2023.1	2524	0
2023.1	2397	0
2023.2	2588	0
2023.2	2969	0
2023.2	2777	0
2023.2	2687	0
2023.2	1266	0
2023.2	2735	0
2023.2	3039	0
2023.3	2836	0
2023.3	2690	0
2023.3	2618	0
2023.3	2853	0
2023.4	2895	0
2023.4	3071	0
2023.5	2788	0
2023.5	2610	0
2023.5	2932	0
2023.5	2707	0
2023.5	2831	0
2023.6	2875	0
2023.6	2901	0
2023.6	2893	0
2023.6	2652	0
2023.6	2879	0
2023.7	3051	0
2023.7	2768	0
2023.7	2877	0
2023.7	2959	0
2023.7	2829	0
2023.8	2754	0
2023.8	3135	0
2023.8	2759	0
2023.8	2759	0
2023.8	2763	0
2023.9	2755	0
2023.9	3009	0
2023.9	2799	0
2023.9	2903	0
2024.0	2032	0
2024.0	2676	0
2024.0	2785	0
2024.0	2797	0
2024.0	882	0
2024.0	2703	0
2024.0	2655	0
2024.1	2822	0
2024.1	2850	0
2024.1	2873	0
2024.1	2601	0
2024.1	2688	0
2024.1	2453	0
2024.1	2898	0
2024.2	2025	0
2024.2	3155	0
2024.2	2950	0
2024.2	2516	0
2024.2	2719	0
2024.2	2835	0
2024.2	2898	0
2024.2	2706	0
2024.3	3069	0
2024.3	3075	0
2024.3	2446	0
2024.3	2542	0
2024.3	2588	0
2024.4	2865	0
2024.4	2865	0
2024.4	2975	0
2024.4	2974	0
2024.4	2601	0
2024.5	2849	0
2024.5	2738	0
2024.6	2320	0
2024.6	3111	0
2024.6	2705	0
2024.6	2759	0
2024.6	2962	0
2024.7	2667	0
2024.7	2805	0
2024.7	2409	0
2024.8	2684	0
2024.8	2538	0
2024.8	2166	0
2024.8	2687	0
2024.8	2931	0
2024.8	3211	0
2024.9	1168	0
2024.9	2877	0
2024.9	2677	0
2024.9	2833	0
2024.9	2821	0
2025.0	2641	0
2025.0	3001	0
2025.0	2799	0
2025.0	2656	0
2025.1	2197	0
2025.2	2520	0
2025.2	2436	0
2025.2	2997	0
2025.2	2793	0
2025.2	2873	0
2025.2	2759	0
2025.2	3052	0
2025.2	2824	0
2025.3	2791	0
2025.3	2767	0
2025.3	2929	0
2025.3	2453	0
2025.3	2742	0
2025.3	2385	0
2025.4	2397	0
2025.4	2921	0
2025.4	2880	0
2025.4	2617	0
2025.4	2593	0
2025.4	2833	0
2025.5	1852	0
2025.5	2890	0
2025.5	2709	0
2025.5	2743	0
2025.5	2380	0
2025.6	2818	0
2025.6	2709	0
2025.6	2619	0
2025.6	2999	0
2025.6	2447	0
2025.7	2713	0
2025.8	2736	0
2025.8	2876	0
2025.8	2687	0
2025.9	2523	0
2025.9	2581	0
2025.9	2735	0
2026.0	2502	0
2026.1	2474	0
2026.1	2652	0
2026.2	2933	0
2026.2	1270	0
2026.2	2754	0
2026.3	2824	0
2026.3	3075	0
2026.3	2361	0
2026.3	2959	0
2026.3	2909	0
2026.4	2694	0
2026.4	2525	0
2026.4	2585	0
2026.5	2756	0
2026.5	2639	0
2026.5	2480	0
2026.6	2704	0
2026.6	2395	0
2026.6	2748	0
2026.6	2755	0
2026.6	2722	0
2026.7	2554	0
2026.7	2727	0
2026.7	2901	0
2026.7	2573	0
2026.7	2756	0
2026.7	2868	0
2026.8	2967	0
2026.8	2901	0
2026.8	2951	0
2026.8	2512	0
2026.9	2575	0
2026.9	2598	0
2026.9	2476	0
2026.9	2831	0
2026.9	2489	0
2026.9	2760	0
2026.9	2591	0
2026.9	3021	0
2027.0	2477	0
2027.0	2776	0
2027.0	1908	0
2027.0	2873	0
2027.0	2648	0
2027.0	2774	0
2027.0	2980	0
2027.1	2803	0
2027.1	2532	0
2027.2	1898	0
2027.2	2403	0
2027.2	1896	0
2027.2	2645	0
2027.2	2444	0
2027.2	2707	0
2027.2	3063	0
2027.2	2660	0
2027.3	2483	0
2027.3	2363	0
2027.3	1636	0
2027.3	2911	0
2027.3	2703	0
2027.4	2892	0
2027.4	2549	0
2027.4	2865	0
2027.4	2882	0
2027.5	1871	0
2027.6	2280	0
2027.6	2870	0
2027.6	2506	0
2027.6	2855	0
2027.6	2937	0
2027.7	1419	0
2027.7	2910	0
2027.7	2588	0
2027.8	2843	0
2027.8	2509	0
2027.8	2863	0
2027.8	2734	0
2027.8	2685	0
2027.8	2797	0
2027.8	2718	0
2027.9	2582	0
2027.9	2809	0
2027.9	2847	0
2028.0	2878	0
2028.0	2779	0
2028.1	2857	0
2028.1	2525	0
2028.1	2767	0
2028.1	2264	0
2028.1	3124	0
2028.1	2805	0
2028.1	2546	0
2028.2	2745	0
2028.2	2810	0
2028.2	2441	0
2028.2	2898	0
2028.2	2585	0
2028.2	2897	0
2028.3	2940	0
2028.3	2999	0
2028.3	2702	0
2028.3	2742	0
2028.3	2715	0
2028.4	1519	0
2028.4	2585	0
2028.4	2888	0
2028.4	2862	0
2028.5	2943	0
2028.5	2825	0
2028.5	2621	0
2028.5	2747	0
2028.5	2647	0
2028.5	2985	0
2028.5	2963	0
2028.6	2893	0
2028.6	2986	0
2028.6	2917	0
2028.7	2755	0
2028.7	2877	0
2028.7	2697	0
2028.7	1387	0
2028.7	2	0
2028.8	2570	0
2028.8	2891	0
2028.8	2923	0
2028.8	2830	0
2028.9	2808	0
2028.9	2293	0
2028.9	2755	0
2028.9	2724	0
2028.9	2605	0
2029.0	2658	0
2029.0	2563	0
2029.0	3075	0
2029.0	2937	0
2029.1	2914	0
2029.1	2961	0
2029.1	2870	0
2029.1	2682	0
2029.2	2674	0
2029.2	2503	0
2029.3	2971	0
2029.4	3026	0
2029.4	2913	0
2029.4	2660	0
2029.4	3149	0
2029.4	2913	0
2029.4	3010	0
2029.5	2889	0
2029.5	2799	0
2029.5	3050	0
2029.5	2743	0
2029.5	2753	0
2029.6	2670	0
2029.6	2908	0
2029.6	3034	0
2029.6	2935	0
2029.6	2779	0
2029.6	2995	0
2029.6	3043	0
2029.6	2773	0
2029.7	1720	0
2029.7	2443	0
2029.7	2661	0
2029.7	2724	0
2029.8	2795	0
2029.8	2924	0
2029.8	2605	0
2029.8	2474	0
2029.8	2462	0
2029.9	2601	0
2029.9	2793	0
2029.9	2610	0
2029.9	2750	0
2029.9	2769	0
2029.9	2863	0
2029.9	2853	0
2029.9	2757	0
2030.0	2885	0
2030.0	2903	0
2030.0	2759	0
2030.0	2687	0
2030.0	2884	0
2030.1	2631	0
2030.1	2701	0
2030.1	2533	0
2030.1	2457	0
2030.2	3034	0
2030.2	2801	0
2030.2	2436	0
2030.2	2803	0
2030.3	2640	0
2030.3	2746	0
2030.3	2922	0
2030.3	2633	0
2030.4	2571	0
2030.4	2614	0
2030.4	2867	0
2030.4	2788	0
2030.4	3015	0
2030.5	859	0
2030.5	2699	0
2030.5	2646	0
2030.5	2622	0
2030.5	2848	0
2030.5	1905	0
2030.5	2501	0
2030.5	2606	0
2030.5	1887	0
2030.6	2793	0
2030.6	2767	0
2030.6	2780	0
2030.6	2569	0
2030.7	2682	0
2030.7	2914	0
2030.8	2686	0
2030.8	2681	0
2030.8	2654	0
2030.8	2938	0
2030.8	1460	0
2030.8	2707	0
2030.9	2724	0
2030.9	2527	0
2030.9	2857	0
2031.0	2669	0
2031.0	2459	0
2031.1	2874	0
2031.1	2617	0
2031.1	2501	0
2031.1	3005	0
2031.1	2781	0
2031.1	2851	0
2031.2	2977	0
2031.2	2598	0
2031.2	3027	0
2031.2	2539	0
2031.2	2887	0
2031.2	2909	0
2031.2	3028	0
2031.2	2865	0
2031.3	2363	0
2031.3	787	0
2031.4	2831	0
2031.4	2588	0
2031.4	2395	0
2031.5	2881	0
2031.6	2913	0
2031.6	2790	0
2031.6	2662	0
2031.6	2366	0
2031.6	2914	0
2031.7	2636	0
2031.7	2587	0
2031.8	2017	0
2031.8	2458	0
2031.8	2241	0
2031.8	2353	0
2031.8	2775	0
2031.8	2840	0
2031.8	3010	0
2031.9	2835	0
2031.9	2810	0
2031.9	2863	0
2032.0	1264	0
2032.0	972	0
2032.0	2579	0
2032.1	2849	0
2032.1	2865	0
2032.1	2652	0
2032.1	2797	0
2032.1	1747	0
2032.1	2911	0
2032.1	2764	0
2032.2	1518	0
2032.2	2658	0
2032.2	2559	0
2032.2	2987	0
2032.2	2730	0
2032.3	2976	0
2032.3	2835	0
2032.3	2877	0
2032.3	2962	0
2032.3	2778	0
2032.3	2613	0
2032.3	2062	0
2032.4	2811	0
2032.4	2571	0
2032.4	2655	0
2032.4	2866	0
2032.4	2789	0
2032.4	2890	0
2032.5	2468	0
2032.5	2961	0
2032.5	2975	0
2032.5	3125	0
2032.5	2927	0
2032.5	2542	0
2032.6	2858	0
2032.6	2303	0
2032.6	2531	0
2032.6	3085	0
2032.6	2780	0
2032.7	2971	0
2032.7	2494	0
2032.7	3039	0
2032.8	3055	0
2032.9	2894	0
2033.0	3101	0
2033.0	2741	0
2033.0	2484	0
2033.0	2761	0
2033.0	2978	0
2033.1	2473	0
2033.1	2763	0
2033.1	2869	0
2033.1	2586	0
2033.2	2954	0
2033.2	2648	0
2033.2	2703	0
2033.2	2761	0
2033.2	2551	0
2033.2	2532	0
2033.3	2835	0
2033.4	2618	0
2033.4	2545	0
2033.4	2797	0
2033.4	2767	0
2033.4	2561	0
2033.4	2074	0
2033.4	2340	0
2033.4	2755	0
2033.4	2829	0
2033.5	2438	0
2033.5	2572	0
2033.5	2536	0
2033.5	2841	0
2033.6	2799	0
2033.7	3031	0
2033.7	2669	0
2033.7	2606	0
2033.7	2930	0
2033.7	2661	0
2033.8	3037	0
2033.8	2710	0
2033.8	2580	0
2033.8	2796	0
2033.8	2643	0
2033.8	2596	0
2033.9	3003	0
2033.9	2529	0
2033.9	2833	0
2033.9	2759	0
2033.9	2859	0
2033.9	2734	0
2034.0	2498	0
2034.0	2744	0
2034.0	2911	0
2034.1	2571	0
2034.1	2910	0
2034.1	2686	0
2034.1	2772	0
2034.1	2913	0
2034.1	2807	0
2034.1	2625	0
2034.1	2548	0
2034.2	2397	0
2034.2	2667	0
2034.2	2747	0
2034.2	2630	0
2034.2	2745	0
2034.2	2034	0
2034.3	2708	0
2034.3	3069	0
2034.3	2918	0
2034.3	1515	0
2034.4	2798	0
2034.4	2695	0
2034.4	2554	0
2034.4	2630	0
2034.4	2898	0
2034.4	2810	0
2034.5	2741	0
2034.5	2794	0
2034.5	2579	0
2034.5	2773	0
2034.6	2731	0
2034.6	2847	0
2034.6	2376	0
2034.6	2806	0
2034.6	2545	0
2034.6	2860	0
2034.6	2639	0
2034.6	2568	0
2034.6	2602	0
2034.7	3047	0
2034.8	2835	0
2034.8	2731	0
2034.8	1321	0
2034.8	1629	0
2034.8	2661	0
2034.8	2793	0
2034.8	2933	0
2034.9	791	0
2034.9	2462	0
2035.0	2689	0
2035.0	2854	0
2035.0	2512	0
2035.0	1272	0
2035.1	2360	0
2035.1	1228	0
2035.1	2820	0
2035.1	3039	0
2035.1	2840	0
2035.2	2790	0
2035.2	2951	0
2035.2	2978	0
2035.2	2986	0
2035.3	2678	0
2035.3	2783	0
2035.3	3003	0
2035.3	2160	0
2035.4	2878	0
2035.4	2731	0
2035.4	2695	0
2035.4	3086	0
2035.4	2961	0
2035.4	2954	0
2035.5	2761	0
2035.5	2684	0
2035.5	2769	0
2035.5	1978	0
2035.6	2808	0
2035.6	2872	0
2035.6	2679	0
2035.6	2613	0
2035.6	2942	0
2035.6	2829	0
2035.6	2674	0
2035.6	2554	0
2035.6	2883	0
2035.7	2803	0
2035.7	2869	0
2035.7	2435	0
2035.7	2799	0
2035.7	2280	0
2035.7	2809	0
2035.8	2887	0
2035.8	2661	0
2035.9	2982	0
2035.9	2854	0
2035.9	2832	0
2035.9	2615	0
2036.0	1423	0
2036.0	2	0
2036.0	2757	0
2036.0	2849	0
2036.0	1326	0
2036.1	3	0
2036.2	2475	0
2036.2	2848	0
2036.2	2354	0
2036.2	2791	0
2036.2	2687	0
2036.2	2967	0
2036.2	1347	0
2036.2	4	0
2036.2	2679	0
2036.3	2597	0
2036.3	2859	0
2036.3	2770	0
2036.3	2845	0
2036.3	2529	0
2036.3	2292	0
2036.3	2831	0
2036.3	2569	0
2036.4	3003	0
2036.4	2769	0
2036.4	2697	0
2036.5	2444	0
2036.5	3166	0
2036.5	2924	0
2036.5	2487	0
2036.5	2834	0
2036.5	2849	0
2036.5	2625	0
2036.6	2748	0
2036.6	2743	0
2036.7	2579	0
2036.7	2425	0
2036.8	2457	0
2036.8	2963	0
2036.8	2702	0
2036.8	2791	0
2036.8	2626	0
2036.8	2516	0
2036.8	2722	0
2036.8	2121	0
2036.8	2854	0
2036.9	2836	0
2036.9	2748	0
2036.9	2814	0
2036.9	2424	0
2036.9	2986	0
2036.9	1732	0
2037.0	2713	0
2037.0	1506	0
2037.0	1982	0
2037.0	1593	0
2037.1	2055	0
2037.1	1651	0
2037.1	2047	0
2037.1	1177	0
2037.2	1458	0
2037.2	1718	0
2037.2	2055	0
2037.3	2337	0
2037.3	1851	0
2037.3	2258	0
2037.3	2237	0
2037.3	2227	0
2037.4	1694	0
2037.4	1105	0
2037.4	989	0
2037.4	819	0
2037.4	1358	0
2037.5	1325	0
2037.5	509	0
2037.5	1763	0
2037.5	2023	0
2037.5	2374	0
2037.5	1565	0
2037.5	2105	0
2037.6	2316	0
2037.6	1696	0
2037.6	1207	0
2037.6	1745	0
2037.6	1757	0
2037.6	2231	0
2037.6	1865	0
2037.7	2173	0
2037.7	1978	0
2037.7	2362	0
2037.7	2203	0
2037.8	1886	0
2037.8	965	0
2037.8	1745	0
2037.8	1796	0
2037.9	929	0
2037.9	1927	0
2037.9	1524	0
2037.9	1468	0
2037.9	1847	0
2037.9	1568	0
2037.9	1660	0
2038.0	1579	0
2038.0	1683	0
2038.0	1704	0
2038.0	1751	0
2038.0	1580	0
2038.1	2037	0
2038.1	2128	0
2038.2	1662	0
2038.2	1847	0
2038.2	1613	0
2038.2	2068	0
2038.2	1704	0
2038.3	1845	0
2038.3	1036	0
2038.3	1973	0
2038.3	2023	0
2038.4	2192	0
2038.4	2185	0
2038.4	1798	0
2038.4	1221	0
2038.4	1702	0
2038.4	1633	0
2038.5	1365	0
2038.5	1937	0
2038.5	2376	0
2038.5	2271	0
2038.5	1683	0
2038.5	1431	0
2038.5	1510	0
2038.7	1809	0
2038.7	2015	0
2038.7	1902	0
2038.7	1556	0
2038.7	1885	0
2038.7	1760	0
2038.8	2986	0
2038.8	1413	0
2038.8	1984	0
2038.9	1905	0
2038.9	1892	0
2038.9	1787	0
2039.0	1996	0
2039.0	1843	0
2039.0	1723	0
2039.0	2125	0
2039.0	2122	0
2039.0	2135	0
2039.0	1436	0
2039.1	1969	0
2039.1	1300	0
2039.1	2035	0
2039.2	2255	0
2039.2	1651	0
2039.3	1916	0
2039.3	1780	0
2039.3	2368	0
2039.3	1991	0
2039.4	1881	0
2039.4	1999	0
2039.4	1934	0
2039.4	2018	0
2039.4	1816	0
2039.4	1362	0
2039.5	2152	0
2039.5	1634	0
2039.5	1196	0
2039.5	1716	0
2039.5	1782	0
2039.6	1371	0
2039.6	800	0
2039.7	1913	0
2039.7	2144	0
2039.7	1596	0
2039.7	1416	0
2039.8	1918	0
2039.8	2215	0
2039.8	2051	0
2039.8	2258	0
2039.9	1466	0
2039.9	1768	0
2039.9	1438	0
2039.9	877	0
2039.9	2228	0
2039.9	2046	0
2040.0	1857	0
2040.0	1713	0
2040.0	1865	0
2040.0	1819	0
2040.0	1302	0
2040.0	1853	0
2040.0	1704	0
2040.0	2346	0
2040.0	1000	0
2040.0	1214	0
2040.0	2385	0
2040.1	1822	0
2040.1	2301	0
2040.1	1408	0
2040.2	2063	0
2040.2	1852	0
2040.2	1887	0
2040.3	1879	0
2040.3	1815	0
2040.4	1350	0
2040.4	1900	0
2040.4	1688	0
2040.4	1661	0
2040.4	2136	0
2040.4	1948	0
2040.5	1603	0
2040.5	1792	0
2040.5	1855	0
2040.5	2097	0
2040.5	1974	0
2040.6	1363	0
2040.6	1632	0
2040.6	1389	0
2040.7	1762	0
2040.7	1812	0
2040.7	1438	0
2040.7	2127	0
2040.7	1629	0
2040.7	1982	0
2040.7	1497	0
2040.8	1756	0
2040.8	2260	0
2040.9	2348	0
2040.9	1745	0
2040.9	2368	0
2040.9	1577	0
2040.9	2328	0
2040.9	1695	0
2040.9	1933	0
2040.9	1192	0
2041.0	1856	0
2041.0	2201	0
2041.0	1924	0
2041.1	2395	0
2041.1	610	0
2041.1	1339	0
2041.1	1823	0
2041.1	2062	0
2041.1	1645	0
2041.1	2235	0
2041.2	1397	0
2041.2	1322	0
2041.2	1267	0
2041.2	1349	0
2041.3	1692	0
2041.3	1052	0
2041.3	2201	0
2041.4	2453	0
2041.4	2208	0
2041.4	1870	0
2041.5	1788	0
2041.5	1086	0
2041.5	1883	0
2041.5	1840	0
2041.5	1812	0
2041.5	522	0
2041.5	654	0
2041.6	2015	0
2041.7	1890	0
2041.7	2223	0
2041.7	1399	0
2041.7	1773	0
2041.8	1732	0
2041.8	1399	0
2041.9	2079	0
2042.0	1953	0
2042.0	1567	0
2042.0	2052	0
2042.0	1928	0
2042.0	1765	0
2042.1	2071	0
2042.1	1847	0
2042.1	2149	0
2042.1	2270	0
2042.2	1754	0
2042.2	1849	0
2042.3	766	0
2042.3	1778	0
2042.3	1540	0
2042.3	1872	0
2042.4	2211	0
2042.5	2152	0
2042.5	1580	0
2042.5	1408	0
2042.5	1863	0
2042.5	1527	0
2042.5	1846	0
2042.6	1162	0
2042.6	1641	0
2042.6	1016	0
2042.6	1379	0
2042.7	1642	0
2042.7	1776	0
2042.7	1321	0
2042.7	2326	0
2042.7	1664	0
2042.7	1946	0
2042.8	2511	0
2042.8	2117	0
2042.8	1512	0
2042.8	1362	0
2042.8	1001	0
2042.8	2129	0
2042.8	1190	0
2042.9	2078	0
2042.9	2171	0
2042.9	1464	0
2042.9	1633	0
2042.9	1883	0
2043.0	1864	0
2043.0	1232	0
2043.1	1792	0
2043.1	1897	0
2043.1	1872	0
2043.1	1242	0
2043.1	731	0
2043.1	2217	0
2043.1	991	0
2043.2	1005	0
2043.2	377	0
2043.2	1708	0
2043.2	2010	0
2043.3	1867	0
2043.3	1999	0
2043.3	1334	0
2043.3	1830	0
2043.3	2091	0
2043.3	2068	0
2043.3	1194	0
2043.3	2270	0
2043.4	2123	0
2043.4	2173	0
2043.4	1901	0
2043.4	669	0
2043.4	1516	0
2043.4	2126	0
2043.5	1685	0
2043.5	1973	0
2043.5	760	0
2043.5	1285	0
2043.5	2205	0
2043.5	1311	0
2043.6	1861	0
2043.6	1618	0
2043.6	1134	0
2043.7	1569	0
2043.7	1391	0
2043.7	2572	0
2043.7	2111	0
2043.7	2319	0
2043.7	1725	0
2043.7	2125	0
2043.7	1404	0
2043.7	2010	0
2043.7	1047	0
2043.8	1975	0
2043.8	1446	0
2043.8	1829	0
2043.8	1494	0
2043.9	1673	0
2043.9	1503	0
2043.9	1641	0
2043.9	1493	0
2043.9	1476	0
2044.0	2001	0
2044.0	1918	0
2044.0	1946	0
2044.0	1333	0
2044.1	2158	0
2044.1	2110	0
2044.2	2041	0
2044.2	2152	0
2044.2	1853	0
2044.2	1785	0
2044.2	1887	0
2044.2	2117	0
2044.3	2147	0
2044.3	2149	0
2044.3	1117	0
2044.4	1907	0
2044.5	1078	0
2044.5	2024	0
2044.5	1828	0
2044.5	1742	0
2044.6	2142	0
2044.6	2149	0
2044.6	1520	0
2044.6	2517	0
2044.6	1809	0
2044.7	2142	0
2044.7	1528	0
2044.7	2055	0
2044.7	1465	0
2044.7	1677	0
2044.7	2095	0
2044.8	2168	0
2044.9	1820	0
2044.9	2187	0
2044.9	2334	0
2044.9	1553	0
2044.9	1880	0
2044.9	1878	0
2045.0	1700	0
2045.1	1825	0
2045.1	1759	0
2045.1	1120	0
2045.1	1907	0
2045.1	1485	0
2045.2	1589	0
2045.2	2303	0
2045.2	1733	0
2045.3	2220	0
2045.3	1960	0
2045.3	1549	0
2045.3	1314	0
2045.3	1478	0
2045.4	2119	0
2045.4	1353	0
2045.4	2086	0
2045.5	1616	0
2045.5	2080	0
2045.5	1594	0
2045.5	1789	0
2045.5	2439	0
2045.6	1504	0
2045.6	1888	0
2045.6	1533	0
2045.6	1822	0
2045.6	2366	0
2045.6	2253	0
2045.7	2080	0
2045.7	1288	0
2045.8	2247	0
2045.8	1905	0
2045.8	1149	0
2045.9	2207	0
2045.9	1247	0
2045.9	1800	0
2045.9	2112	0
2045.9	1736	0
2046.0	1740	0
2046.1	1737	0
2046.1	880	0
2046.1	1807	0
2046.2	1690	0
2046.2	1812	0
2046.2	2196	0
2046.2	1484	0
2046.3	1883	0
2046.3	1578	0
2046.3	1596	0
2046.3	2092	0
2046.3	2134	0
2046.3	2021	0
2046.3	2119	0
2046.3	2115	0
2046.3	1095	0
2046.4	2000	0
2046.4	1838	0
2046.4	1611	0
2046.4	1608	0
2046.5	2285	0
2046.5	1897	0
2046.5	1916	0
2046.5	1968	0
2046.5	1919	0
2046.5	1652	0
2046.5	2266	0
2046.6	1194	0
2046.6	2054	0
2046.6	1576	0
2046.6	2180	0
2046.6	1975	0
2046.7	1809	0
2046.7	1155	0
2046.7	1677	0
2046.7	1224	0
2046.7	1692	0
2046.7	1477	0
2046.8	2206	0
2046.8	2273	0
2046.8	1484	0
2046.8	2239	0
2046.9	2018	0
2046.9	1727	0
2046.9	1627	0
2046.9	1676	0
2047.0	2374	0
2047.1	500	0
2047.1	1845	0
2047.1	2210	0
2047.1	1907	0
2047.1	1727	0
2047.1	1221	0
2047.1	1564	0
2047.1	532	0
2047.1	1616	0
2047.1	1940	0
2047.1	1283	0
2047.2	1689	0
2047.2	1872	0
2047.2	538	0
2047.3	2014	0
2047.3	1670	0
2047.3	1832	0
2047.3	1588	0
2047.3	2153	0
2047.3	1845	0
2047.3	2217	0
2047.3	2256	0
2047.4	1553	0
2047.4	1861	0
2047.4	2120	0
2047.4	1858	0
2047.4	1862	0
2047.4	1891	0
2047.4	2163	0
2047.5	1331	0
2047.5	1917	0
2047.5	1048	0
2047.5	1733	0
2047.6	1858	0
2047.6	2426	0
2047.6	1761	0
2047.6	1177	0
2047.6	1724	0
2047.6	2040	0
2047.7	2177	0
2047.7	1928	0
2047.8	1693	0
2047.8	2331	0
2047.8	1838	0
2047.9	988	0
2047.9	2316	0
2047.9	1634	0
2048.1	539	0
2048.1	2001	0
2048.2	2263	0
2048.2	593	0
2048.2	2316	0
2048.2	1975	0
2048.2	2396	0
2048.2	1961	0
2048.2	1302	0
2048.3	1733	0
2048.3	1565	0
2048.4	1984	0
2048.4	1466	0
2048.4	2095	0
2048.4	2360	0
2048.4	1492	0
2048.5	2259	0
2048.5	700	0
2048.6	971	0
2048.6	1656	0
2048.7	1239	0
2048.7	1901	0
2048.7	1847	0
2048.8	1375	0
2048.8	2277	0
2048.8	2429	0
2048.8	1994	0
2048.8	928	0
2048.9	1258	0
2048.9	2239	0
2048.9	1994	0
2049.0	1846	0
2049.0	1223	0
2049.0	1887	0
2049.0	1682	0
2049.0	1749	0
2049.0	1292	0
2049.0	2076	0
2049.0	2180	0
2049.0	1049	0
2049.1	1936	0
2049.1	1366	0
2049.1	1182	0
2049.1	1419	0
2049.1	1370	0
2049.1	768	0
2049.2	1400	0
2049.2	2110	0
2049.2	1669	0
2049.2	2104	0
2049.2	2330	0
2049.3	1976	0
2049.3	984	0
2049.3	1531	0
2049.3	1862	0
2049.3	1720	0
2049.3	1051	0
2049.3	2012	0
2049.3	2161	0
2049.4	1810	0
2049.4	1442	0
2049.5	2166	0
2049.5	2399	0
2049.5	2056	0
2049.5	1469	0
2049.6	2349	0
2049.7	1864	0
2049.7	1670	0
2049.7	1810	0
2049.8	1448	0
2049.8	1544	0
2049.8	614	0
2049.8	1996	0
2049.8	1754	0
2049.9	2138	0
2049.9	1842	0
2049.9	2144	0
2049.9	1288	0
2049.9	848	0
2049.9	2545	0
2049.9	1886	0
2050.0	1656	0
2050.0	1886	0
2050.0	1566	0
2050.0	1646	0
2050.1	2227	0
2050.1	2036	0
2050.1	976	0
2050.1	1537	0
2050.1	1360	0
2050.1	1282	0
2050.1	2175	0
2050.1	2189	0
2050.2	2371	0
2050.2	1798	0
2050.2	1986	0
2050.2	2214	0
2050.2	1362	0
2050.3	1614	0
2050.3	2388	0
2050.4	1608	0
2050.4	476	0
2050.5	2298	0
2050.5	1920	0
2050.5	1538	0
2050.5	2210	0
2050.6	1867	0
2050.6	2203	0
2050.6	1727	0
2050.6	1030	0
2050.6	1664	0
2050.6	2254	0
2050.7	1683	0
2050.7	1201	0
2050.7	1671	0
2050.7	2625	0
2050.7	1742	0
2050.7	1696	0
2050.7	1525	0
2050.7	1056	0
2050.7	2053	0
2050.7	2063	0
2050.8	1555	0
2050.8	694	0
2050.8	2215	0
2050.9	1723	0
2050.9	2024	0
2050.9	2169	0
2050.9	1493	0
2050.9	1584	0
2050.9	2037	0
2050.9	2310	0
2051.0	1152	0
2051.0	1288	0
2051.1	1542	0
2051.1	1828	0
2051.1	2345	0
2051.2	1415	0
2051.2	2019	0
2051.2	2241	0
2051.2	1857	0
2051.3	1811	0
2051.3	2141	0
2051.4	2239	0
2051.4	2254	0
2051.4	2287	0
2051.5	1773	0
2051.5	1894	0
2051.5	2193	0
2051.5	2185	0
2051.5	1994	0
2051.5	2011	0
2051.6	1415	0
2051.6	1819	0
2051.6	1628	0
2051.6	2389	0
2051.6	2371	0
2051.6	1898	0
2051.7	1891	0
2051.7	2173	0
2051.8	2452	0
2051.8	2389	0
2051.8	1505	0
2051.8	2647	0
2051.8	1808	0
2051.8	1858	0
2051.9	2007	0
2051.9	1905	0
2051.9	1817	0
2051.9	2266	0
2052.0	1233	0
2052.0	1778	0
2052.0	2032	0
2052.0	1871	0
2052.0	2252	0
2052.1	2211	0
2052.1	1910	0
2052.1	1989	0
2052.1	1663	0
2052.1	2119	0
2052.1	1991	0
2052.1	1585	0
2052.2	1407	0
2052.2	1630	0
2052.2	1470	0
2052.2	1707	0
2052.2	1882	0
2052.2	1480	0
2052.2	2019	0
2052.3	2019	0
2052.3	2127	0
2052.3	2201	0
2052.3	2409	0
2052.3	2202	0
2052.3	538	0
2052.3	1358	0
2052.4	1632	0
2052.4	1196	0
2052.4	2189	0
2052.4	1983	0
2052.4	2224	0
2052.4	689	0
2052.4	2	0
2052.5	642	0
2052.5	1939	0
2052.5	2003	0
2052.5	1837	0
2052.6	1517	0
2052.6	1463	0
2052.6	2212	0
2052.7	2058	0
2052.7	2011	0
2052.7	1818	0
2052.7	2043	0
2052.8	1640	0
2052.8	2217	0
2052.8	1713	0
2052.8	2290	0
2052.9	1981	0
2053.0	2198	0
2053.0	630	0
2053.0	1743	0
2053.1	2199	0
2053.1	2397	0
2053.1	1704	0
2053.2	1736	0
2053.2	1710	0
2053.2	1865	0
2053.2	1907	0
2053.2	1871	0
2053.2	1745	0
2053.2	2024	0
2053.3	1919	0
2053.4	2024	0
2053.4	1595	0
2053.4	2321	0
2053.4	1674	0
2053.4	2508	0
2053.4	1946	0
2053.5	2037	0
2053.5	2023	0
2053.5	1785	0
2053.5	2133	0
2053.5	907	0
2053.5	2212	0
2053.5	1242	0
2053.5	2028	0
2053.6	1803	0
2053.6	1716	0
2053.7	1667	0
2053.7	1947	0
2053.7	2060	0
2053.7	1972	0
2053.8	1820	0
2053.9	1424	0
2053.9	1599	0
2053.9	1625	0
2054.0	2411	0
2054.0	1616	0
2054.0	1714	0
2054.1	1088	0
2054.1	1738	0
2054.1	2409	0
2054.1	1742	0
2054.1	1657	0
2054.1	2242	0
2054.1	2269	0
2054.1	1809	0
2054.2	1369	0
2054.2	2121	0
2054.2	1645	0
2054.2	2359	0
2054.2	1806	0
2054.2	1458	0
2054.3	1270	0
2054.3	1958	0
2054.3	2188	0
2054.3	2249	0
2054.3	1705	0
2054.3	1668	0
2054.3	2170	0
2054.3	1766	0
2054.4	1204	0
2054.4	488	0
2054.4	1864	0
2054.4	1769	0
2054.4	1755	0
2054.4	1608	0
2054.4	1998	0
2054.5	1522	0
2054.5	1094	0
2054.5	952	0
2054.5	1792	0
2054.6	1862	0
2054.6	1701	0
2054.6	2226	0
2054.7	1768	0
2054.7	1894	0
2054.7	2238	0
2054.7	1722	0
2054.7	1793	0
2054.7	1204	0
2054.8	1782	0
2054.8	1952	0
2054.8	1964	0
2054.8	1822	0
2054.8	1913	0
2054.9	1082	0
2054.9	1489	0
2054.9	1746	0
2054.9	1297	0
2054.9	1907	0
2054.9	1729	0
2055.1	1385	0
2055.1	1249	0
2055.1	1916	0
2055.2	2134	0
2055.2	1258	0
2055.2	1735	0
2055.3	1083	0
2055.3	2170	0
2055.3	1966	0
2055.3	1532	0
2055.3	2097	0
2055.4	1871	0
2055.4	1002	0
2055.6	1873	0
2055.6	1536	0
2055.6	1762	0
2055.6	1575	0
2055.6	2365	0
2055.7	1666	0
2055.8	2222	0
2055.8	1009	0
2055.8	2332	0
2055.8	1825	0
2055.8	2182	0
2055.9	1289	0
2055.9	1542	0
2055.9	1452	0
2055.9	1636	0
2056.0	1672	0
2056.0	1774	0
2056.0	1979	0
2056.0	969	0
2056.0	2	0
2056.0	1410	0
2056.1	2105	0
2056.1	537	0
2056.1	1908	0
2056.1	1350	0
2056.1	1789	0
2056.1	1779	0
2056.1	1990	0
2056.2	1889	0
2056.2	726	0
2056.2	2194	0
2056.2	1420	0
2056.3	1874	0
2056.3	2200	0
2056.3	1899	0
2056.3	1097	0
2056.3	1067	0
2056.3	2238	0
2056.3	1206	0
2056.3	2433	0
2056.4	1957	0
2056.4	2067	0
2056.4	1722	0
2056.4	2106	0
2056.4	2152	0
2056.5	1942	0
2056.5	2205	0
2056.5	2042	0
2056.5	1922	0
2056.5	1450	0
2056.5	1971	0
2056.6	1405	0
2056.6	1940	0
2056.6	2092	0
2056.6	1643	0
2056.6	2323	0
2056.6	798	0
2056.6	2431	0
2056.7	2132	0
2056.7	1906	0
2056.7	1938	0
2056.7	1531	0
2056.7	1454	0
2056.7	1857	0
2056.8	2273	0
2056.8	1843	0
2056.8	1880	0
2056.8	1926	0
2056.8	1951	0
2056.9	1934	0
2056.9	1858	0
2056.9	2247	0
2057.0	1712	0
2057.0	893	0
2057.0	1746	0
2057.0	2203	0
2057.0	1701	0
2057.0	1924	0
2057.0	1600	0
2057.0	1466	0
2057.0	2058	0
2057.0	2106	0
2057.0	2209	0
2057.1	2133	0
2057.2	2337	0
2057.2	1912	0
2057.2	2224	0
2057.2	1495	0
2057.2	1771	0
2057.3	1592	0
2057.3	1414	0
2057.3	781	0
2057.4	2	0
2057.4	1721	0
2057.4	1398	0
2057.4	1753	0
2057.4	1917	0
2057.5	1658	0
2057.5	2139	0
2057.5	2116	0
2057.5	1480	0
2057.5	869	0
2057.5	2021	0
2057.5	2336	0
2057.6	2062	0
2057.6	1979	0
2057.6	1063	0
2057.6	1550	0
2057.6	1237	0
2057.6	1966	0
2057.7	1782	0
2057.7	2060	0
2057.7	496	0
2057.7	2159	0
2057.7	1750	0
2057.7	1393	0
2057.7	2228	0
2057.8	1761	0
2057.8	2283	0
2057.8	2226	0
2057.8	1952	0
2057.9	1756	0
2057.9	1884	0
2057.9	1621	0
2058.0	2272	0
2058.0	2005	0
2058.0	1691	0
2058.0	1732	0
2058.1	2341	0
2058.1	1338	0
2058.2	1192	0
2058.2	1988	0
2058.3	1938	0
2058.3	1880	0
2058.3	1651	0
2058.3	1756	0
2058.3	2320	0
2058.3	1717	0
2058.3	2238	0
2058.4	1845	0
2058.4	2169	0
2058.4	2527	0
2058.4	2035	0
2058.4	2077	0
2058.4	1830	0
2058.5	820	0
2058.5	2247	0
2058.5	1236	0
2058.5	1918	0
2058.6	2016	0
2058.6	1875	0
2058.6	2174	0
2058.6	1465	0
2058.6	1227	0
2058.6	1527	0
2058.6	1880	0
2058.7	2294	0
2058.7	1235	0
2058.7	1409	0
2058.8	1696	0
2058.8	1760	0
2058.8	1800	0
2058.8	1737	0
2058.8	2041	0
2058.8	2180	0
2058.8	2271	0
2058.8	1735	0
2058.9	2187	0
2058.9	2124	0
2058.9	2036	0
2058.9	1740	0
2059.0	1868	0
2059.0	2066	0
2059.0	660	0
2059.0	1644	0
2059.0	1781	0
2059.0	2030	0
2059.1	2246	0
2059.1	1825	0
2059.1	1902	0
2059.1	1812	0
2059.1	2284	0
2059.1	1921	0
2059.2	1544	0
2059.2	2355	0
2059.2	2383	0
2059.2	972	0
2059.2	2078	0
2059.2	1523	0
2059.2	1774	0
2059.3	1812	0
2059.3	1500	0
2059.3	1731	0
2059.3	2100	0
2059.3	1520	0
2059.4	1699	0
2059.5	2300	0
2059.5	1820	0
2059.5	1644	0
2059.5	1768	0
2059.5	1360	0
2059.5	1582	0
2059.6	2555	0
2059.6	2107	0
2059.6	1835	0
2059.6	1732	0
2059.7	1258	0
2059.7	1240	0
2059.7	2151	0
2059.7	1048	0
2059.7	1852	0
2059.7	2113	0
2059.8	1843	0
2059.8	1620	0
2059.9	1602	0
2059.9	1987	0
2059.9	1436	0
2060.0	774	0
2060.0	1844	0
2060.0	1532	0
2060.0	1712	0
2060.0	2144	0
2060.0	2266	0
2060.0	2044	0
2060.1	2064	0
2060.1	2081	0
2060.1	2095	0
2060.1	2575	0
2060.1	1816	0
2060.1	1495	0
2060.2	2296	0
2060.2	2263	0
2060.2	1777	0
2060.2	1943	0
2060.2	2009	0
2060.2	2378	0
2060.2	1701	0
2060.3	1390	0
2060.3	1572	0
2060.3	1926	0
2060.3	2245	0
2060.3	1914	0
2060.3	2228	0
2060.3	1461	0
2060.4	1920	0
2060.4	1989	0
2060.4	1967	0
2060.5	1825	0
2060.5	2015	0
2060.5	2048	0
2060.6	2015	0
2060.6	1994	0
2060.6	1965	0
2060.6	2138	0
2060.6	1577	0
2060.6	2007	0
2060.6	1362	0
2060.6	1492	0
2060.6	1201	0
2060.6	2123	0
2060.7	1455	0
2060.7	1241	0
2060.7	1717	0
2060.8	1584	0
2060.8	1827	0
2060.8	1405	0
2060.8	1338	0
2060.8	1916	0
2060.8	1685	0
2060.8	2280	0
2060.9	1821	0
2060.9	1948	0
2060.9	2000	0
2060.9	1764	0
2060.9	1809	0
2060.9	1401	0
2060.9	2091	0
2061.0	1954	0
2061.0	1068	0
2061.0	2148	0
2061.0	2142	0
2061.0	1676	0
2061.1	1798	0
2061.3	2293	0
2061.3	576	0
2061.3	1941	0
2061.3	2106	0
2061.4	2327	0
2061.4	1470	0
2061.4	1156	0
2061.5	1469	0
2061.5	1147	0
2061.5	1636	0
2061.5	1193	0
2061.7	1463	0
2061.7	1392	0
2061.7	2000	0
2061.7	1985	0
2061.7	1632	0
2061.7	1712	0
2061.8	1923	0
2061.8	1348	0
2062.0	1858	0
2062.0	2039	0
2062.0	1367	0
2062.0	1961	0
2062.0	1864	0
2062.0	2187	0
2062.0	2086	0
2062.1	1224	0
2062.1	1492	0
2062.1	1554	0
2062.1	2289	0
2062.1	1814	0
2062.1	1480	0
2062.1	1922	0
2062.1	1768	0
2062.2	1630	0
2062.2	1386	0
2062.2	1215	0
2062.2	2233	0
2062.3	2374	0
2062.3	1385	0
2062.3	1742	0
2062.3	1405	0
2062.3	1426	0
2062.4	2054	0
2062.4	981	0
2062.4	800	0
2062.4	2348	0
2062.4	2012	0
2062.4	1771	0
2062.4	1452	0
2062.5	1694	0
2062.5	2364	0
2062.5	1938	0
2062.5	2009	0
2062.5	1984	0
2062.6	574	0
2062.6	1308	0
2062.7	1467	0
2062.7	1657	0
2062.7	1384	0
2062.7	2062	0
2062.7	1724	0
2062.8	2018	0
2062.8	1323	0
2062.8	1731	0
2062.8	1918	0
2062.8	1451	0
2062.9	1456	0
2062.9	2068	0
2062.9	1796	0
2062.9	1341	0
2062.9	2144	0
2062.9	861	0
2062.9	2	0
2062.9	1981	0
2063.0	1962	0
2063.0	1281	0
2063.1	2229	0
2063.1	1512	0
2063.1	2067	0
2063.1	1642	0
2063.2	1909	0
2063.2	2128	0
2063.2	1849	0
2063.3	2229	0
2063.3	2292	0
2063.3	2147	0
2063.3	1786	0
2063.3	1558	0
2063.3	1915	0
2063.3	1381	0
2063.4	1896	0
2063.4	1277	0
2063.4	2240	0
2063.4	1682	0
2063.4	2006	0
2063.4	2224	0
2063.5	1329	0
2063.5	1710	0
2063.5	2059	0
2063.5	1884	0
2063.5	1799	0
2063.6	1770	0
2063.6	805	0
2063.6	969	0
2063.7	700	0
2063.7	664	0
2063.7	860	0
2063.7	864	0
2063.7	772	0
2063.8	470	0
2063.8	756	0
2063.8	830	0
2063.8	775	0
2063.8	768	0
2063.8	681	0
2063.8	624	0
2063.9	768	0
2063.9	548	0
2063.9	1008	0
2063.9	277	0
2064.0	724	0
2064.0	872	0
2064.1	287	0
2064.1	0	0
2064.1	630	0
2064.2	794	0
2064.2	736	0
2064.2	816	0
2064.2	728	0
2064.2	913	0
2064.2	670	0
2064.3	506	0
2064.3	600	0
2064.3	951	0
2064.4	713	0
2064.4	768	0
2064.5	576	0
2064.5	216	0
2064.5	462	0
2064.6	674	0
2064.6	709	0
2064.6	604	0
2064.6	671	0
2064.6	848	0
2064.7	584	0
2064.7	621	0
2064.8	921	0
2064.8	692	0
2064.8	782	0
2064.8	768	0
2064.8	686	0
2064.8	874	0
2064.9	542	0
2064.9	718	0
2064.9	690	0
2064.9	552	0
2064.9	562	0
2065.0	612	0
2065.0	528	0
2065.1	992	0
2065.1	682	0
2065.1	564	0
2065.1	743	0
2065.1	538	0
2065.2	424	0
2065.2	948	0
2065.2	648	0
2065.2	823	0
2065.3	800	0
2065.3	678	0
2065.3	763	0
2065.3	730	0
2065.3	625	0
2065.4	944	0
2065.4	770	0
2065.5	794	0
2065.5	773	0
2065.5	608	0
2065.5	662	0
2065.5	914	0
2065.5	697	0
2065.6	713	0
2065.6	275	0
2065.6	482	0
2065.6	1082	0
2065.6	608	0
2065.6	786	0
2065.6	336	0
2065.6	760	0
2065.7	868	0
2065.7	301	0
2065.7	554	0
2065.7	865	0
2065.7	630	0
2065.7	1003	0
2065.8	847	0
2065.8	885	0
2065.8	762	0
2065.8	908	0
2065.8	722	0
2065.8	746	0
2065.9	714	0
2065.9	745	0
2066.0	298	0
2066.1	724	0
2066.1	826	0
2066.1	1134	0
2066.1	500	0
2066.1	599	0
2066.1	754	0
2066.1	787	0
2066.1	924	0
2066.1	714	0
2066.1	647	0
2066.2	587	0
2066.2	554	0
2066.2	855	0
2066.2	645	0
2066.2	752	0
2066.2	446	0
2066.3	910	0
2066.3	491	0
2066.4	756	0
2066.4	701	0
2066.5	351	0
2066.5	0	0
2066.5	596	0
2066.5	868	0
2066.5	720	0
2066.5	190	0
2066.5	839	0
2066.6	798	0
2066.6	547	0
2066.6	869	0
2066.6	622	0
2066.7	820	0
2066.7	784	0
2066.8	681	0
2066.8	623	0
2066.8	691	0
2066.9	571	0
2066.9	737	0
2066.9	808	0
2066.9	737	0
2066.9	794	0
2066.9	693	0
2066.9	622	0
2066.9	843	0
2067.0	683	0
2067.0	709	0
2067.0	556	0
2067.0	933	0
2067.0	778	0
2067.1	698	0
2067.1	744	0
2067.1	360	0
2067.2	675	0
2067.2	929	0
2067.2	851	0
2067.2	748	0
2067.3	742	0
2067.3	616	0
2067.3	761	0
2067.3	801	0
2067.3	404	0
2067.4	628	0
2067.4	430	0
2067.4	552	0
2067.5	700	0
2067.5	824	0
2067.6	838	0
2067.6	224	0
2067.6	785	0
2067.6	645	0
2067.6	612	0
2067.6	440	0
2067.7	705	0
2067.7	604	0
2067.7	616	0
2067.7	378	0
2067.8	617	0
2067.8	844	0
2067.8	885	0
2067.8	698	0
2067.8	845	0
2067.8	844	0
2067.8	356	0
2067.9	804	0
2067.9	700	0
2067.9	792	0
2067.9	747	0
2067.9	816	0
2067.9	856	0
2067.9	897	0
2068.0	950	0
2068.0	850	0
2068.0	660	0
2068.0	508	0
2068.1	672	0
2068.1	939	0
2068.1	672	0
2068.1	906	0
2068.1	1109	0
2068.1	608	0
2068.2	766	0
2068.2	587	0
2068.2	832	0
2068.2	496	0
2068.2	694	0
2068.2	256	0
2068.2	994	0
2068.3	437	0
2068.3	856	0
2068.3	480	0
2068.3	486	0
2068.3	704	0
2068.3	811	0
2068.3	840	0
2068.4	775	0
2068.4	791	0
2068.4	706	0
2068.4	614	0
2068.5	798	0
2068.5	348	0
2068.5	566	0
2068.6	668	0
2068.6	902	0
2068.6	432	0
2068.6	660	0
2068.6	768	0
2068.6	640	0
2068.7	850	0
2068.8	640	0
2068.8	576	0
2068.8	924	0
2068.8	1028	0
2068.8	692	0
2068.8	881	0
2068.9	468	0
2068.9	996	0
2068.9	891	0
2068.9	817	0
2068.9	875	0
2069.0	906	0
2069.0	640	0
2069.0	689	0
2069.1	770	0
2069.1	720	0
2069.1	661	0
2069.1	999	0
2069.2	742	0
2069.2	937	0
2069.3	856	0
2069.3	610	0
2069.3	892	0
2069.4	532	0
2069.4	768	0
2069.4	804	0
2069.4	626	0
2069.4	870	0
2069.4	640	0
2069.4	565	0
2069.4	658	0
2069.4	884	0
2069.5	868	0
2069.5	632	0
2069.5	843	0
2069.5	629	0
2069.5	785	0
2069.5	358	0
2069.6	520	0
2069.6	844	0
2069.6	877	0
2069.6	745	0
2069.6	734	0
2069.6	408	0
2069.7	730	0
2069.7	628	0
2069.8	669	0
2069.8	487	0
2069.8	636	0
2069.8	557	0
2069.8	302	0
2069.9	664	0
2069.9	824	0
2069.9	682	0
2069.9	666	0
2069.9	670	0
2069.9	622	0
2070.0	760	0
2070.0	748	0
2070.0	760	0
2070.0	619	0
2070.0	833	0
2070.1	817	0
2070.1	820	0
2070.1	792	0
2070.1	862	0
2070.1	801	0
2070.1	322	0
2070.2	1	0
2070.2	608	0
2070.2	702	0
2070.2	1131	0
2070.2	625	0
2070.2	712	0
2070.3	856	0
2070.3	648	0
2070.3	801	0
2070.3	721	0
2070.4	578	0
2070.4	808	0
2070.4	863	0
2070.5	939	0
2070.5	580	0
2070.5	668	0
2070.5	897	0
2070.6	823	0
2070.6	562	0
2070.6	753	0
2070.6	752	0
2070.7	451	0
2070.7	718	0
2070.7	556	0
2070.7	556	0
2070.7	614	0
2070.7	776	0
2070.7	832	0
2070.8	554	0
2070.9	1002	0
2070.9	398	0
2070.9	772	0
2071.0	439	0
2071.0	708	0
2071.0	863	0
2071.0	210	0
2071.0	610	0
2071.0	477	0
2071.1	890	0
2071.1	634	0
2071.1	861	0
2071.1	868	0
2071.1	762	0
2071.2	552	0
2071.2	624	0
2071.2	370	0
2071.2	568	0
2071.2	677	0
2071.3	657	0
2071.3	1080	0
2071.3	860	0
2071.3	542	0
2071.3	765	0
2071.3	774	0
2071.3	660	0
2071.3	854	0
2071.3	1122	0
2071.4	776	0
2071.4	808	0
2071.4	480	0
2071.5	944	0
2071.5	762	0
2071.5	332	0
2071.5	0	0
2071.5	756	0
2071.5	724	0
2071.5	800	0
2071.6	753	0
2071.6	802	0
2071.6	737	0
2071.6	865	0
2071.6	804	0
2071.6	1110	0
2071.6	928	0
2071.7	142	0
2071.7	721	0
2071.8	422	0
2071.9	620	0
2071.9	933	0
2072.0	939	0
2072.0	775	0
2072.0	633	0
2072.1	494	0
2072.1	849	0
2072.1	901	0
2072.1	727	0
2072.1	816	0
2072.1	700	0
2072.2	833	0
2072.2	590	0
2072.2	627	0
2072.2	877	0
2072.3	983	0
2072.3	881	0
2072.3	881	0
2072.3	955	0
2072.3	724	0
2072.3	372	0
2072.3	768	0
2072.4	766	0
2072.4	799	0
2072.4	631	0
2072.5	681	0
2072.5	762	0
2072.5	773	0
2072.5	764	0
2072.6	464	0
2072.6	967	0
2072.6	868	0
2072.6	706	0
2072.7	772	0
2072.7	811	0
2072.7	782	0
2072.7	833	0
2072.7	691	0
2072.7	810	0
2072.8	709	0
2072.8	1050	0
2072.8	627	0
2072.8	880	0
2072.9	709	0
2072.9	721	0
2072.9	174	0
2073.0	621	0
2073.0	838	0
2073.0	845	0
2073.0	538	0
2073.0	645	0
2073.0	712	0
2073.0	774	0
2073.1	655	0
2073.1	854	0
2073.1	643	0
2073.1	822	0
2073.1	717	0
2073.1	850	0
2073.1	1043	0
2073.2	772	0
2073.2	476	0
2073.2	775	0
2073.2	912	0
2073.2	840	0
2073.2	811	0
2073.2	780	0
2073.2	871	0
2073.3	669	0
2073.3	829	0
2073.3	784	0
2073.3	329	0
2073.3	820	0
2073.4	645	0
2073.4	683	0
2073.4	801	0
2073.5	967	0
2073.5	693	0
2073.5	662	0
2073.5	712	0
2073.6	646	0
2073.6	328	0
2073.6	724	0
2073.6	906	0
2073.7	888	0
2073.7	616	0
2073.7	772	0
2073.7	558	0
2073.7	504	0
2073.8	924	0
2073.8	728	0
2073.8	508	0
2073.8	868	0
2073.9	557	0
2073.9	718	0
2073.9	890	0
2073.9	704	0
2073.9	975	0
2073.9	788	0
2073.9	741	0
2073.9	863	0
2074.0	662	0
2074.0	774	0
2074.0	922	0
2074.1	406	0
2074.1	544	0
2074.1	624	0
2074.1	473	0
2074.1	726	0
2074.1	688	0
2074.1	756	0
2074.2	740	0
2074.3	791	0
2074.3	750	0
2074.4	510	0
2074.4	553	0
2074.4	896	0
2074.4	700	0
2074.4	720	0
2074.4	1010	0
2074.4	562	0
2074.5	880	0
2074.5	752	0
2074.6	494	0
2074.6	853	0
2074.6	708	0
2074.6	592	0
2074.6	729	0
2074.6	1017	0
2074.6	778	0
2074.7	980	0
2074.7	604	0
2074.7	640	0
2074.7	517	0
2074.7	768	0
2074.8	578	0
2074.9	869	0
2074.9	716	0
2075.0	853	0
2075.0	560	0
2075.0	690	0
2075.0	777	0
2075.1	726	0
2075.1	756	0
2075.1	954	0
2075.2	656	0
2075.2	1093	0
2075.2	356	0
2075.2	546	0
2075.2	429	0
2075.3	832	0
2075.3	952	0
2075.4	726	0
2075.4	835	0
2075.4	576	0
2075.4	1067	0
2075.4	489	0
2075.4	826	0
2075.4	194	0
2075.5	881	0
2075.5	784	0
2075.5	709	0
2075.5	750	0
2075.5	774	0
2075.6	763	0
2075.6	705	0
2075.6	596	0
2075.6	732	0
2075.6	666	0
2075.7	888	0
2075.7	920	0
2075.7	876	0
2075.7	787	0
2075.8	837	0
2075.8	587	0
2075.8	832	0
2075.8	499	0
2075.8	863	0
2075.9	883	0
2075.9	773	0
2075.9	745	0
2075.9	790	0
2075.9	460	0
2075.9	860	0
2075.9	880	0
2076.0	642	0
2076.0	672	0
2076.0	668	0
2076.0	562	0
2076.1	146	0
2076.1	902	0
2076.1	827	0
2076.2	565	0
2076.2	708	0
2076.2	904	0
2076.2	326	0
2076.3	757	0
2076.3	900	0
2076.3	964	0
2076.3	882	0
2076.3	663	0
2076.3	300	0
2076.4	664	0
2076.4	856	0
2076.4	540	0
2076.5	605	0
2076.5	781	0
2076.5	785	0
2076.5	621	0
2076.5	762	0
2076.5	481	0
2076.6	898	0
2076.6	803	0
2076.6	745	0
2076.7	851	0
2076.7	739	0
2076.7	550	0
2076.8	657	0
2076.8	532	0
2076.8	667	0
2076.9	798	0
2076.9	870	0
2076.9	356	0
2076.9	862	0
2076.9	928	0
2077.0	708	0
2077.0	816	0
2077.0	542	0
2077.0	717	0
2077.0	1191	0
2077.0	664	0
2077.1	692	0
2077.1	541	0
2077.1	734	0
2077.1	770	0
2077.1	776	0
2077.1	872	0
2077.1	808	0
2077.1	634	0
2077.1	310	0
2077.1	448	0
2077.2	766	0
2077.2	748	0
2077.2	988	0
2077.3	830	0
2077.3	845	0
2077.4	428	0
2077.4	552	0
2077.4	750	0
2077.4	856	0
2077.4	735	0
2077.5	774	0
2077.5	612	0
2077.5	546	0
2077.5	644	0
2077.5	594	0
2077.5	776	0
2077.5	967	0
2077.5	1043	0
2077.6	770	0
2077.6	671	0
2077.6	651	0
2077.6	930	0
2077.6	502	0
2077.6	883	0
2077.6	882	0
2077.6	1056	0
2077.7	587	0
2077.7	776	0
2077.7	890	0
2077.7	957	0
2077.8	662	0
2077.8	394	0
2077.8	0	0
2077.9	657	0
2077.9	508	0
2078.0	710	0
2078.0	698	0
2078.1	540	0
2078.1	797	0
2078.1	718	0
2078.1	804	0
2078.1	814	0
2078.1	832	0
2078.1	624	0
2078.2	738	0
2078.2	850	0
2078.2	640	0
2078.2	724	0
2078.3	648	0
2078.3	568	0
2078.3	854	0
2078.3	728	0
2078.4	625	0
2078.4	675	0
2078.4	345	0
2078.4	811	0
2078.5	730	0
2078.5	806	0
2078.5	904	0
2078.5	697	0
2078.5	670	0
2078.6	706	0
2078.6	884	0
2078.6	834	0
2078.6	744	0
2078.6	652	0
2078.6	630	0
2078.6	788	0
2078.7	1117	0
2078.7	1024	0
2078.7	794	0
2078.7	608	0
2078.7	856	0
2078.7	682	0
2078.7	450	0
2078.7	821	0
2078.8	512	0
2078.8	296	0
2078.8	797	0
2078.8	902	0
2078.8	739	0
2078.8	793	0
2078.8	811	0
2078.9	555	0
2078.9	537	0
2078.9	785	0
2079.0	809	0
2079.0	588	0
2079.1	555	0
2079.1	832	0
2079.1	544	0
2079.2	700	0
2079.2	993	0
2079.2	735	0
2079.2	907	0
2079.2	842	0
2079.2	1003	0
2079.2	498	0
2079.2	733	0
2079.3	957	0
2079.4	930	0
2079.4	932	0
2079.5	707	0
2079.5	833	0
2079.5	507	0
2079.5	622	0
2079.5	589	0
2079.5	657	0
2079.5	782	0
2079.6	512	0
2079.6	844	0
2079.6	714	0
2079.6	865	0
2079.7	798	0
2079.7	518	0
2079.8	683	0
2079.8	703	0
2079.8	553	0
2079.8	870	0
2079.8	786	0
2079.8	715	0
2079.9	829	0
2079.9	664	0
2080.0	854	0
2080.0	552	0
2080.0	480	0
2080.1	474	0
2080.1	800	0
2080.1	742	0
2080.1	881	0
2080.1	685	0
2080.1	649	0
2080.2	568	0
2080.2	796	0
2080.2	721	0
2080.2	549	0
2080.2	1045	0
2080.2	825	0
2080.3	284	0
2080.3	720	0
2080.4	604	0
2080.4	868	0
2080.4	650	0
2080.4	705	0
2080.4	526	0
2080.5	586	0
2080.5	784	0
2080.5	538	0
2080.6	611	0
2080.6	787	0
2080.6	719	0
2080.7	690	0
2080.7	640	0
2080.8	702	0
2080.8	749	0
2080.8	615	0
2080.8	655	0
2080.8	632	0
2080.9	851	0
2080.9	752	0
2080.9	809	0
2080.9	816	0
2080.9	828	0
2080.9	790	0
2080.9	458	0
2081.0	1029	0
2081.0	715	0
2081.0	708	0
2081.0	960	0
2081.0	694	0
2081.1	477	0
2081.1	944	0
2081.1	1059	0
2081.1	892	0
2081.1	700	0
2081.2	963	0
2081.2	872	0
2081.3	786	0
2081.3	857	0
2081.3	506	0
2081.3	746	0
2081.4	669	0
2081.4	172	0
2081.4	904	0
2081.4	696	0
2081.5	901	0
2081.5	660	0
2081.6	724	0
2081.6	853	0
2081.6	825	0
2081.7	803	0
2081.7	963	0
2081.7	758	0
2081.7	784	0
2081.7	774	0
2081.7	265	0
2081.8	965	0
2081.8	969	0
2081.8	620	0
2081.8	332	0
2081.8	1066	0
2081.8	891	0
2081.9	848	0
2081.9	402	0
2081.9	970	0
2081.9	772	0
2081.9	875	0
2081.9	773	0
2081.9	616	0
2081.9	390	0
2081.9	572	0
2082.0	783	0
2082.0	272	0
2082.0	873	0
2082.0	782	0
2082.0	601	0
2082.0	772	0
2082.1	742	0
2082.1	764	0
2082.2	541	0
2082.2	938	0
2082.2	974	0
2082.3	370	0
2082.3	881	0
2082.4	608	0
2082.4	466	0
2082.4	796	0
2082.4	901	0
2082.4	717	0
2082.5	646	0
2082.5	840	0
2082.5	571	0
2082.5	612	0
2082.5	688	0
2082.6	546	0
2082.6	588	0
2082.6	656	0
2082.6	259	0
2082.7	543	0
2082.7	675	0
2082.7	745	0
2082.7	610	0
2082.7	784	0
2082.7	1012	0
2082.8	818	0
2082.8	429	0
2082.8	879	0
2082.8	728	0
2083.0	594	0
2083.0	733	0
2083.0	756	0
2083.0	827	0
2083.1	742	0
2083.1	616	0
2083.1	670	0
2083.2	867	0
2083.2	757	0
2083.3	781	0
2083.3	843	0
2083.3	535	0
2083.3	845	0
2083.4	754	0
2083.4	588	0
2083.4	688	0
2083.6	909	0
2083.6	704	0
2083.6	640	0
2083.6	693	0
2083.7	645	0
2083.7	589	0
2083.7	774	0
2083.7	679	0
2083.7	188	0
2083.7	601	0
2083.7	464	0
2083.7	825	0
2083.7	294	0
2083.8	721	0
2083.8	866	0
2083.8	506	0
2083.9	454	0
2083.9	370	0
2084.0	835	0
2084.0	873	0
2084.0	642	0
2084.0	1016	0
2084.0	996	0
2084.1	302	0
2084.1	0	0
2084.2	830	0
2084.2	742	0
2084.2	602	0
2084.2	864	0
2084.2	763	0
2084.2	914	0
2084.3	689	0
2084.3	750	0
2084.3	688	0
2084.3	861	0
2084.4	772	0
2084.4	673	0
2084.4	624	0
2084.4	689	0
2084.4	602	0
2084.4	740	0
2084.5	529	0
2084.5	736	0
2084.5	691	0
2084.5	709	0
2084.5	1073	0
2084.5	916	0
2084.6	804	0
2084.6	802	0
2084.6	806	0
2084.6	649	0
2084.6	604	0
2084.6	724	0
2084.6	664	0
2084.7	970	0
2084.7	916	0
2084.7	750	0
2084.8	653	0
2084.8	724	0
2084.8	860	0
2084.9	781	0
2084.9	612	0
2084.9	422	0
2084.9	629	0
2084.9	914	0
2084.9	614	0
2084.9	997	0
2084.9	855	0
2084.9	936	0
2084.9	547	0
2084.9	652	0
2085.0	820	0
2085.0	644	0
2085.0	912	0
2085.1	588	0
2085.1	648	0
2085.1	860	0
2085.1	502	0
2085.1	908	0
2085.1	307	0
2085.1	653	0
2085.2	996	0
2085.3	592	0
2085.3	697	0
2085.3	841	0
2085.3	841	0
2085.3	748	0
2085.3	762	0
2085.3	500	0
2085.3	680	0
2085.4	1019	0
2085.4	824	0
2085.4	649	0
2085.4	485	0
2085.4	612	0
2085.4	412	0
2085.4	959	0
2085.4	517	0
2085.4	670	0
2085.5	668	0
2085.5	560	0
2085.5	784	0
2085.5	817	0
2085.5	524	0
2085.5	683	0
2085.5	490	0
2085.5	714	0
2085.5	1031	0
2085.5	872	0
2085.5	962	0
2085.6	728	0
2085.7	736	0
2085.7	766	0
2085.7	595	0
2085.7	725	0
2085.8	727	0
2085.8	838	0
2085.8	782	0
2085.8	362	0
2085.9	966	0
2085.9	802	0
2085.9	648	0
2085.9	864	0
2085.9	695	0
2085.9	750	0
2086.0	814	0
2086.0	908	0
2086.0	926	0
2086.0	576	0
2086.0	541	0
2086.0	657	0
2086.0	654	0
2086.0	612	0
2086.0	873	0
2086.0	548	0
2086.0	570	0
2086.0	428	0
2086.1	814	0
2086.2	782	0
2086.3	594	0
2086.3	596	0
2086.3	653	0
2086.3	566	0
2086.4	655	0
2086.4	618	0
2086.4	790	0
2086.4	728	0
2086.4	898	0
2086.5	1059	0
2086.5	528	0
2086.5	608	0
2086.5	722	0
2086.6	865	0
2086.6	742	0
2086.6	955	0
2086.6	579	0
2086.6	726	0
2086.7	962	0
2086.7	705	0
2086.7	685	0
2086.7	743	0
2086.7	181	0
2086.8	676	0
2086.8	573	0
2086.8	519	0
2086.8	784	0
2086.8	592	0
2086.9	1040	0
2086.9	669	0
2087.0	289	0
2087.0	908	0
2087.0	800	0
2087.0	477	0
2087.1	932	0
2087.1	292	0
2087.1	925	0
2087.1	869	0
2087.1	794	0
2087.1	808	0
2087.2	744	0
2087.2	688	0
2087.2	596	0
2087.3	738	0
2087.3	870	0
2087.3	688	0
2087.3	420	0
2087.3	732	0
2087.3	702	0
2087.4	731	0
2087.4	808	0
2087.5	1025	0
2087.5	740	0
2087.6	833	0
2087.6	650	0
2087.6	627	0
2087.6	782	0
2087.6	684	0
2087.7	348	0
2087.7	500	0
2087.7	581	0
2087.7	853	0
2087.8	772	0
2087.8	930	0
2087.8	742	0
2087.8	891	0
2087.8	670	0
2087.8	736	0
2087.8	546	0
2087.8	491	0
2087.8	544	0
2087.8	797	0
2087.9	531	0
2087.9	586	0
2087.9	732	0
2087.9	1033	0
2087.9	875	0
2087.9	672	0
2088.1	608	0
2088.2	620	0
2088.2	796	0
2088.2	581	0
2088.3	825	0
2088.3	600	0
2088.4	816	0
2088.4	824	0
2088.4	939	0
2088.4	854	0
2088.4	731	0
2088.5	525	0
2088.5	849	0
2088.5	784	0
2088.5	716	0
2088.5	740	0
2088.6	790	0
2088.6	414	0
2088.6	0	0
2088.7	948	0
2088.7	688	0
2088.7	848	0
2088.8	540	0
2088.8	593	0
2088.8	720	0
2088.8	338	0
2088.8	718	0
2088.8	863	0
2088.8	800	0
2088.8	929	0
2088.9	473	0
2089.0	921	0
2089.0	768	0
2089.0	765	0
2089.0	539	0
2089.0	785	0
2089.0	644	0
2089.1	874	0
2089.1	434	0
2089.1	760	0
2089.1	708	0
2089.1	647	0
2089.1	527	0
2089.1	440	0
2089.1	912	0
2089.1	654	0
2089.2	841	0
2089.2	669	0
2089.2	848	0
2089.2	750	0
2089.2	1008	0
2089.3	853	0
2089.3	705	0
2089.3	826	0
2089.3	678	0
2089.3	413	0
2089.3	800	0
2089.4	911	0
2089.4	728	0
2089.4	709	0
2089.4	972	0
2089.5	880	0
2089.5	832	0
2089.5	754	0
2089.6	472	0
2089.6	836	0
2089.6	702	0
2089.6	670	0
2089.6	693	0
2089.6	488	0
2089.7	570	0
2089.7	970	0
2089.8	669	0
2089.8	618	0
2089.8	717	0
2089.8	809	0
2089.8	781	0
2089.9	674	0
2089.9	713	0
2089.9	662	0
2089.9	765	0
2089.9	708	0
2089.9	783	0
2090.0	732	0
2090.0	932	0
2090.0	486	0
2090.0	573	0
2090.0	789	0
2090.0	769	0
2090.1	644	0
2090.1	568	0
2090.2	760	0
2090.2	880	0
2090.2	939	0
2090.2	586	0
2090.2	885	0
2090.3	524	0
2090.3	821	0
2090.3	674	0
2090.3	621	0
2090.3	868	0
2090.3	842	0
2090.4	843	0
2090.5	617	0
2090.5	638	0
2090.5	848	0
2090.5	727	0
2090.5	664	0
2090.6	872	0
2090.6	857	0
2090.6	812	0
2090.6	637	0
2090.6	946	0
2090.6	1001	0
2090.6	840	0
2090.6	666	0
2090.7	754	0
2090.7	819	0
2090.7	710	0
2090.7	642	0
2090.7	643	0
2090.8	813	0
2090.8	729	0
2090.8	893	0
2090.8	756	0
2090.9	610	0
2090.9	971	0
2090.9	772	0
2090.9	729	0
2090.9	651	0
2091.0	689	0
2091.0	512	0
2091.0	736	0
2091.0	904	0
2091.1	730	0
2091.1	732	0
2091.1	796	0
2091.1	834	0
2091.1	772	0
2091.1	855	0
2091.2	752	0
2091.2	796	0
2091.2	633	0
2091.2	578	0
2091.2	785	0
2091.3	972	0
2091.3	820	0
2091.3	656	0
2091.4	600	0
2091.4	713	0
2091.4	786	0
2091.4	989	0
2091.4	744	0
2091.4	726	0
2091.5	597	0
2091.5	792	0
2091.5	893	0
2091.5	870	0
2091.5	778	0
2091.6	801	0
2091.6	752	0
2091.7	782	0
2091.7	914	0
2091.7	864	0
2091.7	422	0
2091.9	896	0
2091.9	869	0
2091.9	606	0
2091.9	724	0
2092.0	650	0
2092.0	824	0
2092.0	778	0
2092.0	945	0
2092.0	637	0
2092.1	677	0
2092.1	459	0
2092.1	1001	0
2092.1	672	0
2092.2	368	0
2092.2	772	0
2092.2	956	0
2092.2	830	0
2092.2	904	0
2092.2	672	0
2092.2	668	0
2092.2	588	0
2092.3	614	0
2092.3	671	0
2092.3	494	0
2092.3	796	0
2092.3	681	0
2092.3	483	0
2092.3	1014	0
2092.4	694	0
2092.4	600	0
2092.5	672	0
2092.5	584	0
2092.5	553	0
2092.5	683	0
2092.5	637	0
2092.5	460	0
2092.5	869	0
2092.6	537	0
2092.6	721	0
2092.6	735	0
2092.6	572	0
2092.7	891	0
2092.7	745	0
2092.7	818	0
2092.7	284	0
2092.7	536	0
2092.8	956	0
2092.8	844	0
2092.8	838	0
2092.8	803	0
2092.8	778	0
2092.9	509	0
2093.0	852	0
2093.0	753	0
2093.0	670	0
2093.0	692	0
2093.0	704	0
2093.1	834	0
2093.1	700	0
2093.1	659	0
2093.2	872	0
2093.2	344	0
2093.2	660	0
2093.2	866	0
2093.2	723	0
2093.3	542	0
2093.3	818	0
2093.3	560	0
2093.3	646	0
2093.3	612	0
2093.3	929	0
2093.4	624	0
2093.4	545	0
2093.4	651	0
2093.5	640	0
2093.5	808	0
2093.5	341	0
2093.6	807	0
2093.6	640	0
2093.6	658	0
2093.6	460	0
2093.6	911	0
2093.7	768	0
2093.7	384	0
2093.8	602	0
2093.8	794	0
2093.9	766	0
2093.9	706	0
2093.9	622	0
2093.9	548	0
2094.0	517	0
2094.0	699	0
2094.0	770	0
2094.0	807	0
2094.0	523	0
2094.1	582	0
2094.1	813	0
2094.1	826	0
2094.1	468	0
2094.1	392	0
2094.2	376	0
2094.2	970	0
2094.2	518	0
2094.2	911	0
2094.2	663	0
2094.3	796	0
2094.3	492	0
2094.3	815	0
2094.4	603	0
2094.4	520	0
2094.4	592	0
2094.4	574	0
2094.5	528	0
2094.5	870	0
2094.6	173	0
2094.6	797	0
2094.6	699	0
2094.7	681	0
2094.7	775	0
2094.7	873	0
2094.7	498	0
2094.7	646	0
2094.7	732	0
2094.7	509	0
2094.7	626	0
2094.7	719	0
2094.8	741	0
2094.8	408	0
2094.8	973	0
2094.8	681	0
2094.8	659	0
2094.9	564	0
2094.9	1226	0
2094.9	605	0
2094.9	546	0
2095.0	703	0
2095.0	801	0
2095.0	849	0
2095.0	730	0
2095.0	846	0
2095.0	358	0
2095.0	323	0
2095.1	0	0
2095.1	970	0
2095.1	713	0
2095.1	693	0
2095.1	782	0
2095.2	420	0
2095.2	754	0
2095.2	720	0
2095.2	740	0
2095.2	890	0
2095.2	697	0
2095.2	784	0
2095.2	340	0
2095.2	616	0
2095.3	888	0
2095.3	832	0
2095.3	738	0
2095.3	651	0
2095.3	807	0
2095.4	872	0
2095.4	865	0
2095.4	427	0
2095.4	932	0
2095.5	592	0
2095.5	1004	0
2095.5	841	0
2095.6	248	0
2095.6	614	0
2095.6	742	0
2095.6	941	0
2095.6	773	0
2095.7	772	0
2095.7	608	0
2095.7	636	0
2095.7	815	0
2095.8	614	0
2095.8	744	0
2095.8	796	0
2095.9	464	0
2095.9	1256	0
2095.9	1068	0
2095.9	792	0
2095.9	988	0
2095.9	811	0
2095.9	910	0
2095.9	608	0
2095.9	805	0
2096.0	634	0
2096.0	784	0
2096.0	492	0
2096.0	465	0
2096.0	876	0
2096.0	697	0
2096.1	958	0
2096.1	696	0
2096.1	432	0
2096.1	238	0
2096.1	230	0
2096.1	582	0
2096.1	766	0
2096.2	579	0
2096.3	569	0
2096.3	723	0
2096.3	892	0
2096.3	506	0
2096.3	866	0
2096.4	667	0
2096.4	761	0
2096.4	848	0
2096.4	598	0
2096.4	640	0
2096.4	740	0
2096.5	998	0
2096.5	925	0
2096.5	707	0
2096.5	625	0
2096.5	592	0
2096.5	642	0
2096.5	754	0
2096.5	688	0
2096.6	914	0
2096.6	597	0
2096.6	769	0
2096.6	640	0
2096.6	706	0
2096.6	710	0
2096.6	585	0
2096.6	706	0
2096.6	720	0
2096.6	586	0
2096.7	814	0
2096.7	514	0
2096.7	484	0
2096.7	852	0
2096.7	785	0
2096.8	572	0
2096.9	780	0
2096.9	653	0
2096.9	503	0
2097.0	384	0
2097.0	448	0
2097.0	458	0
2097.0	746	0
2097.0	793	0
2097.0	544	0
2097.0	661	0
2097.1	730	0
2097.1	854	0
2097.1	662	0
2097.1	574	0
2097.2	812	0
2097.2	815	0
2097.2	614	0
2097.2	878	0
2097.2	517	0
2097.3	872	0
2097.3	612	0
2097.3	517	0
2097.3	760	0
2097.3	687	0
2097.3	497	0
2097.4	832	0
2097.4	1064	0
2097.4	732	0
2097.4	908	0
2097.5	644	0
2097.5	574	0
2097.5	274	0
2097.5	861	0
2097.5	584	0
2097.6	660	0
2097.6	920	0
2097.6	863	0
2097.7	943	0
2097.7	797	0
2097.7	649	0
2097.7	762	0
2097.7	741	0
2097.7	952	0
2097.9	706	0
2097.9	850	0
2097.9	670	0
2097.9	890	0
2098.0	537	0
2098.0	629	0
2098.0	669	0
2098.0	659	0
2098.1	502	0
2098.1	406	0
2098.1	632	0
2098.1	566	0
2098.1	252	0
2098.2	160	0
2098.2	804	0
2098.2	736	0
2098.2	630	0
2098.2	732	0
2098.2	602	0
2098.3	714	0
2098.3	419	0
2098.3	790	0
2098.3	778	0
2098.3	584	0
2098.3	909	0
2098.4	798	0
2098.4	673	0
2098.4	848	0
2098.4	620	0
2098.4	796	0
2098.5	966	0
2098.5	803	0
2098.5	832	0
2098.6	828	0
2098.6	826	0
2098.6	792	0
2098.6	1039	0
2098.6	605	0
2098.6	747	0
2098.6	194	0
2098.7	752	0
2098.7	818	0
2098.7	843	0
2098.7	710	0
2098.7	920	0
2098.7	696	0
2098.7	845	0
2098.8	630	0
2098.8	889	0
2098.8	848	0
2098.8	264	0
2098.9	793	0
2098.9	824	0
2098.9	712	0
2099.0	963	0
2099.0	651	0
2099.1	456	0
2099.1	556	0
2099.1	664	0
2099.1	406	0
2099.1	247	0
2099.2	912	0
2099.2	721	0
2099.3	752	0
2099.3	711	0
2099.3	797	0
2099.3	699	0
2099.3	839	0
2099.4	632	0
2099.5	571	0
2099.5	654	0
2099.5	489	0
2099.5	457	0
2099.5	1025	0
2099.5	686	0
2099.5	784	0
2099.6	622	0
2099.6	601	0
2099.6	834	0
2099.7	717	0
2099.7	441	0
2099.7	593	0
2099.7	857	0
2099.7	773	0
2099.8	776	0
2099.8	842	0
2099.8	886	0
2099.8	981	0
2099.8	452	0
2099.8	911	0
2099.8	720	0
2099.9	906	0
2099.9	816	0
2099.9	412	0
2099.9	774	0
2099.9	491	0
2099.9	694	0
2099.9	515	0
2099.9	1456	0
2100.0	1802	0
2100.0	1938	0
2100.0	1862	0
2100.1	1711	0
2100.1	1896	0
2100.1	2342	0
2100.1	2174	0
2100.1	1886	0
2100.1	1784	0
2100.1	1711	0
2100.1	1711	0
2100.1	2117	0
2100.2	1884	0
2100.2	1800	0
2100.2	2246	0
2100.2	2151	0
2100.2	1187	0
2100.2	1622	0
2100.2	1979	0
2100.2	2248	0
2100.2	1878	0
2100.2	2113	0
2100.4	2037	0
2100.4	1633	0
2100.4	1301	0
2100.4	1826	0
2100.5	1365	0
2100.5	2004	0
2100.5	1829	0
2100.5	2483	0
2100.5	1488	0
2100.5	1654	0
2100.6	1652	0
2100.6	2477	0
2100.6	2308	0
2100.6	1661	0
2100.6	1684	0
2100.6	2162	0
2100.7	1304	0
2100.7	720	0
2100.7	1617	0
2100.7	1686	0
2100.8	2291	0
2100.8	2205	0
2100.8	2287	0
2100.8	1616	0
2100.8	2285	0
2100.9	1486	0
2100.9	1496	0
2100.9	1899	0
2101.0	1984	0
2101.0	1574	0
2101.0	2369	0
2101.0	2243	0
2101.1	1819	0
2101.1	1875	0
2101.1	1377	0
2101.1	2413	0
2101.1	1448	0
2101.1	1464	0
2101.2	2173	0
2101.2	2136	0
2101.2	1751	0
2101.2	1715	0
2101.2	2059	0
2101.2	1574	0
2101.2	1997	0
2101.3	1837	0
2101.3	2231	0
2101.3	568	0
2101.3	1847	0
2101.4	2467	0
2101.4	1862	0
2101.4	1882	0
2101.5	2294	0
2101.5	1631	0
2101.5	1571	0
2101.5	1639	0
2101.5	1913	0
2101.5	1421	0
2101.6	2300	0
2101.6	1964	0
2101.7	1854	0
2101.7	1830	0
2101.7	1680	0
2101.7	1893	0
2101.8	1671	0
2101.8	2220	0
2101.8	606	0
2101.8	2128	0
2101.9	2222	0
2102.0	1114	0
2102.0	2141	0
2102.0	2246	0
2102.0	1840	0
2102.1	1154	0
2102.1	1576	0
2102.1	1951	0
2102.2	2007	0
2102.2	2112	0
2102.2	1738	0
2102.2	1147	0
2102.2	1565	0
2102.2	1812	0
2102.3	2358	0
2102.3	1716	0
2102.3	2226	0
2102.3	1458	0
2102.3	1340	0
2102.3	2045	0
2102.4	1839	0
2102.4	1532	0
2102.4	2195	0
2102.4	2059	0
2102.4	1567	0
2102.5	1879	0
2102.5	2393	0
2102.6	2117	0
2102.6	1574	0
2102.6	1578	0
2102.6	1722	0
2102.6	2153	0
2102.7	1841	0
2102.7	2308	0
2102.7	1484	0
2102.7	1994	0
2102.7	1369	0
2102.8	1489	0
2102.8	1734	0
2102.9	2359	0
2102.9	1797	0
2102.9	1965	0
2102.9	2050	0
2102.9	2212	0
2103.0	1703	0
2103.0	1825	0
2103.0	1579	0
2103.0	2017	0
2103.0	1909	0
2103.0	2208	0
2103.0	2512	0
2103.1	1217	0
2103.1	1588	0
2103.2	1898	0
2103.2	1660	0
2103.2	2267	0
2103.2	2185	0
2103.3	1965	0
2103.3	1384	0
2103.3	2033	0
2103.4	1378	0
2103.4	2213	0
2103.4	2297	0
2103.4	1711	0
2103.4	2191	0
2103.4	2079	0
2103.4	2039	0
2103.4	2055	0
2103.5	1157	0
2103.5	1846	0
2103.5	969	0
2103.5	2323	0
2103.5	1640	0
2103.6	1346	0
2103.6	1911	0
2103.6	1777	0
2103.6	1950	0
2103.6	1881	0
2103.6	1585	0
2103.7	1740	0
2103.7	1638	0
2103.8	1526	0
2103.8	2238	0
2103.8	1675	0
2103.9	1839	0
2103.9	1492	0
2103.9	1923	0
2103.9	2093	0
2104.0	1594	0
2104.0	1456	0
2104.0	2130	0
2104.0	1988	0
2104.0	2053	0
2104.0	1029	0
2104.0	1592	0
2104.1	2271	0
2104.1	1585	0
2104.1	2082	0
2104.1	1728	0
2104.1	1261	0
2104.1	1777	0
2104.1	1599	0
2104.1	2307	0
2104.2	1934	0
2104.2	2255	0
2104.3	1936	0
2104.3	1334	0
2104.3	1051	0
2104.3	1957	0
2104.3	1260	0
2104.3	1997	0
2104.3	2115	0
2104.3	716	0
2104.3	1995	0
2104.3	1656	0
2104.4	1770	0
2104.5	2087	0
2104.5	2021	0
2104.5	1298	0
2104.5	1918	0
2104.5	1540	0
2104.5	2078	0
2104.5	699	0
2104.5	1470	0
2104.7	1620	0
2104.7	2245	0
2104.7	2156	0
2104.8	2128	0
2104.8	2457	0
2104.8	2004	0
2104.9	1544	0
2104.9	2029	0
2105.0	1705	0
2105.0	1509	0
2105.0	2177	0
2105.0	1097	0
2105.1	1937	0
2105.1	2253	0
2105.1	1898	0
2105.1	2113	0
2105.1	1735	0
2105.1	2429	0
2105.1	1396	0
2105.1	1453	0
2105.1	2062	0
2105.1	850	0
2105.2	2199	0
2105.3	1657	0
2105.3	2308	0
2105.3	1363	0
2105.4	1601	0
2105.4	1832	0
2105.5	2082	0
2105.5	1371	0
2105.5	1748	0
2105.5	2057	0
2105.6	1609	0
2105.6	1980	0
2105.6	1936	0
2105.6	1680	0
2105.6	1670	0
2105.7	1781	0
2105.7	1078	0
2105.7	1878	0
2105.7	2164	0
2105.8	1676	0
2105.8	1404	0
2105.8	2136	0
2105.8	1943	0
2105.8	2437	0
2105.9	1359	0
2105.9	2166	0
2105.9	1580	0
2106.0	1474	0
2106.0	1791	0
2106.1	2038	0
2106.1	2017	0
2106.1	2027	0
2106.1	1655	0
2106.2	1701	0
2106.2	1189	0
2106.2	1941	0
2106.3	1698	0
2106.3	1302	0
2106.3	1249	0
2106.3	1706	0
2106.4	2285	0
2106.4	2105	0
2106.4	1591	0
2106.4	2181	0
2106.4	2119	0
2106.4	1177	0
2106.4	1685	0
2106.4	1697	0
2106.4	2238	0
2106.5	1483	0
2106.5	1040	0
2106.5	1440	0
2106.5	1520	0
2106.5	1759	0
2106.5	2107	0
2106.6	1906	0
2106.6	1887	0
2106.6	2025	0
2106.6	1720	0
2106.6	2272	0
2106.6	1790	0
2106.7	1331	0
2106.7	1632	0
2106.7	2069	0
2106.7	1430	0
2106.8	1261	0
2106.8	2034	0
2106.8	1861	0
2106.8	2095	0
2106.8	1962	0
2106.8	1744	0
2106.8	1196	0
2106.9	1897	0
2106.9	1942	0
2106.9	2263	0
2106.9	1887	0
2106.9	1600	0
2106.9	1558	0
2106.9	1426	0
2107.0	2046	0
2107.0	2054	0
2107.0	905	0
2107.0	2029	0
2107.0	2015	0
2107.1	1867	0
2107.1	1204	0
2107.1	2200	0
2107.1	1865	0
2107.1	1823	0
2107.2	1678	0
2107.2	2160	0
2107.2	2209	0
2107.2	2149	0
2107.2	1682	0
2107.2	2100	0
2107.2	1789	0
2107.2	1911	0
2107.3	1204	0
2107.3	1872	0
2107.3	1192	0
2107.3	1603	0
2107.4	2255	0
2107.4	1416	0
2107.4	1213	0
2107.4	1407	0
2107.4	1553	0
2107.5	1490	0
2107.5	1668	0
2107.5	2309	0
2107.5	1695	0
2107.6	1524	0
2107.6	1425	0
2107.6	1743	0
2107.7	1758	0
2107.7	1800	0
2107.7	1651	0
2107.7	2098	0
2107.7	1801	0
2107.8	1398	0
2107.8	1756	0
2107.9	2235	0
2107.9	1773	0
2107.9	1925	0
2107.9	2362	0
2107.9	1135	0
2107.9	1430	0
2108.0	2099	0
2108.0	2236	0
2108.0	1876	0
2108.0	2072	0
2108.0	1881	0
2108.0	2371	0
2108.1	2073	0
2108.1	1986	0
2108.2	1776	0
2108.2	1742	0
2108.2	1866	0
2108.2	1625	0
2108.2	1979	0
2108.2	1297	0
2108.3	1278	0
2108.3	1882	0
2108.3	1392	0
2108.3	1831	0
2108.3	1284	0
2108.4	1642	0
2108.4	2121	0
2108.4	2005	0
2108.4	2127	0
2108.4	2204	0
2108.4	1756	0
2108.4	1248	0
2108.4	1863	0
2108.4	2334	0
2108.5	2244	0
2108.5	959	0
2108.5	1808	0
2108.5	1406	0
2108.5	1090	0
2108.5	1794	0
2108.5	2060	0
2108.6	2258	0
2108.6	2219	0
2108.7	1472	0
2108.7	1758	0
2108.7	1952	0
2108.8	2351	0
2108.8	2095	0
2108.8	1773	0
2108.8	830	0
2108.8	1946	0
2108.9	1977	0
2108.9	1801	0
2108.9	2167	0
2108.9	724	0
2108.9	2	0
2109.0	1960	0
2109.0	2253	0
2109.0	1996	0
2109.0	1865	0
2109.0	1729	0
2109.0	1322	0
2109.0	2081	0
2109.0	1358	0
2109.1	1815	0
2109.1	459	0
2109.1	2170	0
2109.1	1968	0
2109.2	1843	0
2109.2	1190	0
2109.2	1586	0
2109.2	1574	0
2109.3	2310	0
2109.3	1684	0
2109.3	1803	0
2109.3	2342	0
2109.3	1711	0
2109.3	1016	0
2109.4	1554	0
2109.4	885	0
2109.4	2122	0
2109.4	2154	0
2109.4	2606	0
2109.4	1399	0
2109.4	1657	0
2109.4	1648	0
2109.5	1639	0
2109.5	2033	0
2109.5	636	0
2109.6	2336	0
2109.6	2217	0
2109.6	1795	0
2109.7	2015	0
2109.7	2337	0
2109.7	1903	0
2109.7	544	0
2109.7	1707	0
2109.8	1814	0
2109.8	1713	0
2109.8	1788	0
2109.9	2073	0
2109.9	2080	0
2109.9	2104	0
2110.0	1742	0
2110.1	1142	0
2110.1	1688	0
2110.1	2214	0
2110.1	608	0
2110.2	1920	0
2110.2	1608	0
2110.2	2149	0
2110.2	2068	0
2110.2	2004	0
2110.3	1997	0
2110.3	2273	0
2110.3	2099	0
2110.3	2349	0
2110.3	1564	0
2110.3	1917	0
2110.4	2448	0
2110.4	579	0
2110.4	1956	0
2110.4	1751	0
2110.4	1994	0
2110.4	2031	0
2110.4	1439	0
2110.5	1822	0
2110.5	1472	0
2110.5	933	0
2110.5	2256	0
2110.6	1075	0
2110.6	2	0
2110.6	2263	0
2110.7	2299	0
2110.7	1995	0
2110.7	1250	0
2110.7	1772	0
2110.7	761	0
2110.8	2	0
2110.8	1342	0
2110.9	2278	0
2110.9	1346	0
2110.9	1468	0
2110.9	1887	0
2110.9	1619	0
2111.0	2162	0
2111.0	1790	0
2111.0	1981	0
2111.0	1622	0
2111.0	2001	0
2111.0	1530	0
2111.0	1964	0
2111.1	1406	0
2111.1	2398	0
2111.2	2054	0
2111.2	1868	0
2111.2	1907	0
2111.2	1518	0
2111.3	2389	0
2111.3	1998	0
2111.4	2049	0
2111.4	1192	0
2111.4	1808	0
2111.4	1424	0
2111.5	2136	0
2111.5	1662	0
2111.5	2028	0
2111.5	1749	0
2111.5	1823	0
2111.5	983	0
2111.6	2137	0
2111.6	1749	0
2111.6	1825	0
2111.6	1888	0
2111.6	2548	0
2111.6	2186	0
2111.7	1978	0
2111.7	1255	0
2111.7	1613	0
2111.7	1743	0
2111.7	1215	0
2111.8	2103	0
2111.8	2255	0
2111.8	1614	0
2111.8	2201	0
2111.8	1729	0
2111.8	1741	0
2111.8	1790	0
2111.9	1415	0
2111.9	1058	0
2111.9	1795	0
2111.9	1749	0
2111.9	1856	0
2112.0	1946	0
2112.0	1834	0
2112.0	1846	0
2112.0	1448	0
2112.0	1552	0
2112.1	2290	0
2112.1	2240	0
2112.1	682	0
2112.1	1660	0
2112.1	1602	0
2112.1	1318	0
2112.2	2260	0
2112.2	1382	0
2112.2	1425	0
2112.2	2209	0
2112.2	1434	0
2112.2	2262	0
2112.2	1517	0
2112.2	1816	0
2112.2	1886	0
2112.3	1490	0
2112.3	1388	0
2112.3	1386	0
2112.3	1683	0
2112.3	1427	0
2112.4	1889	0
2112.4	1991	0
2112.5	902	0
2112.5	2056	0
2112.5	1542	0
2112.5	1948	0
2112.6	1490	0
2112.6	2157	0
2112.6	1879	0
2112.6	1638	0
2112.7	1396	0
2112.7	1768	0
2112.7	2169	0
2112.8	1144	0
2112.8	2145	0
2112.8	1876	0
2112.8	1677	0
2112.8	1142	0
2112.9	1724	0
2112.9	1837	0
2112.9	1685	0
2113.0	1696	0
2113.0	2069	0
2113.0	1978	0
2113.0	1757	0
2113.0	2039	0
2113.1	1709	0
2113.1	1992	0
2113.1	1796	0
2113.1	1722	0
2113.2	1454	0
2113.2	1911	0
2113.3	1846	0
2113.3	1422	0
2113.3	1665	0
2113.3	2303	0
2113.5	1907	0
2113.5	1939	0
2113.6	1732	0
2113.6	1865	0
2113.7	1748	0
2113.7	1232	0
2113.7	2284	0
2113.7	2139	0
2113.8	2339	0
2113.8	2251	0
2113.8	2101	0
2113.8	2121	0
2113.8	1005	0
2113.8	2185	0
2113.9	1920	0
2113.9	1825	0
2114.0	1451	0
2114.0	1570	0
2114.0	2374	0
2114.0	2000	0
2114.0	1898	0
2114.0	1901	0
2114.0	2154	0
2114.1	1729	0
2114.1	1907	0
2114.1	2082	0
2114.1	1801	0
2114.2	1858	0
2114.2	2344	0
2114.2	1216	0
2114.2	2028	0
2114.2	1420	0
2114.2	2207	0
2114.3	1991	0
2114.4	1784	0
2114.4	2299	0
2114.4	2214	0
2114.4	1494	0
2114.4	1628	0
2114.4	2185	0
2114.5	1363	0
2114.5	2042	0
2114.5	1859	0
2114.5	1548	0
2114.5	1582	0
2114.5	1483	0
2114.5	2198	0
2114.5	1525	0
2114.6	2157	0
2114.6	2285	0
2114.6	1291	0
2114.6	1748	0
2114.6	2318	0
2114.6	1668	0
2114.7	1908	0
2114.7	2102	0
2114.7	1775	0
2114.7	1508	0
2114.7	1863	0
2114.7	1991	0
2114.7	2587	0
2114.8	1936	0
2114.8	2058	0
2114.8	1439	0
2114.8	1896	0
2114.8	2206	0
2114.8	2131	0
2114.9	2011	0
2114.9	1589	0
2115.0	2196	0
2115.0	2340	0
2115.0	1646	0
2115.0	1514	0
2115.0	1709	0
2115.1	1464	0
2115.1	2239	0
2115.1	1738	0
2115.1	1591	0
2115.2	1355	0
2115.2	2355	0
2115.2	2121	0
2115.2	2030	0
2115.2	1547	0
2115.2	1842	0
2115.3	1503	0
2115.3	1732	0
2115.4	1795	0
2115.4	2478	0
2115.4	1865	0
2115.4	1895	0
2115.4	2065	0
2115.4	2047	0
2115.5	2218	0
2115.5	1572	0
2115.5	1503	0
2115.5	1662	0
2115.5	1345	0
2115.6	1572	0
2115.7	1704	0
2115.7	2043	0
2115.7	1665	0
2115.8	2250	0
2115.8	394	0
2115.8	1659	0
2115.8	1991	0
2115.8	1665	0
2115.8	2151	0
2115.9	1350	0
2115.9	1948	0
2116.0	2291	0
2116.0	1045	0
2116.0	1239	0
2116.0	1272	0
2116.0	1442	0
2116.0	2167	0
2116.0	1761	0
2116.0	2089	0
2116.0	1739	0
2116.0	716	0
2116.1	857	0
2116.1	1487	0
2116.1	1475	0
2116.2	2215	0
2116.2	841	0
2116.2	1817	0
2116.2	1430	0
2116.2	1386	0
2116.2	1456	0
2116.2	1719	0
2116.2	1673	0
2116.2	1615	0
2116.3	1760	0
2116.3	2397	0
2116.3	1697	0
2116.3	1965	0
2116.3	1365	0
2116.4	1724	0
2116.4	1747	0
2116.4	1536	0
2116.4	1339	0
2116.4	2092	0
2116.4	2046	0
2116.4	1330	0
2116.4	1844	0
2116.5	1616	0
2116.5	1777	0
2116.5	2010	0
2116.6	1998	0
2116.6	1016	0
2116.6	1048	0
2116.6	1410	0
2116.6	1786	0
2116.7	1900	0
2116.7	2003	0
2116.7	1860	0
2116.7	1682	0
2116.7	2121	0
2116.8	2233	0
2116.8	1869	0
2116.8	2133	0
2116.8	2188	0
2116.9	1996	0
2116.9	2094	0
2116.9	1723	0
2116.9	2136	0
2116.9	1413	0
2116.9	1756	0
2116.9	2358	0
2117.0	1966	0
2117.0	1757	0
2117.0	2168	0
2117.1	2185	0
2117.1	2056	0
2117.1	2260	0
2117.1	1300	0
2117.1	1992	0
2117.2	2114	0
2117.2	2063	0
2117.3	1834	0
2117.3	1830	0
2117.3	2399	0
2117.4	2203	0
2117.4	2084	0
2117.4	1977	0
2117.5	1311	0
2117.5	1460	0
2117.5	788	0
2117.6	1868	0
2117.6	1521	0
2117.6	1630	0
2117.6	1911	0
2117.6	1759	0
2117.6	1516	0
2117.6	1666	0
2117.6	1596	0
2117.7	1755	0
2117.7	2114	0
2117.7	1524	0
2117.7	1729	0
2117.7	1303	0
2117.7	2205	0
2117.8	1496	0
2117.8	1282	0
2117.8	2027	0
2117.8	1923	0
