3.8	3054	0
3.8	3085	0
3.8	3170	0
3.8	3102	0
3.8	3113	0
3.8	3289	0
3.8	3175	0
3.9	3113	0
3.9	3256	0
3.9	3271	0
3.9	3179	0
3.9	3141	0
4.0	3167	0
4.0	3213	0
4.0	3270	0
4.0	3295	0
4.0	2922	0
4.1	3180	0
4.2	3131	0
4.2	3151	0
4.2	3169	0
4.3	3035	0
4.3	3194	0
4.3	3170	0
4.3	3269	0
4.3	3137	0
4.4	3270	0
4.4	3190	0
4.5	3217	0
4.5	3159	0
4.5	3159	0
4.5	3092	0
4.5	3181	0
4.5	2965	0
4.5	3199	0
4.5	3258	0
4.5	3213	0
4.5	3189	0
4.6	3158	0
4.6	3017	0
4.6	3213	0
4.7	3087	0
4.7	3142	0
4.8	2942	0
4.8	3113	0
4.9	3182	0
4.9	3155	0
4.9	3126	0
5.0	3090	0
5.0	3154	0
5.0	2987	0
5.0	3293	0
5.0	3032	0
5.0	2869	0
5.0	3357	0
5.0	3182	0
5.1	3181	0
5.1	3222	0
5.1	3180	0
5.1	2960	0
5.2	3173	0
5.2	3114	0
5.2	3229	0
5.2	3222	0
5.3	3255	0
5.3	3143	0
5.4	3117	0
5.4	3181	0
5.4	3108	0
5.4	3157	0
5.4	3099	0
5.4	3210	0
5.4	3295	0
5.5	1035	0
5.5	3183	0
5.5	3233	0
5.5	3269	0
5.5	3213	0
5.6	3262	0
5.6	3127	0
5.7	2991	0
5.7	2927	0
5.7	3103	0
5.7	3006	0
5.7	3251	0
5.7	3204	0
5.8	3199	0
5.8	3178	0
5.8	3219	0
5.9	3215	0
5.9	3057	0
5.9	3224	0
5.9	3173	0
5.9	3082	0
5.9	3054	0
5.9	3205	0
6.0	2953	0
6.0	3081	0
6.0	2975	0
6.0	3177	0
6.1	3071	0
6.1	3051	0
6.1	3194	0
6.1	2941	0
6.1	3216	0
6.1	3121	0
6.1	3215	0
6.1	3050	0
6.2	3189	0
6.2	3226	0
6.2	2972	0
6.2	3128	0
6.3	3242	0
6.3	3195	0
6.3	2923	0
6.4	3183	0
6.4	3279	0
6.4	3130	0
6.4	3191	0
6.4	3145	0
6.4	1437	0
6.4	3209	0
6.4	3140	0
6.5	3143	0
6.5	3155	0
6.5	3022	0
6.5	2898	0
6.5	3143	0
6.5	3223	0
6.5	3052	0
6.5	3223	0
6.5	3229	0
6.6	3153	0
6.6	3174	0
6.6	3033	2
6.6	3295	0
6.7	3057	0
6.7	3186	0
6.7	3186	0
6.8	3069	0
6.8	3397	0
6.8	3191	0
6.9	3125	0
6.9	3007	0
6.9	3222	0
6.9	3223	0
7.0	2788	0
7.0	3179	0
7.0	3066	0
7.1	3161	0
7.1	3111	0
7.1	1623	0
7.1	4	0
7.1	3231	0
7.2	3207	0
7.2	3275	0
7.2	3010	0
7.3	3065	0
7.3	3029	0
7.3	3182	0
7.4	3199	0
7.4	3223	0
7.4	3226	0
7.4	3067	0
7.4	3169	0
7.5	3188	0
7.5	3221	0
7.5	3214	0
7.5	3117	0
7.5	3102	0
7.5	3134	0
7.5	3130	0
7.5	3071	0
7.5	3166	0
7.5	3123	0
7.5	3092	0
7.6	3110	0
7.6	3183	0
7.6	3081	0
7.6	3215	0
7.6	3209	0
7.6	2984	0
7.6	3218	0
7.6	3234	0
7.6	844	0
7.6	3088	0
7.6	3169	0
7.7	3208	0
7.7	3246	0
7.7	3302	0
7.7	3203	0
7.7	3181	0
7.7	3161	0
7.7	3229	0
7.7	3255	0
7.8	2993	0
7.8	3145	0
7.8	3265	0
7.8	2852	0
7.8	3163	0
7.8	3255	0
7.8	3124	0
7.9	3259	0
7.9	3157	0
8.0	3187	0
8.0	3171	0
8.0	3222	0
8.0	3071	0
8.1	3174	0
8.1	2867	0
8.1	3207	0
8.1	3161	0
8.2	3233	0
8.2	3151	0
8.2	3130	0
8.2	3003	0
8.2	3067	0
8.2	3311	0
8.2	3311	0
8.2	3257	0
8.3	1570	0
8.3	1366	0
8.3	3087	0
8.4	3108	0
8.4	3116	0
8.4	3143	0
8.5	3083	0
8.5	3221	0
8.5	3103	0
8.5	3133	0
8.5	3163	0
8.5	3195	0
8.5	3233	0
8.6	3089	0
8.6	3223	0
8.7	3154	0
8.7	3207	0
8.7	3182	0
8.7	3101	0
8.8	3227	0
8.8	3193	0
8.8	3299	0
8.9	3091	0
8.9	3234	0
8.9	3263	0
8.9	3199	0
9.0	3169	0
9.0	3257	0
9.0	3079	0
9.0	3154	0
9.1	3238	0
9.1	3153	0
9.1	1326	0
9.1	2990	0
9.2	3097	0
9.2	3141	0
9.3	3103	0
9.3	3369	0
9.4	3288	0
9.4	3208	0
9.4	3237	0
9.4	3231	0
9.4	3195	0
9.5	3231	0
9.5	3048	0
9.5	2116	0
9.5	3023	0
9.5	3250	0
9.5	3053	0
9.6	3206	0
9.6	3098	0
9.6	2897	0
9.6	3103	0
9.6	3022	0
9.6	3082	0
9.6	3231	0
9.7	3163	0
9.7	3149	0
9.7	3181	0
9.7	3203	0
9.8	3206	0
9.8	3171	0
9.8	3095	0
9.8	3297	0
9.9	3199	0
9.9	3185	0
9.9	3003	0
9.9	3285	0
9.9	3180	0
10.0	3212	0
10.0	3245	0
10.0	3229	0
10.0	3141	0
10.0	3235	0
10.1	3215	0
10.1	3159	0
10.1	1879	0
10.2	1201	0
10.2	3055	0
10.2	2623	0
10.3	3063	0
10.3	3167	0
10.3	3141	0
10.3	3087	0
10.3	3197	0
10.3	3078	0
10.4	3257	0
10.4	3037	0
10.5	3208	0
10.5	3214	0
10.5	3098	0
10.6	3331	0
10.6	3186	0
10.6	3119	0
10.6	3026	0
10.6	3157	0
10.6	3194	0
10.6	2763	0
10.7	3220	0
10.7	3312	0
10.7	3259	0
10.7	3026	0
10.7	2965	0
10.7	3082	0
10.7	3259	0
10.8	3121	0
10.8	3194	0
10.8	3119	0
10.8	3226	0
10.8	3195	0
10.9	3238	0
10.9	3208	0
10.9	3194	0
10.9	2977	0
10.9	3182	0
10.9	3135	0
10.9	2968	0
10.9	3211	0
10.9	3215	0
10.9	3265	0
11.0	3307	0
11.0	3297	0
11.1	3163	0
11.1	3131	0
11.1	3117	0
11.1	2988	0
11.1	3111	0
11.2	3138	0
11.2	2973	0
11.2	3078	0
11.2	3039	0
11.2	3066	0
11.2	3161	0
11.3	3167	0
11.3	3091	0
11.3	3081	0
11.3	3217	0
11.3	3151	0
11.3	3057	0
11.3	3125	0
11.3	3210	0
11.3	3083	0
11.3	2924	0
11.4	3190	0
11.4	3077	0
11.5	3151	0
11.5	3115	0
11.5	3189	0
11.5	3129	0
11.6	3027	0
11.6	3157	0
11.6	3160	0
11.6	3260	0
11.6	3140	0
11.6	3145	0
11.6	3006	0
11.6	3117	0
11.6	3001	0
11.7	3246	0
11.7	3131	0
11.7	2352	0
11.7	3169	0
11.8	3231	0
11.8	652	0
11.8	3293	0
11.8	3097	0
11.8	3247	0
11.8	3149	0
11.8	3282	0
11.8	3135	0
11.9	2919	0
11.9	3085	0
11.9	3170	0
11.9	3140	0
11.9	3069	0
11.9	3197	0
12.0	3100	0
12.0	3199	0
12.0	2963	0
12.0	3195	0
12.1	3174	0
12.1	3268	0
12.2	2987	0
12.2	3164	0
12.2	3306	0
12.2	2971	0
12.3	3167	0
12.3	3203	0
12.3	3044	0
12.3	2862	0
12.3	3249	0
12.3	3257	0
12.3	3129	0
12.3	3169	0
12.4	3207	0
12.4	3125	0
12.4	2953	0
12.4	3203	0
12.4	3010	0
12.4	3223	0
12.4	2902	0
12.5	3231	0
12.5	2081	5
12.5	3205	0
12.6	1862	0
12.6	3167	0
12.6	3065	0
12.6	3193	0
12.6	3253	0
12.7	3195	0
12.7	3207	0
12.8	3309	0
12.8	2955	0
12.8	3302	0
12.8	3225	0
12.9	3155	0
12.9	3187	0
12.9	3195	0
12.9	3150	0
12.9	3179	0
12.9	3119	0
13.0	3223	0
13.1	3230	0
13.1	3149	0
13.1	3169	0
13.1	3165	0
13.1	3222	0
13.2	3274	0
13.2	3156	0
13.2	3015	0
13.2	3111	0
13.2	2871	0
13.3	3226	0
13.3	3258	0
13.3	3175	0
13.3	3036	0
13.4	3253	0
13.4	3071	0
13.4	3164	0
13.4	925	0
45.5	3269	0
45.6	3163	0
45.6	2621	0
45.6	3111	0
45.6	3259	0
45.6	3195	0
45.7	2850	0
45.8	2981	0
45.8	3129	0
45.8	3015	0
45.8	3119	0
45.8	3023	0
45.9	2962	0
45.9	3139	0
45.9	3219	0
45.9	3175	0
46.0	3231	0
46.0	3244	0
46.0	3217	0
46.0	3206	0
46.0	3127	0
46.0	3041	0
46.0	3099	0
46.1	3013	0
46.1	3165	0
46.2	3106	0
46.2	3237	0
46.2	3147	0
46.3	1493	0
46.3	3263	0
46.4	3154	0
46.4	3077	0
46.4	3117	0
46.5	3011	0
46.5	3055	0
46.5	3223	0
46.5	3148	0
46.5	3206	0
46.5	2339	0
46.5	3127	0
46.6	3011	0
46.6	3135	0
46.6	3135	0
46.6	3285	0
46.6	3226	0
46.7	3041	0
46.7	3146	0
46.7	3103	0
46.7	3193	0
46.7	3213	0
46.7	3119	0
46.7	3080	0
46.8	3281	0
46.8	3063	0
46.8	3157	0
46.8	3309	0
46.8	3303	0
46.9	3325	0
46.9	3271	0
46.9	3155	0
46.9	3175	0
46.9	3113	0
46.9	3057	0
47.0	3078	0
47.0	3201	0
47.1	3271	0
47.1	3219	0
47.1	3187	0
47.1	3134	0
47.2	3256	0
47.2	3135	0
47.3	3099	0
47.3	2041	0
47.3	3177	0
47.3	3131	0
47.4	3123	0
47.4	3276	0
47.4	3222	0
47.4	3042	0
47.4	3227	0
47.5	3172	0
47.5	1186	0
47.6	3209	0
47.6	3119	0
47.7	3305	0
47.7	2048	0
47.7	3238	0
47.7	3234	0
47.7	3098	0
47.7	3160	0
47.8	3327	0
47.8	3250	0
47.8	3001	0
47.8	3155	0
47.9	1158	0
47.9	3204	0
47.9	3097	0
47.9	3138	0
48.0	3221	0
48.0	2989	0
48.0	3223	0
48.0	3027	0
48.0	3325	0
48.1	3117	0
48.1	3101	0
48.1	3193	0
48.1	3193	0
48.1	3249	0
48.1	3225	0
48.1	3261	0
48.1	2947	0
48.2	3128	0
48.2	3194	0
48.2	3183	0
48.3	2101	0
48.3	3241	0
48.3	3145	0
48.3	3193	0
48.4	3113	0
48.4	3198	0
48.5	3005	0
48.5	3102	0
48.5	3311	0
48.5	3063	0
48.5	3149	0
48.6	3218	0
48.6	3228	0
48.7	3263	0
48.7	3263	0
48.7	3219	0
48.7	3181	0
48.7	3351	0
48.7	2887	0
48.7	3221	0
48.7	3118	0
48.7	3195	0
48.8	3219	0
48.8	3167	0
48.8	3091	0
48.8	3138	0
48.8	3271	0
48.8	3000	0
48.8	3090	0
48.9	3135	0
48.9	3183	0
49.0	3145	0
49.0	3174	0
49.0	3164	0
49.0	3010	0
49.0	3151	0
49.1	3205	0
49.1	3195	0
49.1	3054	0
49.1	3221	0
49.1	3183	0
49.2	3039	0
49.2	2949	0
49.2	3269	0
49.2	3233	0
49.3	3156	0
49.3	3157	0
49.3	3086	0
49.3	3114	0
49.3	3157	0
49.3	3262	0
49.3	3203	0
49.3	3015	0
49.4	3245	0
49.5	3046	0
49.6	3210	0
49.6	3024	0
49.6	3207	0
49.6	2981	0
49.6	3298	0
49.7	3101	0
49.7	3295	0
49.7	3173	0
49.7	3186	0
49.7	3199	0
49.7	3201	0
49.7	3239	0
49.8	3051	0
49.8	3056	0
49.8	3207	0
49.8	3109	0
49.8	3011	0
49.8	3246	0
49.9	3039	0
49.9	3009	0
49.9	3086	0
50.0	3151	0
50.0	3239	0
50.0	3140	0
50.0	3241	0
50.1	3169	0
50.1	3167	0
50.1	3159	0
50.1	2983	0
50.1	3007	0
50.1	3287	0
50.1	3272	0
50.2	898	0
50.2	3098	0
50.2	3183	0
50.2	3223	0
50.2	3125	0
50.2	3153	0
50.2	3157	0
50.2	3255	0
50.3	3140	0
50.3	3203	0
50.3	3249	0
50.3	3279	0
50.3	3135	0
50.4	3126	0
50.4	3013	0
50.4	3234	0
50.4	3054	0
50.4	3243	0
50.4	3115	0
50.5	3170	0
50.5	3129	0
50.5	3033	0
50.5	3127	0
50.5	3306	0
50.5	3177	0
50.6	3101	0
50.6	3068	0
50.6	3210	0
50.6	3306	0
50.7	3179	0
50.7	3006	0
50.7	3097	0
50.7	3161	0
50.7	3244	0
50.7	3215	0
50.7	3134	0
50.7	3006	0
50.8	3097	0
50.8	3132	0
50.9	3140	0
51.0	3005	0
51.0	3225	0
51.0	3083	0
51.0	2983	0
51.0	3124	0
51.0	3158	0
51.1	3147	0
51.1	3257	0
51.1	3181	0
51.1	3093	0
51.1	3131	0
51.1	3191	0
51.1	3173	0
51.1	2911	0
51.2	3175	0
51.2	3182	0
51.2	3098	0
51.2	3197	0
51.2	3202	0
51.3	3049	0
51.3	3126	0
51.3	3245	0
51.4	3196	0
51.4	3310	0
51.4	3100	0
51.4	3162	0
51.4	3212	0
51.5	3095	0
51.5	3267	0
51.5	2907	0
51.5	3119	0
51.6	3149	0
51.6	3156	0
51.6	2322	0
51.6	3194	0
51.6	3012	0
51.6	3031	0
51.7	3085	0
51.7	3161	0
51.7	3003	0
51.8	3182	0
51.8	2882	0
51.8	3121	0
51.8	3049	0
51.9	3192	0
51.9	3119	0
51.9	3155	0
51.9	3199	0
51.9	3291	0
52.0	3131	0
52.0	3130	0
52.0	3263	0
52.1	3279	0
52.1	3201	0
52.1	3186	0
52.2	3035	0
52.2	3201	0
52.2	3362	0
52.2	3316	0
52.2	3308	0
52.2	3031	0
52.2	3311	0
52.2	3148	0
52.3	3097	0
52.3	3079	0
52.3	2679	0
52.3	3247	0
52.4	3124	0
52.4	3147	0
52.5	3173	0
52.5	3160	0
52.5	3162	0
52.5	3095	0
52.5	2954	0
52.5	3204	0
52.6	3295	0
52.6	3098	0
52.6	3007	0
52.6	3161	0
52.6	3189	0
52.7	3229	0
52.8	3105	0
52.8	3319	0
52.8	3215	0
52.8	3065	0
52.8	3147	0
52.8	3082	0
52.8	3154	0
52.9	3145	0
52.9	3186	0
52.9	3297	0
52.9	3199	0
52.9	2178	0
52.9	3095	0
52.9	3217	0
53.0	3147	0
53.0	3001	0
53.0	3197	0
53.0	3111	0
53.1	3110	0
53.1	3197	0
53.1	3191	0
53.1	3103	0
53.1	3174	0
53.1	3135	0
53.1	3185	0
53.2	3146	0
53.2	3154	0
53.2	3127	0
53.2	3083	0
53.2	3202	0
53.2	3294	0
53.3	3187	0
53.3	3170	0
53.3	2990	0
53.3	3276	0
53.4	3097	0
53.4	3113	0
53.4	3258	0
53.4	3119	0
53.4	3156	0
53.5	3150	0
53.5	3128	0
53.5	2975	0
53.5	1986	0
53.5	3144	0
53.7	3143	0
53.7	3202	0
53.7	3247	0
53.7	2709	0
53.7	1550	0
53.7	3197	0
53.8	3223	0
53.8	3263	0
53.8	3106	0
53.8	3103	0
53.8	3062	0
53.8	3071	0
53.8	3153	0
53.9	2250	0
53.9	3210	0
53.9	877	0
53.9	3259	0
53.9	3166	0
53.9	3225	0
54.0	3258	0
54.0	3131	0
54.0	2214	0
54.1	3109	0
54.2	3058	0
54.2	3154	0
54.2	3197	0
54.3	825	0
54.3	3149	0
54.3	2964	0
54.4	3103	0
54.4	3104	0
54.4	3193	0
54.4	2874	0
54.4	3183	0
54.4	3241	0
54.4	3297	0
54.4	3135	0
54.5	3195	0
54.5	2983	0
54.5	3050	0
54.5	1398	0
54.5	2971	0
54.5	3092	0
54.5	3165	0
54.5	3191	0
54.6	3049	0
54.6	3273	0
54.6	3219	0
54.7	3059	0
54.7	3028	0
54.7	3132	0
54.7	3113	0
54.8	3121	0
54.8	3218	0
54.8	2712	0
54.8	3222	0
54.9	3239	0
54.9	1161	0
54.9	3167	0
54.9	3167	0
54.9	1204	0
55.0	3238	0
55.0	3093	0
55.0	3173	0
55.1	3307	0
55.1	3204	0
55.1	2962	0
55.1	3066	0
55.1	3194	0
55.1	3119	0
55.1	3201	0
55.2	3096	0
55.2	697	0
55.2	3224	0
55.2	3111	0
55.2	3210	0
55.2	3233	0
55.2	3224	0
55.2	3218	0
55.2	3178	0
55.2	3099	0
55.3	3195	0
55.4	3069	0
55.4	3018	0
55.4	3131	0
55.4	2798	0
55.5	2625	0
55.5	3211	0
55.5	3130	0
55.6	3157	0
55.6	3234	0
55.6	3182	0
55.6	3013	0
55.6	3121	0
55.7	3194	0
55.7	3195	0
55.7	718	0
55.7	3222	0
55.7	3207	0
55.8	3193	0
55.8	3110	0
55.8	3149	0
55.8	3117	0
55.8	3066	0
55.9	3095	0
55.9	3081	0
55.9	3165	0
55.9	3157	0
55.9	3217	0
55.9	2949	0
56.0	3135	0
56.1	3233	0
56.1	3070	0
56.1	3105	0
56.1	3127	0
56.1	3250	0
56.2	3245	0
56.3	3066	0
56.3	3141	0
56.3	3233	0
56.3	3099	0
56.3	3182	0
56.4	3143	0
56.4	3151	0
56.4	2991	0
56.4	1154	0
56.4	3188	0
56.4	3199	0
56.5	3110	0
56.5	3207	0
56.6	3179	0
56.6	2932	0
56.6	3156	0
56.6	3301	0
56.7	3284	0
56.7	3144	0
56.7	3158	0
56.8	3263	0
56.8	3145	0
56.9	3118	0
56.9	3224	0
56.9	3125	0
56.9	3185	0
56.9	3151	0
56.9	1671	0
57.0	3249	0
57.0	3231	0
57.0	3229	0
57.0	3167	0
57.0	3087	0
57.0	3100	0
57.1	3123	0
57.1	3099	0
57.1	3175	0
57.1	3186	0
57.1	3078	0
57.2	3221	0
57.2	3050	0
57.2	3033	0
57.2	3122	0
57.2	1317	0
57.3	3198	0
57.4	3201	0
57.4	3201	0
57.4	3255	0
57.5	3186	0
57.5	3050	0
57.5	3227	0
57.5	3027	0
57.5	3131	0
57.6	3015	0
57.6	3087	0
57.6	3015	0
57.7	3178	0
57.7	3164	0
57.7	3044	0
57.7	3228	0
57.7	3175	0
57.7	3108	0
57.8	3242	0
57.8	3223	0
57.8	3121	0
57.8	2697	0
57.8	3157	0
57.8	3271	0
57.8	3107	0
57.8	3050	0
57.9	3142	0
57.9	3102	0
58.0	3223	0
58.0	3135	0
58.0	3261	0
58.1	3195	0
58.1	3177	0
58.1	3118	0
58.1	3147	0
58.2	3070	0
58.2	3260	0
58.2	3127	0
58.3	2932	0
58.3	3207	0
58.3	3124	0
58.3	3227	0
58.3	3243	0
58.4	3133	0
58.4	3157	0
58.4	3169	0
58.4	3240	0
58.4	3190	0
58.4	3175	0
58.4	3111	0
58.4	3151	0
58.5	3030	0
58.5	3191	0
58.5	3193	0
58.5	3276	0
58.5	3238	0
58.5	3277	0
58.5	3259	0
58.6	3303	0
58.6	2886	0
58.6	1626	0
58.6	4	0
58.6	3215	0
58.6	3199	0
58.7	3079	0
58.7	3158	0
58.7	3050	0
58.7	3253	0
58.8	3222	0
58.8	3387	0
58.8	3144	0
58.8	3253	0
58.8	3191	0
58.9	3097	0
58.9	3140	0
58.9	3081	0
58.9	3128	0
58.9	3257	0
58.9	3279	0
58.9	3206	0
59.0	3157	0
59.0	3018	0
59.0	3066	0
59.0	3167	0
59.1	3106	0
59.1	3075	0
59.1	3145	0
59.1	2947	0
59.1	3142	0
59.2	3249	0
59.2	3131	0
59.2	3211	0
59.3	3199	0
59.3	3065	0
59.3	3156	0
59.3	3245	0
59.3	3105	0
59.3	3103	0
59.3	3214	0
59.3	3197	0
59.4	3031	0
59.4	3229	0
59.4	3137	0
59.4	3250	0
59.4	3092	0
59.5	3110	0
59.5	3192	0
59.6	3077	0
59.6	3209	0
59.6	3277	0
59.6	3078	0
59.6	3117	0
59.6	3173	0
59.7	3207	0
59.7	3140	0
59.7	2184	0
59.7	1631	0
59.7	3099	0
59.7	3082	0
59.8	3167	0
59.8	3091	0
59.8	2997	0
59.8	3103	0
59.8	3077	0
59.9	3175	0
59.9	3201	0
59.9	3139	0
59.9	3169	0
59.9	3227	0
59.9	3279	0
60.0	2958	0
60.0	3156	0
60.1	3191	0
60.1	3191	0
60.1	3201	0
60.1	3275	0
60.1	3049	0
60.1	3201	0
60.2	3213	0
60.2	3154	0
60.2	3243	0
60.3	3163	0
60.3	3185	0
60.4	3070	0
60.4	2975	0
60.4	3081	0
60.4	3116	0
60.4	3308	0
60.4	3165	0
60.4	3241	0
60.4	3283	0
60.5	3076	0
60.5	3267	0
60.5	3183	0
60.5	3197	0
60.5	3269	0
60.5	3291	0
60.6	3226	0
60.6	3106	0
60.6	3302	0
60.6	3215	0
60.6	3691	0
60.6	3199	0
60.6	3247	0
60.7	3229	0
60.7	3151	0
60.7	3153	0
60.8	3022	0
60.8	3182	0
60.8	2574	0
60.8	3049	0
60.8	3007	0
60.8	3245	0
60.8	3140	0
60.8	3186	0
60.9	3227	0
60.9	3081	0
60.9	3166	0
61.0	3209	0
61.0	3145	0
61.0	3213	0
61.1	3179	0
61.1	3175	0
61.1	3091	0
61.1	3165	0
61.1	1666	0
61.2	3251	0
61.2	3207	0
61.2	3131	0
61.2	3218	0
61.2	3286	0
61.3	3231	0
61.3	3140	0
61.3	3114	0
61.3	3157	0
61.3	3109	0
61.3	3305	0
61.4	3061	0
61.4	3213	0
61.4	3191	0
61.4	3175	0
61.5	2353	0
61.5	3139	0
61.5	3139	0
61.5	2759	0
61.5	3147	0
61.6	3209	0
61.6	3032	0
61.6	3222	0
61.6	2804	0
61.6	3138	0
61.7	3215	0
61.7	3109	0
61.7	3169	0
61.7	3282	0
61.7	3147	0
61.8	3287	0
61.8	3161	0
61.8	3303	0
61.9	3159	0
61.9	2781	0
61.9	3117	0
61.9	3212	0
61.9	3135	0
61.9	3121	0
61.9	3237	0
61.9	3062	0
62.0	3339	0
62.1	2430	0
62.1	2091	0
62.1	3189	0
62.1	3238	0
62.2	3219	0
62.2	3260	0
62.2	3170	0
62.3	3246	0
62.3	3086	0
62.3	3176	0
62.3	3152	0
62.4	3087	0
62.4	3275	0
62.4	3309	0
62.4	3271	0
62.5	3167	0
62.5	3297	0
62.5	3245	0
62.5	3002	0
62.5	3089	0
62.6	3143	0
62.7	3227	0
62.7	3163	0
62.7	3245	0
62.7	3215	0
62.8	3135	0
62.8	3144	0
62.8	3183	0
62.8	3233	0
62.8	2916	0
62.8	3191	0
62.8	3279	0
62.9	3157	0
62.9	3114	0
62.9	3241	0
62.9	2837	0
62.9	3105	0
63.0	3024	0
63.0	3247	0
63.0	3065	0
63.0	3123	0
63.0	3209	0
63.0	3218	0
63.0	3147	0
63.1	3211	0
63.1	3281	0
63.1	3143	0
63.2	3143	0
63.2	3165	0
63.2	3297	0
63.2	3165	0
63.3	3009	0
63.3	3203	0
63.3	533	0
63.3	3271	0
63.4	3172	0
63.4	3238	0
63.4	3161	0
63.4	3177	0
63.4	3229	0
63.5	3146	0
63.5	3142	0
63.5	3069	0
63.5	3214	0
63.5	3265	0
63.5	3239	0
63.5	1396	0
63.6	3065	0
63.6	3198	0
63.6	2899	0
63.6	3265	0
63.6	1488	0
63.7	3125	0
63.7	3113	0
63.7	2569	0
63.7	3258	0
63.7	3254	0
63.7	3031	0
63.8	3116	0
63.8	3079	0
63.8	3215	0
63.8	3196	0
63.8	3094	0
63.8	3266	0
63.8	3246	0
63.9	3069	0
63.9	3183	0
63.9	3190	0
63.9	3205	0
63.9	3141	0
64.0	3139	0
64.0	3179	0
64.0	3010	0
64.0	1224	0
64.0	3026	0
64.1	3151	0
64.1	3064	0
64.1	3069	0
64.1	3257	0
64.2	3260	0
64.2	3199	0
64.2	3207	0
64.3	3147	0
64.3	3103	0
64.3	3132	0
64.4	3121	0
64.4	3162	0
64.4	3095	0
64.5	3189	0
64.5	3275	0
64.5	3251	0
64.5	3199	0
64.5	3234	0
64.5	3153	0
64.5	3131	0
64.5	3181	0
64.6	3085	0
64.6	3090	0
64.6	3037	0
64.6	2915	0
64.6	3088	0
64.7	3069	0
64.7	3190	0
64.8	3187	0
64.8	3018	0
64.8	3273	0
64.9	3353	0
64.9	3205	0
64.9	3161	0
64.9	3140	0
64.9	3124	0
65.0	3155	0
65.0	3149	0
65.0	3249	0
65.0	3162	0
65.0	3173	0
65.1	3063	0
65.1	3265	0
65.1	3142	0
65.1	3033	0
65.2	3077	0
65.2	3051	0
65.2	3219	0
65.2	1224	0
65.2	3311	0
65.3	3168	0
65.3	3165	0
65.4	3193	0
65.4	3207	0
65.5	3298	0
65.5	2928	0
65.6	1285	0
65.6	3162	0
65.6	3199	0
65.6	3081	0
65.7	3095	0
65.7	3153	0
65.7	3081	0
65.7	3293	0
65.7	3260	0
65.7	3047	0
65.7	3089	0
65.7	3057	0
65.8	3183	0
65.8	3159	0
65.8	3109	0
65.8	3087	0
65.8	3104	0
65.8	3253	0
65.8	2903	0
65.9	3195	0
65.9	3197	0
65.9	937	0
65.9	3175	0
66.0	3012	0
66.0	3265	0
66.0	3087	0
66.0	2872	0
66.1	3135	0
66.1	3295	0
66.1	3157	0
66.1	3183	0
66.1	3142	0
66.1	3234	0
66.1	3323	0
66.1	3211	0
66.1	3049	0
66.2	3159	0
66.2	3172	0
66.2	3299	0
66.2	3152	0
66.3	3079	0
66.4	3395	0
66.4	3305	0
66.4	3171	0
66.5	3162	0
66.5	3195	0
66.5	3199	0
66.5	3160	0
66.5	3204	0
66.5	3133	0
66.6	3010	0
66.6	3109	0
66.6	3159	0
66.6	3281	0
66.7	3024	0
66.7	3234	0
66.7	3211	0
66.7	1578	0
66.7	4	0
66.8	3078	0
66.8	3145	0
66.8	2999	0
66.8	3223	0
66.8	3005	0
66.8	3207	0
66.8	3139	0
66.8	3024	0
66.8	3071	0
66.9	3082	0
66.9	3185	0
66.9	3271	0
66.9	3207	0
66.9	3226	0
67.1	3126	0
67.1	3164	0
67.1	3131	0
67.1	3161	0
67.1	3083	0
67.1	2689	0
67.1	3386	0
67.2	3035	0
67.2	3103	0
67.2	3107	0
67.3	2817	0
67.3	3267	0
67.3	3143	0
67.3	3126	0
67.3	3209	0
67.4	3209	0
67.4	3187	0
67.4	3121	0
67.4	3154	0
67.5	3185	0
67.5	3090	0
67.5	3118	0
67.5	3215	0
67.5	3071	0
67.5	3191	0
67.5	1439	0
67.6	3299	0
67.6	3199	0
67.6	3110	0
67.6	3180	0
67.6	3207	0
67.6	2983	0
67.6	3269	0
67.7	2659	0
67.7	3222	0
67.7	3001	0
67.8	3287	0
67.8	3164	0
67.8	3278	0
67.8	3099	0
67.9	3115	0
67.9	3223	0
67.9	3327	0
67.9	3263	0
67.9	3058	0
68.0	3103	0
68.0	3123	0
68.0	3082	0
68.0	3054	0
68.1	3071	0
68.1	3152	0
68.1	3043	0
68.2	3277	0
68.2	3165	0
68.2	3187	0
68.2	3196	0
68.3	3178	0
68.3	3282	0
68.3	1092	0
68.3	3253	0
68.3	3087	0
68.3	3201	0
68.3	3230	0
68.4	3220	0
68.4	3255	0
68.5	3051	0
68.5	3145	0
68.6	3194	0
68.6	3103	0
68.6	3167	0
68.6	3147	0
68.6	2997	0
68.7	3115	0
68.7	3101	0
68.7	3111	0
68.7	746	0
68.7	3059	0
68.7	3207	0
68.7	3198	0
68.7	3228	0
68.7	3094	0
68.7	3102	0
68.8	3295	0
68.8	3183	0
68.8	3138	0
68.8	3141	0
68.9	3132	0
68.9	3247	0
68.9	3043	0
69.0	3063	0
69.0	3218	0
69.0	3260	0
69.1	3209	0
69.1	3305	0
69.2	3188	0
69.2	1172	0
69.2	3053	0
69.2	3062	0
69.2	3247	0
69.3	3031	0
69.3	3089	0
69.3	3248	0
69.3	3262	0
69.3	3255	0
69.3	3225	0
69.3	3043	0
69.3	3110	0
69.4	3188	0
69.4	3273	0
69.4	3027	0
69.5	3077	0
69.5	3214	0
69.5	3110	0
69.5	3134	0
69.5	3131	0
69.5	3071	0
69.6	3259	0
69.6	3121	0
69.6	3107	0
69.6	3103	0
69.6	3141	0
69.6	3132	0
69.6	3090	0
69.7	3029	0
69.7	3185	0
69.7	3288	0
69.7	3112	0
69.8	3231	0
69.8	3205	0
69.8	3095	0
69.9	3227	0
69.9	3231	0
69.9	3069	0
69.9	3333	0
69.9	3100	0
70.0	3127	0
70.0	3199	0
70.0	3301	0
70.0	3031	0
70.0	3005	0
70.0	3172	0
70.0	3247	0
70.1	3152	0
70.1	3219	0
70.1	857	0
70.1	3083	0
70.1	3255	0
70.1	3127	0
70.2	3129	0
70.2	3181	0
70.2	3079	0
70.2	3139	0
70.2	3158	0
70.2	3365	0
70.2	3249	0
70.3	3210	0
70.3	3099	0
70.3	3285	0
70.3	2830	0
70.3	3218	0
70.3	3067	0
70.3	3057	0
70.3	3303	0
70.4	3124	0
70.4	3103	0
70.4	3187	0
70.4	3205	0
70.4	3271	0
70.5	3222	0
70.5	3373	0
70.5	3086	0
70.5	3151	0
70.5	3153	0
70.5	3283	0
70.5	3261	0
70.6	3095	0
70.6	3115	0
70.6	3232	0
70.6	3158	0
70.6	3186	0
70.7	3246	0
70.7	3125	0
70.7	3043	0
70.7	3185	0
70.7	3259	0
70.7	3163	0
70.7	3215	0
70.8	3044	0
70.8	3066	0
70.9	3039	0
70.9	3069	0
70.9	2991	0
70.9	3079	0
70.9	3129	0
70.9	3167	0
70.9	3135	0
70.9	3263	0
70.9	3086	0
70.9	3395	0
70.9	3113	0
71.0	3129	0
71.0	3229	0
71.0	3070	0
71.0	3276	0
71.1	3115	0
71.1	3174	0
71.2	3293	0
71.2	2820	0
71.2	3213	0
71.2	3198	0
71.3	2915	0
71.3	3274	0
71.3	3241	0
71.4	2964	0
71.4	3223	0
71.5	3220	0
71.5	3325	0
71.5	3202	0
71.5	3165	0
71.5	3142	0
71.6	3207	0
71.6	3167	0
71.6	3261	0
71.7	3124	0
71.8	3044	0
71.8	1468	0
71.8	4	0
71.8	3287	0
71.9	3067	0
72.0	3195	0
72.0	3142	0
72.0	1620	0
72.0	2973	0
72.1	2967	0
72.1	3236	0
72.1	3122	0
72.1	2964	0
72.1	3257	0
72.1	3144	0
72.1	3164	0
72.1	1325	0
72.2	3179	0
72.2	756	0
72.2	3187	0
72.2	3156	0
72.3	3217	0
72.3	3169	0
72.4	3175	0
72.4	2915	0
72.4	3125	0
72.4	3247	0
72.4	2923	0
72.4	3396	0
72.5	3239	0
72.5	3185	0
72.5	3231	0
72.5	3226	0
72.5	3122	0
72.5	3147	0
72.6	3196	0
72.6	3285	0
72.6	3223	0
72.6	1649	0
72.6	3201	0
72.6	3038	0
72.7	3278	0
72.7	3058	0
72.7	3267	0
72.7	2986	0
72.7	2995	0
72.7	3239	0
72.7	3007	0
72.7	3359	0
72.8	2999	0
72.8	3105	0
72.9	3171	0
72.9	3198	0
72.9	3259	0
72.9	2007	0
72.9	3085	0
73.0	3155	0
73.0	3202	0
73.0	3157	0
73.0	3087	0
73.1	3159	0
73.1	3273	0
73.1	2991	0
73.1	3169	0
73.1	3236	0
73.2	3157	0
73.2	3059	0
73.2	3103	0
73.2	3243	0
73.3	3106	0
73.3	3221	0
73.3	3079	0
73.4	3274	0
73.4	3247	0
73.4	3197	0
73.4	2625	0
73.4	3269	0
73.4	3171	0
73.4	3239	0
73.4	3171	0
73.4	3130	0
73.5	3187	0
73.5	3117	0
73.5	3287	0
73.5	3115	0
73.6	3321	0
73.6	3145	0
73.6	3155	0
73.6	3223	0
73.6	3189	0
73.6	3070	0
73.7	3092	0
73.7	3238	0
73.7	3318	0
73.7	997	0
73.7	3162	0
73.8	3198	0
73.8	3182	0
73.8	3042	0
73.8	3071	0
73.8	3288	0
73.8	985	0
73.8	3300	0
73.9	646	0
73.9	3218	0
73.9	2715	0
73.9	3243	0
73.9	3058	0
73.9	3117	0
73.9	3087	0
74.0	3090	0
74.0	3069	0
74.0	3003	0
74.0	3099	0
74.0	3127	0
74.0	3127	0
74.1	3193	0
74.1	3219	0
74.1	3151	0
74.1	3081	0
74.1	3055	0
74.1	3119	0
74.1	3254	0
74.1	3047	0
74.2	2480	0
74.2	3339	0
74.2	2953	0
74.2	3287	0
74.2	3130	0
74.2	3050	0
74.3	3185	0
74.3	3251	0
74.3	3203	0
74.3	3180	0
74.3	3166	0
74.4	3060	0
74.4	3055	0
74.4	3203	0
74.4	3184	0
74.5	3030	0
74.5	3261	0
74.5	3103	0
74.5	3262	0
74.5	3155	0
74.5	3151	0
74.5	3204	0
74.5	3244	0
74.5	3050	0
74.5	3233	0
74.6	3075	0
74.6	3254	0
74.6	3319	0
74.6	3159	0
74.6	3167	0
74.6	3133	0
74.7	3134	0
74.7	3147	0
74.7	3223	0
74.7	3125	0
74.7	3259	0
74.7	3070	0
74.7	3175	0
74.8	3199	0
74.8	3167	0
74.8	3115	0
74.8	3172	0
74.8	3177	0
74.8	3014	0
74.8	630	0
74.9	3091	0
74.9	2883	0
75.0	2997	0
75.1	3046	0
75.1	3198	0
75.1	3255	0
75.1	2557	0
75.1	3194	0
75.1	3190	0
75.2	3145	0
75.2	3069	0
75.2	3237	0
75.2	3162	0
75.2	3251	0
75.2	3235	0
75.2	3273	0
75.2	3287	0
75.2	3069	0
75.2	3208	0
75.3	3190	0
75.3	3164	0
75.3	3037	0
75.3	3015	0
75.3	3329	0
75.3	3222	0
75.3	3167	0
75.3	3313	0
75.4	3227	0
75.4	3214	0
75.4	3254	0
75.4	834	0
75.4	3222	0
75.4	3078	0
75.4	3132	0
75.5	1007	0
75.5	3143	0
75.6	3112	0
75.6	3181	0
75.6	3118	0
75.6	3217	0
75.6	3077	0
75.6	3171	0
75.6	3308	0
75.6	3060	0
75.7	3096	0
75.7	3223	0
75.7	3211	0
75.7	3198	0
75.7	3082	0
75.7	3167	0
75.7	3033	0
75.7	2982	0
75.8	3325	0
75.8	3213	0
75.9	3119	0
75.9	3023	0
75.9	3073	0
76.0	3224	0
76.0	3011	0
76.0	3327	0
76.0	3082	0
76.0	3101	0
76.0	3191	0
76.1	3193	0
76.1	3231	0
76.1	3148	0
76.1	3253	0
76.1	3029	0
76.1	3097	0
76.1	3147	0
76.1	3281	0
76.2	3294	0
76.2	3166	0
76.2	3171	0
76.2	3229	0
76.2	3165	0
76.2	3086	0
76.3	3250	0
76.3	3067	0
76.3	3135	0
76.3	3261	0
76.3	3028	0
76.3	3214	0
76.3	3193	0
76.3	1888	0
76.3	2970	0
76.3	3151	0
76.5	3234	0
76.5	3139	0
76.6	2943	0
76.6	3196	0
76.6	3228	0
76.7	2989	0
76.7	3174	0
76.7	3127	0
76.7	3157	0
76.8	3206	0
76.8	3031	0
76.8	3218	0
76.8	3027	0
76.8	3230	0
76.8	3105	0
76.9	3071	0
76.9	3177	0
76.9	3293	0
76.9	2969	0
77.0	3237	0
77.0	3140	0
77.0	3235	0
77.0	3169	0
77.1	2915	0
77.1	2982	0
77.1	3303	0
77.1	3106	0
77.1	3016	0
77.1	3243	0
77.2	3253	0
77.2	3305	0
77.2	3146	0
77.3	2933	0
77.3	3275	0
77.3	3151	0
77.4	3277	0
77.4	3191	0
77.4	3123	0
77.5	3223	0
77.5	3179	0
77.5	3146	0
77.6	3162	0
77.6	3217	0
77.6	3109	0
77.6	3025	0
77.6	3275	0
77.6	3207	0
77.7	3221	0
77.7	3221	0
77.7	3298	0
77.7	3258	0
77.7	3065	0
77.7	3271	0
77.8	3299	0
77.8	3135	0
77.8	3253	0
77.8	3139	0
77.9	3073	0
77.9	3119	0
77.9	3091	0
77.9	3236	0
77.9	2960	0
77.9	3178	0
78.0	3183	0
78.0	3077	0
78.0	3157	0
78.0	3238	0
78.1	3180	0
78.1	3166	0
78.1	3131	0
78.1	1669	0
78.1	3245	0
78.1	1982	0
78.1	2951	0
78.1	3235	0
78.1	3315	0
78.1	3093	0
78.1	3135	0
78.2	1623	0
78.2	4	0
78.2	3123	0
78.3	3150	0
78.3	3088	0
78.3	3139	0
78.4	3103	0
78.4	3297	0
78.4	2872	0
78.4	3178	0
78.4	3108	0
78.4	3198	0
78.4	3023	0
78.5	3352	0
78.5	3414	0
78.6	3159	0
78.6	3179	0
78.6	2212	0
78.6	3213	0
78.6	3170	0
78.7	3205	0
78.7	3211	0
78.7	2935	0
78.8	3187	0
78.8	3217	0
78.8	3151	0
78.8	3271	0
78.9	3002	0
78.9	3215	0
78.9	3285	0
78.9	3031	0
78.9	3217	0
78.9	3327	0
78.9	3157	0
79.0	3077	0
79.1	3034	0
79.1	3295	0
79.1	3231	0
79.2	3469	0
79.2	3183	0
79.2	3221	0
79.2	3069	0
79.2	3215	0
79.2	3115	0
79.3	3228	0
79.3	3119	0
79.3	3097	0
79.3	3149	0
79.4	3249	0
79.4	3235	0
79.4	3073	0
79.4	3098	0
79.4	3298	0
79.5	3166	0
79.5	3199	0
79.5	3149	0
79.5	3300	0
79.6	3164	0
79.6	3251	0
79.6	2967	0
79.6	3124	0
79.6	3182	0
79.7	3082	0
79.7	3222	0
79.7	3158	0
79.8	2908	0
79.8	3160	0
79.8	3319	0
79.8	3239	0
79.9	3246	0
79.9	2067	0
79.9	2877	0
79.9	3185	0
79.9	3145	0
79.9	3137	0
80.0	1832	0
80.0	3062	0
80.1	3128	0
80.1	3197	0
80.1	3184	0
80.1	3155	0
80.1	3111	0
80.2	3207	0
80.2	3212	0
80.2	3119	0
80.2	3185	0
80.3	3219	0
80.3	3175	0
80.3	2353	0
80.3	3237	0
80.4	1503	0
80.4	3129	0
80.4	3263	0
80.4	3106	0
80.4	3234	0
80.4	3259	0
80.5	3279	0
80.5	3202	0
80.5	3155	0
80.5	3197	0
80.5	2977	0
80.6	3064	0
80.6	3251	0
80.6	3059	0
80.6	3070	0
80.6	3023	0
80.7	2877	0
80.8	3100	0
80.8	3227	0
80.8	3097	0
80.8	3222	0
80.8	3206	0
80.8	3191	0
80.8	3057	0
80.9	3159	0
80.9	3341	0
81.0	3263	0
81.0	3151	0
81.0	3207	0
81.0	3295	0
81.0	3167	0
81.0	3035	0
81.0	3239	0
81.0	3167	0
81.1	3030	0
81.1	3068	0
81.1	3206	0
81.1	3141	0
81.2	3143	0
81.2	3125	0
81.2	3089	0
81.3	3170	0
81.3	3198	0
81.3	3271	0
81.4	2811	0
81.4	3084	0
81.4	2945	0
81.4	3111	0
81.4	3193	0
81.4	874	0
81.4	2870	0
81.5	3282	0
81.5	3259	0
81.5	3135	0
81.5	3348	0
81.5	3175	0
81.6	3090	0
81.6	3251	0
81.6	3226	0
81.6	3062	0
81.6	3224	0
81.6	3182	0
81.6	3273	0
81.7	3156	0
81.7	3094	0
81.8	3261	0
81.8	3318	0
81.8	3251	0
81.8	3191	0
81.8	2999	0
81.8	3211	0
81.8	3201	0
81.9	2502	0
81.9	3001	0
82.0	3086	0
82.0	3133	0
82.0	3206	0
82.0	2999	0
82.0	3195	0
82.0	3245	0
82.1	3019	0
82.1	3239	0
82.1	3145	0
82.1	3128	0
82.2	3235	0
82.2	3137	0
82.2	3227	0
82.2	3198	0
82.3	3212	0
82.3	3176	0
82.3	3131	0
82.3	3001	0
82.3	2633	0
82.3	3185	0
82.3	3085	0
82.4	3221	0
82.4	3114	0
82.4	3103	0
82.4	3157	0
82.4	1409	0
82.4	3194	0
82.5	3259	0
82.5	3182	0
82.5	3159	0
82.5	3241	0
82.5	3174	0
82.5	3109	0
82.6	3224	0
82.6	3218	0
82.6	3212	0
82.6	3077	0
82.6	3143	0
82.6	3081	0
82.6	3192	0
82.6	3192	0
82.6	3170	0
82.7	3133	0
82.7	3165	0
82.7	3227	0
82.7	3219	0
82.8	3320	0
82.8	3118	0
82.8	3284	0
82.8	1466	0
82.8	3291	0
82.9	3165	0
82.9	3209	0
82.9	3086	0
83.0	617	0
83.0	2949	0
83.0	3238	0
83.0	3257	0
83.0	3231	0
83.0	3146	0
83.1	3066	0
83.1	3209	0
83.2	3103	0
83.2	3273	0
83.2	3167	0
83.2	3095	0
83.2	3133	0
83.2	3071	0
83.2	3221	0
83.3	3247	0
83.3	3201	0
83.3	3236	0
83.3	3196	0
83.3	3266	0
83.3	3197	0
83.4	3004	0
83.4	3030	0
83.4	3215	0
83.4	3250	0
83.5	3095	0
83.5	3092	0
83.5	3243	0
83.5	3124	0
83.5	3097	0
83.5	3183	0
83.5	3059	0
83.5	3060	0
83.7	2411	0
83.7	3014	0
83.7	3046	0
83.7	3203	0
83.7	3180	0
83.7	3099	0
83.8	3217	0
83.8	3233	0
83.8	3363	0
83.9	3257	0
83.9	3211	0
83.9	3251	0
83.9	3308	0
83.9	3166	0
83.9	3175	0
84.0	3196	0
84.0	2806	0
84.0	3165	0
84.0	3027	0
84.0	3219	0
84.0	3157	0
84.0	3293	0
84.0	3091	0
84.1	3127	0
84.1	3150	0
84.2	770	0
84.2	3183	0
84.2	3168	0
84.2	3283	0
84.2	3170	0
84.2	2194	0
84.3	3147	0
84.3	1559	0
84.4	1	0
84.4	3145	0
84.4	3047	0
84.4	3218	0
84.4	3151	0
84.5	3125	0
84.5	3235	0
84.5	3121	0
84.5	3058	0
84.5	3087	0
84.5	2938	0
84.5	3055	0
84.5	3167	0
84.6	3186	0
84.6	3288	0
84.6	3127	0
84.7	3215	0
84.7	2844	0
84.8	3081	0
84.8	3215	0
84.8	3119	0
84.8	3172	0
84.8	3114	0
84.9	3085	0
84.9	3258	0
84.9	3240	0
84.9	3101	0
85.0	3135	0
85.0	3225	0
85.0	3179	0
85.0	3048	0
85.0	3221	0
85.0	3065	0
85.0	3148	0
85.1	3122	0
85.1	3227	0
85.1	3265	0
85.1	3293	0
85.2	3187	0
85.2	3135	0
85.2	3192	0
85.2	3321	0
85.2	3195	0
85.2	3284	0
85.2	3141	0
85.3	3022	0
85.3	3103	0
85.3	3165	0
85.3	3157	0
85.3	3156	0
85.4	2975	0
85.4	3238	0
85.4	3127	0
85.4	3153	0
85.4	3163	0
85.5	3149	0
85.5	3130	0
85.5	3179	0
85.5	3003	0
85.6	3165	0
85.6	3245	0
85.7	3128	0
85.7	3226	0
85.7	3359	0
85.8	3196	0
85.9	3163	0
85.9	883	0
85.9	3265	0
86.0	3195	0
86.0	3164	0
86.0	3217	0
86.0	3069	0
86.1	3227	0
86.1	3223	0
86.1	3098	0
86.1	3253	0
86.1	2919	0
86.2	3171	0
86.2	3219	0
86.2	1170	0
86.3	3237	0
86.3	3255	0
86.3	3157	0
86.4	3282	0
86.4	3252	0
86.4	3176	0
86.4	3014	0
86.5	3263	0
86.5	3155	0
86.5	3162	0
86.5	3189	0
86.5	3193	0
86.6	3065	0
86.6	3027	0
86.6	2983	0
86.6	3177	0
86.6	3055	0
86.6	2439	0
86.6	3188	0
86.6	3256	0
86.7	3217	0
86.7	3227	0
86.7	2319	0
86.8	3087	0
86.8	3238	0
86.9	3101	0
86.9	3262	0
86.9	3187	0
86.9	3123	0
87.0	3007	0
87.0	3267	0
87.0	3079	0
87.0	3162	0
87.1	3259	0
87.1	2912	0
87.1	2987	0
87.1	3242	0
87.1	3229	0
87.1	3145	0
87.1	3185	0
87.2	3030	0
87.2	3279	0
87.2	3143	0
87.2	3185	0
87.3	3217	0
87.4	3199	0
87.5	3263	0
87.5	3186	0
87.5	3159	0
87.6	3054	0
87.6	3211	0
87.6	3091	0
87.6	3189	0
87.6	3189	0
87.7	3186	0
87.7	3075	0
87.7	3150	0
87.7	1654	0
87.7	3052	0
87.8	2895	0
87.8	3247	0
87.8	3190	0
87.8	3167	0
87.8	3228	0
87.9	3167	0
87.9	3122	0
87.9	3241	0
87.9	3239	0
88.0	3134	0
88.0	3112	0
88.0	3171	0
88.0	3193	0
88.0	3223	0
88.1	3054	0
88.1	3237	0
88.1	1661	0
88.1	3005	0
88.1	3315	0
88.1	3187	0
88.1	3235	0
88.2	3221	0
88.2	3263	0
88.2	3032	0
88.2	3255	0
88.2	3267	0
88.3	3075	0
88.3	3161	0
88.3	3143	0
88.4	3161	0
88.4	3183	0
88.5	3147	0
88.5	3279	0
88.6	3246	0
88.6	3068	0
88.6	3155	0
88.6	3127	0
88.7	3235	0
88.7	3238	0
88.7	3237	0
88.7	2989	0
88.7	3182	0
88.8	3190	0
88.8	3130	0
88.8	3228	0
88.8	3084	0
88.9	3083	0
89.0	3162	0
89.0	3349	0
89.0	3303	0
89.0	3073	0
89.0	3055	0
89.1	3124	0
89.1	3263	0
89.1	3160	0
89.1	3265	0
89.1	3165	0
89.1	3070	0
89.1	3227	0
89.1	3177	0
89.1	2975	0
89.2	3041	0
89.2	3187	0
89.2	3206	0
89.2	3003	0
89.3	3137	0
89.3	3187	0
89.3	3233	0
89.3	3166	0
89.3	3115	0
89.4	3103	0
89.4	3289	0
89.4	3230	0
89.4	3113	0
89.4	3230	0
89.4	3235	0
89.4	3025	0
89.4	3192	0
89.5	3098	0
89.5	3221	0
89.5	2695	0
89.5	3100	0
89.5	3207	0
89.5	3223	0
89.6	3130	0
89.6	3064	0
89.6	3047	0
89.7	3013	0
89.7	3215	0
89.7	3229	0
89.7	3217	0
89.8	3178	0
89.8	3011	0
89.8	3223	0
89.8	3205	0
89.8	3132	0
89.8	2849	0
89.9	3062	0
90.0	3338	0
90.0	3199	0
90.0	2636	0
90.0	3189	0
90.0	3188	0
90.0	3235	0
90.1	3230	0
90.1	3080	0
90.1	2975	0
90.1	3202	0
90.2	3146	0
90.2	1843	0
90.2	3180	0
90.3	3243	0
90.3	2439	0
90.3	3206	0
90.4	3183	0
90.4	2920	0
90.4	3140	0
90.5	2797	0
90.5	3181	0
90.5	3105	0
90.5	3112	0
90.5	3185	0
90.5	3179	0
90.5	3173	0
90.5	3155	0
90.5	2958	0
90.5	3119	0
90.6	3188	0
90.6	626	0
90.7	3218	0
90.7	2948	0
90.8	3202	0
90.8	3252	0
90.8	3193	0
90.8	3131	0
90.8	3068	0
90.9	3102	0
90.9	3204	0
90.9	3124	0
90.9	3185	0
91.0	3263	0
91.0	3181	0
91.0	3224	0
91.0	3153	0
91.1	3297	0
91.1	3160	0
91.1	3189	0
91.1	3285	0
91.2	3164	0
91.2	3060	0
91.2	3235	0
91.3	2950	0
91.3	3068	0
91.3	3001	0
91.3	3229	0
91.3	3125	0
91.3	3111	0
91.4	3221	0
91.5	3107	0
91.5	3291	0
91.5	3110	0
91.6	3135	0
91.6	2379	0
91.6	3234	0
91.7	3143	0
91.7	3081	0
91.8	3123	0
91.8	3219	0
91.8	3261	0
91.8	3108	0
91.8	3233	0
91.8	3091	0
91.8	1326	0
91.8	3172	0
91.8	3181	0
91.9	3138	0
91.9	3139	0
91.9	2948	0
91.9	3229	0
91.9	3135	0
92.0	3083	0
92.0	2565	0
92.0	2999	0
92.0	3175	0
92.0	3097	0
92.0	3223	0
92.0	3119	0
92.0	3197	0
92.1	3216	0
92.2	3151	0
92.2	3086	0
92.2	3129	0
92.2	3083	0
92.2	3034	0
92.2	3012	0
92.2	3174	0
92.3	3183	0
92.3	2999	0
92.3	3213	0
92.3	3249	0
92.3	3085	0
92.4	3225	0
92.4	3127	0
92.4	3303	0
92.4	3233	0
92.4	3127	0
92.5	3096	0
92.5	3114	0
92.5	3073	0
92.6	3095	0
92.6	3230	0
92.7	3272	0
92.7	3110	0
92.7	3174	0
92.7	3197	0
92.7	1120	0
92.8	3205	0
92.8	2974	0
92.8	3174	0
92.8	3245	0
92.8	2935	0
92.8	3143	0
92.9	3181	0
92.9	3112	0
92.9	3102	0
92.9	3298	0
92.9	3309	0
92.9	3681	0
92.9	3141	0
92.9	3189	0
93.0	3197	0
93.0	3159	0
93.0	3081	0
93.0	3164	0
93.0	3162	0
93.1	3063	0
93.1	3258	0
93.2	3223	0
93.2	3086	0
93.2	3206	0
93.2	3323	0
93.2	3117	0
93.2	3015	0
93.3	3224	0
93.3	3167	0
93.3	3197	0
93.4	3148	0
93.4	3142	0
93.4	3270	0
93.4	3217	0
93.5	3241	0
93.5	3170	0
93.5	3178	0
93.5	3043	0
93.5	3159	0
93.7	3038	0
93.7	3133	0
93.7	3012	0
93.7	3250	0
93.7	3125	0
93.7	3182	0
93.7	3091	0
93.7	3076	0
93.8	3101	0
93.8	3263	0
93.8	3161	0
93.8	3321	0
93.9	3180	0
93.9	2785	0
93.9	3260	0
94.0	3099	0
94.0	3228	0
94.0	3315	0
94.0	3137	0
94.0	3111	0
94.1	3033	0
94.1	3194	0
94.1	3190	0
94.1	1562	0
94.2	3179	0
94.2	3142	0
94.2	3167	0
94.3	3289	0
94.3	3180	0
94.3	3165	0
94.3	3301	0
94.3	3075	0
94.3	3163	0
94.4	3199	0
94.4	3135	0
94.4	3053	0
94.4	3180	0
94.5	3071	0
94.5	3219	0
94.5	3066	0
94.5	3202	0
94.5	3299	0
94.5	3186	0
94.5	3104	0
94.6	2966	0
94.6	3135	0
94.6	3121	0
94.6	3189	0
94.6	3370	0
94.6	3080	0
94.6	2918	0
94.7	3207	0
94.7	3087	0
94.7	3022	0
94.7	3164	0
94.7	3217	0
94.7	3081	0
94.7	3238	0
94.8	3140	0
94.8	3095	0
94.8	2709	0
94.9	3176	0
94.9	3160	0
94.9	3028	0
94.9	3197	0
94.9	3112	0
95.0	3231	0
95.1	3030	0
95.1	3191	0
95.1	3211	0
95.2	3147	0
95.2	634	0
95.2	3039	0
95.2	1388	0
95.3	3141	0
95.3	3235	0
95.3	3178	0
95.3	3146	0
95.3	3119	0
95.4	3159	0
95.4	3199	0
95.5	3071	0
95.5	3287	0
95.6	3143	0
95.6	2987	0
95.6	3227	0
95.6	942	0
95.6	3087	0
95.6	3145	0
95.6	3082	0
95.6	3058	0
95.6	3167	0
95.6	3034	0
95.7	3161	0
95.7	3279	0
95.7	3121	0
95.8	3020	0
95.8	3113	0
95.8	3045	0
95.9	2529	0
95.9	3272	0
95.9	3089	0
95.9	3146	0
95.9	3146	0
95.9	3204	0
95.9	2972	0
96.0	2971	0
96.0	3199	0
96.0	3218	0
96.0	3238	0
96.0	3198	0
96.0	3187	0
96.1	3223	0
96.1	3276	0
96.1	3183	0
96.2	3243	0
96.2	3131	0
96.2	3141	0
96.2	3181	0
96.3	3241	0
96.3	3179	0
96.3	2778	0
96.4	3225	0
96.4	2936	0
96.5	3119	0
96.5	3106	0
96.5	3206	0
96.5	3047	0
96.5	3247	0
96.5	2999	0
96.5	3057	0
96.5	3212	0
96.5	3217	0
96.6	3155	0
96.6	3179	0
96.6	3215	0
96.6	3205	0
96.6	1650	0
96.6	3326	0
96.7	3286	0
96.7	3202	0
96.7	3161	0
96.8	3243	0
96.8	3306	0
96.8	3111	0
96.8	3097	0
96.9	3241	0
96.9	2945	0
96.9	3283	0
96.9	3147	0
96.9	3221	0
96.9	3187	0
96.9	3076	0
96.9	3019	0
97.0	3151	0
97.0	3267	0
97.0	693	0
97.0	3143	0
97.0	3202	0
97.1	3151	0
97.1	629	0
97.1	3113	0
97.1	3190	0
97.1	3109	0
97.2	3132	0
97.2	3279	0
97.2	3119	0
97.2	3236	0
97.3	3210	0
97.3	3160	0
97.3	3174	0
97.3	3170	0
97.3	3241	0
97.4	3182	0
97.5	3071	0
97.5	2913	0
97.5	3137	0
97.5	3093	0
97.5	3005	0
97.5	2970	0
97.5	3043	0
97.5	1419	0
97.5	3081	0
97.6	3037	0
97.6	3137	0
97.6	2954	0
97.6	3267	0
97.6	3129	0
97.6	3105	0
97.7	3198	0
97.7	3109	0
97.7	3015	0
97.7	3204	0
97.7	3183	0
97.8	3218	0
97.8	3257	0
97.8	2910	0
97.8	3154	0
97.9	3235	0
97.9	3067	0
97.9	2973	0
97.9	3174	0
97.9	3103	0
97.9	3051	0
97.9	3190	0
98.0	3142	0
98.0	3049	0
98.1	2987	0
98.1	2091	0
98.1	3151	0
98.2	3147	0
98.2	3253	0
98.2	3065	0
98.3	3181	0
98.3	3211	0
98.3	3133	0
98.4	3183	0
98.4	3043	0
98.4	3141	0
98.4	3162	0
98.4	3187	0
98.5	3198	0
98.5	2318	0
98.5	3265	0
98.5	3299	0
98.6	3127	0
98.6	3033	0
98.6	3262	0
98.6	3028	0
98.7	3254	0
98.7	3278	0
98.7	3199	0
98.7	3263	0
98.8	3110	0
98.8	3097	0
98.8	3254	0
98.8	3302	0
98.8	3022	0
98.9	3217	0
98.9	3317	0
98.9	3069	0
98.9	3149	0
99.0	3185	0
99.0	3231	0
99.0	3266	0
99.0	3175	0
99.1	3182	0
99.1	3214	0
99.1	3295	0
99.1	3173	0
99.1	3005	0
99.2	2947	0
99.2	2982	0
99.2	3101	0
99.2	3221	0
99.2	3171	0
99.3	684	0
99.3	1155	0
99.4	3207	0
99.4	3119	0
99.4	3175	0
99.4	3293	0
99.4	3295	0
99.5	3057	0
99.5	1499	0
99.5	4	0
99.5	3263	0
99.5	3238	0
99.5	3186	0
99.6	3111	0
99.6	3045	0
99.6	3184	0
99.6	3092	0
99.6	3403	0
99.6	3204	0
99.7	3231	0
99.7	3124	0
99.7	3292	0
99.7	3074	0
99.8	3186	0
99.8	3141	0
99.8	3303	0
99.8	3121	0
99.8	3229	0
99.8	3090	0
99.8	3337	0
99.8	3035	0
99.9	3132	0
99.9	3183	0
99.9	3239	0
99.9	3054	0
99.9	3263	0
99.9	1554	0
100.0	4	0
100.1	3139	0
100.1	3107	0
100.1	1286	0
100.2	3215	0
100.2	3082	0
100.2	3220	0
100.2	3134	0
100.3	1379	0
100.3	3249	0
100.3	3105	0
100.3	3133	0
100.3	3130	0
100.4	3211	0
100.4	3231	0
100.4	3176	0
100.4	3197	0
100.4	2969	0
100.5	3173	0
100.5	3295	0
100.6	3100	0
100.6	3161	0
100.6	3052	0
100.6	3141	0
100.6	3171	0
100.6	3283	0
100.7	3019	0
100.7	3217	0
100.7	3097	0
100.7	3261	0
100.8	3210	0
100.9	3114	0
100.9	637	0
100.9	3000	0
100.9	3057	0
100.9	3199	0
100.9	3143	0
101.0	3183	0
101.0	3227	0
101.1	3135	0
101.1	3326	0
101.1	3238	0
101.1	3167	0
101.1	3020	0
101.1	3125	0
101.1	3202	0
101.2	3279	0
101.2	3165	0
101.3	3139	0
101.3	3067	0
101.3	3192	0
101.3	3124	0
101.3	3199	0
101.3	3259	0
101.3	3119	0
101.4	3157	0
101.4	3073	0
101.4	3241	0
101.5	3113	0
101.5	3185	0
101.5	3094	0
101.5	3105	0
101.5	3215	0
101.5	3140	0
101.5	3268	0
101.5	2971	0
101.5	3065	0
101.6	3191	0
101.6	3138	0
101.6	3146	0
101.6	3033	0
101.6	3163	0
101.7	3021	0
101.7	3091	0
101.7	3171	0
101.7	3230	0
101.7	3173	0
101.8	3151	0
101.8	3129	0
101.8	3185	0
101.8	3102	0
101.9	3051	0
102.0	3181	0
102.0	3126	0
102.0	3194	0
102.0	3197	0
102.0	3101	0
102.0	2915	0
102.0	3146	0
102.1	3073	0
102.1	3141	0
102.1	3255	0
102.1	3185	0
102.1	3167	0
102.1	3228	0
102.2	3207	0
102.2	3203	0
102.2	3131	0
102.2	3113	0
102.2	3093	0
102.3	3144	0
102.3	3234	0
102.3	3093	0
102.3	3219	0
102.3	3233	0
102.4	3116	0
102.4	3086	0
102.4	3298	0
102.4	3157	0
102.4	3084	0
102.5	3095	0
102.5	3095	0
102.5	3260	0
102.5	3147	0
102.5	3155	0
102.5	3067	0
102.5	3043	0
102.6	3228	0
102.6	3188	0
102.6	3199	0
102.7	3177	0
102.7	3231	0
102.7	3081	0
102.8	3135	0
102.8	3183	0
102.8	3074	0
102.9	3035	0
102.9	3245	0
102.9	3191	0
102.9	3147	0
102.9	3236	0
102.9	3095	0
102.9	3071	0
103.0	3143	0
103.0	3247	0
103.0	3144	0
103.0	3177	0
103.1	3206	0
103.1	3095	0
103.1	3263	0
103.1	3186	0
103.1	3111	0
103.1	3219	0
103.1	2973	0
103.2	2485	0
103.2	2990	0
103.2	3077	0
103.2	1527	0
103.2	3158	0
103.2	2898	0
103.2	3217	0
103.3	3135	0
103.3	3278	0
103.3	1130	0
103.3	3021	0
103.3	3194	0
103.3	3175	0
103.4	3249	0
103.5	3223	0
103.5	3256	0
103.5	2098	0
103.6	3183	0
103.6	2947	0
103.6	3090	0
103.6	3203	0
103.6	3082	0
103.6	2927	0
103.7	3153	0
103.7	3134	0
103.7	3223	0
103.7	1578	0
103.7	4	0
103.7	3185	0
103.7	3259	0
103.7	3206	0
103.7	3205	0
103.8	3234	0
103.8	3284	0
103.8	3159	0
103.8	3077	0
103.8	3157	0
103.8	3093	0
103.8	3299	0
103.9	3190	0
103.9	3343	0
103.9	3192	0
103.9	3215	0
104.0	3215	0
104.0	3217	0
104.0	3051	0
104.1	3196	0
104.1	3133	0
104.1	3167	0
104.1	3142	0
104.2	3255	0
104.2	3225	0
104.2	3175	0
104.2	3174	0
104.2	3154	0
104.3	3255	0
104.3	3075	0
104.3	3201	0
104.3	3039	0
104.3	3103	0
104.3	3272	0
104.3	3239	0
104.4	3069	0
104.5	3199	0
104.5	3161	0
104.5	3139	0
104.5	1583	0
104.5	4	0
104.5	3125	0
104.5	3299	0
104.6	3237	0
104.6	3154	0
104.6	3071	0
104.6	2777	0
104.6	840	0
104.6	3168	0
104.6	3171	0
104.6	3114	0
104.6	3061	0
104.6	3045	0
104.7	3306	0
104.7	3159	0
104.7	3119	0
104.7	3158	0
104.7	3045	0
104.8	3153	0
104.9	3244	0
104.9	3143	0
104.9	3300	0
104.9	3083	0
104.9	3191	0
104.9	3119	0
105.0	3147	0
105.0	3130	0
105.0	689	0
105.0	3159	0
105.0	3029	0
105.0	1018	0
105.0	3283	0
105.1	3301	0
105.2	2979	0
105.2	3023	0
105.2	3298	0
105.2	3227	0
105.2	2999	0
105.2	3092	0
105.2	3155	0
105.2	3127	0
105.3	3016	0
105.3	3118	0
105.3	3362	0
105.3	2992	0
105.3	3107	0
105.3	3207	0
105.3	3301	0
105.3	3169	0
105.4	3353	0
105.4	3171	0
105.4	2444	0
105.4	3162	0
105.4	3186	0
105.4	3233	0
105.5	3191	0
105.5	3266	0
105.5	3068	0
105.5	3123	0
105.6	3066	0
105.6	3246	0
105.7	2971	0
105.7	3283	0
105.7	3187	0
105.8	3069	0
105.8	3119	0
105.8	3245	0
105.8	3327	0
105.8	3121	0
105.9	3117	0
105.9	3167	0
105.9	1579	0
105.9	4	0
105.9	3019	0
106.0	3165	0
106.0	3129	0
106.0	3149	0
106.0	3209	0
106.0	3186	0
106.1	3246	0
106.1	3215	0
106.1	3043	0
106.1	3178	0
106.1	3211	0
106.2	3049	0
106.2	3227	0
106.2	3111	0
106.2	3255	0
106.2	698	0
106.2	3132	0
106.2	3122	0
106.3	3313	0
106.3	3346	0
106.3	3203	0
106.3	3238	0
106.4	2998	0
106.4	3167	0
106.4	3207	0
106.4	2961	0
106.4	3162	0
106.4	3135	0
106.4	3314	0
106.4	3235	0
106.5	3114	0
106.5	3209	0
106.5	730	0
106.6	2438	0
106.6	3047	0
106.7	1124	0
106.7	3109	0
106.7	3182	0
106.7	3071	0
106.7	3242	0
106.8	3226	0
106.8	3111	0
106.8	3189	0
106.8	3266	0
106.9	3194	0
106.9	2989	0
106.9	2975	0
106.9	3026	0
106.9	2946	0
107.0	3119	0
107.0	3102	0
107.0	3085	0
107.1	3171	0
107.1	927	0
107.1	3258	0
107.1	3062	0
107.2	3160	0
107.2	3199	0
107.2	3191	0
107.2	3178	0
107.2	3279	0
107.2	3071	0
107.2	3069	0
107.2	3107	0
107.2	3207	0
107.2	3050	0
107.3	3134	0
107.3	3241	0
107.3	3152	0
107.3	3263	0
107.4	3063	0
107.4	3147	0
107.4	3127	0
107.4	3231	0
107.4	1302	0
107.5	3115	0
107.5	1285	0
107.5	3093	0
107.6	2966	0
107.6	3220	0
107.6	3171	0
107.6	3093	0
107.6	3097	0
107.7	2917	0
107.7	3191	0
107.7	2913	0
107.7	3162	0
107.7	3087	0
107.7	3102	0
107.7	3182	0
107.8	3082	0
107.8	3165	0
107.8	3142	0
107.8	3215	0
107.8	3246	0
107.8	3157	0
107.9	3210	0
107.9	3193	0
107.9	3203	0
108.0	2925	0
108.0	3238	0
108.0	2929	0
108.0	3237	0
108.1	2896	0
108.1	3279	0
108.1	3109	0
108.1	3177	0
108.1	2131	0
108.2	3269	0
108.2	3260	0
108.2	3249	0
108.2	3217	0
108.2	3186	0
108.3	3077	0
108.3	3174	0
108.3	2891	0
108.3	3113	0
108.3	3269	0
108.3	3007	0
108.4	3041	0
108.4	3271	0
108.4	3353	0
108.4	3230	0
108.4	3174	0
108.4	3177	0
108.4	2955	0
108.5	3131	0
108.5	3163	0
108.5	3150	0
108.6	3251	0
108.6	3203	0
108.6	2329	0
108.6	3295	0
108.6	3167	0
108.6	3268	0
108.7	3196	0
108.7	3119	0
108.7	3207	0
108.7	3220	0
108.8	1332	0
108.8	3117	0
108.8	3217	0
108.8	3122	0
108.8	3163	0
108.8	3171	0
108.9	3223	0
108.9	3137	0
108.9	3005	0
108.9	3223	0
108.9	3203	0
108.9	2995	0
108.9	3151	0
109.0	3156	0
109.0	3231	0
109.0	2911	0
109.1	912	0
109.1	3234	0
109.1	3087	0
109.1	3102	0
109.1	3233	0
109.1	3115	0
109.1	1499	0
109.1	4	0
109.2	3114	0
109.2	3180	0
109.2	3053	0
109.2	3224	0
109.3	3128	0
109.3	3102	0
109.3	3224	0
109.3	3212	0
109.3	3215	0
109.3	3230	0
109.3	3217	0
109.4	3261	0
109.4	3247	0
109.4	3263	0
109.4	2527	0
109.4	3263	0
109.4	3255	0
109.4	792	0
109.5	3207	0
109.5	3151	0
109.5	3079	0
109.5	3190	0
109.6	3179	0
109.6	2806	0
109.7	3096	0
109.7	3174	0
109.7	3339	0
109.7	3110	0
109.8	1964	0
109.8	3210	0
109.8	3139	0
109.8	3125	0
109.8	3011	0
109.8	3046	0
109.8	3121	0
109.8	3164	0
110.0	3135	0
110.0	3159	0
110.0	3202	0
110.0	3039	0
110.0	2677	0
110.0	3051	0
110.0	3105	0
110.1	3111	0
110.1	3175	0
110.1	3109	0
110.1	3243	0
110.1	3167	0
110.1	3262	0
110.1	3309	0
110.1	3085	0
110.1	1400	0
110.2	3002	0
110.2	3167	0
110.2	3181	0
110.3	3217	0
110.3	3123	0
110.3	3049	0
110.3	3179	0
110.3	3234	0
110.4	3078	0
110.4	3055	0
110.4	3045	0
110.4	3079	0
110.4	3239	0
110.4	3119	0
110.4	3247	0
110.4	3079	0
110.5	3167	0
110.5	3241	0
110.5	3188	0
110.5	3211	0
110.5	3269	0
110.6	3082	0
110.6	3028	0
110.6	3128	0
110.6	2915	0
110.7	3132	0
110.7	3193	0
110.7	3247	0
110.7	3255	0
110.7	2354	0
110.7	3136	0
110.7	3178	0
110.7	3124	0
110.7	3038	0
110.8	3259	0
110.8	3121	0
110.8	3250	0
110.8	578	0
110.9	3102	0
110.9	3195	0
110.9	3201	0
110.9	3209	0
111.0	3161	0
111.0	3135	0
111.0	3175	0
111.0	3045	0
111.0	3194	0
111.0	3242	0
111.0	3123	0
111.0	3130	0
111.0	3175	0
111.1	3137	0
111.1	3087	0
111.1	3203	0
111.1	3107	0
111.2	3071	0
111.2	3045	0
111.2	3062	0
111.2	3134	0
111.2	3079	0
111.2	2975	0
111.2	3087	0
111.2	3125	0
111.3	3202	0
111.4	2985	0
111.4	3182	0
111.4	3051	0
111.4	3143	0
111.4	3096	0
111.4	3091	0
111.4	3143	0
111.4	3088	0
111.4	3193	0
111.5	3207	0
111.5	3301	0
111.5	3124	0
111.5	3371	0
111.5	3075	0
111.5	3100	0
111.6	3132	0
111.6	3151	0
111.6	3197	0
111.6	3245	0
111.6	3245	0
111.7	3189	0
111.7	3294	0
111.7	3179	0
111.7	3157	0
111.7	3074	0
111.7	3105	0
111.7	3099	0
111.7	3069	0
111.7	3013	0
111.8	3220	0
111.9	3078	0
111.9	3191	0
111.9	3222	0
111.9	3044	0
111.9	3032	0
111.9	3113	0
111.9	3177	0
111.9	1575	0
111.9	4	0
112.0	2465	0
112.0	3227	0
112.0	3074	0
112.0	3196	0
112.0	3090	0
112.0	3191	0
112.0	3148	0
112.0	3137	0
112.1	2925	0
112.1	3067	0
112.1	3247	0
112.1	736	0
112.2	3149	0
112.2	825	0
112.2	3083	0
112.2	3241	0
112.2	3207	0
112.2	3039	0
112.3	2971	0
112.3	3159	0
112.3	2890	0
112.4	3094	0
112.4	3111	0
112.4	3125	0
112.5	3147	0
112.5	3155	0
112.6	3019	0
112.6	3165	0
112.7	3149	0
112.8	3121	0
112.8	3171	0
112.8	3181	0
112.8	3179	0
112.8	3218	0
112.8	3191	0
112.9	2931	0
112.9	3117	0
112.9	3071	0
112.9	3217	0
113.0	3069	0
113.0	3241	0
113.0	3121	0
113.0	3138	0
113.0	3222	0
113.0	1573	0
113.0	3163	0
113.0	2998	0
113.1	3194	0
113.1	3111	0
113.1	2971	0
113.1	2997	0
113.1	3214	0
113.1	3041	0
113.1	3057	0
113.2	3037	0
113.2	3077	0
113.3	3159	0
113.3	3091	0
113.3	3263	0
113.3	3043	0
113.3	3151	0
113.3	3144	0
113.3	3195	0
113.3	1590	0
113.3	3085	0
113.3	3153	0
113.4	3237	0
113.4	3220	0
113.4	3245	0
113.4	3074	0
113.4	2870	0
113.4	3121	0
113.5	3173	0
113.5	3123	0
113.5	3159	0
113.5	3217	0
113.5	3212	0
113.5	3265	0
113.5	3287	0
113.6	3189	0
113.6	3034	0
113.6	3037	0
113.6	1308	0
113.6	3025	0
113.6	3239	0
113.7	3279	0
113.7	3140	0
113.7	3156	0
113.7	3089	0
113.7	3118	0
113.7	3132	0
113.8	3190	0
113.8	3107	0
113.8	3149	0
113.8	3127	0
113.8	3039	0
113.8	3113	0
113.9	2290	0
113.9	3110	0
113.9	3275	0
113.9	3127	0
114.0	2735	0
114.0	3111	0
114.0	3194	0
114.0	2942	0
114.1	3178	0
114.1	3065	0
114.1	3260	0
114.1	3031	0
114.1	3119	0
114.1	3055	0
114.1	3195	0
114.1	3345	0
114.2	2952	0
114.2	2984	0
114.2	3213	0
114.2	3239	0
114.3	3251	0
114.3	3142	0
114.3	3197	0
114.3	3183	0
114.3	3351	0
114.3	3093	0
114.3	3061	0
114.3	3244	0
114.3	3206	0
114.4	3175	0
114.4	3073	0
114.4	3159	0
114.4	3234	0
114.4	3263	0
114.4	3075	0
114.4	3183	0
114.5	3148	0
114.5	3212	0
114.5	3052	0
114.5	3081	0
114.5	3171	0
114.5	3300	0
114.5	3180	0
114.5	3209	0
114.5	3170	0
114.5	3179	0
114.5	1587	0
114.6	3053	0
114.6	3274	0
114.6	3197	0
114.6	3192	0
114.6	2930	0
114.7	3130	0
114.7	3271	0
114.7	3201	0
114.7	3095	0
114.7	3148	0
114.7	3131	0
114.8	3118	0
114.8	3113	0
114.8	3220	0
114.8	3074	0
114.8	3095	0
114.8	3114	0
114.9	3229	0
114.9	3071	0
114.9	3310	0
115.0	3132	0
115.0	3165	0
115.0	3092	0
115.0	2692	0
115.1	3131	0
115.1	3239	0
115.1	2969	0
115.1	3337	0
115.1	2962	0
115.1	3027	0
115.2	3201	0
115.2	3007	0
115.2	3137	0
115.2	3275	0
115.3	3224	0
115.3	3135	0
115.3	3249	0
115.3	3314	0
115.4	3198	0
115.5	3018	0
115.5	3052	0
115.5	3123	0
115.5	3150	0
115.5	3102	0
115.5	3155	0
115.5	3219	0
115.5	3143	0
115.6	3065	0
115.6	3285	0
115.7	3011	0
115.7	3093	0
115.7	3180	0
115.7	3125	0
115.7	3205	0
115.8	3057	0
115.8	3267	0
115.8	3154	0
115.9	3141	0
115.9	3121	0
115.9	3119	0
116.0	3238	0
116.0	3193	0
116.0	3211	0
116.0	3165	0
116.0	2893	0
116.0	3101	0
116.0	1352	0
116.1	3121	0
116.1	3085	0
116.2	3215	0
116.2	3083	0
116.2	3227	0
116.2	3135	0
116.2	3167	0
116.2	3203	0
116.2	3219	0
116.2	3067	0
116.3	3120	0
116.3	3170	0
116.3	3144	0
116.3	3167	0
116.3	3197	0
116.3	3219	0
116.4	3061	0
116.4	3143	0
116.4	3042	0
116.4	3033	0
116.4	3151	0
116.4	3083	0
116.5	3180	0
116.5	3171	0
116.5	3053	0
116.6	3226	0
116.6	3287	0
116.6	3109	0
116.6	3060	0
116.6	3071	0
116.6	3087	0
116.6	3228	0
116.6	3139	0
116.7	3239	0
116.7	3167	0
116.7	3139	0
116.7	3329	0
116.7	2973	0
116.7	1349	0
116.7	3177	0
116.7	3048	0
116.8	2987	0
116.8	3210	0
116.8	3121	0
116.9	1379	0
116.9	3311	0
116.9	3159	0
116.9	3113	0
116.9	3108	0
116.9	3030	0
116.9	3111	0
117.0	3189	0
117.0	3248	0
117.1	3185	0
117.1	3135	0
117.1	2903	0
117.1	3091	0
117.1	1012	0
117.1	3263	0
117.1	3195	0
117.1	3146	0
117.1	3174	0
117.2	3208	0
117.2	3293	0
117.2	3157	0
117.2	3231	0
117.3	3102	0
117.3	3268	0
117.3	661	0
117.3	3212	0
117.3	3139	0
117.3	3071	0
117.3	3133	0
117.4	3145	0
117.4	3160	0
117.4	3239	0
117.4	3227	0
117.4	3148	0
117.4	2785	0
117.5	3191	0
117.5	3197	0
117.5	3086	0
117.5	3109	0
117.5	3075	0
117.5	3025	0
117.5	3053	0
117.6	3261	0
117.6	3025	0
117.6	3093	0
117.7	3212	0
117.7	3112	0
117.7	3175	0
117.8	3111	0
117.9	3247	0
118.0	3171	0
118.0	3167	0
118.0	3174	0
118.0	3166	0
118.1	3199	0
118.1	3121	0
118.1	3186	0
118.2	3071	0
118.2	3273	0
118.2	3155	0
118.2	3014	0
118.2	3013	0
118.2	2853	0
118.3	3172	0
118.3	3078	0
118.3	3239	0
118.3	3178	0
118.3	3177	0
118.3	3082	0
118.4	3020	0
118.4	3219	0
118.4	3221	0
118.4	2996	0
118.4	3250	0
118.4	3181	0
118.5	3222	0
118.5	3169	0
118.5	3075	0
118.5	3304	0
118.6	3127	0
118.6	3161	0
118.7	3286	0
118.7	3143	0
118.7	2947	0
118.8	3121	0
118.8	3082	0
118.8	3181	0
118.8	2922	0
118.8	3203	0
118.8	3159	0
118.8	2981	0
118.8	1019	0
118.8	2165	0
118.8	3247	0
118.9	3229	0
118.9	3069	0
118.9	3249	0
119.0	3207	0
119.0	3090	0
119.0	3007	0
119.0	3156	0
119.0	2974	0
119.1	3082	0
119.1	2207	0
119.1	3142	0
119.1	3179	0
119.1	3116	0
119.1	3234	0
119.2	3239	0
119.2	3236	0
119.2	2919	0
119.2	2965	0
119.2	3058	0
119.2	3215	0
119.2	1557	0
119.3	1608	0
119.3	3054	0
119.3	3033	0
119.3	3054	0
119.3	3007	0
119.3	3129	0
119.4	3187	0
119.4	3162	0
119.4	3207	0
119.4	2978	0
119.4	3077	0
119.4	3159	0
119.4	3218	0
119.4	3177	0
119.5	3260	0
119.6	3214	0
119.6	3095	0
119.6	3155	0
119.6	3199	0
119.6	3131	0
119.6	3201	0
119.6	3151	0
119.7	3115	0
119.7	3229	0
119.7	3276	0
119.7	3171	0
119.7	3101	0
119.7	3187	0
119.8	3121	0
119.8	3207	0
119.8	3206	0
119.8	3260	0
119.8	3135	0
119.8	3166	0
119.8	3017	0
119.8	3239	0
119.9	3205	0
120.0	3045	0
120.1	3151	0
120.1	3174	0
120.1	3121	0
120.2	3110	0
120.2	3019	0
120.2	3129	0
120.2	3201	0
120.2	3048	0
120.2	3307	0
120.3	3229	0
120.3	3137	0
120.3	3205	0
120.3	3055	0
120.3	3161	0
120.3	3257	0
120.4	3118	0
120.4	2955	0
120.4	3211	0
120.4	3189	0
120.5	3209	0
120.5	3184	0
120.5	3147	0
120.5	3159	0
120.5	2993	0
120.6	3058	0
120.6	3114	0
120.6	3011	0
120.6	2998	0
120.7	3169	0
120.7	3153	0
120.7	3132	0
120.7	3223	0
120.7	3258	0
120.7	3132	0
120.7	3033	0
120.8	3079	0
120.9	3229	0
120.9	2799	0
120.9	2887	0
121.0	1306	0
121.0	3166	0
121.0	3215	0
121.1	2563	0
121.1	3227	0
121.2	3007	0
121.2	3037	0
121.2	3234	0
121.2	3224	0
121.2	3154	0
121.2	3247	0
121.2	3151	0
121.3	3033	0
121.3	2879	0
121.3	3265	0
121.3	3293	0
121.3	3027	0
121.3	3167	0
121.3	3167	0
121.3	3124	0
121.4	3120	0
121.4	3151	0
121.5	2195	0
121.5	3247	0
121.5	3225	0
121.5	3069	0
121.6	2578	0
121.6	3112	0
121.6	3167	0
121.6	3146	0
121.7	3075	0
121.7	3275	0
121.7	3188	0
121.7	3147	0
121.7	3051	0
121.8	3177	0
121.8	3052	0
121.8	3151	0
121.8	2871	0
121.8	1545	0
121.9	2	0
121.9	3201	0
122.0	1247	0
122.0	3069	0
122.0	3160	0
122.0	3131	0
122.0	3124	0
122.0	3109	0
122.1	3193	0
122.1	3145	0
122.1	3202	0
122.2	3243	0
122.2	3196	0
122.2	3293	0
122.2	3147	0
122.2	3177	0
122.2	3090	0
122.2	3153	0
122.2	3135	0
122.2	3108	0
122.2	3170	0
122.3	3079	0
122.3	3209	0
122.3	3243	0
122.3	3247	0
122.4	3220	0
122.4	3198	0
122.4	1476	0
122.4	2708	0
122.4	3154	0
122.5	3103	0
122.5	3151	0
122.5	3185	0
122.5	3083	0
122.5	3079	0
122.6	3103	0
122.6	3107	0
122.7	3179	0
122.7	3326	0
122.8	3199	0
122.8	3119	0
122.8	935	0
122.8	3060	0
122.8	3076	0
122.9	2859	0
122.9	3231	0
122.9	3145	0
122.9	3186	0
122.9	3265	0
122.9	3180	0
122.9	3191	0
123.0	3161	0
123.0	3273	0
123.0	3023	0
123.0	3211	0
123.0	3224	0
123.1	3130	0
123.1	3189	0
123.1	3235	0
123.1	3203	0
123.2	3265	0
123.2	884	0
123.2	3165	0
123.2	3213	0
123.2	3183	0
123.3	3221	0
123.3	2801	0
123.3	2710	0
123.3	3262	0
123.3	3071	0
123.3	3172	0
123.3	3086	0
123.4	3079	0
123.4	3210	0
123.4	3311	0
123.5	3216	0
123.5	3034	0
123.5	3231	0
123.5	3133	0
123.5	3190	0
123.5	2999	0
123.5	3185	0
123.6	3190	0
123.6	3302	0
123.6	3114	0
123.7	3265	0
123.7	2926	0
123.7	3055	0
123.8	3193	0
123.8	3208	0
123.8	3079	0
123.9	3211	0
123.9	3173	0
123.9	3063	0
123.9	3190	0
123.9	3023	0
124.0	3154	0
124.0	3106	0
124.0	3130	0
124.0	3209	0
124.0	3215	0
124.1	3345	0
124.1	2881	0
124.1	3272	0
124.1	3199	0
124.1	3250	0
124.1	3073	0
124.1	3223	0
124.2	3284	0
124.3	3309	0
124.3	3153	0
124.3	3187	0
124.3	3262	0
124.4	3192	0
124.4	1212	0
124.4	3176	0
124.4	3115	0
124.4	3298	0
124.4	3150	0
124.4	3217	0
124.5	3259	0
124.5	3101	0
124.5	3272	0
124.6	3071	0
124.6	3165	0
124.6	3119	0
124.6	3219	0
124.6	3243	0
124.6	1849	0
124.7	3135	0
124.7	3062	0
124.7	1592	0
124.7	3145	0
124.7	3163	0
124.8	3203	0
124.8	3243	0
124.9	3175	0
124.9	3118	0
124.9	3169	0
124.9	3250	0
124.9	3231	0
125.0	3065	0
125.0	3267	0
125.0	3137	0
125.0	3269	0
125.0	3053	0
125.0	3015	0
125.0	1581	0
125.0	1651	0
125.1	3155	0
125.2	2577	0
125.2	3358	0
125.2	3231	0
125.3	3287	0
125.3	2894	0
125.3	3127	0
125.4	3131	0
125.4	3194	0
125.4	3213	0
125.5	2647	0
125.5	2972	0
125.5	3098	0
125.6	2978	0
125.6	3001	0
125.6	3173	0
125.6	3294	0
125.6	3247	0
125.6	3214	0
125.7	2004	0
125.8	2846	0
125.8	3101	0
125.8	3240	0
125.8	2983	0
125.8	3229	0
125.9	3038	0
125.9	3227	0
125.9	3176	0
125.9	3223	0
125.9	3181	0
126.0	3067	0
126.0	3140	0
126.0	3110	0
126.1	3183	0
126.2	3319	0
126.2	3099	0
126.3	3303	0
126.3	1512	0
126.3	3210	0
126.3	3089	0
126.3	3187	0
126.3	3095	0
126.3	3198	0
126.3	3274	0
126.3	3270	0
126.4	3153	0
126.4	3189	0
126.4	3127	0
126.4	3159	0
126.4	3111	0
126.5	3198	0
126.5	3141	0
126.5	3183	0
126.5	3102	0
126.5	3075	0
126.5	3251	0
126.5	3243	0
126.6	2986	0
126.6	3107	0
126.6	3207	0
126.6	3309	0
126.6	1796	0
126.7	3213	0
126.7	3250	0
126.7	3047	0
126.7	3159	0
126.7	3225	0
126.7	3056	0
126.8	3207	0
126.8	3105	0
126.8	2733	0
126.8	3199	0
126.8	3193	0
126.9	3062	0
126.9	3159	0
126.9	3119	0
126.9	2947	0
127.0	3358	0
127.0	3189	0
127.0	3041	0
127.0	2917	0
127.0	3059	0
127.0	3197	0
127.0	3100	0
127.0	3237	0
127.0	2855	0
127.0	3187	0
127.1	3255	0
127.1	3121	0
127.3	3255	0
127.3	3271	0
127.3	3167	0
127.3	2991	0
127.3	3204	0
127.3	3196	0
127.4	1865	0
127.4	3253	0
127.5	3014	0
127.5	3178	0
127.5	3003	0
127.5	3315	0
127.5	3107	0
127.5	3270	0
127.5	3069	0
127.6	3081	0
127.6	3058	0
127.6	2997	0
127.6	2929	0
127.6	3095	0
127.6	3087	0
127.7	3094	0
127.7	3099	0
127.7	3030	0
127.7	2979	0
127.8	822	0
127.8	3039	0
127.8	3057	0
127.8	3130	0
127.8	3291	0
127.8	2964	0
127.8	2891	0
127.9	2979	0
127.9	3176	0
127.9	3167	0
127.9	3171	0
128.0	1543	0
128.0	4	0
128.0	1532	0
128.0	4	0
128.0	3205	0
128.0	3220	0
128.0	3141	0
128.0	3187	0
128.0	2634	0
128.1	3247	0
128.1	3049	0
128.1	3152	0
128.1	3101	0
128.2	3096	0
128.2	3145	0
128.2	3249	0
128.2	3174	0
128.2	617	0
128.3	3130	0
128.3	3251	0
128.3	3082	0
128.3	3135	0
128.4	3157	0
128.4	3098	0
128.5	3208	0
128.5	3223	0
128.5	3230	0
128.6	3215	0
128.6	3155	0
128.6	3023	0
128.6	3219	0
128.7	3295	0
128.7	2979	0
128.7	3241	0
128.7	3153	0
128.8	3047	0
128.8	3161	0
128.8	3170	0
128.9	3210	0
128.9	3070	0
128.9	3209	0
128.9	3063	0
128.9	3311	0
128.9	3226	0
128.9	3017	0
128.9	3137	0
128.9	3202	0
128.9	3167	0
129.0	3027	0
129.0	3135	0
129.0	3243	0
129.0	1816	0
129.0	3292	0
129.1	3205	0
129.1	3210	0
129.1	3274	0
129.1	3125	0
129.2	3215	0
129.2	3198	0
129.2	3211	0
129.3	1579	0
129.3	3157	0
129.3	3142	0
129.3	3147	0
129.3	3131	0
129.4	3178	0
129.4	3217	0
129.5	3180	0
129.5	3199	0
129.5	3065	0
129.5	3204	0
129.6	3271	0
129.6	3183	0
129.6	3167	0
129.6	3021	0
129.7	3155	0
129.7	3207	0
129.7	3316	0
129.8	908	0
129.8	3140	0
129.8	3310	0
129.8	3215	0
129.8	3101	0
129.8	3175	0
129.8	3202	0
129.8	3179	0
129.8	3132	0
129.8	3164	0
129.9	3282	0
129.9	3071	0
129.9	3179	0
130.0	3086	0
130.0	3288	0
130.0	3126	0
130.0	3151	0
130.1	3207	0
130.1	3047	0
130.1	3083	0
130.1	3230	0
130.1	3211	0
130.1	3037	0
130.1	3153	0
130.1	3112	0
130.2	3122	0
130.2	3158	0
130.2	1626	0
130.2	3253	0
130.2	1088	0
130.2	3191	0
130.3	2305	0
130.3	3175	0
130.3	3133	0
130.3	3254	0
130.3	3187	0
130.3	3129	0
130.3	3164	0
130.4	3239	0
130.4	3191	0
130.4	3239	0
130.4	3183	0
130.4	3130	0
130.5	3083	0
130.5	3091	0
130.5	3123	0
130.6	3124	0
130.6	3207	0
130.8	3079	0
130.8	3193	0
130.8	3183	0
130.8	2977	0
130.8	3081	0
130.8	3051	0
130.9	3310	0
130.9	3084	0
130.9	3183	0
130.9	3149	0
131.0	3139	0
131.0	2985	0
131.0	3115	0
131.0	3162	0
131.0	3185	0
131.0	3179	0
131.0	3116	0
131.1	3165	0
131.1	3130	0
131.2	1621	0
131.2	5	0
131.2	3057	0
131.2	3217	0
131.2	3079	0
131.3	3179	0
131.3	3130	0
131.3	3089	0
131.4	3169	0
131.4	3087	0
131.4	2721	0
131.4	3081	0
131.5	3118	0
131.5	3170	0
131.5	3101	0
131.5	3191	0
131.5	3067	0
131.6	3140	0
131.6	3224	0
131.6	3141	0
131.6	3210	0
131.6	3068	0
131.6	3213	0
131.7	3237	0
131.7	3122	0
131.7	3163	0
131.7	3240	0
131.7	3180	0
131.7	3042	0
131.8	3193	0
131.8	3202	0
131.8	3154	0
131.8	3047	0
131.8	3117	0
131.8	3250	0
131.8	3161	0
131.8	3018	0
131.8	2973	0
131.9	2891	0
131.9	3275	0
131.9	3235	0
131.9	3177	0
131.9	3051	0
132.0	3141	0
132.0	3227	0
132.0	3051	0
132.0	3241	0
132.0	717	0
132.0	3127	0
132.1	3294	0
132.1	3034	0
132.1	3122	0
132.1	3089	0
132.1	3253	0
132.2	3080	0
132.2	2979	0
132.2	3077	0
132.2	3247	0
132.2	3169	0
132.2	3061	0
132.2	3288	0
132.3	3227	0
132.3	3163	0
132.3	3120	0
132.4	3174	0
132.4	3117	0
132.4	3131	0
132.4	3127	0
132.5	3083	0
132.5	3131	0
132.5	3087	0
132.5	3199	0
132.5	3021	0
132.6	3277	0
132.6	3134	0
132.6	3115	0
132.6	1652	0
132.7	4	0
132.7	3183	0
132.7	3179	0
132.7	3124	0
132.7	3027	0
132.8	3037	0
132.8	3141	0
132.8	3208	0
132.8	3263	0
132.8	3224	0
132.9	3061	0
132.9	3115	0
132.9	3086	0
132.9	3065	0
133.0	3179	0
133.1	3164	0
133.1	2996	0
133.1	3109	0
133.1	3155	0
133.1	3150	0
133.2	3245	0
133.2	2297	0
133.2	3016	0
133.2	3207	0
133.2	1552	0
133.3	3083	0
133.3	3086	0
133.3	2985	0
133.3	3175	0
133.3	3220	0
133.3	3213	0
133.3	2989	0
133.3	3023	0
133.4	3077	0
133.4	3263	0
133.5	3081	0
133.5	3303	0
133.5	3034	0
133.5	2970	0
133.5	3197	0
133.5	3051	0
133.5	3227	0
133.5	2924	0
133.5	3213	0
133.6	3164	0
133.6	3299	0
133.6	3199	0
133.6	3123	0
133.7	3043	0
133.7	3219	0
133.7	3268	0
133.7	3193	0
133.8	3319	0
133.8	3285	0
133.8	3211	0
133.8	3175	0
133.8	3030	0
133.8	3208	0
133.8	3201	0
133.8	3121	0
133.8	2858	0
133.8	3186	0
133.8	3207	0
133.8	3233	0
133.9	3134	0
133.9	3125	0
134.0	3310	0
134.0	3191	0
134.0	3101	0
134.0	3129	0
134.0	3186	0
134.0	3162	0
134.1	3086	0
134.1	3143	0
134.1	2873	0
134.1	3143	0
134.1	3253	0
134.1	3067	0
134.2	3125	0
134.2	3167	0
134.2	3187	0
134.2	3185	0
134.2	3157	0
134.2	3060	0
134.2	3218	0
134.2	3056	0
134.3	3113	0
134.3	3043	0
134.4	3181	0
134.4	3148	0
134.4	3127	0
134.5	3199	0
134.5	3211	0
134.5	3105	0
134.5	3157	0
134.5	3152	0
134.5	3199	0
134.6	3037	0
134.6	3211	0
134.6	3239	0
134.7	3344	0
134.7	2886	0
134.7	2996	0
134.7	3111	0
134.7	2977	0
134.7	3212	0
134.8	3211	0
134.8	1816	0
134.9	3133	0
134.9	3160	0
134.9	3214	0
134.9	1040	0
134.9	3259	0
134.9	3117	0
134.9	3242	0
135.0	3229	0
135.0	3213	0
135.0	3245	0
135.1	3213	0
135.1	3095	0
135.1	1952	0
135.1	3162	0
135.2	3249	0
135.2	3219	0
135.2	3123	0
135.2	3133	0
135.2	3236	0
135.2	3174	0
135.2	3212	0
135.2	3313	0
135.3	3143	0
135.3	3158	0
135.3	3111	0
135.4	3167	0
135.4	708	0
135.4	3247	0
135.4	3064	0
135.4	3243	0
135.4	3017	0
135.4	2691	0
135.5	3172	0
135.5	3225	0
135.5	3119	0
135.5	3275	0
135.6	3167	0
135.6	3119	0
135.6	3185	0
135.7	3121	0
135.7	3056	0
135.7	3227	0
135.7	3161	0
135.7	3126	0
135.7	2773	0
135.8	3089	0
135.8	3251	0
135.8	3290	0
135.8	3221	0
135.9	3071	0
135.9	3150	0
135.9	3197	0
135.9	3171	0
135.9	2963	0
135.9	3227	0
136.0	3314	0
136.0	3169	0
136.0	3157	0
136.0	3205	0
136.1	3003	0
136.1	3213	0
136.1	3155	0
136.1	3179	0
136.1	3257	0
136.2	3250	0
136.2	3131	0
136.2	3069	0
136.2	3240	0
136.2	3141	0
136.2	3149	0
136.3	3231	0
136.4	2904	0
136.4	3219	0
136.5	3087	0
136.5	3359	0
136.5	3125	0
136.6	3271	0
136.6	3215	0
136.6	3046	0
136.6	3081	0
136.6	3176	0
136.6	3062	0
136.6	3215	0
136.6	3094	0
136.7	3271	0
136.7	3242	0
136.7	3129	0
136.7	3143	0
136.7	3022	0
136.7	3278	0
136.8	3108	0
136.8	3137	0
136.8	3034	0
