4587.9	3519	0
4587.9	3613	0
4588.0	3659	0
4588.0	3527	0
4588.0	3697	0
4588.0	3693	0
4588.0	3527	0
4588.0	3667	0
4588.0	3685	0
4588.0	3647	0
4588.0	3693	0
4588.0	3675	0
4588.1	2199	0
4588.1	3631	0
4588.1	3561	0
4588.1	3681	0
4588.1	3695	0
4588.2	3675	0
4588.3	3683	0
4588.3	3691	0
4588.3	3687	0
4588.3	3193	0
4588.3	3697	0
4588.3	3674	0
4588.3	3568	0
4588.4	3630	0
4588.4	3639	0
4588.4	3667	0
4588.4	3690	0
4588.5	3670	0
4588.5	3652	0
4588.6	3526	0
4588.6	3692	0
4588.6	3519	0
4588.6	3614	0
4588.6	3666	0
4588.7	3677	0
4588.7	3633	0
4588.7	3620	0
4588.7	3655	0
4588.7	3665	0
4588.7	3594	0
4588.7	3592	0
4588.7	3510	0
4588.8	3241	0
4588.8	3679	0
4588.9	3675	0
4588.9	3673	0
4588.9	3695	0
4588.9	3685	0
4588.9	3685	0
4588.9	3687	0
4589.0	3597	0
4589.0	3649	0
4589.0	3683	0
4589.1	3374	0
4589.1	3697	0
4589.1	3693	0
4589.1	3695	0
4589.1	3666	0
4589.1	3654	0
4589.1	3675	0
4589.2	3683	0
4589.2	3687	0
4589.2	3534	0
4589.2	3697	0
4589.3	3681	0
4589.3	3211	0
4589.4	3687	0
4589.4	3671	0
4589.4	3556	0
4589.5	3659	0
4589.5	3682	0
4589.5	3665	0
4589.6	2817	0
4589.6	3695	0
4589.6	3686	0
4589.7	3503	0
4589.7	3679	0
4589.7	3618	0
4589.8	2391	0
4589.8	3356	0
4589.8	3686	0
4589.8	3685	0
4589.8	3683	0
4589.9	3663	0
4589.9	3651	0
4590.0	3700	0
4590.0	3691	0
4590.0	3622	0
4590.0	3418	0
4590.0	3695	0
4590.1	3583	0
4590.1	3686	0
4590.1	3697	0
4590.1	3690	0
4590.1	3686	0
4590.2	3687	0
4590.2	3689	0
4590.2	3687	0
4590.2	3695	0
4590.2	3683	0
4590.2	3684	0
4590.3	3668	0
4590.3	3673	0
4590.3	3683	0
4590.4	2818	0
4590.4	3657	0
4590.4	3686	0
4590.4	3697	0
4590.4	3679	0
4590.4	3695	0
4590.5	3697	0
4590.5	3698	0
4590.5	3615	0
4590.6	3431	0
4590.6	3641	0
4590.7	3691	0
4590.7	3677	0
4590.7	3692	0
4590.7	3369	0
4590.8	3473	0
4590.8	3692	0
4590.8	3677	0
4590.8	3695	0
4590.9	3654	0
4590.9	3615	0
4591.0	3679	0
4591.0	3183	0
4591.0	3695	0
4591.1	3655	0
4591.1	3343	0
4591.1	3677	0
4591.1	3579	0
4591.3	3695	0
4591.3	3655	0
4591.3	3591	0
4591.4	3703	0
4591.4	3679	0
4591.5	3487	0
4591.5	3661	0
4591.5	3661	0
4591.5	3660	0
4591.5	3124	0
4591.6	3691	0
4591.6	3551	0
4591.6	3689	0
4591.7	3695	0
4591.7	3354	0
4591.7	3381	0
4591.7	3657	0
4591.7	3702	0
4591.7	3692	0
4591.7	3564	0
4591.8	3691	0
4591.8	3687	0
4591.9	3686	0
4591.9	3442	0
4591.9	1837	0
4591.9	4	0
4591.9	3690	0
4591.9	3671	0
4591.9	3683	0
4591.9	3690	0
4591.9	3701	0
4591.9	3689	0
4591.9	3661	0
4591.9	3691	0
4592.0	3649	0
4592.0	3702	0
4592.1	3694	0
4592.1	3687	0
4592.1	3691	0
4592.1	3669	0
4592.1	3681	0
4592.1	3657	0
4592.2	3601	0
4592.2	3683	0
4592.2	3692	0
4592.2	3678	0
4592.3	3682	0
4592.4	3673	0
4592.4	3676	0
4592.4	3647	0
4592.4	3697	0
4592.4	3671	0
4592.4	3691	0
4592.4	3230	0
4592.4	3532	0
4592.5	3463	0
4592.5	3675	0
4592.5	3683	0
4592.6	3573	0
4592.6	3563	0
4592.6	3502	0
4592.6	3691	0
4592.7	3682	0
4592.7	3269	0
4592.7	3355	0
4592.7	3695	0
4592.7	3644	0
4592.7	3620	0
4592.7	3691	0
4592.8	3683	0
4592.8	3494	0
4592.8	3683	0
4592.8	3694	0
4592.9	3693	0
4592.9	3692	0
4592.9	3411	0
4592.9	3695	0
4592.9	3653	0
4593.0	3655	0
4593.0	3645	0
4593.0	3685	0
4593.1	3691	0
4593.1	3701	0
4593.1	3681	0
4593.1	3669	0
4593.1	3690	0
4593.2	3694	0
4593.2	3684	0
4593.2	3695	0
4593.3	3685	0
4593.3	2378	0
4593.3	3609	0
4593.3	3690	0
4593.3	3697	0
4593.3	3627	0
4593.4	3535	0
4593.5	3697	0
4593.5	3657	0
4593.5	3562	0
4593.5	3563	0
4593.5	3695	0
4593.6	3685	0
4593.6	3337	0
4593.6	3681	0
4593.6	3686	0
4593.6	3679	0
4593.7	3518	0
4593.8	3694	0
4593.8	3693	0
4593.8	3654	0
4593.8	3691	0
4593.9	3688	0
4593.9	3691	0
4593.9	3507	0
4593.9	3693	0
4593.9	3691	0
4594.0	3683	0
4594.1	3697	0
4594.1	3679	0
4594.1	3684	0
4594.1	3679	0
4594.1	3689	0
4594.1	3691	0
4594.1	3687	0
4594.1	3690	0
4594.2	3499	0
4594.2	3624	0
4594.2	3658	0
4594.2	3642	0
4594.2	3691	0
4594.2	3682	0
4594.2	3687	0
4594.3	3674	0
4594.3	3670	0
4594.3	3687	0
4594.4	3695	0
4594.5	3474	0
4594.5	3529	0
4594.5	3689	0
4594.5	3669	0
4594.5	3678	0
4594.6	3694	0
4594.6	3635	0
4594.6	3565	0
4594.6	3636	0
4594.7	3679	0
4594.7	3615	0
4594.7	3398	0
4594.7	3501	0
4594.8	3679	0
4594.8	3511	0
4594.8	3031	0
4594.8	3426	0
4594.9	3694	0
4594.9	3676	0
4594.9	3691	0
4594.9	3682	0
4595.0	3698	0
4595.0	3683	0
4595.0	3685	0
4595.1	3447	0
4595.1	3689	0
4595.1	3663	0
4595.1	3695	0
4595.1	3369	0
4595.1	3533	0
4595.1	3643	0
4595.1	3481	0
4595.2	3639	0
4595.2	3684	0
4595.2	3666	0
4595.3	3675	0
4595.3	3624	0
4595.3	3690	0
4595.3	3691	0
4595.4	3671	0
4595.4	3687	0
4595.4	3691	0
4595.4	3661	0
4595.4	3643	0
4595.4	3695	0
4595.4	3685	0
4595.5	3583	0
4595.5	3684	0
4595.5	3699	0
4595.6	3683	0
4595.6	3635	0
4595.6	3615	0
4595.6	3675	0
4595.6	3647	0
4595.7	3665	0
4595.8	3239	0
4595.8	3643	0
4595.8	3695	0
4595.9	3457	0
4595.9	3622	0
4595.9	3410	0
4595.9	3578	0
4596.0	3686	0
4596.0	3697	0
4596.0	3702	0
4596.0	3529	0
4596.0	3647	0
4596.1	3630	0
4596.1	3653	0
4596.2	3634	0
4596.2	3617	0
4596.2	3685	0
4596.3	3694	0
4596.4	3497	0
4596.5	3695	0
4596.5	3675	0
4596.5	3691	0
4596.5	3691	0
4596.5	3587	0
4596.6	3619	0
4596.7	3682	0
4596.7	3635	0
4596.8	3386	0
4596.8	3658	0
4596.8	3683	0
4596.8	3690	0
4596.8	3685	0
4596.8	3693	0
4596.9	3563	0
4596.9	3695	0
4597.0	3691	0
4597.0	3677	0
4597.0	3697	0
4597.0	3695	0
4597.0	3690	0
4597.1	3685	0
4597.1	3693	0
4597.1	3677	0
4597.1	3676	0
4597.2	3566	0
4597.2	3539	0
4597.3	3674	0
4597.3	3331	0
4597.3	3596	0
4597.3	3691	0
4597.3	3017	0
4597.3	3700	0
4597.4	3605	0
4597.5	3669	0
4597.5	3687	0
4597.5	3689	0
4597.5	1833	0
4597.6	4	0
4597.6	3661	0
4597.6	3681	0
4597.6	3698	0
4597.7	3487	0
4597.7	3679	0
4597.7	3439	0
4597.8	3677	0
4597.8	3699	0
4597.8	3682	0
4597.8	3686	0
4597.8	3699	0
4597.9	3686	0
4597.9	3675	0
4597.9	3662	0
4597.9	3695	0
4597.9	3691	0
4597.9	3388	0
4598.0	3682	0
4598.0	3661	0
4598.0	3700	0
4598.0	3681	0
4598.0	3415	0
4598.1	3689	0
4598.1	3671	0
4598.1	3663	0
4598.1	3688	0
4598.2	3631	0
4598.2	3685	0
4598.2	3647	0
4598.2	3685	0
4598.2	3677	0
4598.2	2907	0
4598.3	3506	0
4598.3	3641	0
4598.3	3663	0
4598.4	3579	0
4598.4	3685	0
4598.4	3692	0
4598.4	3651	0
4598.4	3668	0
4598.4	3687	0
4598.4	3665	0
4598.4	3681	0
4598.5	3699	0
4598.6	3691	0
4598.6	3215	0
4598.6	3704	0
4598.6	3698	0
4598.6	3685	0
4598.6	3675	0
4598.6	3697	0
4598.6	3507	0
4598.7	3687	0
4598.7	3700	0
4598.7	3445	0
4598.7	3689	0
4598.7	3603	0
4598.7	3683	0
4598.8	3669	0
4598.8	3673	0
4598.8	3661	0
4598.8	3681	0
4598.8	3561	0
4598.9	3531	0
4598.9	3679	0
4598.9	3679	0
4598.9	3683	0
4598.9	3681	0
4599.0	3685	0
4599.0	3637	0
4599.0	3679	0
4599.1	3687	0
4599.1	3593	0
4599.1	3688	0
4599.1	3629	0
4599.1	3692	0
4599.1	3517	0
4599.2	3538	0
4599.2	3407	0
4599.3	3641	0
4599.3	3229	0
4599.4	3689	0
4599.4	3682	0
4599.4	3686	0
4599.5	3698	0
4599.5	3659	0
4599.5	3667	0
4599.5	3572	0
4599.6	3705	0
4599.6	3662	0
4599.6	3698	0
4599.6	3679	0
4599.7	3637	0
4599.7	3683	0
4599.8	3691	0
4599.8	3691	0
4599.8	3619	0
4599.8	3678	0
4599.9	3686	0
4599.9	3662	0
4600.0	3639	0
4600.0	3689	0
4600.0	3639	0
4600.0	3679	0
4600.1	3695	0
4600.1	3679	0
4600.1	3659	0
4600.2	3675	0
4600.2	3676	0
4600.3	3663	0
4600.3	3670	0
4600.3	3478	0
4600.3	3689	0
4600.3	3694	0
4600.4	3389	0
4600.4	3685	0
4600.4	3538	0
4600.5	3522	0
4600.5	3691	0
4600.5	3691	0
4600.5	3693	0
4600.6	3208	0
4600.6	3685	0
4600.6	3573	0
4600.7	3678	0
4600.7	3578	0
4600.7	3673	0
4600.8	3624	0
4600.8	3655	0
4600.8	3693	0
4600.8	3679	0
4600.9	3681	0
4600.9	3480	0
4601.0	3687	0
4601.0	3587	0
4601.0	3443	0
4601.0	3682	0
4601.0	3699	0
4601.0	3635	0
4601.0	3694	0
4601.1	3682	0
4601.1	3691	0
4601.1	3595	0
4601.2	3100	0
4601.2	3677	0
4601.2	3651	0
4601.2	3682	0
4601.3	3700	0
4601.3	3687	0
4601.4	3625	0
4601.4	3701	0
4601.4	3620	0
4601.4	3673	0
4601.5	3690	0
4601.5	3632	0
4601.5	3666	0
4601.5	3645	0
4601.5	3686	0
4601.5	3679	0
4601.5	3695	0
4601.5	3590	0
4601.6	3693	0
4601.6	3604	0
4601.6	3669	0
4601.6	3678	0
4601.7	3695	0
4601.7	3702	0
4601.8	3612	0
4601.8	3688	0
4601.8	3695	0
4601.8	3565	0
4601.8	3666	0
4601.8	3521	0
4601.9	3683	0
4601.9	3595	0
4601.9	3679	0
4601.9	3671	0
4601.9	3687	0
4601.9	3686	0
4601.9	3663	0
4601.9	3614	0
4601.9	3685	0
4602.0	3692	0
4602.1	3687	0
4602.1	3683	0
4602.1	3691	0
4602.1	3699	0
4602.2	3631	0
4602.2	3679	0
4602.2	3685	0
4602.2	3665	0
4602.3	3692	0
4602.3	3685	0
4602.3	3676	0
4602.3	3701	0
4602.3	3543	0
4602.4	3578	0
4602.4	3681	0
4602.4	3570	0
4602.4	3390	0
4602.5	3651	0
4602.5	3701	0
4602.5	3687	0
4602.5	3690	0
4602.6	3645	0
4602.6	3649	0
4602.6	3689	0
4602.6	3607	0
4602.7	3499	0
4602.7	3700	0
4602.7	3663	0
4602.7	3697	0
4602.7	3686	0
4602.7	3703	0
4602.8	3686	0
4602.8	3695	0
4602.9	3679	0
4602.9	3693	0
4602.9	3407	0
4603.0	3667	0
4603.0	3292	0
4603.0	3614	0
4603.0	3679	0
4603.0	3699	0
4603.0	3691	0
4603.1	3674	0
4603.1	3651	0
4603.1	3622	0
4603.1	3512	0
4603.1	3642	0
4603.1	3689	0
4603.2	1627	0
4603.2	3677	0
4603.2	3691	0
4603.2	3682	0
4603.2	3684	0
4603.2	3687	0
4603.2	3687	0
4603.2	3691	0
4603.2	3694	0
4603.3	3690	0
4603.3	2931	0
4603.3	3688	0
4603.3	3682	0
4603.3	3687	0
4603.4	3699	0
4603.4	3698	0
4603.4	3259	0
4603.4	3641	0
4603.4	3458	0
4603.4	3598	0
4603.5	3678	0
4603.5	3690	0
4603.5	3618	0
4603.6	3361	0
4603.6	3674	0
4603.7	3571	0
4603.7	3639	0
4603.7	3703	0
4603.7	3663	0
4603.8	3657	0
4603.8	3686	0
4603.9	3669	0
4603.9	3390	0
4603.9	3668	0
4603.9	3691	0
4603.9	3685	0
4603.9	3667	0
4604.0	3698	0
4604.0	3453	0
4604.0	3687	0
4604.0	3647	0
4604.1	3675	0
4604.1	3431	0
4604.1	3627	0
4604.1	3639	0
4604.1	3692	0
4604.2	3577	0
4604.2	3674	0
4604.3	3522	0
4604.4	3692	0
4604.5	3662	0
4604.5	3606	0
4604.5	3677	0
4604.5	3663	0
4604.5	3687	0
4604.6	3682	0
4604.6	2554	0
4604.6	3692	0
4604.6	3601	0
4604.6	3695	0
4604.7	3657	0
4604.7	3390	0
4604.7	3310	0
4604.7	3411	0
4604.7	3668	0
4604.7	3430	0
4604.7	3549	0
4604.8	3690	0
4604.8	3699	0
4604.8	3686	0
4604.8	3689	0
4604.9	3601	0
4604.9	3655	0
4605.0	3695	0
4605.0	3670	0
4605.0	3535	0
4605.0	3645	0
4605.1	3670	0
4605.1	3431	0
4605.1	3685	0
4605.1	3463	0
4605.2	3659	0
4605.2	3373	0
4605.2	3653	0
4605.3	3699	0
4605.4	3577	0
4605.4	3692	0
4605.4	3657	0
4605.4	3303	0
4605.5	3663	0
4605.5	3687	0
4605.5	3547	0
4605.5	3377	0
4605.6	3482	0
4605.6	3698	0
4605.6	3442	0
4605.6	3689	0
4605.6	3599	0
4605.6	3685	0
4605.6	3681	0
4605.6	3695	0
4605.6	3697	0
4605.6	3573	0
4605.7	3641	0
4605.7	3270	0
4605.7	3639	0
4605.7	3609	0
4605.8	3689	0
4605.8	3696	0
4605.8	3687	0
4605.9	3677	0
4605.9	3697	0
4605.9	3694	0
4606.0	3679	0
4606.0	3679	0
4606.0	3668	0
4606.1	3547	0
4606.1	3351	0
4606.1	3610	0
4606.1	3657	0
4606.1	3547	0
4606.1	3605	0
4606.2	3567	0
4606.2	3601	0
4606.2	3449	0
4606.2	3677	0
4606.3	3692	0
4606.3	3524	0
4606.3	3671	0
4606.3	3559	0
4606.4	3675	0
4606.4	3683	0
4606.4	3691	0
4606.5	3673	0
4606.6	3673	0
4606.6	3689	0
4606.6	3496	0
4606.6	3657	0
4606.6	3647	0
4606.7	3682	0
4606.7	3657	0
4606.7	3692	0
4606.7	3688	0
4606.9	3684	0
4606.9	3671	0
4606.9	1933	0
4606.9	3698	0
4606.9	1838	0
4607.0	4	0
4607.1	3657	0
4607.1	3538	0
4607.2	3701	0
4607.3	3565	0
4607.3	3685	0
4607.3	3693	0
4607.3	3679	0
4607.3	3702	0
4607.3	3677	0
4607.3	3690	0
4607.4	3695	0
4607.4	3697	0
4607.4	3687	0
4607.5	3699	0
4607.5	3691	0
4607.5	3690	0
4607.5	3695	0
4607.5	3678	0
4607.5	3542	0
4607.5	3651	0
4607.5	3657	0
4607.6	3587	0
4607.6	3699	0
4607.6	3627	0
4607.8	3692	0
4607.8	3697	0
4607.9	3623	0
4607.9	3685	0
4607.9	3503	0
4607.9	3491	0
4608.0	3668	0
4608.0	3695	0
4608.0	3688	0
4608.0	3690	0
4608.0	3687	0
4608.1	3600	0
4608.1	3688	0
4608.1	3694	0
4608.1	3625	0
4608.1	3679	0
4608.1	3690	0
4608.1	3679	0
4608.1	3455	0
4608.2	3686	0
4608.2	3463	0
4608.2	3262	0
4608.2	3621	0
4608.3	3671	0
4608.3	3699	0
4608.3	3678	0
4608.3	3666	0
4608.3	3627	0
4608.3	3311	0
4608.5	3668	0
4608.5	3613	0
4608.5	3666	0
4608.6	3687	0
4608.6	3548	0
4608.6	3682	0
4608.7	3699	0
4608.7	3558	0
4608.7	3687	0
4608.8	3658	0
4608.8	1777	0
4608.9	4	0
4608.9	3480	0
4608.9	3687	0
4608.9	3679	0
4608.9	3687	0
4609.0	3686	0
4609.0	3687	0
4609.0	3483	0
4609.0	3583	0
4609.0	3487	0
4609.1	3678	0
4609.1	3682	0
4609.1	3690	0
4609.1	3687	0
4609.2	3628	0
4609.2	3687	0
4609.2	3509	0
4609.2	3674	0
4609.2	3665	0
4609.2	3543	0
4609.2	3691	0
4609.2	3693	0
4609.3	3405	0
4609.4	3375	0
4609.4	3695	0
4609.5	3693	0
4609.5	3613	0
4609.5	3701	0
4609.5	3695	0
4609.5	3679	0
4609.5	3695	0
4609.5	3690	0
4609.5	3677	0
4609.6	3541	0
4609.6	3703	0
4609.7	3687	0
4609.7	3697	0
4609.7	3682	0
4609.7	3551	0
4609.7	3679	0
4609.7	3695	0
4609.7	3697	0
4609.7	3693	0
4609.8	3674	0
4609.8	3695	0
4609.8	3687	0
4609.8	3593	0
4609.8	3689	0
4609.8	3697	0
4609.9	3678	0
4609.9	3679	0
4609.9	3316	0
4609.9	3689	0
4609.9	3523	0
4609.9	3627	0
4609.9	3661	0
4609.9	3690	0
4610.0	3656	0
4610.0	3677	0
4610.0	3693	0
4610.0	3655	0
4610.0	3611	0
4610.0	3687	0
4610.0	3653	0
4610.1	3691	0
4610.1	3679	0
4610.1	3639	0
4610.1	3669	0
4610.2	3625	0
4610.2	3667	0
4610.3	3693	0
4610.3	3701	0
4610.3	3690	0
4610.3	3617	0
4610.4	3650	0
4610.4	3678	0
4610.4	3692	0
4610.5	3687	0
4610.5	3171	0
4610.5	3686	0
4610.6	3691	0
4610.6	3596	0
4610.6	3382	0
4610.6	3702	0
4610.7	3679	0
4610.7	3687	0
4610.7	3674	0
4610.7	3663	0
4610.8	3547	0
4610.8	3689	0
4610.8	3535	0
4610.8	3567	0
4610.9	3685	0
4610.9	3575	0
4610.9	3699	0
4610.9	3677	0
4610.9	3666	0
4610.9	3681	0
4611.0	3677	0
4611.0	3685	0
4611.0	3420	0
4611.0	3595	0
4611.0	3671	0
4611.1	3679	0
4611.1	3645	0
4611.1	3647	0
4611.2	3695	0
4611.2	3667	0
4611.2	3681	0
4611.2	3629	0
4611.3	3693	0
4611.3	3651	0
4611.3	3614	0
4611.4	3695	0
4611.4	3661	0
4611.4	3687	0
4611.4	3675	0
4611.4	3695	0
4611.5	3694	0
4611.5	3643	0
4611.5	3663	0
4611.5	3638	0
4611.6	3673	0
4611.6	3663	0
4611.6	3672	0
4611.6	3575	0
4611.6	3692	0
4611.6	3687	0
4611.6	3689	0
4611.7	3563	0
4611.8	3635	0
4611.8	3645	0
4611.8	3563	0
4611.9	3677	0
4611.9	3636	0
4611.9	3691	0
4611.9	3613	0
4612.0	3628	0
4612.0	3687	0
4612.0	3634	0
4612.0	3692	0
4612.0	3690	0
4612.0	1474	0
4612.1	3679	0
4612.1	3689	0
4612.1	3652	0
4612.1	3691	0
4612.1	3646	0
4612.1	3701	0
4612.1	3668	0
4612.2	3626	0
4612.2	3225	0
4612.2	2099	0
4612.2	1802	0
4612.2	4	0
4612.3	3687	0
4612.3	3692	0
4612.4	3519	0
4612.4	3679	0
4612.4	3570	0
4612.4	3693	0
4612.4	3679	0
4612.5	3639	0
4612.5	3689	0
4612.5	3515	0
4612.5	3698	0
4612.5	3695	0
4612.6	3681	0
4612.6	3657	0
4612.6	3678	0
4612.6	3438	0
4612.6	3607	0
4612.7	3689	0
4612.7	3687	0
4612.7	3641	0
4612.7	3621	0
4612.7	3643	0
4612.7	3692	0
4612.8	3639	0
4612.8	3696	0
4612.8	3697	0
4612.8	3653	0
4612.8	3327	0
4612.8	3677	0
4612.8	3670	0
4612.9	3707	0
4612.9	3698	0
4613.0	3447	0
4613.0	3553	0
4613.0	3682	0
4613.1	3679	0
4613.1	3677	0
4613.1	3674	0
4613.2	3453	0
4613.3	3453	0
4613.3	3699	0
4613.3	3598	0
4613.3	3557	0
4613.3	3674	0
4613.4	3626	0
4613.4	3681	0
4613.4	3689	0
4613.4	3693	0
4613.5	3681	0
4613.5	3679	0
4613.5	3611	0
4613.5	3451	0
4613.6	3679	0
4613.6	3669	0
4613.6	3427	0
4613.6	3684	0
4613.7	3621	0
4613.7	3655	0
4613.7	3631	0
4613.7	3649	0
4613.8	3497	0
4613.8	3671	0
4613.8	3687	0
4613.8	2948	0
4613.8	3697	0
4613.8	3695	0
4613.9	3667	0
4613.9	3673	0
4613.9	3677	0
4613.9	3647	0
4613.9	3687	0
4613.9	3687	0
4613.9	3686	0
4614.0	3671	0
4614.0	3677	0
4614.0	3679	0
4614.0	3674	0
4614.0	3690	0
4614.0	3693	0
4614.1	3679	0
4614.1	3445	0
4614.1	3650	0
4614.1	3682	0
4614.1	3685	0
4614.1	3633	0
4614.2	3457	0
4614.2	3317	0
4614.2	3695	0
4614.2	3517	0
4614.2	3666	0
4614.3	3679	0
4614.3	3701	0
4614.3	3587	0
4614.3	3483	0
4614.3	3678	0
4614.3	3679	0
4614.4	3677	0
4614.4	3607	0
4614.4	3591	0
4614.5	3689	0
4614.5	3687	0
4614.5	3497	0
4614.5	3671	0
4614.5	3665	0
4614.5	3694	0
4614.5	3666	0
4614.6	3691	0
4614.6	3691	0
4614.6	3610	0
4614.6	3677	0
4614.7	3685	0
4614.7	3612	0
4614.7	3661	0
4614.8	3679	0
4614.8	3686	0
4614.8	3691	0
4614.9	3663	0
4614.9	3663	0
4614.9	3671	0
4614.9	3663	0
4614.9	3676	0
4614.9	3677	0
4614.9	3554	0
4615.0	3601	0
4615.0	3687	0
4615.0	3645	0
4615.0	1846	0
4615.0	4	0
4615.0	3638	0
4615.1	3639	0
4615.1	3627	0
4615.2	3651	0
4615.2	3618	0
4615.2	3683	0
4615.2	3684	0
4615.3	3339	0
4615.3	3623	0
4615.3	3679	0
4615.3	3661	0
4615.3	3690	0
4615.3	3677	0
4615.3	3686	0
4615.4	3617	0
4615.4	3692	0
4615.4	3685	0
4615.4	3459	0
4615.5	3689	0
4615.5	3641	0
4615.5	3591	0
4615.5	3687	0
4615.5	3543	0
4615.5	3693	0
4615.6	3689	0
4615.6	3690	0
4615.6	3685	0
4615.6	3692	0
4615.6	3650	0
4615.7	3473	0
4615.7	3674	0
4615.7	3671	0
4615.8	3693	0
4615.8	3693	0
4615.8	3612	0
4615.8	3697	0
4615.8	3347	0
4615.8	3549	0
4615.8	3692	0
4615.8	3679	0
4615.9	3691	0
4615.9	3667	0
4615.9	3671	0
4616.0	3547	0
4616.0	3674	0
4616.0	3681	0
4616.0	3682	0
4616.0	3607	0
4616.1	3685	0
4616.1	3692	0
4616.1	3579	0
4616.1	3699	0
4616.2	3668	0
4616.2	3596	0
4616.2	3597	0
4616.2	3686	0
4616.3	3637	0
4616.3	3690	0
4616.3	3602	0
4616.3	3628	0
4616.3	3438	0
4616.3	3690	0
4616.3	3691	0
4616.4	3618	0
4616.4	3299	0
4616.4	3690	0
4616.4	3695	0
4616.4	3663	0
4616.4	3691	0
4616.5	3701	0
4616.5	3429	0
4616.5	3509	0
4616.5	3667	0
4616.6	3695	0
4616.6	3686	0
4616.6	3677	0
4616.6	3697	0
4616.7	3609	0
4616.7	3687	0
4616.7	3701	0
4616.8	3691	0
4616.8	3541	0
4616.8	3688	0
4616.9	3695	0
4616.9	3693	0
4616.9	3693	0
4616.9	3687	0
4616.9	3490	0
4616.9	3698	0
4617.0	3627	0
4617.0	3359	0
4617.0	3651	0
4617.0	3682	0
4617.1	3681	0
4617.1	3465	0
4617.1	3493	0
4617.1	3667	0
4617.1	3682	0
4617.2	3670	0
4617.2	3683	0
4617.2	3690	0
4617.2	3682	0
4617.3	3599	0
4617.3	3685	0
4617.3	3537	0
4617.3	3628	0
4617.3	3685	0
4617.3	3669	0
4617.4	3688	0
4617.4	3689	0
4617.4	3687	0
4617.4	3631	0
4617.4	3690	0
4617.4	3665	0
4617.4	3671	0
4617.5	3698	0
4617.5	3596	0
4617.5	3677	0
4617.5	3667	0
4617.5	3698	0
4617.6	3695	0
4617.6	3675	0
4617.6	3277	0
4617.6	3694	0
4617.6	3451	0
4617.7	3682	0
4617.7	3683	0
4617.7	3572	0
4617.7	3663	0
4617.7	3701	0
4617.8	3691	0
4617.8	3394	0
4617.9	3677	0
4617.9	3695	0
4617.9	3699	0
4617.9	3687	0
4617.9	3695	0
4618.0	3303	0
4618.0	3483	0
4618.0	3694	0
4618.0	3697	0
4618.0	3727	0
4618.0	3694	0
4618.0	3695	0
4618.1	3623	0
4618.1	3687	0
4618.1	3349	0
4618.1	3689	0
4618.1	3442	0
4618.1	3685	0
4618.1	3491	0
4618.3	3695	0
4618.3	3699	0
4618.4	3651	0
4618.4	3647	0
4618.4	3699	0
4618.5	3323	0
4618.5	3694	0
4618.6	3662	0
4618.6	3452	0
4618.6	3669	0
4618.6	3702	0
4618.7	3684	0
4618.7	3689	0
4618.7	3673	0
4618.7	3663	0
4618.7	3654	0
4618.8	3692	0
4618.8	3691	0
4618.9	3678	0
4618.9	3519	0
4618.9	3467	0
4618.9	3697	0
4618.9	3207	0
4619.0	3591	0
4619.0	3619	0
4619.0	3689	0
4619.0	3679	0
4619.1	3650	0
4619.1	3689	0
4619.1	3686	0
4619.1	3679	0
4619.1	3679	0
4619.1	3685	0
4619.1	3405	0
4619.2	3691	0
4619.2	3703	0
4619.2	3695	0
4619.2	3669	0
4619.2	3689	0
4619.3	3665	0
4619.3	3703	0
4619.4	3677	0
4619.4	3667	0
4619.4	3689	0
4619.4	3554	0
4619.4	3692	0
4619.5	3549	0
4619.5	3659	0
4619.5	3387	0
4619.5	3623	0
4619.5	3694	0
4619.5	3388	0
4619.5	3686	0
4619.6	3658	0
4619.6	2052	0
4619.6	3695	0
4619.6	3662	0
4619.6	3691	0
4619.6	3690	0
4619.6	3577	0
4619.6	3661	0
4619.6	3688	0
4619.6	3681	0
4619.6	3690	0
4619.6	3671	0
4619.7	3682	0
4619.7	3569	0
4619.7	3413	0
4619.7	3693	0
4619.7	3439	0
4619.7	3636	0
4619.7	3691	0
4619.8	3686	0
4619.8	3681	0
4619.9	3639	0
4619.9	3674	0
4619.9	3313	0
4619.9	3662	0
4619.9	3677	0
4619.9	3337	0
4619.9	3689	0
4620.0	3699	0
4620.0	3539	0
4620.0	3641	0
4620.0	3316	0
4620.0	3689	0
4620.1	3631	0
4620.1	3647	0
4620.1	3691	0
4620.1	3681	0
4620.1	3679	0
4620.1	3679	0
4620.2	3529	0
4620.3	3679	0
4620.3	3441	0
4620.3	3691	0
4620.3	3679	0
4620.3	3682	0
4620.4	3685	0
4620.4	3655	0
4620.4	3689	0
4620.4	3647	0
4620.5	3631	0
4620.5	3667	0
4620.5	3639	0
4620.6	3689	0
4620.6	3682	0
4620.6	3667	0
4620.6	3689	0
4620.7	3446	0
4620.7	3661	0
4620.7	3588	0
4620.8	3679	0
4620.8	3598	0
4620.8	3477	0
4620.8	3686	0
4620.8	3605	0
4620.9	3683	0
4620.9	3610	0
4620.9	3667	0
4621.0	3691	0
4621.0	3693	0
4621.0	3687	0
4621.0	3690	0
4621.1	3699	0
4621.1	3697	0
4621.1	3580	0
4621.1	3690	0
4621.1	3577	0
4621.1	3299	0
4621.2	3665	0
4621.2	3503	0
4621.2	3597	0
4621.2	3675	0
4621.2	3657	0
4621.2	3684	0
4621.3	3634	0
4621.4	3647	0
4621.4	3682	0
4621.4	3687	0
4621.4	3541	0
4621.5	3588	0
4621.6	3551	0
4621.6	3687	0
4621.6	3661	0
4621.7	3657	0
4621.7	3618	0
4621.7	3697	0
4621.7	3697	0
4621.7	3661	0
4621.7	3479	0
4621.7	3386	0
4621.7	3619	0
4621.7	3619	0
4621.8	3519	0
4621.8	3435	0
4621.8	3343	0
4621.8	3324	0
4621.9	3449	0
4621.9	3411	0
4621.9	3421	0
4621.9	3499	0
4621.9	3539	0
4621.9	959	0
4622.0	3633	0
4622.0	3101	0
4622.0	3449	0
4622.1	3467	0
4622.1	3245	0
4622.1	3429	0
4622.1	3447	0
4622.2	3326	0
4622.2	3029	0
4622.2	3201	0
4622.2	3543	0
4622.2	3571	0
4622.2	3169	0
4622.2	3635	0
4622.2	3455	0
4622.3	3346	0
4622.3	3597	0
4622.3	3079	0
4622.4	3553	0
4622.4	2941	0
4622.4	3135	0
4622.4	3525	0
4622.4	3533	0
4622.5	3491	0
4622.5	3219	0
4622.5	3619	0
4622.6	3447	0
4622.6	2242	0
4622.7	3487	0
4622.7	3631	0
4622.7	3249	0
4622.7	2486	0
4622.7	3423	0
4622.8	3454	0
4622.8	3067	0
4622.8	3609	0
4622.9	3525	0
4622.9	3503	0
4622.9	3487	0
4622.9	3206	0
4623.0	3199	0
4623.0	3567	0
4623.0	3224	0
4623.0	3655	0
4623.1	3463	0
4623.1	3245	0
4623.1	3575	0
4623.2	3265	0
4623.2	2084	0
4623.2	2599	0
4623.2	3465	0
4623.3	3433	0
4623.3	3041	0
4623.3	3512	0
4623.3	3391	0
4623.3	3652	0
4623.3	3549	0
4623.3	3287	0
4623.4	3109	0
4623.4	3655	0
4623.4	3531	0
4623.4	3363	0
4623.4	3582	0
4623.4	2479	0
4623.5	3359	0
4623.5	3267	0
4623.5	3459	0
4623.5	3605	0
4623.5	3639	0
4623.5	3559	0
4623.5	3658	0
4623.6	3622	0
4623.6	3330	0
4623.6	3522	0
4623.6	2898	0
4623.6	3199	0
4623.7	3050	0
4623.7	3414	0
4623.7	3180	0
4623.7	3467	0
4623.8	3479	0
4623.8	3486	0
4623.9	3031	0
4623.9	3539	0
4623.9	3293	0
4623.9	3391	0
4623.9	3606	0
4624.0	3505	0
4624.0	3297	0
4624.0	3417	0
4624.1	3374	0
4624.1	3527	0
4624.2	1989	0
4624.2	3073	0
4624.2	3399	0
4624.3	3353	0
4624.3	3382	0
4624.3	3190	0
4624.3	3247	0
4624.3	3147	0
4624.3	2999	0
4624.3	3453	0
4624.3	3071	0
4624.4	3478	0
4624.4	1772	0
4624.4	3407	0
4624.4	3343	0
4624.4	3300	0
4624.4	3239	0
4624.5	3470	0
4624.5	3398	0
4624.5	3457	0
4624.5	3485	0
4624.5	3595	0
4624.6	3198	0
4624.6	3261	0
4624.6	3187	0
4624.6	3138	0
4624.7	3217	0
4624.7	3215	0
4624.7	2345	0
4624.7	3414	0
4624.7	3455	0
4624.8	2557	0
4624.8	3332	0
4624.8	3362	0
4624.9	3337	0
4624.9	3189	0
4625.0	3333	0
4625.0	3250	0
4625.0	3631	0
4625.1	3525	0
4625.1	3325	0
4625.1	3106	0
4625.2	2889	0
4625.2	3650	0
4625.2	3366	0
4625.3	3522	0
4625.3	3644	0
4625.3	3389	0
4625.3	3507	0
4625.3	3402	0
4625.3	3243	0
4625.4	3641	0
4625.4	3063	0
4625.5	3117	0
4625.5	3263	0
4625.5	3295	0
4625.5	2612	0
4625.5	3361	0
4625.6	3397	0
4625.6	3519	0
4625.6	3367	0
4625.7	3441	0
4625.7	3508	0
4625.8	3391	0
4625.8	3407	0
4625.8	3439	0
4625.9	3595	0
4625.9	3559	0
4625.9	3525	0
4625.9	3315	0
4626.0	3335	0
4626.0	1543	0
4626.0	3280	0
4626.1	3421	0
4626.1	3367	0
4626.1	3545	0
4626.1	1991	0
4626.1	3327	0
4626.2	3583	0
4626.2	3384	0
4626.3	3403	0
4626.3	3148	0
4626.3	3273	0
4626.3	3347	0
4626.3	2962	0
4626.4	3674	0
4626.4	3491	0
4626.4	3677	0
4626.4	2731	0
4626.5	2938	0
4626.6	3223	0
4626.6	3439	0
4626.6	3590	0
4626.7	3373	0
4626.7	2418	0
4626.7	3323	0
4626.8	3347	0
4626.8	3311	0
4626.8	3355	0
4626.8	3379	0
4626.9	3505	0
4626.9	2537	0
4626.9	3281	0
4626.9	2943	0
4626.9	3325	0
4626.9	3506	0
4627.0	3447	0
4627.0	3507	0
4627.0	3441	0
4627.1	3402	0
4627.1	3429	0
4627.1	3375	0
4627.1	3433	0
4627.1	3531	0
4627.1	2451	0
4627.1	3523	0
4627.1	3631	0
4627.1	2878	0
4627.1	3284	0
4627.2	3567	0
4627.3	2995	0
4627.3	3018	0
4627.3	3251	0
4627.4	1839	0
4627.4	3346	0
4627.4	3666	0
4627.4	3345	0
4627.5	3218	0
4627.5	3441	0
4627.5	2580	0
4627.5	3564	0
4627.7	3523	0
4627.7	3563	0
4627.7	3441	0
4627.7	3290	0
4627.8	3336	0
4627.8	3505	0
4627.8	3372	0
4627.8	3421	0
4627.8	3372	0
4627.8	2440	0
4627.8	3300	0
4627.8	3366	0
4627.9	3423	0
4627.9	3155	0
4628.0	3385	0
4628.0	3205	0
4628.1	3380	0
4628.1	3502	0
4628.1	3492	0
4628.2	2942	0
4628.2	3427	0
4628.2	3373	0
4628.3	3183	0
4628.3	3395	0
4628.3	3491	0
4628.4	3290	0
4628.4	3659	0
4628.4	3226	0
4628.4	3445	0
4628.5	3095	0
4628.5	3671	0
4628.5	3222	0
4628.5	3545	0
4628.6	3507	0
4628.6	3093	0
4628.6	3389	0
4628.6	3178	0
4628.6	3585	0
4628.7	3591	0
4628.7	3013	0
4628.7	3500	0
4628.7	2991	0
4628.7	3278	0
4628.8	1827	0
4628.8	3187	0
4628.8	3203	0
4628.9	3674	0
4628.9	3339	0
4628.9	3186	0
4628.9	3138	0
4629.0	3308	0
4629.0	3667	0
4629.0	3393	0
4629.0	3287	0
4629.1	3665	0
4629.1	3235	0
4629.1	3251	0
4629.1	3573	0
4629.2	3515	0
4629.2	3285	0
4629.2	3045	0
4629.2	3432	0
4629.3	3443	0
4629.4	3083	0
4629.4	2917	0
4629.4	3581	0
4629.4	3617	0
4629.4	3023	0
4629.4	3575	0
4629.4	3087	0
4629.4	3497	0
4629.4	3370	0
4629.5	3371	0
4629.5	2244	0
4629.5	3240	0
4629.5	3577	0
4629.6	3357	0
4629.6	3354	0
4629.6	3569	0
4629.7	3411	0
4629.7	3599	0
4629.7	3455	0
4629.7	3334	0
4629.7	3223	0
4629.8	3439	0
4629.9	3037	0
4629.9	3423	0
4629.9	2932	0
4629.9	1449	0
4629.9	3363	0
4630.0	3434	0
4630.0	3368	0
4630.0	2574	0
4630.0	3086	0
4630.0	3369	0
4630.1	3533	0
4630.1	3647	0
4630.2	3496	0
4630.2	3570	0
4630.2	3021	0
4630.2	3522	0
4630.3	3478	0
4630.3	3226	0
4630.3	3473	0
4630.4	3498	0
4630.4	3448	0
4630.4	3387	0
4630.4	3338	0
4630.4	3605	0
4630.4	3393	0
4630.5	3258	0
4630.5	3473	0
4630.5	3374	0
4630.5	3302	0
4630.6	3677	0
4630.6	3499	0
4630.6	3385	0
4630.6	3427	0
4630.6	3567	0
4630.7	3153	0
4630.7	2939	0
4630.7	3271	0
4630.7	3217	0
4630.7	3326	0
4630.8	3635	0
4630.8	3527	0
4630.8	1536	0
4630.8	3460	0
4630.8	3677	0
4630.9	3647	0
4631.0	3350	0
4631.0	2829	0
4631.0	2645	0
4631.1	2020	0
4631.1	2803	0
4631.1	2319	0
4631.1	2431	0
4631.1	1698	0
4631.1	2842	0
4631.1	2617	0
4631.2	2929	0
4631.2	2414	0
4631.2	2301	0
4631.2	1567	0
4631.2	2879	0
4631.2	2387	0
4631.3	2367	0
4631.3	2557	0
4631.4	2158	0
4631.4	2549	0
4631.4	2665	0
4631.4	2635	0
4631.4	2653	0
4631.5	2111	0
4631.5	2695	0
4631.6	710	0
4631.6	2458	0
4631.6	2787	0
4631.6	2764	0
4631.6	2808	0
4631.6	2772	0
4631.7	1720	0
4631.7	2030	0
4631.7	2731	0
4631.7	2367	0
4631.8	2449	0
4631.8	738	0
4631.8	2645	0
4631.8	2534	0
4631.8	768	0
4631.8	2247	0
4631.9	2877	0
4631.9	2095	0
4631.9	955	0
4631.9	2605	0
4631.9	2338	0
4632.0	2511	0
4632.0	2712	0
4632.0	2382	0
4632.0	2499	0
4632.1	1180	0
4632.1	2809	0
4632.2	2575	0
4632.2	758	0
4632.2	2484	0
4632.2	2556	0
4632.2	2444	0
4632.2	2760	0
4632.3	2223	0
4632.3	2351	0
4632.3	2686	0
4632.4	2835	0
4632.4	2161	0
4632.4	2638	0
4632.4	2718	0
4632.5	1179	0
4632.5	2	0
4632.5	2694	0
4632.5	2518	0
4632.5	2723	0
4632.5	2769	0
4632.6	2538	0
4632.6	2604	0
4632.6	1976	0
4632.6	2788	0
4632.6	1394	0
4632.6	1790	0
4632.6	2645	0
4632.6	2437	0
4632.7	2539	0
4632.7	2869	0
4632.7	2419	0
4632.7	635	0
4632.7	2771	0
4632.7	2519	0
4632.7	2286	0
4632.7	1779	0
4632.8	2600	0
4632.8	2435	0
4632.8	2311	0
4632.8	2561	0
4632.9	2587	0
4632.9	2453	0
4632.9	2100	0
4632.9	1139	0
4632.9	2581	0
4632.9	2234	0
4633.0	1198	0
4633.0	2891	0
4633.0	2921	0
4633.1	2305	0
4633.1	2815	0
4633.1	2730	0
4633.1	2636	0
4633.1	2537	0
4633.2	2716	0
4633.2	2318	0
4633.2	2465	0
4633.2	2467	0
4633.2	1426	0
4633.2	1835	0
4633.3	2598	0
4633.3	2073	0
4633.3	803	0
4633.3	2656	0
4633.3	1998	0
4633.3	2374	0
4633.3	2557	0
4633.3	2394	0
4633.3	2221	0
4633.4	2618	0
4633.4	2556	0
4633.4	2182	0
4633.4	2542	0
4633.4	2308	0
4633.4	2169	0
4633.4	2646	0
4633.5	2831	0
4633.5	2642	0
4633.5	2074	0
4633.6	2679	0
4633.6	2335	0
4633.6	2705	0
4633.7	2693	0
4633.7	2574	0
4633.7	2625	0
4633.7	2345	0
4633.7	2714	0
4633.8	2738	0
4633.8	1567	0
4633.9	2653	0
4633.9	2899	0
4633.9	2630	0
4633.9	2063	0
4633.9	609	0
4634.0	2585	0
4634.0	2713	0
4634.0	1274	0
4634.0	2574	0
4634.0	2116	0
4634.1	2542	0
4634.1	2759	0
4634.1	1234	0
4634.1	2768	0
4634.1	2103	0
4634.2	2398	0
4634.2	2325	0
4634.2	1270	0
4634.2	2671	0
4634.3	2311	0
4634.3	2361	0
4634.3	2546	0
4634.3	2153	0
4634.3	2483	0
4634.3	2695	0
4634.4	2760	0
4634.4	2523	0
4634.4	2643	0
4634.5	2530	0
4634.5	2715	0
4634.5	2174	0
4634.6	1427	0
4634.6	2319	0
4634.6	2902	0
4634.6	2570	0
4634.7	2127	0
4634.8	1459	0
4634.8	2866	0
4634.8	2931	0
4634.8	2160	0
4634.8	2246	0
4634.8	2244	0
4634.9	1890	0
4634.9	1692	0
4634.9	2515	0
4634.9	2602	0
4634.9	2575	0
4635.0	2497	0
4635.0	2090	0
4635.0	2946	0
4635.1	1899	0
4635.1	2481	0
4635.1	2794	0
4635.1	2867	0
4635.1	2889	0
4635.2	2754	0
4635.2	1986	0
4635.2	2485	0
4635.2	2603	0
4635.3	1928	0
4635.3	2662	0
4635.3	2550	0
4635.3	2879	0
4635.4	2742	0
4635.4	1372	0
4635.4	2530	0
4635.4	2951	0
4635.4	2852	0
4635.4	2709	0
4635.5	2473	0
4635.5	2478	0
4635.6	2433	0
4635.6	2731	0
4635.6	2222	0
4635.7	1210	0
4635.7	1291	0
4635.7	4	0
4635.7	2587	0
4635.8	2067	0
4635.8	2418	0
4635.8	2666	0
4635.8	2569	0
4635.8	2299	0
4635.8	2181	0
4635.8	1790	0
4635.9	2047	0
4635.9	2827	0
4635.9	1939	0
4635.9	2629	0
4635.9	2551	0
4636.0	2621	0
4636.0	1310	0
4636.0	2567	0
4636.1	2678	0
4636.1	2435	0
4636.1	2678	0
4636.1	2266	0
4636.1	2766	0
4636.1	2334	0
4636.2	2609	0
4636.2	2501	0
4636.2	2374	0
4636.2	1668	0
4636.2	2802	0
4636.2	2399	0
4636.2	2669	0
4636.3	2795	0
4636.3	2754	0
4636.3	2843	0
4636.3	2523	0
4636.4	2308	0
4636.4	2633	0
4636.4	2892	0
4636.4	2701	0
4636.4	2563	0
4636.4	2313	0
4636.5	2550	0
4636.6	2245	0
4636.7	2351	0
4636.7	2744	0
4636.7	1853	0
4636.7	2737	0
4636.7	2259	0
4636.7	2739	0
4636.8	1525	0
4636.8	2624	0
4636.8	1811	0
4636.8	1470	0
4636.8	2646	0
4636.8	1954	0
4636.8	2719	0
4636.8	2313	0
4636.9	2331	0
4636.9	2636	0
4636.9	2665	0
4636.9	2237	0
4636.9	2335	0
4636.9	1561	0
4636.9	2723	0
4636.9	708	0
4637.0	2721	0
4637.1	2728	0
4637.1	2645	0
4637.2	2647	0
4637.2	1915	0
4637.2	2609	0
4637.3	2633	0
4637.3	1564	0
4637.3	1456	0
4637.4	2434	0
4637.4	2538	0
4637.4	2663	0
4637.4	2779	0
4637.4	2188	0
4637.5	2759	0
4637.5	1453	0
4637.5	2576	0
4637.6	2303	0
4637.6	2468	0
4637.6	2484	0
4637.6	2454	0
4637.7	2659	0
4637.7	2922	0
4637.7	2302	0
4637.7	892	0
4637.7	2168	0
4637.7	2619	0
4637.7	2762	0
4637.7	2823	0
4637.8	2138	0
4637.8	2287	0
4637.9	1940	0
4637.9	2825	0
4638.0	2668	0
4638.0	2665	0
4638.0	2495	0
4638.0	2727	0
4638.0	2685	0
4638.0	2765	0
4638.1	2155	0
4638.1	2832	0
4638.1	2126	0
4638.2	1929	0
4638.2	2119	0
4638.2	2700	0
4638.2	2781	0
4638.2	2536	0
4638.2	2555	0
4638.2	2235	0
4638.2	1979	0
4638.3	2754	0
4638.3	2672	0
4638.3	1230	0
4638.3	2710	0
4638.3	2715	0
4638.3	1643	0
4638.3	2849	0
4638.3	1431	0
4638.3	2706	0
4638.4	2864	0
4638.4	2328	0
4638.5	2423	0
4638.5	2387	0
4638.5	2440	0
4638.5	2793	0
4638.5	2776	0
4638.6	2577	0
4638.6	2082	0
4638.6	1526	0
4638.6	2881	0
4638.6	2458	0
4638.6	1998	0
4638.6	953	0
4638.6	2679	0
4638.6	2635	0
4638.6	2628	0
4638.6	1540	0
4638.7	2439	0
4638.7	2566	0
4638.7	2549	0
4638.7	1362	0
4638.7	2375	0
4638.8	2215	0
4638.8	2798	0
4638.8	2727	0
4638.9	2479	0
4638.9	2770	0
4639.0	1005	0
4639.0	2633	0
4639.1	2609	0
4639.1	2656	0
4639.1	2727	0
4639.1	2416	0
4639.1	2552	0
4639.2	2140	0
4639.2	2731	0
4639.2	2622	0
4639.3	2503	0
4639.3	1918	0
4639.3	2559	0
4639.3	2544	0
4639.4	2659	0
4639.4	1669	0
4639.4	2281	0
4639.4	2249	0
4639.4	2869	0
4639.5	2663	0
4639.5	2559	0
4639.5	2104	0
4639.5	2308	0
4639.6	2576	0
4639.6	1191	0
4639.6	4	0
4639.6	2244	0
4639.6	2640	0
4639.6	2630	0
4639.7	2654	0
4639.7	2783	0
4639.7	2588	0
4639.7	2702	0
4639.7	1759	0
4639.8	2547	0
4639.8	2415	0
4639.8	2247	0
4639.8	1960	0
4639.9	2653	0
4639.9	2856	0
4639.9	1362	0
4640.1	2763	0
4640.1	2579	0
4640.1	2610	0
4640.2	2596	0
4640.2	2443	0
4640.2	2487	0
4640.3	2508	0
4640.3	1400	0
4640.3	2087	0
4640.3	2707	0
4640.3	1660	0
4640.3	1748	0
4640.3	2263	0
4640.4	2591	0
4640.4	2628	0
4640.4	2407	0
4640.4	2403	0
4640.4	2723	0
4640.5	2758	0
4640.6	2689	0
4640.6	2362	0
4640.6	2889	0
4640.6	875	0
4640.6	2766	0
4640.6	2644	0
4640.6	2325	0
4640.7	2545	0
4640.7	2565	0
4640.7	2557	0
4640.7	2572	0
4640.7	1821	0
4640.7	2616	0
4640.8	1669	0
4640.8	2509	0
4640.9	2445	0
4640.9	2092	0
4640.9	2708	0
4640.9	2577	0
4640.9	2218	0
4640.9	2867	0
4641.0	2629	0
4641.0	2738	0
4641.0	2550	0
4641.1	2577	0
4641.1	2760	0
4641.1	2820	0
4641.1	2847	0
4641.1	2211	0
4641.1	2843	0
4641.1	2559	0
4641.1	2206	0
4641.1	2413	0
4641.2	2564	0
4641.2	1887	0
4641.2	2407	0
4641.2	1953	0
4641.3	2492	0
4641.3	2056	0
4641.3	2586	0
4641.3	2860	0
4641.3	2313	0
4641.4	2839	0
4641.4	2664	0
4641.4	2914	0
4641.4	2745	0
4641.4	2634	0
4641.5	2417	0
4641.5	2563	0
4641.5	2354	0
4641.5	2559	0
4641.5	1800	0
4641.5	2932	0
4641.5	1991	0
4641.6	2158	0
4641.6	2519	0
4641.6	2688	0
4641.6	2853	0
4641.7	2630	0
4641.7	2661	0
4641.7	2486	0
4641.7	2248	0
4641.7	1671	0
4641.8	2490	0
4641.8	2550	0
4641.9	2735	0
4641.9	2292	0
4641.9	2101	0
4641.9	2507	0
4642.0	2102	0
4642.0	2481	0
4642.0	2889	0
4642.0	2095	0
4642.0	2137	0
4642.0	2139	0
4642.0	2351	0
4642.0	2768	0
4642.1	2591	0
4642.1	2295	0
4642.2	2536	0
4642.2	1977	0
4642.2	1901	0
4642.3	2062	0
4642.3	2075	0
4642.3	2653	0
4642.3	2790	0
4642.4	2339	0
4642.4	2437	0
4642.4	2694	0
4642.4	2003	0
4642.4	2036	0
4642.4	2577	0
4642.5	1190	0
4642.5	2709	0
4642.5	1847	0
4642.5	2642	0
4642.5	2631	0
4642.6	2160	0
4642.6	2534	0
4642.6	2679	0
4642.6	2785	0
4642.6	2882	0
4642.6	2734	0
4642.6	2626	0
4642.6	2485	0
4642.7	2779	0
4642.7	2559	0
4642.7	2483	0
4642.8	2867	0
4642.8	2660	0
4642.9	2797	0
4642.9	2367	0
4642.9	2705	0
4642.9	2693	0
4643.0	2420	0
4643.0	1223	0
4643.0	2484	0
4643.0	2545	0
4643.1	2553	0
4643.1	2833	0
4643.1	2773	0
4643.2	2689	0
4643.2	2735	0
4643.2	2562	0
4643.2	2871	0
4643.2	2377	0
4643.2	2631	0
4643.3	2635	0
4643.3	2753	0
4643.4	2143	0
4643.4	2677	0
4643.5	2716	0
4643.5	2794	0
4643.5	2775	0
4643.5	2897	0
4643.5	2581	0
4643.6	2703	0
4643.6	2971	0
4643.6	2657	0
4643.6	1864	0
4643.6	2402	0
4643.7	1602	0
4643.7	2575	0
4643.7	2229	0
4643.7	2719	0
4643.8	2680	0
4643.8	2713	0
4643.8	2805	0
4643.8	2379	0
4643.8	2535	0
4643.9	2913	0
4643.9	2764	0
4643.9	2653	0
4643.9	2516	0
4643.9	2450	0
4643.9	2526	0
4643.9	2832	0
4643.9	2918	0
4643.9	1862	0
4644.0	2413	0
4644.0	1420	0
4644.0	2273	0
4644.0	2413	0
4644.1	2485	0
4644.1	2767	0
4644.1	2922	0
4644.1	1111	0
4644.1	2634	0
4644.1	2220	0
4644.1	1570	0
4644.1	2957	0
4644.1	2571	0
4644.2	2258	0
4644.2	2794	0
4644.2	2630	0
4644.3	2107	0
4644.3	1979	0
4644.3	2748	0
4644.3	2661	0
4644.3	2015	0
4644.3	2552	0
4644.3	2743	0
4644.4	2533	0
4644.5	2563	0
4644.5	2596	0
4644.5	2742	0
4644.5	2731	0
4644.5	2587	0
4644.5	2679	0
4644.5	2679	0
4644.6	2740	0
4644.6	2643	0
4644.6	2595	0
4644.7	2916	0
4644.8	2753	0
4644.8	1911	0
4644.8	2262	0
4644.9	2562	0
4644.9	2509	0
4645.0	2330	0
4645.0	2431	0
4645.0	2541	0
4645.0	2421	0
4645.1	2658	0
4645.1	2310	0
4645.1	2767	0
4645.1	2735	0
4645.1	2713	0
4645.2	1905	0
4645.2	2823	0
4645.2	2158	0
4645.2	2268	0
4645.2	2922	0
4645.2	2558	0
4645.3	1646	0
4645.4	2272	0
4645.4	2556	0
4645.4	1555	0
4645.4	2417	0
4645.4	2413	0
4645.4	2470	0
4645.4	2166	0
4645.4	1472	0
4645.5	2484	0
4645.5	2591	0
4645.6	2786	0
4645.6	2671	0
4645.6	2481	0
4645.6	2597	0
4645.6	2554	0
4645.7	2182	0
4645.7	2246	0
4645.7	2667	0
4645.8	2797	0
4645.8	2142	0
4645.8	2316	0
4645.8	2094	0
4645.9	2176	0
4645.9	2092	0
4645.9	2778	0
4645.9	2667	0
4645.9	1880	0
4645.9	2607	0
4645.9	2203	0
4645.9	2826	0
4645.9	2511	0
4645.9	2579	0
4646.0	2692	0
4646.0	2487	0
4646.0	2506	0
4646.0	2765	0
4646.0	2014	0
4646.0	1600	0
4646.0	2096	0
4646.1	2675	0
4646.1	2713	0
4646.1	2574	0
4646.1	2595	0
4646.1	2888	0
4646.1	2287	0
4646.2	1676	0
4646.2	2619	0
4646.2	2760	0
4646.2	2632	0
4646.2	2233	0
4646.2	2341	0
4646.2	2775	0
4646.3	1712	0
4646.4	2687	0
4646.4	2079	0
4646.4	2643	0
4646.4	2855	0
4646.4	1456	0
4646.4	2562	0
4646.4	2483	0
4646.5	2694	0
4646.5	2723	0
4646.5	1795	0
4646.5	2783	0
4646.5	2650	0
4646.5	2578	0
4646.5	2755	0
4646.6	2788	0
4646.6	1808	0
4646.6	2134	0
4646.6	2449	0
4646.6	2743	0
4646.6	2641	0
4646.7	2464	0
4646.7	2061	0
4646.7	2168	0
4646.7	2638	0
4646.8	2470	0
4646.8	2556	0
4646.9	2578	0
4646.9	1519	0
4646.9	1794	0
4646.9	2946	0
4646.9	1990	0
4646.9	2831	0
4647.0	2797	0
4647.0	2562	0
4647.0	2766	0
4647.0	2743	0
4647.0	2556	0
4647.0	2228	0
4647.1	2167	0
4647.1	2693	0
4647.1	2850	0
4647.1	2391	0
4647.1	2554	0
4647.2	1725	0
4647.2	2732	0
4647.2	2626	0
4647.2	2404	0
4647.2	2701	0
4647.2	1362	0
4647.3	4	0
4647.3	2908	0
4647.3	2570	0
4647.5	640	0
4647.5	2801	0
4647.5	2522	0
4647.5	2591	0
4647.6	1322	0
4647.6	2640	0
4647.6	3045	0
4647.7	1996	0
4647.7	2662	0
4647.7	2684	0
4647.7	2753	0
4647.7	2060	0
4647.7	1537	0
4647.8	2393	0
4647.8	2337	0
4647.8	2599	0
4647.8	1374	0
4647.9	2947	0
4647.9	2655	0
4647.9	2504	0
4647.9	1659	0
4648.0	1806	0
4648.0	2684	0
4648.0	2605	0
4648.0	2494	0
4648.0	2659	0
4648.0	2282	0
4648.1	1976	0
4648.1	2655	0
4648.1	2073	0
4648.1	2559	0
4648.1	2483	0
4648.2	2175	0
4648.2	2926	0
4648.2	2607	0
4648.2	2387	0
4648.4	2183	0
4648.4	2883	0
4648.4	2209	0
4648.4	2818	0
4648.4	2709	0
4648.5	2603	0
4648.5	2803	0
4648.5	2739	0
4648.5	2740	0
4648.6	2422	0
4648.6	2480	0
4648.6	2617	0
4648.7	2135	0
4648.7	2399	0
4648.7	2357	0
4648.7	2623	0
4648.7	2855	0
4648.8	2265	0
4648.8	1788	0
4648.8	2577	0
4648.8	2359	0
4648.8	2462	0
4648.8	2553	0
4648.9	2630	0
4648.9	2514	0
4648.9	2853	0
4648.9	1729	0
4648.9	1978	0
4648.9	2120	0
4648.9	1901	0
4649.0	2352	0
4649.0	2463	0
4649.0	1679	0
4649.0	2069	0
4649.0	2985	0
4649.1	2554	0
4649.1	2371	0
4649.1	2713	0
4649.1	2709	0
4649.1	2785	0
4649.2	2547	0
4649.2	2289	0
4649.2	2646	0
4649.2	2857	0
4649.2	2088	0
4649.3	2587	0
4649.3	2292	0
4649.3	2678	0
4649.3	2712	0
4649.3	2092	0
4649.3	2157	0
4649.4	2697	0
4649.4	2451	0
4649.4	2101	0
4649.4	2651	0
4649.4	2561	0
4649.5	2761	0
4649.5	2418	0
4649.5	2688	0
4649.5	2169	0
4649.5	2599	0
4649.6	2520	0
4649.6	2459	0
4649.6	2370	0
4649.6	2655	0
4649.6	2619	0
4649.7	2440	0
4649.7	2697	0
4649.7	2881	0
4649.7	2876	0
4649.8	2926	0
4649.9	2694	0
4649.9	2325	0
4649.9	2699	0
4649.9	2539	0
4650.0	2666	0
4650.0	2663	0
4650.0	2620	0
4650.0	2499	0
4650.0	2484	0
4650.0	2463	0
4650.0	2847	0
4650.1	2093	0
4650.1	2451	0
4650.2	2772	0
4650.2	2422	0
4650.2	2106	0
4650.3	2162	0
4650.3	2942	0
4650.3	1905	0
4650.3	2724	0
4650.3	2297	0
4650.3	2487	0
4650.4	2587	0
4650.4	2527	0
4650.4	2723	0
4650.4	2750	0
4650.4	2699	0
4650.5	2497	0
4650.5	2287	0
4650.5	2752	0
4650.6	2264	0
4650.6	1944	0
4650.6	2773	0
4650.6	2777	0
4650.6	2663	0
4650.6	2607	0
4650.7	2201	0
4650.7	2559	0
4650.7	2529	0
4650.7	1601	0
4650.8	2687	0
4650.8	1340	0
4650.9	2592	0
4650.9	2290	0
4651.0	1278	0
4651.0	4	0
4651.0	1584	0
4651.0	2458	0
4651.0	2469	0
4651.1	2151	0
4651.1	2355	0
4651.1	2545	0
4651.2	2821	0
4651.2	2464	0
4651.2	2191	0
4651.2	2595	0
4651.2	2857	0
4651.3	2714	0
4651.3	2455	0
4651.3	2925	0
4651.3	2787	0
4651.4	2425	0
4651.4	2307	0
4651.4	2427	0
4651.4	2396	0
4651.5	2701	0
4651.5	2625	0
4651.5	2406	0
4651.5	2662	0
4651.5	2767	0
4651.5	2807	0
4651.5	2378	0
4651.6	2697	0
4651.6	2693	0
4651.6	2660	0
4651.6	2479	0
4651.7	2539	0
4651.7	2204	0
4651.7	1299	0
4651.8	4	0
4651.8	2333	0
4651.9	2475	0
4651.9	2745	0
4651.9	2569	0
4651.9	702	0
4652.0	2382	0
4652.0	1594	0
4652.0	2597	0
4652.0	2783	0
4652.1	2366	0
4652.1	1422	0
4652.1	2819	0
4652.1	2284	0
4652.2	2879	0
4652.2	2623	0
4652.2	2266	0
4652.2	2882	0
4652.2	2474	0
4652.2	2614	0
4652.2	2485	0
4652.3	2641	0
4652.3	2463	0
4652.4	2774	0
4652.4	2525	0
4652.5	2279	0
4652.6	2743	0
4652.6	2911	0
4652.7	2506	0
4652.7	2253	0
4652.7	2034	0
4652.8	2609	0
4652.8	2918	0
4652.8	2537	0
4652.8	2742	0
4652.8	2281	0
4652.8	2221	0
4652.8	2879	0
4652.8	1766	0
4652.9	2515	0
4652.9	2396	0
4652.9	2836	0
4652.9	2783	0
4653.0	2803	0
4653.0	2210	0
4653.0	2565	0
4653.1	2903	0
4653.1	2593	0
4653.1	2726	0
4653.1	2744	0
4653.1	2703	0
4653.1	1399	0
4653.2	4	0
4653.2	1651	0
4653.2	2522	0
4653.2	2218	0
4653.2	2296	0
4653.2	2549	0
4653.3	2356	0
4653.3	2849	0
4653.3	2667	0
4653.4	1900	0
4653.4	1203	0
4653.4	1010	0
4653.4	2	0
4653.4	2553	0
4653.4	2622	0
4653.4	1570	0
4653.5	3031	0
4653.5	2893	0
4653.5	2965	0
4653.5	2693	0
4653.5	2620	0
4653.7	2705	0
4653.7	2542	0
4653.7	2863	0
4653.7	2713	0
4653.7	2738	0
4653.7	922	0
4653.7	2453	0
4653.8	2402	0
4653.8	2620	0
4653.8	2835	0
4653.8	2820	0
4653.9	2711	0
4654.0	2706	0
4654.0	2850	0
4654.0	2390	0
4654.0	2463	0
4654.1	2702	0
4654.1	2794	0
4654.1	1991	0
4654.1	2675	0
4654.1	2708	0
4654.3	2698	0
4654.3	2583	0
4654.3	2801	0
4654.3	2743	0
4654.3	2313	0
4654.4	2355	0
4654.5	2263	0
4654.5	2473	0
4654.5	2893	0
4654.5	2368	0
4654.5	2718	0
4654.6	2692	0
4654.6	2772	0
4654.6	2663	0
4654.7	2454	0
4654.7	2789	0
4654.7	1020	0
4654.7	2797	0
4654.7	1083	0
4654.7	4	0
4654.7	2616	0
4654.7	2874	0
4654.7	2820	0
4654.8	2776	0
4654.8	2184	0
4654.8	2519	0
4654.9	2690	0
4654.9	2353	0
4654.9	2503	0
4654.9	2525	0
4655.0	2675	0
4655.0	2504	0
4655.0	2593	0
4655.0	1510	0
4655.0	2996	0
4655.1	2230	0
4655.1	2651	0
4655.2	2613	0
4655.2	2597	0
4655.2	2656	0
4655.2	2420	0
4655.3	2871	0
4655.3	2247	0
4655.3	2589	0
4655.3	2672	0
4655.4	2577	0
4655.4	2878	0
4655.5	2584	0
4655.5	2423	0
4655.5	2650	0
4655.5	2695	0
4655.5	3021	0
4655.6	2153	0
4655.6	2543	0
4655.6	2154	0
4655.6	2780	0
4655.6	2539	0
4655.7	2367	0
4655.7	2376	0
4655.7	2321	0
4655.7	2459	0
4655.8	2705	0
4655.8	2685	0
4655.8	2475	0
4655.8	2639	0
4655.8	2130	0
4655.8	3052	0
4655.8	2495	0
4655.9	2618	0
4655.9	2053	0
4655.9	2612	0
4655.9	2077	0
4655.9	1796	0
4656.0	2835	0
4656.0	1968	0
4656.0	604	0
4656.0	2676	0
4656.0	3081	0
4656.0	1990	0
4656.0	2849	0
4656.0	2643	0
4656.1	2386	0
4656.1	2751	0
4656.1	2729	0
4656.1	2591	0
4656.2	2882	0
4656.2	2783	0
4656.2	2817	0
4656.2	2726	0
4656.2	1840	0
4656.3	2725	0
4656.3	2734	0
4656.3	2047	0
4656.4	2607	0
4656.4	2774	0
4656.4	2946	0
4656.5	2647	0
4656.5	2923	0
4656.5	2870	0
4656.5	2879	0
4656.6	2775	0
4656.6	1838	0
4656.6	2597	0
4656.6	2637	0
4656.7	2104	0
4656.7	2965	0
4656.7	2828	0
4656.7	2387	0
4656.8	2759	0
4656.9	2494	0
4656.9	2154	0
4656.9	2527	0
4656.9	2652	0
4656.9	2447	0
4657.0	2212	0
4657.0	2788	0
4657.0	1962	0
4657.1	2887	0
4657.1	2018	0
4657.1	2790	0
4657.1	1509	0
4657.1	2569	0
4657.1	2496	0
4657.2	2202	0
4657.2	2643	0
4657.2	2773	0
4657.2	2512	0
4657.2	2452	0
4657.2	2921	0
4657.3	2689	0
4657.3	1305	0
4657.3	2003	0
4657.3	2807	0
4657.3	2649	0
4657.3	2563	0
4657.3	2777	0
4657.3	2438	0
4657.4	2715	0
4657.4	2168	0
4657.4	2462	0
4657.4	2409	0
4657.4	2919	0
4657.4	2699	0
4657.4	2483	0
4657.5	2194	0
4657.5	2493	0
4657.5	2687	0
4657.5	2654	0
4657.5	2463	0
4657.5	2587	0
4657.5	1569	0
4657.5	2056	0
4657.6	435	0
4657.6	2374	0
4657.6	2523	0
4657.6	2594	0
4657.6	2215	0
4657.7	2406	0
4657.7	1757	0
4657.7	2401	0
4657.7	2555	0
4657.8	2501	0
4657.8	2677	0
4657.8	2095	0
4657.8	2521	0
4657.8	1981	0
4658.0	2781	0
4658.0	2271	0
4658.0	2399	0
4658.0	2487	0
4658.0	2647	0
4658.0	2321	0
4658.1	2468	0
4658.2	2938	0
4658.2	2869	0
4658.2	2598	0
4658.2	2227	0
4658.2	1312	0
4658.2	4	0
4658.2	2627	0
4658.3	2518	0
4658.3	2209	0
4658.4	2309	0
4658.4	2689	0
4658.4	2531	0
4658.4	2956	0
4658.5	2078	0
4658.5	2660	0
4658.5	1323	0
4658.5	2515	0
4658.6	1940	0
4658.6	2710	0
4658.6	2543	0
4658.6	2285	0
4658.6	2344	0
4658.6	2721	0
4658.6	2040	0
4658.7	2035	0
4658.7	2351	0
4658.8	2511	0
4658.8	2293	0
4658.8	1771	0
4658.8	2591	0
4658.8	2543	0
4658.9	2162	0
4658.9	1725	0
4658.9	2617	0
4658.9	2789	0
4658.9	2718	0
4659.0	2251	0
4659.0	2815	0
4659.0	2652	0
4659.1	2873	0
4659.1	2572	0
4659.1	2812	0
4659.1	2335	0
4659.1	2303	0
4659.1	2678	0
4659.1	2807	0
4659.1	1709	0
4659.1	1855	0
4659.1	1869	0
4659.2	2651	0
4659.2	2594	0
4659.2	2460	0
4659.2	2775	0
4659.3	2466	0
4659.3	2229	0
4659.4	2642	0
4659.4	2539	0
4659.4	1895	0
4659.5	2723	0
4659.5	2521	0
4659.5	2081	0
4659.5	2828	0
4659.5	2569	0
4659.5	2339	0
4659.6	2973	0
4659.6	2426	0
4659.7	2721	0
4659.7	2795	0
4659.8	919	0
4659.8	2722	0
4659.8	2829	0
4659.8	2500	0
4659.8	2597	0
4659.8	871	0
4659.9	2895	0
4659.9	1702	0
4659.9	2828	0
4659.9	2310	0
4659.9	2395	0
4660.0	2786	0
4660.0	2735	0
4660.0	2274	0
4660.0	850	0
4660.0	2250	0
4660.1	2653	0
4660.2	1828	0
4660.2	2875	0
4660.2	1974	0
4660.2	2616	0
4660.3	1313	0
4660.3	2	0
4660.3	2040	0
4660.3	2753	0
4660.3	504	0
4660.3	2551	0
4660.4	2655	0
4660.4	1856	0
4660.4	2519	0
4660.4	1937	0
4660.4	2790	0
4660.5	2796	0
4660.6	2387	0
4660.6	2285	0
4660.6	2790	0
4660.6	2226	0
4660.6	2352	0
4660.6	2754	0
4660.7	2687	0
4660.7	2663	0
4660.8	2551	0
4660.8	2536	0
4660.8	2585	0
4660.8	1227	0
4660.9	2070	0
4660.9	2703	0
4660.9	2647	0
4660.9	2415	0
4660.9	2736	0
4660.9	2751	0
4661.0	2454	0
4661.0	2827	0
4661.0	2820	0
4661.1	2532	0
4661.1	2005	0
4661.1	2367	0
4661.2	2607	0
4661.2	1925	0
4661.2	2660	0
4661.2	3024	0
4661.3	2797	0
4661.3	2205	0
4661.3	860	0
4661.3	2708	0
4661.4	2596	0
4661.4	2468	0
4661.4	2839	0
4661.4	2514	0
4661.4	2524	0
4661.4	2323	0
4661.5	2755	0
4661.5	2606	0
4661.5	1819	0
4661.5	2948	0
4661.5	2839	0
4661.6	2536	0
4661.6	2677	0
4661.6	2509	0
4661.6	2322	0
4661.7	2319	0
4661.7	2531	0
4661.7	2905	0
4661.7	2697	0
4661.7	2701	0
4661.7	1861	0
4661.8	2679	0
4661.8	1082	0
4661.9	2909	0
4661.9	2909	0
4661.9	2514	0
4661.9	2292	0
4662.0	1435	0
4662.0	2719	0
4662.0	2345	0
4662.1	2522	0
4662.1	2537	0
4662.1	1766	0
4662.1	2754	0
4662.2	2374	0
4662.2	2855	0
4662.3	2762	0
4662.3	2671	0
4662.3	1423	0
4662.3	2549	0
4662.3	2693	0
4662.3	726	0
4662.4	2769	0
4662.4	2761	0
4662.4	2749	0
4662.5	2660	0
4662.5	2883	0
4662.5	2419	0
4662.6	2146	0
4662.6	1946	0
4662.6	1961	0
4662.6	2761	0
4662.7	2895	0
4662.7	2868	0
4662.7	2438	0
4662.8	2452	0
4662.8	2649	0
4662.8	1970	0
4662.8	2627	0
4662.8	2654	0
4662.8	2758	0
4662.8	2500	0
4662.9	2457	0
4662.9	2715	0
4662.9	2573	0
4662.9	2514	0
4662.9	2662	0
4663.0	1965	0
4663.0	2559	0
4663.0	2149	0
4663.0	2751	0
4663.0	2907	0
4663.0	2589	0
4663.1	2445	0
4663.1	2429	0
4663.1	2877	0
4663.1	2532	0
4663.2	2567	0
4663.2	2027	0
4663.2	2707	0
4663.2	2070	0
4663.2	2597	0
4663.3	2709	0
4663.3	1970	0
4663.3	2288	0
4663.3	1391	0
4663.3	4	0
4663.4	2720	0
4663.4	1879	0
4663.5	2662	0
4663.5	2828	0
4663.5	2504	0
4663.5	2434	0
4663.5	2338	0
4663.6	2652	0
4663.6	2044	0
4663.6	2661	0
4663.6	2606	0
4663.6	2787	0
4663.6	2534	0
4663.6	2310	0
4663.7	2742	0
4663.7	2617	0
4663.7	2629	0
4663.7	2599	0
4663.7	2378	0
4663.7	2249	0
4663.8	2572	0
4663.8	2601	0
4663.8	2138	0
4663.8	2747	0
4663.9	2521	0
4663.9	2538	0
4663.9	2578	0
4663.9	2230	0
4663.9	2759	0
4663.9	2515	0
4663.9	2099	0
4663.9	2792	0
4663.9	2598	0
4664.0	699	0
4664.0	2811	0
4664.0	986	0
4664.0	2244	0
4664.1	2646	0
4664.1	2138	0
4664.1	2484	0
4664.1	2502	0
4664.1	2217	0
4664.1	2492	0
4664.2	2437	0
4664.2	2701	0
4664.2	2853	0
4664.2	2588	0
4664.4	1833	0
4664.4	1888	0
4664.4	2414	0
4664.4	2256	0
4664.4	2326	0
4664.4	2237	0
4664.5	2444	0
4664.5	2079	0
4664.6	2631	0
4664.6	1681	0
4664.7	2760	0
4664.7	2557	0
4664.7	1852	0
4664.7	2556	0
4664.7	1369	0
4664.7	3	0
4664.7	803	0
4664.8	2447	0
4664.8	815	0
4664.8	2569	0
4664.8	2379	0
4664.8	2622	0
4664.8	2757	0
4664.8	2671	0
4664.8	2559	0
4664.8	2283	0
4664.9	2049	0
4664.9	2524	0
4664.9	2711	0
4665.0	2629	0
4665.1	2378	0
4665.1	2695	0
4665.2	2494	0
4665.2	1939	0
4665.2	2443	0
4665.3	2799	0
4665.4	2599	0
4665.4	2561	0
4665.5	2315	0
4665.5	2881	0
4665.5	2889	0
4665.5	2159	0
4665.5	2784	0
4665.6	2275	0
4665.7	2771	0
4665.7	2828	0
4665.7	2636	0
4665.8	2758	0
4665.8	2238	0
4665.8	1858	0
4665.8	2638	0
4665.8	2532	0
4665.8	2080	0
4665.9	906	0
4665.9	2788	0
4665.9	1669	0
4665.9	2755	0
4665.9	2756	0
4666.0	2975	0
4666.0	540	0
4666.0	2804	0
4666.0	2714	0
4666.1	2637	0
4666.1	2615	0
4666.1	2647	0
4666.1	2863	0
4666.1	2825	0
4666.2	1940	0
4666.2	2599	0
4666.2	2296	0
4666.3	1122	0
4666.3	2847	0
4666.3	2659	0
4666.4	2270	0
4666.4	2769	0
4666.5	2334	0
4666.5	2335	0
4666.5	2499	0
4666.5	2461	0
4666.5	2194	0
4666.6	2336	0
4666.6	1098	0
4666.7	2497	0
4666.7	2475	0
4666.7	2571	0
4666.7	2579	0
4666.7	2250	0
4666.8	2202	0
4666.8	2521	0
4666.8	2687	0
4666.8	2435	0
4666.8	2704	0
4666.8	2623	0
4666.9	2432	0
4666.9	2725	0
4666.9	2735	0
4666.9	2637	0
4667.0	2242	0
4667.0	2717	0
4667.1	2605	0
4667.1	1919	0
4667.1	2726	0
4667.1	2396	0
4667.1	2778	0
4667.2	2675	0
4667.2	2817	0
4667.2	2755	0
4667.2	2646	0
4667.2	2381	0
4667.2	2474	0
4667.2	2427	0
4667.3	2310	0
4667.3	2534	0
4667.3	2605	0
4667.3	2698	0
4667.3	2647	0
4667.4	3027	0
4667.4	2436	0
4667.4	1708	0
4667.5	2883	0
4667.5	2384	0
4667.5	2727	0
4667.5	2018	0
4667.5	1863	0
4667.6	2803	0
4667.6	2540	0
4667.6	569	0
4667.7	2135	0
4667.8	2431	0
4667.8	2751	0
4667.8	996	0
4667.9	661	0
4667.9	2272	0
4667.9	2022	0
4667.9	2409	0
4667.9	2565	0
4667.9	2802	0
4668.0	1955	0
4668.1	2670	0
4668.1	2957	0
4668.1	2108	0
4668.2	2712	0
4668.2	2233	0
4668.2	2849	0
4668.2	2864	0
4668.2	1357	0
4668.3	2641	0
4668.3	2525	0
4668.3	2505	0
4668.3	2837	0
4668.3	2708	0
4668.3	2761	0
4668.4	1849	0
4668.4	2446	0
4668.4	2443	0
4668.4	1950	0
4668.5	2402	0
4668.5	2520	0
4668.5	1953	0
4668.5	2516	0
4668.5	2452	0
4668.5	2648	0
4668.6	1947	0
4668.6	2091	0
4668.6	2486	0
4668.6	2667	0
4668.6	2366	0
4668.7	2579	0
4668.7	2205	0
4668.7	2763	0
4668.7	2929	0
4668.7	1604	0
4668.8	2612	0
4668.8	2661	0
4668.8	2354	0
4668.8	2355	0
4668.8	2686	0
4668.8	2615	0
4668.9	2761	0
4668.9	2510	0
4668.9	2488	0
4668.9	2787	0
4668.9	2558	0
4668.9	2707	0
4668.9	2389	0
4669.0	2721	0
4669.0	2648	0
4669.0	2831	0
4669.0	2644	0
4669.0	2428	0
4669.0	2898	0
4669.0	2354	0
4669.0	2631	0
4669.1	2815	0
4669.1	2572	0
4669.2	2644	0
4669.2	2572	0
4669.2	2165	0
4669.2	2794	0
4669.3	2323	0
4669.3	2638	0
4669.3	2708	0
4669.3	2827	0
4669.3	2259	0
4669.3	2659	0
4669.3	2703	0
4669.3	2743	0
4669.4	2727	0
4669.4	1957	0
4669.4	2379	0
4669.4	2462	0
4669.4	2661	0
4669.4	2873	0
4669.5	2547	0
4669.5	2836	0
4669.6	2787	0
4669.6	2159	0
4669.7	2702	0
4669.7	2164	0
4669.7	2956	0
4669.7	2869	0
4669.7	2667	0
4669.8	2751	0
4669.9	2710	0
4669.9	1648	0
4669.9	2449	0
4669.9	2687	0
4669.9	2826	0
4670.0	2678	0
4670.0	2576	0
4670.0	1705	0
4670.0	1930	0
4670.0	1766	0
4670.1	2781	0
4670.1	2592	0
4670.1	2404	0
4670.1	2317	0
4670.2	1914	0
4670.2	2671	0
4670.2	2666	0
4670.2	2721	0
4670.2	2799	0
4670.2	2544	0
4670.2	2607	0
4670.3	2905	0
4670.3	2641	0
4670.3	2658	0
4670.3	2467	0
4670.3	2812	0
4670.3	2761	0
4670.4	2653	0
4670.4	2907	0
4670.4	2253	0
4670.5	2678	0
4670.5	2229	0
4670.5	1641	0
4670.5	2780	0
4670.6	2654	0
4670.6	2742	0
4670.7	2291	0
4670.7	1384	0
4670.7	2618	0
4670.7	2827	0
4670.7	2015	0
4670.7	1399	0
4670.8	2409	0
4670.8	2823	0
4670.8	2730	0
4670.8	2524	0
4670.8	2820	0
4670.9	1857	0
4670.9	2369	0
4670.9	2490	0
4671.0	2702	0
4671.0	2934	0
4671.0	2729	0
4671.0	2175	0
4671.1	2387	0
4671.1	2614	0
4671.1	2810	0
4671.1	2626	0
4671.1	2711	0
4671.1	2602	0
4671.1	2526	0
4671.1	2631	0
4671.1	2838	0
4671.2	2760	0
4671.2	2489	0
4671.2	2386	0
4671.2	2378	0
4671.2	2573	0
4671.2	2452	0
4671.2	2839	0
4671.2	2391	0
4671.2	2948	0
4671.2	2230	0
4671.3	2633	0
4671.3	2523	0
4671.3	2610	0
4671.3	2651	0
4671.3	2346	0
4671.3	2337	0
4671.3	2610	0
4671.3	1262	0
4671.3	2913	0
4671.4	2538	0
4671.4	2183	0
4671.4	2845	0
4671.4	2588	0
4671.4	2206	0
4671.4	2499	0
4671.5	2616	0
4671.5	1793	0
4671.5	566	0
4671.5	2142	0
4671.5	2667	0
4671.5	2715	0
4671.6	2238	0
4671.6	2710	0
4671.7	2742	0
4671.7	2485	0
4671.7	2478	0
4671.7	1895	0
4671.7	2120	0
4671.8	2684	0
4671.8	2913	0
4671.8	2456	0
4671.8	2451	0
4671.9	2603	0
4671.9	1091	0
4671.9	2759	0
4672.0	2028	0
4672.0	2695	0
4672.0	2607	0
4672.0	671	0
4672.1	2552	0
4672.2	2907	0
4672.2	2187	0
4672.2	2423	0
4672.2	2691	0
4672.3	2630	0
4672.3	2761	0
4672.3	2748	0
4672.3	2318	0
4672.3	2747	0
4672.4	2783	0
4672.4	2655	0
4672.5	2747	0
4672.5	2243	0
4672.5	1762	0
4672.5	2500	0
4672.6	2427	0
4672.6	2512	0
4672.7	1971	0
4672.7	2516	0
4672.7	2323	0
4672.7	2615	0
4672.8	2228	0
4672.8	920	0
4672.8	1910	0
4672.8	2143	0
4672.9	2533	0
4672.9	2359	0
4672.9	2587	0
4672.9	2260	0
4672.9	963	0
4672.9	2779	0
4673.0	2661	0
4673.0	2561	0
4673.1	2702	0
4673.1	2543	0
4673.1	1983	0
4673.1	2562	0
4673.1	2804	0
4673.2	2709	0
4673.3	1079	0
4673.3	2352	0
4673.3	2663	0
4673.3	2677	0
4673.4	2543	0
4673.4	555	0
4673.4	1146	0
4673.4	2310	0
4673.4	2863	0
4673.4	2661	0
4673.4	2109	0
4673.4	2157	0
4673.5	1434	0
4673.5	2242	0
4673.5	2425	0
4673.5	1746	0
4673.6	2293	0
4673.6	2518	0
4673.6	2930	0
4673.6	2669	0
4673.6	2508	0
4673.6	2244	0
4673.6	2334	0
4673.7	2567	0
4673.7	2471	0
4673.7	2286	0
4673.7	2727	0
4673.8	2642	0
4673.9	2967	0
4673.9	2716	0
4673.9	2698	0
4674.0	2098	0
4674.1	2547	0
4674.1	2198	0
4674.1	2879	0
4674.1	2710	0
4674.1	2710	0
4674.1	2887	0
4674.1	2214	0
4674.1	2867	0
4674.1	2635	0
4674.2	2424	0
4674.2	2552	0
4674.2	2845	0
4674.2	2489	0
4674.3	2823	0
4674.3	2095	0
4674.3	2505	0
4674.4	2135	0
4674.4	2074	0
4674.4	2129	0
4674.4	1195	0
4674.5	2401	0
4674.5	1301	0
4674.5	2739	0
4674.5	2551	0
4674.6	2183	0
4674.6	1825	0
4674.6	2702	0
4674.6	686	0
4674.7	2651	0
4674.7	2438	0
4674.7	1066	0
4674.7	2759	0
4674.8	2426	0
4674.8	2815	0
4674.8	2565	0
4674.9	2354	0
4674.9	2603	0
4674.9	2711	0
4674.9	2522	0
4675.0	2770	0
4675.0	2577	0
4675.0	2500	0
4675.0	2588	0
4675.0	2123	0
4675.0	2443	0
4675.0	2537	0
4675.1	2722	0
4675.1	2745	0
4675.2	2007	0
4675.3	2427	0
4675.3	2758	0
4675.3	2578	0
4675.4	2590	0
4675.4	2732	0
4675.4	2639	0
4675.4	2586	0
4675.4	2733	0
4675.5	2805	0
4675.5	1790	0
4675.5	2494	0
4675.5	1400	0
4675.5	2049	0
4675.5	2780	0
4675.6	2256	0
4675.6	1067	0
4675.6	2482	0
4675.7	2694	0
4675.7	2745	0
4675.7	2308	0
4675.8	2772	0
4675.8	2715	0
4675.9	2682	0
4676.0	2554	0
4676.0	1549	0
4676.0	2623	0
4676.0	2486	0
4676.0	2595	0
4676.0	2485	0
4676.0	2523	0
4676.1	1976	0
4676.1	2379	0
4676.2	2855	0
4676.2	2714	0
4676.2	2662	0
4676.2	2789	0
4676.3	2787	0
4676.3	2608	0
4676.3	2448	0
4676.3	2623	0
4676.3	2167	0
4676.4	2875	0
4676.4	1834	0
4676.4	2305	0
4676.4	2634	0
4676.5	2465	0
4676.5	2822	0
4676.5	2604	0
4676.5	2667	0
4676.5	2063	0
4676.6	2850	0
4676.6	2159	0
4676.6	2620	0
4676.6	2657	0
4676.6	2693	0
4676.6	2620	0
4676.6	1984	0
4676.7	2456	0
4676.7	2639	0
4676.7	2660	0
4676.7	2518	0
4676.7	2361	0
4676.7	2596	0
4676.8	2431	0
4676.8	2082	0
4676.8	2702	0
4676.8	2179	0
4676.8	2645	0
4676.8	2707	0
4676.9	2478	0
4676.9	2599	0
4676.9	2751	0
4676.9	2366	0
4676.9	2906	0
4677.0	2629	0
4677.0	1813	0
4677.0	1997	0
4677.1	2252	0
4677.1	2759	0
4677.1	2201	0
4677.1	1888	0
4677.1	2495	0
4677.2	2755	0
4677.2	2596	0
4677.2	2667	0
4677.3	2668	0
4677.3	2662	0
4677.3	2922	0
4677.3	2514	0
4677.4	2710	0
4677.4	2205	0
4677.4	2355	0
4677.4	2435	0
4677.4	2485	0
4677.4	2381	0
4677.5	961	0
4677.5	2091	0
4677.5	1792	0
4677.5	2724	0
4677.5	2619	0
4677.5	1167	0
4677.5	2841	0
4677.5	2799	0
4677.6	1853	0
4677.6	1282	0
4677.6	2371	0
4677.7	2643	0
4677.7	2772	0
4677.9	784	0
4677.9	2625	0
4677.9	2601	0
4678.0	2399	0
4678.0	2661	0
4678.0	2879	0
4678.0	2798	0
4678.0	2690	0
4678.0	2674	0
4678.1	2557	0
4678.1	2013	0
4678.1	2397	0
4678.1	2907	0
4678.1	2936	0
4678.1	2641	0
4678.1	2345	0
4678.2	2574	0
4678.2	1692	0
4678.2	2483	0
4678.2	2632	0
4678.2	2590	0
4678.2	2746	0
4678.3	888	0
4678.3	4	0
4678.3	2293	0
4678.3	2600	0
4678.3	1910	0
4678.3	857	0
4678.3	2535	0
4678.4	2357	0
4678.4	1681	0
4678.4	828	0
4678.4	2205	0
4678.5	2681	0
4678.5	2891	0
4678.6	2477	0
4678.6	1880	0
4678.6	2633	0
4678.7	1869	0
4678.7	2690	0
4678.7	1396	0
4678.7	2693	0
4678.7	2721	0
4678.7	2529	0
4678.7	2869	0
4678.7	2897	0
4678.8	2591	0
4678.8	2368	0
4678.8	2156	0
4678.8	2708	0
4678.8	666	0
4679.0	2083	0
4679.0	2254	0
4679.0	2723	0
4679.0	2470	0
4679.1	2581	0
4679.1	2535	0
4679.1	2625	0
4679.1	2658	0
4679.2	2670	0
4679.2	2871	0
4679.2	2407	0
4679.3	1864	0
4679.3	1744	0
4679.3	2708	0
4679.3	2623	0
4679.4	2292	0
4679.4	2351	0
4679.4	2796	0
4679.4	2412	0
4679.5	2749	0
4679.5	2577	0
4679.5	821	0
4679.5	2762	0
4679.5	2621	0
4679.5	2764	0
4679.5	2875	0
4679.6	2041	0
4679.6	2735	0
4679.6	2737	0
4679.7	2701	0
4679.7	2732	0
4679.7	2537	0
4679.7	2661	0
4679.8	2652	0
4679.8	1421	0
4679.8	2418	0
4679.8	2665	0
4679.8	2566	0
4679.9	2472	0
4679.9	2666	0
4679.9	2524	0
4679.9	2130	0
4679.9	2515	0
4679.9	2531	0
4679.9	2697	0
4680.0	2527	0
4680.0	2775	0
4680.0	2760	0
4680.0	2841	0
4680.0	1904	0
4680.0	2807	0
4680.0	2621	0
4680.1	2665	0
4680.1	2383	0
4680.1	2472	0
4680.1	1456	0
4680.1	2343	0
4680.1	2340	0
4680.1	2534	0
4680.2	2559	0
4680.2	2224	0
4680.2	2586	0
4680.2	2745	0
4680.2	2743	0
4680.3	2846	0
4680.3	3000	0
4680.3	2865	0
4680.3	1910	0
4680.4	2637	0
4680.4	2458	0
4680.4	2337	0
4680.4	2639	0
4680.5	2691	0
4680.5	2500	0
4680.5	2416	0
4680.5	2659	0
4680.5	2688	0
4680.5	1951	0
4680.5	1742	0
4680.5	1859	0
4680.5	2701	0
4680.6	2874	0
4680.6	2096	0
4680.6	2371	0
4680.6	2471	0
4680.7	2615	0
4680.7	1502	0
4680.8	2241	0
4680.8	2697	0
4680.9	2735	0
4680.9	2720	0
4680.9	2635	0
4680.9	2208	0
4680.9	2886	0
4681.0	2532	0
4681.1	2353	0
4681.1	2924	0
4681.1	2759	0
4681.2	1966	0
4681.2	2762	0
4681.2	2949	0
4681.2	2409	0
4681.3	2504	0
4681.3	2182	0
4681.3	2265	0
4681.3	2940	0
4681.4	2663	0
4681.4	2707	0
4681.5	2042	0
4681.5	2203	0
4681.5	2335	0
4681.5	2435	0
4681.5	2595	0
4681.5	1944	0
4681.5	2309	0
4681.6	2858	0
4681.6	2769	0
4681.6	2770	0
4681.7	2595	0
4681.7	2837	0
4681.7	2017	0
4681.7	2517	0
4681.7	2219	0
4681.8	2899	0
4681.8	2371	0
4681.8	1655	0
4681.8	2030	0
4681.8	2709	0
4681.8	2555	0
4682.0	2751	0
4682.1	2305	0
4682.1	2544	0
4682.1	2869	0
4682.1	2681	0
4682.1	2463	0
4682.2	744	0
4682.2	2963	0
4682.2	2813	0
4682.2	2179	0
4682.3	2481	0
4682.3	2811	0
4682.3	2785	0
4682.4	2857	0
4682.5	2481	0
4682.5	2769	0
4682.5	2351	0
4682.5	2480	0
4682.5	2328	0
4682.6	2849	0
4682.6	2614	0
4682.6	2741	0
4682.7	2546	0
4682.7	2445	0
4682.7	2209	0
4682.7	2045	0
4682.7	2501	0
4682.7	2763	0
4682.7	2806	0
4682.7	2794	0
4682.8	2607	0
4682.8	2635	0
4682.9	2835	0
4682.9	2426	0
4682.9	2763	0
4682.9	2541	0
4683.0	2149	0
4683.0	2265	0
4683.0	2883	0
4683.1	1406	0
4683.1	1870	0
4683.1	2503	0
4683.1	1738	0
4683.1	2855	0
4683.1	2500	0
4683.1	3053	0
4683.2	2728	0
4683.2	2691	0
4683.2	2125	0
4683.2	2850	0
4683.3	2406	0
4683.3	1376	0
4683.3	2335	0
4683.4	2163	0
4683.4	2599	0
4683.4	2743	0
4683.4	2349	0
4683.4	2717	0
4683.4	2776	0
4683.4	2743	0
4683.5	2674	0
4683.5	2663	0
4683.5	2777	0
4683.5	2697	0
4683.5	2518	0
4683.5	2510	0
4683.6	2724	0
4683.6	2118	0
4683.6	2431	0
4683.6	2663	0
4683.6	2112	0
4683.7	2704	0
4683.7	2674	0
4683.7	2069	0
4683.7	2484	0
4683.9	2623	0
4683.9	2852	0
4683.9	2853	0
4684.0	2635	0
4684.0	2647	0
4684.0	2418	0
4684.0	2653	0
4684.0	1996	0
4684.0	2199	0
4684.1	2626	0
4684.1	2579	0
4684.2	2699	0
4684.2	2449	0
4684.2	2383	0
4684.3	2460	0
4684.3	2096	0
4684.3	1931	0
4684.3	2588	0
4684.3	2405	0
4684.4	2347	0
4684.4	2753	0
4684.4	1842	0
4684.4	2607	0
4684.5	2633	0
4684.5	2297	0
4684.5	2675	0
4684.5	2741	0
4684.5	2305	0
4684.5	1674	0
4684.6	2460	0
4684.7	1722	0
4684.7	2459	0
4684.7	2538	0
4684.7	2366	0
4684.8	2198	0
4684.8	2595	0
4684.8	2763	0
4684.9	2384	0
4684.9	2329	0
4684.9	2736	0
4684.9	2739	0
4684.9	2607	0
4684.9	2620	0
4684.9	2678	0
4685.0	2479	0
4685.0	2646	0
4685.0	2600	0
4685.0	2959	0
4685.0	2475	0
4685.1	2513	0
4685.1	2424	0
4685.2	2548	0
4685.2	2621	0
4685.2	2716	0
4685.2	2776	0
4685.2	2441	0
4685.2	2244	0
4685.2	2682	0
4685.2	2719	0
4685.2	2407	0
4685.2	2624	0
4685.3	2881	0
4685.3	2727	0
4685.3	561	0
4685.4	2673	0
4685.4	2680	0
4685.4	2409	0
4685.4	2817	0
4685.4	2376	0
4685.4	2461	0
4685.4	2611	0
4685.4	2641	0
4685.5	2593	0
4685.5	2447	0
4685.5	2367	0
4685.6	2797	0
4685.6	2577	0
4685.6	2093	0
4685.6	2855	0
4685.6	2732	0
4685.7	2673	0
4685.7	2078	0
4685.7	1842	0
4685.7	2662	0
4685.7	2711	0
4685.8	2850	0
4685.8	2166	0
4685.9	2651	0
4685.9	2580	0
4685.9	2793	0
4685.9	2171	0
4685.9	2130	0
4685.9	2150	0
4686.0	1255	0
4686.0	2443	0
4686.0	2353	0
4686.0	2664	0
4686.0	2395	0
4686.0	2286	0
4686.1	2439	0
4686.1	1511	0
4686.1	1907	0
4686.1	2635	0
4686.1	2759	0
4686.1	2547	0
4686.1	2913	0
4686.1	2603	0
4686.1	2758	0
4686.2	2593	0
4686.2	3045	0
4686.3	2036	0
4686.3	2659	0
4686.3	2301	0
4686.3	2631	0
4686.4	2377	0
4686.5	2932	0
4686.5	2215	0
4686.5	2964	0
4686.5	2663	0
4686.5	2566	0
4686.5	2344	0
4686.6	2527	0
4686.6	892	0
4686.6	2087	0
4686.6	2922	0
4686.7	2531	0
4686.7	990	0
4686.7	2327	0
4686.8	2655	0
4686.8	2445	0
4686.8	2558	0
4686.8	1877	0
4686.8	2268	0
4686.8	2701	0
4686.9	2953	0
4686.9	2857	0
4686.9	2712	0
4686.9	2682	0
4686.9	2458	0
4687.0	2728	0
4687.0	2461	0
4687.0	2677	0
4687.0	2404	0
4687.0	2844	0
4687.0	2705	0
4687.0	2943	0
4687.0	2015	0
4687.0	2136	0
4687.0	2538	0
4687.1	2691	0
4687.1	2527	0
4687.1	2880	0
4687.1	2315	0
4687.1	2626	0
4687.2	2581	0
4687.2	2510	0
4687.2	1921	0
4687.3	2415	0
4687.3	2581	0
4687.3	2356	0
4687.3	2493	0
4687.3	2379	0
4687.3	1692	0
4687.3	2585	0
4687.4	2679	0
4687.4	1690	0
4687.4	2610	0
4687.5	1949	0
4687.5	2642	0
4687.5	2774	0
4687.5	2113	0
4687.5	1908	0
4687.5	2821	0
4687.5	2686	0
4687.5	2757	0
4687.6	2721	0
4687.6	2491	0
4687.6	2367	0
4687.6	2453	0
4687.6	2681	0
4687.6	2571	0
4687.6	2618	0
4687.7	2085	0
4687.7	2559	0
4687.8	1574	0
4687.8	2113	0
4687.8	2647	0
4687.8	2208	0
4687.9	2846	0
4687.9	2318	0
4688.0	2839	0
4688.1	2562	0
4688.1	2889	0
4688.1	2559	0
4688.1	2658	0
4688.1	2629	0
4688.1	2859	0
4688.1	2784	0
4688.2	2578	0
4688.2	2434	0
4688.2	2281	0
4688.3	2685	0
4688.3	1733	0
4688.3	822	0
4688.3	2714	0
4688.4	1943	0
4688.4	2640	0
4688.4	2076	0
4688.4	2764	0
4688.4	2731	0
4688.5	2493	0
4688.6	2365	0
4688.6	2695	0
4688.6	2743	0
4688.6	886	0
4688.6	2737	0
4688.6	2586	0
4688.6	2831	0
4688.7	2604	0
4688.7	2559	0
4688.7	2347	0
4688.7	2763	0
4688.7	2778	0
4688.7	2830	0
4688.8	2121	0
4688.8	2188	0
4688.8	2916	0
4688.8	2703	0
4688.8	2616	0
4688.8	2646	0
4688.9	2384	0
4688.9	525	0
4688.9	2451	0
4688.9	2486	0
4688.9	1967	0
4688.9	2244	0
4689.0	2690	0
4689.0	2773	0
4689.0	2710	0
4689.0	2592	0
4689.0	2413	0
4689.1	2334	0
4689.1	2250	0
4689.1	1604	0
4689.1	2683	0
4689.1	2703	0
4689.1	2518	0
4689.1	2623	0
4689.2	2293	0
4689.2	2845	0
4689.3	2138	0
4689.3	2171	0
4689.3	2249	0
4689.4	2755	0
4689.4	1514	0
4689.4	2176	0
4689.4	2618	0
4689.4	2494	0
4689.4	2455	0
4689.4	2655	0
4689.5	1992	0
4689.5	2425	0
4689.5	2685	0
4689.5	2312	0
4689.6	2885	0
4689.6	2599	0
4689.6	1584	0
4689.6	2202	0
4689.6	2333	0
4689.6	1406	0
4689.7	1536	0
4689.7	2814	0
4689.7	2552	0
4689.7	2830	0
4689.7	2608	0
4689.7	2569	0
4689.8	2557	0
4689.8	2132	0
4689.8	2538	0
4689.9	1580	0
4689.9	1233	0
4689.9	2190	0
4689.9	2685	0
4689.9	2282	0
4690.0	2631	0
4690.0	2493	0
4690.0	1853	0
4690.1	2436	0
4690.1	2331	0
4690.1	2706	0
4690.2	2378	0
4690.2	2831	0
4690.3	2794	0
4690.3	2680	0
4690.3	2455	0
4690.4	2523	0
4690.4	2347	0
4690.4	2591	0
4690.4	2537	0
4690.4	2843	0
4690.5	2759	0
4690.5	2749	0
4690.5	2132	0
4690.5	1563	0
4690.5	2272	0
4690.5	2147	0
4690.6	2146	0
4690.6	1871	0
4690.7	2479	0
4690.7	2611	0
4690.7	816	0
4690.7	1136	0
4690.7	2499	0
4690.7	2413	0
4690.8	2692	0
4690.8	2530	0
4690.9	1967	0
4690.9	1874	0
4690.9	2616	0
4690.9	2396	0
4690.9	2550	0
4690.9	2723	0
4691.0	2165	0
4691.0	2687	0
4691.0	2491	0
4691.1	2455	0
4691.1	2332	0
4691.1	2675	0
4691.1	2311	0
4691.2	2356	0
4691.2	2410	0
4691.2	2951	0
4691.2	2318	0
4691.2	2633	0
4691.3	1706	0
4691.3	2327	0
4691.3	2739	0
4691.3	2093	0
4691.4	2431	0
4691.4	975	0
4691.4	2711	0
4691.4	2759	0
4691.4	2817	0
4691.5	2809	0
4691.5	2375	0
4691.5	2596	0
4691.5	2760	0
4691.5	2715	0
4691.5	1829	0
4691.5	2524	0
4691.6	2874	0
4691.6	2642	0
4691.6	2292	0
4691.7	1531	0
4691.7	2447	0
4691.7	2403	0
4691.8	2279	0
4691.8	1821	0
4691.8	2741	0
4691.8	2702	0
4691.9	2395	0
4691.9	2585	0
4691.9	2808	0
4691.9	1794	0
4692.0	2794	0
4692.0	2438	0
4692.0	2315	0
4692.0	2567	0
4692.0	2067	0
4692.0	2381	0
4692.0	1994	0
4692.0	2744	0
4692.0	1930	0
4692.0	2241	0
4692.1	2561	0
4692.1	2534	0
4692.2	2326	0
4692.2	2082	0
4692.2	2650	0
4692.3	2798	0
4692.3	1887	0
4692.3	2751	0
4692.3	2557	0
4692.3	1977	0
4692.4	2551	0
4692.4	2661	0
4692.4	2675	0
4692.4	1873	0
4692.6	2718	0
4692.6	2261	0
4692.6	2364	0
4692.7	2605	0
4692.7	2635	0
4692.7	2469	0
4692.8	2237	0
4692.8	2807	0
4692.8	1601	0
4692.8	2735	0
4692.9	2351	0
4692.9	2495	0
4692.9	2421	0
4692.9	1958	0
4692.9	2051	0
4692.9	2715	0
4692.9	1978	0
4693.0	2479	0
4693.0	2501	0
4693.0	2698	0
4693.0	2625	0
4693.0	2232	0
4693.0	2455	0
4693.0	2169	0
4693.1	2591	0
4693.1	2529	0
4693.2	2289	0
4693.2	2269	0
4693.2	2584	0
4693.3	2382	0
4693.3	2769	0
4693.3	2403	0
4693.3	2849	0
4693.3	2643	0
4693.4	2332	0
4693.4	2054	0
4693.5	2373	0
4693.5	2884	0
4693.5	1573	0
4693.5	2463	0
4693.5	2531	0
4693.6	1956	0
4693.7	2586	0
4693.7	2709	0
4693.7	2719	0
4693.7	2794	0
4693.8	2810	0
4693.8	2739	0
4693.8	1221	0
4693.8	2752	0
4693.8	2538	0
4693.8	2318	0
4693.8	2661	0
4693.8	2217	0
4694.0	2625	0
4694.0	2770	0
4694.0	2620	0
4694.0	2806	0
4694.0	2668	0
4694.1	2606	0
4694.1	2657	0
4694.1	2483	0
4694.1	2379	0
4694.1	3183	0
4694.1	2501	0
4694.1	2637	0
4694.1	2541	0
4694.1	621	0
4694.2	2516	0
4694.2	2329	0
4694.2	2603	0
4694.2	2593	0
4694.3	2473	0
4694.3	1959	0
4694.3	2440	0
4694.3	2797	0
4694.3	2312	0
4694.4	2587	0
4694.4	2394	0
4694.4	2694	0
4694.4	2649	0
4694.5	2389	0
4694.5	2823	0
4694.5	2445	0
4694.5	2302	0
4694.5	2643	0
4694.5	2432	0
4694.5	2585	0
4694.6	2217	0
4694.6	1927	0
4694.6	2663	0
4694.6	1594	0
4694.6	981	0
4694.6	2875	0
4694.7	2611	0
4694.7	2599	0
4694.7	2667	0
4694.7	2122	0
4694.7	2363	0
4694.7	2636	0
4694.7	2669	0
4694.8	2732	0
4694.8	2450	0
4694.9	2137	0
4694.9	2194	0
4694.9	2511	0
4694.9	2415	0
4694.9	1541	0
4694.9	2671	0
4695.0	2825	0
4695.0	2743	0
4695.0	1810	0
4695.0	2886	0
4695.1	2250	0
4695.1	2628	0
4695.1	638	0
4695.1	2418	0
4695.1	2565	0
4695.2	2680	0
4695.2	2687	0
4695.2	2540	0
4695.2	2393	0
4695.3	2437	0
4695.3	2859	0
4695.3	2917	0
4695.3	2471	0
4695.3	1337	0
4695.4	2554	0
4695.4	2825	0
4695.4	1548	0
4695.4	2650	0
4695.4	2443	0
4695.5	2808	0
4695.6	2457	0
4695.6	2574	0
4695.6	2602	0
4695.6	2736	0
4695.6	492	0
4695.6	2675	0
4695.6	2652	0
4695.7	2022	0
4695.7	2525	0
4695.7	2154	0
4695.8	1888	0
4695.8	2620	0
4695.8	2589	0
4695.8	2429	0
4695.8	2287	0
4695.8	2535	0
4695.8	2417	0
4695.9	1949	0
4695.9	2735	0
4695.9	2743	0
4695.9	2206	0
4695.9	2687	0
4695.9	2535	0
4695.9	2410	0
4696.0	2695	0
4696.1	2465	0
4696.1	2857	0
4696.1	2266	0
4696.1	2529	0
4696.2	2620	0
4696.2	2443	0
4696.2	2734	0
4696.2	2717	0
4696.2	2695	0
4696.3	2717	0
4696.3	554	0
4696.3	2439	0
4696.3	2263	0
4696.3	2663	0
4696.3	2527	0
4696.3	2591	0
4696.3	2169	0
4696.3	2098	0
4696.4	2357	0
4696.4	2189	0
4696.4	2461	0
4696.5	2643	0
4696.5	2638	0
4696.5	2730	0
4696.5	2275	0
4696.5	2605	0
4696.5	2625	0
4696.5	1512	0
4696.5	594	0
4696.6	2730	0
4696.6	2529	0
4696.6	2325	0
4696.6	1486	0
4696.6	2597	0
4696.7	2229	0
4696.7	821	0
4696.7	2519	0
4696.7	2420	0
4696.7	2647	0
4696.8	2776	0
4696.8	2590	0
4696.8	2881	0
4696.8	2745	0
4696.8	2679	0
4696.8	2321	0
4696.9	2578	0
4696.9	2361	0
4696.9	2081	0
4696.9	2703	0
4696.9	2897	0
4697.0	2747	0
4697.0	2244	0
4697.0	2082	0
4697.0	1415	0
4697.0	4	0
4697.0	2520	0
4697.0	2357	0
4697.1	2783	0
4697.1	2317	0
4697.1	1073	0
4697.1	2547	0
4697.1	3013	0
4697.1	2183	0
4697.2	2540	0
4697.2	2318	0
4697.2	2579	0
4697.2	2469	0
4697.2	2917	0
4697.2	2717	0
4697.3	2987	0
4697.3	2173	0
4697.3	2668	0
4697.3	2363	0
4697.3	2771	0
4697.4	2734	0
4697.5	1531	0
4697.5	2451	0
4697.5	2953	0
4697.5	2188	0
4697.5	2783	0
4697.5	2431	0
4697.5	2352	0
4697.6	2581	0
4697.6	2009	0
4697.6	2630	0
4697.6	2674	0
4697.6	2684	0
4697.7	2847	0
4697.7	1840	0
4697.7	2354	0
4697.7	2636	0
4697.7	2767	0
4697.7	2582	0
4697.7	1629	0
4697.7	2882	0
4697.8	2178	0
4697.8	2523	0
4697.9	2783	0
4697.9	2679	0
4697.9	2534	0
4698.0	2077	0
4698.0	2782	0
4698.0	2305	0
4698.0	2710	0
4698.0	2718	0
4698.1	2648	0
4698.1	2765	0
4698.1	2487	0
4698.1	2765	0
4698.1	2173	0
4698.1	1953	0
4698.2	2466	0
4698.2	783	0
4698.2	2091	0
4698.2	2546	0
4698.2	2904	0
4698.2	2588	0
4698.2	2426	0
4698.3	2420	0
4698.3	2678	0
4698.3	2070	0
4698.3	2384	0
4698.3	2271	0
4698.3	1821	0
4698.3	2399	0
4698.3	2359	0
4698.3	2922	0
4698.4	2771	0
4698.5	2684	0
4698.5	2307	0
4698.5	2661	0
4698.6	2366	0
4698.6	2776	0
4698.6	2576	0
4698.6	2107	0
4698.6	2801	0
4698.6	2575	0
4698.6	2695	0
4698.6	2812	0
4698.6	2595	0
4698.7	2403	0
4698.7	2114	0
4698.7	2708	0
4698.7	2649	0
4698.8	2014	0
4698.9	1412	0
4699.0	2229	0
4699.0	2153	0
4699.0	2391	0
4699.0	2618	0
4699.1	2291	0
4699.1	2758	0
4699.1	1913	0
4699.2	2337	0
4699.3	1796	0
4699.3	2523	0
4699.4	2616	0
4699.4	2389	0
4699.4	953	0
4699.4	2463	0
4699.5	2224	0
4699.5	2535	0
4699.6	2107	0
4699.6	2652	0
4699.7	1489	0
4699.7	2847	0
4699.7	2610	0
4699.7	2134	0
4699.8	2956	0
4699.9	2708	0
4699.9	2033	0
4699.9	2729	0
4699.9	2730	0
4699.9	1784	0
4700.0	2728	0
4700.0	2993	0
4700.0	2539	0
4700.1	2957	0
4700.1	1587	0
4700.1	2230	0
4700.1	2573	0
4700.1	2628	0
4700.1	2270	0
4700.1	2730	0
4700.2	2442	0
4700.2	2600	0
4700.2	2231	0
4700.2	2567	0
4700.3	2504	0
4700.3	2301	0
4700.4	2621	0
4700.4	2767	0
4700.5	2434	0
4700.5	2486	0
4700.5	2611	0
4700.5	2527	0
4700.5	2498	0
4700.5	2005	0
4700.6	1913	0
4700.6	2401	0
4700.6	2697	0
4700.6	2724	0
4700.6	2645	0
4700.6	2536	0
4700.6	2546	0
4700.7	2737	0
4700.7	2611	0
4700.7	2386	0
4700.7	2547	0
4700.7	2459	0
4700.7	2619	0
4700.8	2544	0
4700.9	2779	0
4700.9	2699	0
4700.9	2819	0
4700.9	2747	0
4701.0	2539	0
4701.0	2369	0
4701.0	2629	0
4701.0	2091	0
4701.0	2602	0
4701.0	2682	0
4701.1	1572	0
4701.1	2492	0
4701.1	2638	0
4701.1	2625	0
4701.1	2921	0
4701.2	2746	0
4701.2	2430	0
4701.2	2073	0
4701.2	2680	0
4701.2	2385	0
4701.2	2706	0
4701.3	2355	0
4701.3	1084	0
4701.4	2677	0
4701.4	2415	0
4701.4	2601	0
4701.4	2132	0
4701.5	2062	0
4701.5	2479	0
4701.5	2633	0
4701.5	2799	0
4701.5	2615	0
4701.6	2555	0
4701.6	2811	0
4701.7	1958	0
4701.7	2354	0
4701.7	2642	0
4701.8	2507	0
4701.8	2631	0
4701.9	2791	0
4701.9	2481	0
4701.9	2772	0
4701.9	2630	0
4701.9	2455	0
4701.9	2457	0
4702.0	2565	0
4702.0	2738	0
4702.0	2366	0
4702.0	2656	0
4702.0	2762	0
4702.0	1639	0
4702.1	2796	0
4702.1	2693	0
4702.1	2307	0
4702.1	2931	0
4702.1	2727	0
4702.1	2891	0
4702.1	2658	0
4702.2	2745	0
4702.3	2604	0
4702.3	2877	0
4702.3	2446	0
4702.3	2332	0
4702.3	2853	0
4702.3	2803	0
4702.3	1291	0
4702.4	2	0
4702.4	2231	0
4702.4	2130	0
4702.4	2590	0
4702.4	2563	0
4702.5	1816	0
4702.5	2847	0
4702.5	2346	0
4702.5	2594	0
4702.5	2041	0
4702.6	2746	0
4702.7	2069	0
4702.8	2800	0
4702.8	2639	0
4702.9	2578	0
4702.9	2935	0
4702.9	2501	0
4702.9	770	0
4703.0	2193	0
4703.0	2480	0
4703.0	2759	0
4703.0	2738	0
4703.0	2650	0
4703.0	1889	0
4703.1	2978	0
4703.1	2761	0
4703.1	2383	0
4703.2	2673	0
4703.2	2421	0
4703.2	2050	0
4703.2	2524	0
4703.2	2782	0
4703.2	2045	0
4703.3	2509	0
4703.3	2844	0
4703.4	1872	0
4703.4	880	0
4703.4	2035	0
4703.4	2307	0
4703.5	2612	0
4703.5	2621	0
4703.5	2423	0
4703.5	2283	0
4703.6	1446	0
4703.6	1836	0
4703.6	2614	0
4703.6	2181	0
4703.7	2721	0
4703.7	2634	0
4703.7	2689	0
4703.7	2748	0
4703.8	2300	0
4703.8	2747	0
4703.8	2808	0
4703.8	2490	0
4703.8	2456	0
4703.9	2985	0
4704.0	2821	0
4704.0	2737	0
4704.0	2730	0
4704.0	2288	0
4704.1	2857	0
4704.1	2654	0
4704.1	1986	0
4704.1	1926	0
4704.1	2762	0
4704.2	2653	0
4704.2	2789	0
4704.3	2467	0
4704.3	2552	0
4704.4	1377	0
4704.4	2903	0
4704.4	2766	0
4704.4	2246	0
4704.5	2503	0
4704.5	2843	0
4704.5	2820	0
4704.5	2811	0
4704.5	2331	0
4704.6	2591	0
4704.6	2751	0
4704.6	2659	0
4704.7	2282	0
4704.7	2750	0
4704.7	2134	0
4704.7	2795	0
4704.7	2047	0
4704.7	2641	0
4704.7	1942	0
4704.8	833	0
4704.8	1256	0
4704.8	2658	0
4704.8	2153	0
4704.8	2682	0
4704.9	2625	0
4704.9	2608	0
4704.9	2777	0
4704.9	2315	0
4705.0	1920	0
4705.0	2675	0
4705.0	2307	0
4705.0	2492	0
4705.0	2524	0
4705.1	1465	0
4705.1	2643	0
4705.1	2456	0
4705.1	2206	0
4705.1	2665	0
4705.2	2635	0
4705.2	1830	0
4705.2	2289	0
4705.2	2566	0
4705.2	2689	0
4705.3	1353	0
4705.4	4	0
4705.4	2305	0
4705.4	2621	0
4705.4	2181	0
4705.4	2887	0
4705.4	2227	0
4705.4	2411	0
4705.4	1699	0
4705.4	2321	0
4705.4	2403	0
4705.4	1690	0
4705.4	2101	0
4705.5	2663	0
4705.5	2396	0
4705.5	1226	0
4705.5	2542	0
4705.5	2649	0
4705.5	2667	0
4705.6	2782	0
4705.6	2343	0
4705.7	2461	0
4705.7	2598	0
4705.7	2632	0
4705.7	2682	0
4705.7	2765	0
4705.7	2342	0
4705.8	2253	0
4705.8	2794	0
4705.8	2114	0
4705.8	2553	0
4705.8	2708	0
4705.9	1762	0
4705.9	2667	0
4706.0	2623	0
4706.0	2204	0
4706.0	2135	0
4706.0	2627	0
4706.0	2595	0
4706.0	2626	0
4706.1	2732	0
4706.1	2367	0
4706.1	1604	0
4706.2	1337	0
4706.2	2157	0
4706.2	1892	0
4706.2	1196	0
4706.2	2	0
4706.2	2925	0
4706.2	2743	0
4706.2	2679	0
4706.2	2744	0
4706.3	2717	0
4706.3	2337	0
4706.3	2410	0
4706.3	2627	0
4706.3	2515	0
4706.4	2333	0
4706.4	2787	0
4706.4	2777	0
4706.4	2885	0
4706.4	2885	0
4706.4	2479	0
4706.4	1976	0
4706.4	2066	0
4706.4	2457	0
4706.4	2172	0
4706.5	1692	0
4706.5	2858	0
4706.5	2424	0
4706.5	2685	0
4706.5	2875	0
4706.6	1540	0
4706.6	1951	0
4706.6	1895	0
4706.6	2719	0
4706.6	2083	0
4706.7	1796	0
4706.7	2200	0
4706.7	2690	0
4706.7	2829	0
4706.8	2405	0
4706.8	2396	0
4706.8	2653	0
4706.8	2460	0
4706.9	2650	0
4706.9	2389	0
4706.9	2367	0
4706.9	2517	0
4707.1	2267	0
4707.1	2867	0
4707.1	2452	0
4707.1	2612	0
4707.1	2855	0
4707.1	2589	0
4707.2	2666	0
4707.2	611	0
4707.2	2042	0
4707.2	2403	0
4707.2	2311	0
4707.2	2215	0
4707.3	2111	0
4707.3	2564	0
4707.4	2589	0
4707.4	2625	0
4707.4	2503	0
4707.4	909	0
4707.5	2456	0
4707.5	832	0
4707.5	2589	0
4707.5	2777	0
4707.5	2651	0
4707.6	2407	0
4707.6	2556	0
4707.6	2311	0
4707.6	2682	0
4707.6	2058	0
4707.6	2503	0
4707.7	2693	0
4707.7	2867	0
4707.7	2289	0
4707.7	1608	0
4707.7	1998	0
4707.8	2500	0
4707.8	2724	0
4707.8	1523	0
4707.9	2661	0
4707.9	2464	0
4707.9	2679	0
4707.9	2655	0
4707.9	2659	0
4707.9	1640	0
4708.0	1911	0
4708.0	2536	0
4708.0	2549	0
4708.0	2553	0
4708.0	2683	0
4708.0	2857	0
4708.1	2495	0
4708.1	2330	0
4708.1	2817	0
4708.1	2277	0
4708.1	2286	0
4708.1	2662	0
4708.2	2653	0
4708.2	1023	0
4708.2	2539	0
4708.2	2834	0
4708.3	2810	0
4708.3	1780	0
4708.3	2757	0
4708.4	2277	0
4708.4	2275	0
4708.4	1394	0
4708.4	2505	0
4708.5	2236	0
4708.5	2563	0
4708.5	2797	0
4708.5	2496	0
4708.5	2646	0
4708.5	2689	0
4708.6	2865	0
4708.6	2429	0
4708.6	2549	0
4708.7	2452	0
4708.7	2688	0
4708.7	2241	0
4708.7	1858	0
4708.7	2350	0
4708.7	2553	0
4708.8	2715	0
4708.8	2792	0
4708.9	2099	0
4708.9	2468	0
4708.9	2691	0
4708.9	2601	0
4709.0	2847	0
4709.0	2050	0
4709.1	2567	0
4709.1	1608	0
4709.1	2255	0
4709.2	2767	0
4709.2	2598	0
4709.2	2733	0
4709.2	1846	0
4709.2	2657	0
4709.2	2607	0
4709.2	2496	0
4709.3	2806	0
4709.3	2182	0
4709.3	3005	0
4709.4	2396	0
4709.4	1389	0
4709.4	2	0
4709.5	1647	0
4709.5	2811	0
4709.5	2177	0
4709.5	512	0
4709.6	2795	0
4709.6	2742	0
4709.6	2063	0
4709.7	3044	0
4709.7	1983	0
4709.7	2727	0
4709.8	2609	0
4709.8	2704	0
4709.8	2527	0
4709.8	2415	0
4709.8	1615	0
4709.8	2239	0
4709.8	2817	0
4709.8	2402	0
4709.8	2529	0
4709.9	2747	0
4709.9	2618	0
4709.9	2473	0
4709.9	456	0
4710.0	2247	0
4710.0	2430	0
4710.0	2356	0
4710.0	2385	0
4710.0	2133	0
4710.0	2620	0
4710.1	2573	0
4710.1	1995	0
4710.2	2761	0
4710.2	2378	0
4710.2	2815	0
4710.2	2190	0
4710.2	2595	0
4710.3	2432	0
4710.3	2797	0
4710.3	2365	0
4710.4	2940	0
4710.4	2877	0
4710.4	2699	0
4710.4	2645	0
4710.5	2898	0
4710.5	2612	0
4710.6	2256	0
4710.6	2409	0
4710.6	2220	0
4710.6	2856	0
4710.7	564	0
4710.8	2775	0
4710.8	2539	0
4710.8	2435	0
4710.8	2490	0
4711.0	2645	0
4711.0	2962	0
4711.0	2445	0
4711.0	2721	0
4711.0	2075	0
4711.1	2594	0
4711.1	2465	0
4711.1	2475	0
4711.2	2751	0
4711.2	2690	0
4711.2	2705	0
4711.2	2801	0
4711.2	2676	0
4711.3	1365	0
4711.3	2532	0
4711.3	2494	0
4711.4	2327	0
4711.4	2167	0
4711.4	2708	0
4711.4	2707	0
4711.5	2833	0
4711.5	1751	0
4711.5	436	0
4711.5	2683	0
4711.5	2339	0
4711.6	2676	0
4711.6	2765	0
4711.6	2381	0
4711.6	2388	0
4711.6	1999	0
4711.6	2373	0
4711.7	2686	0
4711.7	2540	0
4711.8	1997	0
4711.8	2870	0
4711.8	1698	0
4711.8	2891	0
4711.9	1986	0
4711.9	2659	0
4711.9	2362	0
4711.9	2529	0
4711.9	2747	0
4711.9	2823	0
4711.9	2573	0
4711.9	2829	0
4711.9	2239	0
4712.0	2559	0
4712.0	2729	0
4712.0	2572	0
4712.0	2726	0
4712.0	2562	0
4712.1	2321	0
4712.1	2561	0
4712.2	2893	0
4712.2	2537	0
4712.2	2775	0
4712.3	2613	0
4712.3	2683	0
4712.3	2468	0
4712.3	2711	0
4712.3	2323	0
4712.3	2576	0
4712.4	2019	0
4712.4	1916	0
4712.5	2598	0
4712.5	2525	0
4712.5	2617	0
4712.5	2447	0
4712.5	2661	0
4712.5	2383	0
4712.6	2739	0
4712.6	2803	0
4712.6	2673	0
4712.6	2535	0
4712.6	2711	0
4712.7	2640	0
4712.7	622	0
4712.8	2498	0
4712.8	2748	0
4712.9	1631	0
4712.9	2439	0
4712.9	2813	0
4712.9	2849	0
4712.9	2807	0
4712.9	2375	0
4712.9	2591	0
4713.0	2471	0
4713.0	2500	0
4713.0	2655	0
4713.0	2575	0
4713.0	2807	0
4713.1	2471	0
4713.1	2688	0
4713.1	2693	0
4713.1	2786	0
4713.2	2532	0
4713.2	2708	0
4713.3	2675	0
4713.3	2072	0
4713.3	2633	0
4713.3	671	0
4713.3	2793	0
4713.3	1985	0
4713.3	2623	0
4713.3	2559	0
4713.3	1381	0
4713.3	2739	0
4713.4	2478	0
4713.4	2878	0
4713.4	2628	0
4713.4	2384	0
4713.4	1544	0
4713.4	2660	0
4713.4	2933	0
4713.5	2394	0
4713.5	2531	0
4713.5	2768	0
4713.5	2803	0
4713.5	2723	0
4713.5	2702	0
4713.6	2391	0
4713.6	2386	0
4713.6	2539	0
4713.6	2546	0
4713.6	2433	0
4713.6	2585	0
4713.7	2845	0
4713.7	2589	0
4713.7	2859	0
4713.7	1174	0
4713.7	2653	0
4713.7	2265	0
4713.8	2279	0
4713.8	2478	0
4713.8	2659	0
4713.8	1487	0
4713.9	3	0
4713.9	2654	0
4713.9	2819	0
4713.9	2453	0
4713.9	1508	0
4714.0	2715	0
4714.0	2680	0
4714.0	2799	0
4714.0	2630	0
4714.1	2461	0
4714.1	2686	0
4714.1	2674	0
4714.2	2698	0
4714.2	2519	0
4714.2	2226	0
4714.2	2547	0
4714.3	2743	0
4714.4	2563	0
4714.4	2158	0
4714.4	2558	0
4714.4	2785	0
4714.4	2749	0
4714.4	2332	0
4714.4	2737	0
4714.4	1876	0
4714.4	1879	0
4714.5	2903	0
4714.5	1237	0
4714.5	2537	0
4714.5	1390	0
4714.6	2142	0
4714.6	2719	0
4714.6	2049	0
4714.6	2324	0
4714.6	2205	0
4714.6	1856	0
4714.6	1869	0
4714.7	2687	0
4714.7	2374	0
4714.7	2631	0
4714.7	2629	0
4714.7	2755	0
4714.7	2647	0
4714.8	1945	0
4714.8	1960	0
4714.8	2490	0
4714.9	2459	0
4714.9	2498	0
4714.9	2551	0
4715.0	2138	0
4715.1	2810	0
4715.1	2764	0
4715.1	2271	0
4715.1	2459	0
4715.1	616	0
4715.1	2181	0
4715.2	2836	0
4715.2	1439	0
4715.2	2835	0
4715.2	2656	0
4715.3	2705	0
4715.3	2351	0
4715.3	2554	0
4715.3	2877	0
4715.3	2481	0
4715.4	1837	0
4715.4	2897	0
4715.4	2250	0
4715.4	2175	0
4715.4	2553	0
4715.4	2482	0
4715.4	2509	0
4715.5	2662	0
4715.5	961	0
4715.5	2063	0
4715.5	2681	0
4715.5	1960	0
4715.6	2533	0
4715.6	2034	0
4715.6	2749	0
4715.6	2138	0
4715.6	2182	0
4715.7	2700	0
4715.7	2581	0
4715.8	2432	0
4715.8	2529	0
4715.8	2730	0
4715.8	2636	0
4715.8	2710	0
4715.9	2924	0
4715.9	2668	0
4715.9	2764	0
4715.9	2719	0
4715.9	2575	0
4716.0	2383	0
4716.0	3109	0
4716.0	2865	0
4716.0	2269	0
4716.1	2746	0
4716.1	2146	0
4716.1	2366	0
4716.1	2521	0
4716.1	2503	0
4716.1	2873	0
4716.2	2786	0
4716.2	2427	0
4716.2	2639	0
4716.2	2849	0
4716.2	2576	0
4716.2	2545	0
4716.2	2565	0
4716.3	1803	0
4716.3	958	0
4716.3	2743	0
4716.3	2303	0
4716.3	2468	0
4716.3	2134	0
4716.3	1770	0
4716.4	2871	0
4716.4	2625	0
4716.4	2704	0
4716.4	2713	0
4716.5	2541	0
4716.6	2460	0
4716.6	2442	0
4716.7	2447	0
4716.7	856	0
4716.7	2213	0
4716.7	2905	0
4716.7	2725	0
4716.7	1932	0
4716.8	2240	0
4716.8	2572	0
4716.8	2841	0
4716.8	2415	0
4716.8	2396	0
4716.8	1264	0
4716.8	2531	0
4716.8	2760	0
4716.9	2665	0
4716.9	2297	0
4716.9	2744	0
4716.9	2625	0
4716.9	2899	0
4716.9	2739	0
4717.0	2194	0
4717.0	2325	0
4717.1	2393	0
4717.1	2527	0
4717.1	2717	0
4717.1	1852	0
4717.1	2348	0
4717.2	2463	0
4717.2	2179	0
4717.2	750	0
4717.2	2742	0
4717.2	1810	0
4717.2	2578	0
4717.2	2751	0
4717.3	2751	0
4717.3	2922	0
4717.3	2804	0
4717.3	2643	0
4717.4	2356	0
4717.4	2903	0
4717.4	2594	0
4717.4	2689	0
4717.5	2670	0
4717.5	2807	0
4717.5	2627	0
4717.5	2771	0
4717.6	2460	0
4717.6	2765	0
4717.7	2533	0
4717.8	2159	0
4717.8	2785	0
4717.8	2365	0
4717.8	2513	0
4717.8	2703	0
4717.8	1852	0
4717.8	2126	0
4717.9	2654	0
4717.9	2218	0
4717.9	2655	0
4717.9	1302	0
4718.0	2746	0
4718.0	2601	0
4718.0	2789	0
4718.0	2770	0
4718.1	2881	0
4718.1	2185	0
4718.1	2653	0
4718.1	2565	0
4718.1	2825	0
4718.1	2834	0
4718.1	1103	0
4718.1	1055	0
4718.1	4	0
4718.2	2193	0
4718.2	2476	0
4718.2	2931	0
4718.2	2336	0
4718.3	2534	0
4718.3	2461	0
4718.4	2534	0
4718.4	2710	0
4718.4	2217	0
4718.4	2579	0
4718.4	2719	0
4718.4	1778	0
4718.5	2870	0
4718.5	2815	0
4718.5	2290	0
4718.5	2317	0
4718.5	2690	0
4718.5	2121	0
4718.6	2580	0
4718.7	2187	0
4718.7	2740	0
4718.8	2773	0
4718.8	1840	0
4718.8	2738	0
4718.8	2651	0
4718.9	2477	0
4718.9	2396	0
4718.9	872	0
4718.9	2737	0
4718.9	2778	0
4718.9	1964	0
4718.9	2651	0
4718.9	2484	0
4718.9	1744	0
4719.0	2271	0
4719.0	2168	0
4719.0	984	0
4719.0	2721	0
4719.1	2529	0
4719.1	2479	0
4719.1	2651	0
4719.1	2445	0
4719.2	2286	0
4719.2	2667	0
4719.2	2676	0
4719.2	2154	0
4719.3	2515	0
4719.3	2591	0
4719.3	2858	0
4719.3	2263	0
4719.4	2844	0
4719.4	2698	0
4719.4	1577	0
4719.4	2892	0
4719.4	2929	0
4719.4	2555	0
4719.5	2363	0
4719.5	2812	0
4719.5	2378	0
4719.5	2526	0
4719.6	2765	0
4719.6	2687	0
4719.6	2719	0
4719.7	2498	0
4719.7	2411	0
4719.7	2657	0
4719.7	2289	0
4719.7	1082	0
4719.7	2658	0
4719.8	2769	0
4719.8	2861	0
4719.8	2568	0
4719.8	2516	0
4719.8	2335	0
4719.9	2169	0
4719.9	2768	0
4720.0	1836	0
4720.0	2725	0
4720.1	1090	0
4720.1	2	0
4720.1	2926	0
4720.2	2575	0
4720.2	1850	0
4720.3	2614	0
4720.3	2715	0
4720.3	2787	0
4720.3	2633	0
4720.3	2445	0
4720.4	2843	0
4720.4	2591	0
4720.4	2768	0
4720.5	2248	0
4720.5	993	0
4720.5	2949	0
4720.5	2831	0
4720.6	2492	0
4720.6	2567	0
4720.6	2079	0
4720.6	2244	0
4720.6	1836	0
4720.6	2685	0
4720.6	2774	0
4720.6	1769	0
4720.6	2528	0
4720.7	1627	0
4720.7	2347	0
4720.7	2862	0
4720.7	2162	0
4720.7	2423	0
4720.8	2591	0
4720.8	2717	0
4720.8	2442	0
4720.8	1631	0
4720.8	2268	0
4720.8	2567	0
4720.9	2600	0
4720.9	2186	0
4720.9	2817	0
4720.9	2644	0
4721.0	2292	0
4721.0	1341	0
4721.0	2435	0
4721.1	2209	0
4721.1	2678	0
4721.1	2647	0
4721.1	2306	0
4721.1	1062	0
4721.2	2553	0
4721.2	2467	0
4721.2	2865	0
4721.2	2753	0
4721.2	1603	0
4721.2	2325	0
4721.3	2605	0
4721.3	2633	0
4721.3	2947	0
4721.3	2614	0
4721.3	2697	0
4721.4	2793	0
4721.4	2490	0
4721.4	2558	0
4721.4	2017	0
4721.4	2635	0
4721.4	2719	0
4721.5	3077	0
4721.5	2119	0
4721.6	2763	0
4721.6	2780	0
4721.6	2942	0
4721.7	1590	0
4721.7	2300	0
4721.7	2841	0
4721.7	2835	0
4721.7	2550	0
4721.7	2477	0
4721.7	2729	0
4721.7	2576	0
4721.8	2402	0
4721.8	2561	0
4721.8	2471	0
4721.8	2690	0
4721.9	2616	0
4721.9	2526	0
4721.9	2631	0
4721.9	2676	0
4721.9	2642	0
4721.9	1126	0
4722.0	2739	0
4722.0	2863	0
4722.1	2728	0
4722.1	2620	0
4722.1	2455	0
4722.1	2898	0
4722.2	2524	0
4722.2	2468	0
4722.2	2571	0
4722.2	2769	0
4722.2	2710	0
4722.2	2574	0
4722.2	2139	0
4722.2	2830	0
4722.2	2309	0
4722.3	2572	0
4722.3	2696	0
4722.4	2603	0
4722.4	2460	0
4722.4	1529	0
4722.4	2738	0
4722.4	2427	0
4722.4	2485	0
4722.4	2669	0
4722.5	2642	0
4722.5	2516	0
4722.5	2714	0
4722.5	2731	0
4722.5	2134	0
4722.5	2627	0
4722.5	2723	0
4722.5	2599	0
4722.5	2798	0
4722.5	2539	0
4722.6	2525	0
4722.6	2733	0
4722.6	2348	0
4722.6	2822	0
4722.6	2587	0
4722.6	2814	0
4722.6	2266	0
4722.6	2867	0
4722.7	2745	0
4722.7	2549	0
4722.7	2393	0
4722.8	2427	0
4722.8	2706	0
4722.8	1685	0
4722.8	2847	0
4722.9	2217	0
4722.9	2269	0
4722.9	2508	0
4722.9	2743	0
4723.0	2515	0
4723.0	2687	0
4723.0	2511	0
4723.0	2686	0
4723.0	2861	0
4723.1	2766	0
4723.1	2274	0
4723.1	1936	0
4723.1	2377	0
4723.1	2631	0
4723.1	961	0
4723.2	2711	0
4723.2	2601	0
4723.2	2539	0
4723.2	2399	0
4723.2	2141	0
4723.2	2625	0
4723.3	2591	0
4723.3	2362	0
4723.3	1997	0
4723.3	2799	0
4723.3	2145	0
4723.3	2514	0
4723.3	2570	0
4723.4	2773	0
4723.4	2806	0
4723.5	2735	0
4723.5	2169	0
4723.5	2604	0
4723.5	2335	0
4723.5	2522	0
4723.5	2416	0
4723.5	2532	0
4723.5	2921	0
4723.5	2853	0
4723.6	2689	0
4723.6	2801	0
4723.6	2330	0
4723.6	2431	0
4723.6	2911	0
4723.6	2507	0
4723.6	2301	0
4723.7	2338	0
4723.7	2579	0
4723.7	2895	0
4723.8	2747	0
4723.8	2353	0
4723.8	2530	0
4723.8	2657	0
4723.8	2822	0
4723.9	2058	0
4724.0	2492	0
4724.0	2699	0
4724.0	2673	0
