1727.5	3037	0
1727.5	3130	0
1727.6	3209	0
1727.6	3141	0
1727.6	3095	0
1727.6	3122	0
1727.6	3261	0
1727.6	3156	0
1727.7	2922	0
1727.7	2777	0
1727.7	3140	0
1727.7	3141	0
1727.7	737	0
1727.8	3105	0
1727.8	3115	0
1727.8	3227	0
1727.8	3132	0
1727.8	3049	0
1727.8	3083	0
1727.9	3204	0
1727.9	3227	0
1727.9	3173	0
1727.9	3173	0
1727.9	3112	0
1727.9	3130	0
1727.9	3149	0
1728.0	3199	0
1728.0	3199	0
1728.1	3245	0
1728.1	3199	0
1728.1	3193	0
1728.1	3260	0
1728.1	2995	0
1728.1	3217	0
1728.1	3140	0
1728.1	3137	0
1728.2	3316	0
1728.2	3041	0
1728.2	3247	0
1728.2	3189	0
1728.3	3243	0
1728.3	3242	0
1728.3	2977	0
1728.3	3225	0
1728.3	3193	0
1728.3	3165	0
1728.3	3116	0
1728.4	3075	0
1728.4	3209	0
1728.4	3265	0
1728.5	3163	0
1728.5	3167	0
1728.5	3259	0
1728.6	3257	0
1728.6	3305	0
1728.6	3087	0
1728.6	3109	0
1728.7	3182	0
1728.8	3185	0
1728.8	3204	0
1728.8	3147	0
1728.8	3279	0
1728.9	3081	0
1728.9	3199	0
1729.0	3199	0
1729.0	3081	0
1729.0	3166	0
1729.0	2997	0
1729.1	3047	0
1729.1	3220	0
1729.1	3171	0
1729.1	3229	0
1729.1	3169	0
1729.1	3050	0
1729.2	3070	0
1729.2	3191	0
1729.2	3076	0
1729.2	3177	0
1729.2	2176	0
1729.2	3153	0
1729.3	3192	0
1729.3	3098	0
1729.3	3163	0
1729.4	2890	0
1729.4	3074	0
1729.4	3109	0
1729.4	1106	0
1729.4	988	0
1729.4	1613	0
1729.4	3147	0
1729.5	3203	0
1729.5	2695	0
1729.5	3149	0
1729.5	3033	0
1729.5	3215	0
1729.5	3126	0
1729.5	3103	0
1729.6	3274	0
1729.6	3033	0
1729.7	3294	0
1729.7	3242	0
1729.7	3247	0
1729.7	2912	0
1729.7	3212	0
1729.7	3079	0
1729.7	3201	0
1729.7	3173	0
1729.8	3319	0
1729.8	3071	0
1729.8	3273	0
1729.8	1542	0
1729.8	4	0
1729.9	3206	0
1729.9	3325	0
1730.0	2833	0
1730.0	3188	0
1730.0	3278	0
1730.0	3076	0
1730.1	3133	0
1730.1	2814	0
1730.1	3272	0
1730.1	3236	0
1730.1	3118	0
1730.1	3182	0
1730.2	3219	0
1730.2	3146	0
1730.2	3177	0
1730.2	1540	0
1730.2	4	0
1730.2	2999	0
1730.3	1683	0
1730.3	3181	0
1730.3	3128	0
1730.3	3023	0
1730.3	2980	0
1730.4	2997	0
1730.4	2999	0
1730.4	3114	0
1730.5	3103	0
1730.5	3229	0
1730.5	3099	0
1730.5	3067	0
1730.6	3319	0
1730.6	3162	0
1730.7	3055	0
1730.7	3178	0
1730.8	3085	0
1730.8	3046	0
1730.8	3071	0
1730.8	3285	0
1730.9	3231	0
1730.9	3277	0
1731.0	3165	0
1731.0	3079	0
1731.0	3131	0
1731.0	3220	0
1731.1	3221	0
1731.1	3256	0
1731.1	3187	0
1731.1	3081	0
1731.2	3261	0
1731.2	3181	0
1731.2	3146	0
1731.2	3324	0
1731.2	3176	0
1731.2	3239	0
1731.3	3187	0
1731.3	3071	0
1731.3	3075	0
1731.3	3273	0
1731.3	3073	0
1731.3	3203	0
1731.3	2982	0
1731.3	3159	0
1731.4	3106	0
1731.5	3181	0
1731.5	3325	0
1731.5	3291	0
1731.6	3175	0
1731.6	3233	0
1731.6	3015	0
1731.6	3170	0
1731.6	3158	0
1731.6	3268	0
1731.6	3219	0
1731.6	2987	0
1731.6	3122	0
1731.7	2999	0
1731.7	3141	0
1731.8	3106	0
1731.8	3169	0
1731.8	2982	0
1731.8	3087	0
1731.8	2958	0
1731.9	3260	0
1731.9	3229	0
1731.9	3017	0
1731.9	1176	0
1731.9	3263	0
1731.9	3147	0
1731.9	3161	0
1732.0	3128	0
1732.0	3158	0
1732.0	3046	0
1732.0	1257	0
1732.0	3221	0
1732.1	1727	0
1732.1	3253	0
1732.2	3179	0
1732.2	3283	0
1732.2	3067	0
1732.2	3242	0
1732.3	3169	0
1732.3	3167	0
1732.4	3214	0
1732.4	3037	0
1732.5	3103	0
1732.5	3217	0
1732.5	3066	0
1732.6	3090	0
1732.6	3057	0
1732.6	3179	0
1732.6	3188	0
1732.7	3164	0
1732.7	3123	0
1732.7	3281	0
1732.7	3109	0
1732.7	2815	0
1732.8	3207	0
1732.8	3187	0
1732.8	3267	0
1732.8	3129	0
1732.8	3176	0
1732.8	3023	0
1732.9	3180	0
1732.9	3187	0
1732.9	3118	0
1732.9	3243	0
1732.9	3079	0
1732.9	3036	0
1733.0	3131	0
1733.0	3211	0
1733.0	3212	0
1733.0	3354	0
1733.0	3027	0
1733.0	3218	0
1733.1	2989	0
1733.1	3019	0
1733.1	3255	0
1733.1	2919	0
1733.1	3076	0
1733.2	3231	0
1733.2	3099	0
1733.2	3053	0
1733.2	3166	0
1733.3	958	0
1733.3	3227	0
1733.3	3022	0
1733.4	3071	0
1733.4	3317	0
1733.5	3233	0
1733.5	3218	0
1733.5	3210	0
1733.5	832	0
1733.5	3147	0
1733.6	3140	0
1733.6	2959	0
1733.6	2273	0
1733.6	3017	0
1733.6	3091	0
1733.7	3179	0
1733.7	3126	0
1733.7	3165	0
1733.7	3174	0
1733.8	3230	0
1733.8	2863	0
1733.8	3180	0
1733.8	3119	0
1733.8	3255	0
1733.9	3317	0
1733.9	3193	0
1733.9	3212	0
1733.9	2719	0
1734.0	3145	0
1734.0	3085	0
1734.0	3099	0
1734.0	3327	0
1734.0	3022	0
1734.1	3172	0
1734.1	3113	0
1734.1	3251	0
1734.1	3165	0
1734.1	3062	0
1734.2	3092	0
1734.2	3141	0
1734.2	2660	0
1734.2	3226	0
1734.2	3258	0
1734.2	3132	0
1734.2	3223	0
1734.3	3043	0
1734.3	3207	0
1734.3	3258	0
1734.4	3077	0
1734.4	2957	0
1734.4	2938	0
1734.4	2953	0
1734.5	3283	0
1734.5	3195	0
1734.5	3261	0
1734.5	3211	0
1734.5	3305	0
1734.5	3167	0
1734.5	3018	0
1734.5	3242	0
1734.5	3091	0
1734.5	3221	0
1734.5	3323	0
1734.6	3147	0
1734.6	3150	0
1734.6	3134	0
1734.6	3353	0
1734.7	3148	0
1734.7	3097	0
1734.8	3098	0
1734.8	3143	0
1734.9	3183	0
1734.9	3172	0
1734.9	811	0
1735.0	3221	0
1735.0	3167	0
1735.1	3270	0
1735.1	3219	0
1735.1	3014	0
1735.2	3166	0
1735.2	3081	0
1735.2	3178	0
1735.2	3203	0
1735.2	3176	0
1735.2	3290	0
1735.3	3029	0
1735.3	3023	0
1735.3	3027	0
1735.3	3167	0
1735.4	696	0
1735.4	3263	0
1735.4	3035	0
1735.4	3146	0
1735.5	3132	0
1735.5	2904	0
1735.5	3174	0
1735.5	3174	0
1735.5	3144	0
1735.5	2903	0
1735.5	3239	0
1735.6	3167	0
1735.6	3108	0
1735.6	3111	0
1735.7	2839	0
1735.7	2812	0
1735.7	3179	0
1735.7	3061	0
1735.7	3299	0
1735.7	3374	0
1735.7	3201	0
1735.8	3135	0
1735.8	3241	0
1735.8	2973	0
1735.8	3122	0
1735.8	3141	0
1735.8	3369	0
1735.8	3131	0
1735.8	3205	0
1735.8	3206	0
1735.9	1560	0
1735.9	4	0
1735.9	3045	0
1736.0	3138	0
1736.0	3199	0
1736.0	3165	0
1736.0	3037	0
1736.0	907	0
1736.1	3102	0
1736.1	2983	0
1736.1	3195	0
1736.2	3117	0
1736.2	3068	0
1736.2	3192	0
1736.3	3145	0
1736.3	3030	0
1736.3	3159	0
1736.3	3022	0
1736.3	3229	0
1736.4	3159	0
1736.4	3147	0
1736.4	3199	0
1736.5	3160	0
1736.5	3123	0
1736.5	2939	0
1736.5	3202	0
1736.6	3303	0
1736.6	3218	0
1736.6	3086	0
1736.7	3375	0
1736.7	3172	0
1736.7	2931	0
1736.8	3163	0
1736.8	3137	0
1736.8	3405	0
1736.8	3239	0
1736.8	3113	0
1736.8	3131	0
1736.8	3114	0
1736.8	3225	0
1736.9	3199	0
1736.9	3335	0
1736.9	3215	0
1736.9	3034	0
1737.0	3158	0
1737.0	3123	0
1737.1	3159	0
1737.1	3126	0
1737.1	3164	0
1737.1	3261	0
1737.1	3277	0
1737.1	3289	0
1737.2	3211	0
1737.2	3224	0
1737.2	3208	0
1737.2	3103	0
1737.2	3017	0
1737.2	1479	0
1737.2	3235	0
1737.3	3083	0
1737.3	3067	0
1737.3	3317	0
1737.3	864	0
1737.4	3232	0
1737.4	3127	0
1737.4	3157	0
1737.4	3035	0
1737.4	3186	0
1737.4	1994	0
1737.5	3217	0
1737.5	3290	0
1737.5	3122	0
1737.5	3124	0
1737.5	3179	0
1737.5	3061	0
1737.5	3145	0
1737.6	3091	0
1737.6	2949	0
1737.6	3242	0
1737.6	3052	0
1737.7	3169	0
1737.7	3245	0
1737.7	3082	0
1737.7	3071	0
1737.8	3315	0
1737.9	2016	0
1737.9	3215	0
1737.9	3133	0
1738.0	3204	0
1738.0	3163	0
1738.0	3063	0
1738.0	3194	0
1738.1	2040	0
1738.1	2996	0
1738.1	3099	0
1738.1	3335	0
1738.1	3149	0
1738.1	828	0
1738.1	3163	0
1738.1	2991	0
1738.1	3300	0
1738.1	3132	0
1738.2	3125	0
1738.2	3208	0
1738.2	3226	0
1738.2	3322	0
1738.2	3320	0
1738.3	3219	0
1738.3	3195	0
1738.3	3144	0
1738.4	3066	0
1738.4	3179	0
1738.4	652	0
1738.4	3188	0
1738.4	3095	0
1738.4	3109	0
1738.5	3159	0
1738.5	3206	0
1738.5	3038	0
1738.6	3112	0
1738.6	3109	0
1738.6	3252	0
1738.7	3023	0
1738.7	3025	0
1738.7	3041	0
1738.7	3167	0
1738.8	3112	0
1738.8	972	0
1738.8	3277	0
1738.9	3251	0
1739.0	2888	0
1739.0	3211	0
1739.0	3188	0
1739.0	3093	0
1739.0	3218	0
1739.0	3208	0
1739.0	3214	0
1739.1	3127	0
1739.1	3071	0
1739.1	3206	0
1739.2	3267	0
1739.2	3113	0
1739.2	3071	0
1739.2	3204	0
1739.2	3148	0
1739.2	3203	0
1739.3	3146	0
1739.4	3137	0
1739.4	3260	0
1739.4	3119	0
1739.4	3043	0
1739.4	3150	0
1739.4	3063	0
1739.4	2971	0
1739.4	592	0
1739.4	3181	0
1739.4	3265	0
1739.4	2753	0
1739.4	3231	0
1739.5	3171	0
1739.5	3187	0
1739.5	3086	0
1739.5	3041	0
1739.5	3298	0
1739.5	3007	0
1739.5	3294	0
1739.5	3068	0
1739.5	3133	0
1739.6	3103	0
1739.6	3017	0
1739.6	3166	0
1739.6	3164	0
1739.6	2833	0
1739.6	3199	0
1739.6	3035	0
1739.6	3070	0
1739.6	3229	0
1739.6	3228	0
1739.6	3257	0
1739.6	2745	0
1739.7	2981	0
1739.7	3186	0
1739.8	3079	0
1739.8	3351	0
1739.8	3173	0
1739.8	3246	0
1739.8	3169	0
1739.8	3205	0
1739.9	3204	0
1739.9	3222	0
1739.9	3283	0
1740.0	3105	0
1740.0	3046	0
1740.1	3181	0
1740.1	3234	0
1740.1	3161	0
1740.1	3165	0
1740.1	3225	0
1740.1	3167	0
1740.1	3141	0
1740.2	3239	0
1740.2	3167	0
1740.2	3119	0
1740.3	3230	0
1740.3	3170	0
1740.3	3161	0
1740.4	3229	0
1740.4	3090	0
1740.4	3281	0
1740.5	3199	0
1740.5	3295	0
1740.5	3052	0
1740.5	3010	0
1740.5	3255	0
1740.5	3327	0
1740.5	3267	0
1740.5	3198	0
1740.6	3243	0
1740.6	3258	0
1740.6	3140	0
1740.7	3244	0
1740.7	3203	0
1740.7	3074	0
1740.7	3174	0
1740.8	3110	0
1740.8	3233	0
1740.8	3186	0
1740.9	3105	0
1740.9	3207	0
1740.9	3133	0
1740.9	3238	0
1741.0	3203	0
1741.0	3191	0
1741.0	3161	0
1741.0	3249	0
1741.0	3234	0
1741.1	3150	0
1741.1	3286	0
1741.1	3223	0
1741.1	3300	0
1741.2	3166	0
1741.2	3233	0
1741.2	3099	0
1741.2	2961	0
1741.2	3217	0
1741.2	3023	0
1741.3	3195	0
1741.3	3183	0
1741.3	1950	0
1741.5	3157	0
1741.5	2802	0
1741.6	3170	0
1741.6	2942	0
1741.6	3090	0
1741.7	3339	0
1741.7	3261	0
1741.7	1599	0
1741.8	4	0
1741.8	3195	0
1741.8	3173	0
1741.8	3148	0
1741.8	3109	0
1742.0	3209	0
1742.0	3323	0
1742.0	3323	0
1742.1	3316	0
1742.1	3116	0
1742.1	3266	0
1742.1	3124	0
1742.1	3118	0
1742.1	3062	0
1742.2	3229	0
1742.2	3189	0
1742.2	3292	0
1742.2	3243	0
1742.2	890	0
1742.3	3111	0
1742.3	3150	0
1742.3	3080	0
1742.3	3359	0
1742.3	3273	0
1742.3	3083	0
1742.3	3140	0
1742.3	810	0
1742.3	3279	0
1742.3	3187	0
1742.3	3138	0
1742.3	3173	0
1742.4	3131	0
1742.4	3172	0
1742.4	3163	0
1742.4	3106	0
1742.4	3073	0
1742.4	3231	0
1742.5	3051	0
1742.5	3209	0
1742.5	3115	0
1742.6	3159	0
1742.6	2709	0
1742.7	3196	0
1742.7	3046	0
1742.7	2991	0
1742.7	3266	0
1742.8	3219	0
1742.8	3332	0
1742.8	3139	0
1742.8	3186	0
1742.8	3251	0
1742.9	1617	0
1742.9	3091	0
1742.9	3102	0
1742.9	3164	0
1742.9	3177	0
1742.9	3126	0
1743.0	3087	0
1743.0	3182	0
1743.0	3196	0
1743.0	3201	0
1743.0	3193	0
1743.1	3177	0
1743.1	3007	0
1743.1	3204	0
1743.3	3099	0
1743.3	3090	0
1743.3	3241	0
1743.4	3062	0
1743.4	3120	0
1743.4	3173	0
1743.4	3085	0
1743.5	3254	0
1743.5	3145	0
1743.5	3102	0
1743.5	3185	0
1743.5	3179	0
1743.6	3163	0
1743.6	3094	0
1743.6	3145	0
1743.6	2965	0
1743.6	3071	0
1743.6	3257	0
1743.7	3199	0
1743.7	2983	0
1743.7	3268	0
1743.7	2633	0
1743.7	3155	0
1743.7	3135	0
1743.7	3199	0
1743.7	3078	0
1743.7	3117	0
1743.8	3223	0
1743.8	3183	0
1743.9	3231	0
1743.9	3218	0
1743.9	1693	0
1743.9	3287	0
1744.0	3219	0
1744.0	3135	0
1744.0	3162	0
1744.0	3138	0
1744.1	2967	0
1744.1	3222	0
1744.1	3189	0
1744.2	3155	0
1744.2	2998	0
1744.2	3138	0
1744.2	3238	0
1744.3	3143	0
1744.3	3155	0
1744.3	3217	0
1744.3	3077	0
1744.3	3325	0
1744.4	3178	0
1744.4	3115	0
1744.4	3041	0
1744.4	3291	0
1744.5	3250	0
1744.5	3214	0
1744.5	3182	0
1744.5	3211	0
1744.5	3142	0
1744.5	3143	0
1744.5	3030	0
1744.6	3175	0
1744.6	3133	0
1744.6	3146	0
1744.6	3150	0
1744.6	1138	0
1744.6	3184	0
1744.6	3169	0
1744.7	3131	0
1744.7	3193	0
1744.8	3215	0
1744.8	3331	0
1744.8	3062	0
1744.9	3055	0
1744.9	3078	0
1744.9	3043	0
1744.9	3267	0
1744.9	3207	0
1744.9	3071	0
1744.9	3067	0
1744.9	3238	0
1745.0	3207	0
1745.0	3123	0
1745.0	3055	0
1745.1	2374	0
1745.1	3206	0
1745.1	3141	0
1745.1	3184	0
1745.1	3230	0
1745.1	3233	0
1745.1	3063	0
1745.1	3158	0
1745.1	3086	0
1745.2	3263	0
1745.2	3216	0
1745.2	3109	0
1745.2	3167	0
1745.2	3060	0
1745.3	3187	0
1745.3	3318	0
1745.3	3114	0
1745.3	3318	0
1745.3	3233	0
1745.4	3231	0
1745.4	3238	0
1745.4	3037	0
1745.4	3107	0
1745.4	3178	0
1745.5	3084	0
1745.5	3086	0
1745.5	3274	0
1745.5	3116	0
1745.5	3261	0
1745.5	3011	0
1745.5	3050	0
1745.5	3010	0
1745.6	3078	0
1745.6	3094	0
1745.6	3128	0
1745.7	3361	0
1745.7	3345	0
1745.7	3191	0
1745.7	3223	0
1745.8	3031	0
1745.8	3077	0
1745.8	3263	0
1745.8	3054	0
1745.9	3121	0
1745.9	3229	0
1745.9	3318	0
1746.0	3071	0
1746.0	3190	0
1746.0	3257	0
1746.0	3223	0
1746.0	3061	0
1746.0	3250	0
1746.0	3230	0
1746.0	3643	0
1746.1	3205	0
1746.1	3126	0
1746.1	3266	0
1746.1	3219	0
1746.2	3059	0
1746.2	3351	0
1746.2	3161	0
1746.2	1548	0
1746.2	1	0
1746.2	3105	0
1746.2	3185	0
1746.2	3153	0
1746.3	3149	0
1746.3	3128	0
1746.3	3127	0
1746.4	2869	0
1746.4	3207	0
1746.4	3146	0
1746.4	3167	0
1746.4	3186	0
1746.4	3269	0
1746.5	3107	0
1746.5	3099	0
1746.5	3133	0
1746.5	3238	0
1746.5	2989	0
1746.5	3193	0
1746.6	3111	0
1746.6	3156	0
1746.6	3214	0
1746.7	3068	0
1746.7	3135	0
1746.7	3129	0
1746.7	2981	0
1746.7	3195	0
1746.7	3276	0
1746.7	2526	0
1746.8	3156	0
1746.8	3207	0
1746.8	3126	0
1746.8	3116	0
1746.9	1558	0
1746.9	4	0
1746.9	2969	0
1746.9	3191	0
1746.9	3349	0
1747.0	3198	0
1747.0	3138	0
1747.0	3222	0
1747.0	2848	0
1747.0	3161	0
1747.1	3115	0
1747.1	3118	0
1747.1	3122	0
1747.1	3178	0
1747.1	3129	0
1747.1	3100	0
1747.1	3221	0
1747.2	3193	0
1747.2	3182	0
1747.2	3248	0
1747.2	3156	0
1747.3	3237	0
1747.3	3199	0
1747.3	3174	0
1747.3	3321	0
1747.3	3078	0
1747.3	3174	0
1747.4	3029	0
1747.4	3125	0
1747.4	3216	0
1747.5	3197	0
1747.5	3096	0
1747.5	3093	0
1747.5	366	0
1747.5	3214	0
1747.6	3166	0
1747.6	3260	0
1747.6	3119	0
1747.7	3077	0
1747.7	3158	0
1747.7	3183	0
1747.7	3175	0
1747.7	3152	0
1747.7	3166	0
1747.8	3227	0
1747.8	3091	0
1747.8	3117	0
1747.8	3101	0
1747.8	1828	0
1747.9	3016	0
1747.9	3175	0
1747.9	3257	0
1747.9	3326	0
1747.9	3163	0
1748.0	3091	0
1748.0	3220	0
1748.0	3191	0
1748.1	3127	0
1748.1	3161	0
1748.1	3299	0
1748.1	3187	0
1748.1	3137	0
1748.2	3225	0
1748.2	3165	0
1748.2	3337	0
1748.2	3046	0
1748.2	3163	0
1748.2	3248	0
1748.2	3421	0
1748.3	3239	0
1748.3	3204	0
1748.3	3109	0
1748.4	3185	0
1748.4	2976	0
1748.4	3288	0
1748.4	3271	0
1748.4	2946	0
1748.4	3059	0
1748.4	3187	0
1748.4	2783	0
1748.4	3124	0
1748.4	3203	0
1748.5	3263	0
1748.5	3182	0
1748.5	3298	0
1748.5	3053	0
1748.5	2791	0
1748.5	3199	0
1748.6	3270	0
1748.6	3204	0
1748.6	3271	0
1748.6	3283	0
1748.6	3220	0
1748.6	3038	0
1748.7	3182	0
1748.7	3255	0
1748.7	3279	0
1748.7	3123	0
1748.7	3189	0
1748.7	3051	0
1748.8	3274	0
1748.8	3212	0
1748.8	3113	0
1748.9	3054	0
1748.9	3179	0
1748.9	3198	0
1748.9	2929	0
1748.9	3119	0
1748.9	3191	0
1749.0	2902	0
1749.0	3208	0
1749.0	3141	0
1749.0	3282	0
1749.0	3321	0
1749.0	3146	0
1749.0	3164	0
1749.1	3190	0
1749.1	1074	0
1749.1	2997	0
1749.1	3029	0
1749.1	3071	0
1749.2	3135	0
1749.2	3193	0
1749.2	3138	0
1749.2	3187	0
1749.2	3150	0
1749.2	2970	0
1749.2	3139	0
1749.2	3119	0
1749.3	3195	0
1749.3	3077	0
1749.3	3197	0
1749.3	3118	0
1749.4	3187	0
1749.4	3107	0
1749.4	3058	0
1749.4	3225	0
1749.4	3153	0
1749.4	3067	0
1749.4	3212	0
1749.4	3173	0
1749.5	3154	0
1749.5	3105	0
1749.5	3277	0
1749.5	3258	0
1749.5	3196	0
1749.6	3347	0
1749.6	2660	0
1749.6	3180	0
1749.6	2815	0
1749.6	1579	0
1749.6	3219	0
1749.7	3157	0
1749.7	3121	0
1749.7	3303	0
1749.7	3177	0
1749.7	3155	0
1749.7	3205	0
1749.8	3155	0
1749.8	3156	0
1749.9	3114	0
1749.9	3321	0
1750.0	3107	0
1750.0	3163	0
1750.0	3217	0
1750.0	3217	0
1750.1	3315	0
1750.1	3090	0
1750.1	3146	0
1750.1	3085	0
1750.2	3129	0
1750.2	3274	0
1750.2	3135	0
1750.2	3189	0
1750.2	3204	0
1750.2	3157	0
1750.3	2886	0
1750.3	3167	0
1750.3	3211	0
1750.4	3169	0
1750.4	3218	0
1750.4	3141	0
1750.4	3029	0
1750.5	3162	0
1750.5	3123	0
1750.6	3169	0
1750.7	3267	0
1750.7	3017	0
1750.7	3157	0
1750.7	3214	0
1750.8	3128	0
1750.8	3213	0
1750.8	3167	0
1750.9	3198	0
1750.9	3201	0
1751.0	3228	0
1751.0	2527	0
1751.0	3201	0
1751.0	3121	0
1751.1	3091	0
1751.1	3225	0
1751.1	3170	0
1751.2	3125	0
1751.2	3119	0
1751.2	3276	0
1751.2	3116	0
1751.3	2948	0
1751.3	3055	0
1751.3	3067	0
1751.3	3209	0
1751.3	3005	0
1751.3	3059	0
1751.3	3239	0
1751.3	2832	0
1751.3	3191	0
1751.4	3079	0
1751.4	3181	0
1751.4	2231	0
1751.4	3083	0
1751.4	3303	0
1751.4	3213	0
1751.5	3157	0
1751.6	3082	0
1751.7	3261	0
1751.7	3224	0
1751.7	3193	0
1751.7	3130	0
1751.7	3148	0
1751.8	3120	0
1751.8	3167	0
1751.8	3097	0
1751.8	3117	0
1751.8	1388	0
1751.9	3076	0
1751.9	3295	0
1751.9	3267	0
1751.9	3207	0
1752.0	3182	0
1752.0	3210	0
1752.1	3054	0
1752.1	996	0
1752.1	3161	0
1752.1	3165	0
1752.1	3297	0
1752.1	3167	0
1752.2	3093	0
1752.2	3131	0
1752.2	3169	0
1752.2	3191	0
1752.2	3123	0
1752.2	3265	0
1752.3	3110	0
1752.3	3090	0
1752.3	3158	0
1752.4	3196	0
1752.4	3321	0
1752.4	3116	0
1752.4	3173	0
1752.4	3065	0
1752.4	3130	0
1752.4	3299	0
1752.5	3167	0
1752.5	3297	0
1752.5	3171	0
1752.6	3231	0
1752.6	3210	0
1752.6	3029	0
1752.6	3055	0
1752.7	3198	0
1752.7	3209	0
1752.7	3311	0
1752.7	3290	0
1752.8	3087	0
1752.8	3186	0
1752.8	3095	0
1752.8	3091	0
1752.8	3252	0
1752.9	3257	0
1752.9	3123	0
1752.9	3643	0
1752.9	1742	0
1752.9	3041	0
1752.9	3117	0
1752.9	3273	0
1752.9	3198	0
1753.0	3202	0
1753.0	3007	0
1753.0	3222	0
1753.0	3145	0
1753.0	3239	0
1753.0	3183	0
1753.1	3205	0
1753.1	3089	0
1753.2	3167	0
1753.2	3204	0
1753.2	2883	0
1753.2	3199	0
1753.2	3145	0
1753.2	3146	0
1753.3	3279	0
1753.3	3286	0
1753.3	3099	0
1753.3	3233	0
1753.4	3116	0
1753.4	3123	0
1753.4	3069	0
1753.4	3170	0
1753.4	3000	0
1753.4	3005	0
1753.4	3179	0
1753.5	3133	0
1753.5	3130	0
1753.5	3147	0
1753.5	3177	0
1753.5	2973	0
1753.6	3135	0
1753.7	3162	0
1753.7	3273	0
1753.7	3213	0
1753.7	3096	0
1753.7	3219	0
1753.7	3155	0
1753.8	3220	0
1753.8	3207	0
1753.8	3261	0
1753.9	3239	0
1753.9	3172	0
1753.9	3129	0
1753.9	3116	0
1753.9	3131	0
1754.0	2998	0
1754.0	3215	0
1754.0	3262	0
1754.0	3361	0
1754.0	3083	0
1754.0	3104	0
1754.0	3083	0
1754.0	577	0
1754.1	3014	0
1754.1	3125	0
1754.1	3207	0
1754.1	3197	0
1754.1	2789	0
1754.1	3175	0
1754.1	3133	0
1754.1	3137	0
1754.2	3094	0
1754.2	3039	0
1754.2	3126	0
1754.2	3035	0
1754.2	3130	0
1754.3	3131	0
1754.3	2783	0
1754.3	3101	0
1754.3	3123	0
1754.3	2851	0
1754.3	3110	0
1754.3	1430	0
1754.4	3008	0
1754.4	3172	0
1754.4	3211	0
1754.4	3254	0
1754.4	3167	0
1754.4	3254	0
1754.4	3107	0
1754.4	988	0
1754.4	3198	0
1754.4	3095	0
1754.4	3113	0
1754.5	3181	0
1754.5	3131	0
1754.5	2896	0
1754.5	3279	0
1754.5	3007	0
1754.5	1205	0
1754.6	3047	0
1754.6	3153	0
1754.7	3285	0
1754.7	3070	0
1754.7	3053	0
1754.7	3229	0
1754.8	3203	0
1754.8	3217	0
1754.8	3145	0
1754.8	3141	0
1754.9	3187	0
1754.9	3233	0
1754.9	2940	0
1754.9	3236	0
1754.9	3139	0
1755.0	3119	0
1755.0	3211	0
1755.0	3277	0
1755.0	3171	0
1755.0	3185	0
1755.0	3144	0
1755.0	3207	0
1755.0	3229	0
1755.1	3159	0
1755.1	3049	0
1755.1	2930	0
1755.1	3075	0
1755.2	3340	0
1755.2	2990	0
1755.3	3147	0
1755.3	2917	0
1755.3	3019	0
1755.3	3159	0
1755.4	3223	0
1755.4	3198	0
1755.4	3215	0
1755.4	3174	0
1755.5	2343	0
1755.6	3119	0
1755.6	3199	0
1755.7	3323	0
1755.7	3199	0
1755.7	3019	0
1755.7	3231	0
1755.7	3252	0
1755.7	800	0
1755.7	3191	0
1755.7	3182	0
1755.7	2943	0
1755.8	3201	0
1755.8	3145	0
1755.8	3179	0
1755.8	3283	0
1755.8	1620	0
1755.8	5	0
1755.9	3280	0
1755.9	2911	0
1755.9	3133	0
1755.9	3246	0
1756.0	3125	0
1756.0	3039	0
1756.0	3151	0
1756.1	3139	0
1756.1	3179	0
1756.1	3062	0
1756.1	2951	0
1756.2	3220	0
1756.2	3137	0
1756.2	3159	0
1756.2	2918	0
1756.2	3284	0
1756.2	1995	0
1756.2	3052	0
1756.3	3109	0
1756.3	3151	0
1756.3	3119	0
1756.3	3076	0
1756.3	3061	0
1756.3	3282	0
1756.3	3237	0
1756.4	3241	0
1756.4	3195	0
1756.4	3310	0
1756.4	3203	0
1756.4	3173	0
1756.4	3189	0
1756.4	1270	0
1756.4	3164	0
1756.5	3151	0
1756.5	3274	0
1756.5	3057	0
1756.6	3218	0
1756.6	3045	0
1756.6	3125	0
1756.6	3033	0
1756.6	3101	0
1756.6	3171	0
1756.6	2983	0
1756.7	3157	0
1756.7	3061	0
1756.7	3080	0
1756.7	3158	0
1756.8	3106	0
1756.8	3183	0
1756.8	3119	0
1756.9	3075	0
1756.9	1637	0
1756.9	4	0
1756.9	3116	0
1756.9	2907	0
1756.9	3229	0
1756.9	3210	0
1756.9	3119	0
1757.0	3194	0
1757.0	3223	0
1757.0	3017	0
1757.0	3223	0
1757.1	3303	0
1757.1	3079	0
1757.1	3135	0
1757.1	3229	0
1757.1	3223	0
1757.1	3143	0
1757.1	2941	0
1757.2	3252	0
1757.2	3105	0
1757.2	2999	0
1757.2	3117	0
1757.2	3255	0
1757.3	3135	0
1757.3	3038	0
1757.3	3035	0
1757.3	3085	0
1757.3	3247	0
1757.4	3273	0
1757.4	3069	0
1757.4	3110	0
1757.5	3197	0
1757.5	2867	0
1757.5	3286	0
1757.5	1372	0
1757.5	3175	0
1757.5	3159	0
1757.5	3285	0
1757.6	3205	0
1757.6	3215	0
1757.6	3175	0
1757.6	3141	0
1757.7	3139	0
1757.7	3222	0
1757.7	3121	0
1757.7	3014	0
1757.7	960	0
1757.7	3160	0
1757.8	3113	0
1757.8	590	0
1757.8	3046	0
1757.8	3171	0
1757.9	3287	0
1757.9	3070	0
1757.9	3202	0
1757.9	2729	0
1757.9	3111	0
1757.9	3165	0
1758.0	3081	0
1758.0	3210	0
1758.0	3255	0
1758.0	3256	0
1758.0	3237	0
1758.0	3278	0
1758.0	3359	0
1758.0	3208	0
1758.1	3133	0
1758.1	3143	0
1758.1	3169	0
1758.1	3229	0
1758.1	3168	0
1758.2	3215	0
1758.2	3186	0
1758.2	3327	0
1758.2	3183	0
1758.2	3187	0
1758.2	3211	0
1758.3	3055	0
1758.3	3318	0
1758.3	3335	0
1758.3	512	0
1758.3	3235	0
1758.3	2981	0
1758.4	3167	0
1758.4	3187	0
1758.4	3174	0
1758.4	3179	0
1758.4	1017	0
1758.4	3146	0
1758.4	3129	0
1758.4	3103	0
1758.5	3220	0
1758.5	3185	0
1758.5	3024	0
1758.5	3061	0
1758.5	3215	0
1758.5	3073	0
1758.5	3007	0
1758.6	3164	0
1758.7	3143	0
1758.7	3045	0
1758.7	3153	0
1758.7	3149	0
1758.7	3135	0
1758.8	3167	0
1758.8	3144	0
1758.8	3036	0
1758.8	3187	0
1758.8	3081	0
1758.9	3043	0
1758.9	3195	0
1758.9	3063	0
1758.9	3357	0
1758.9	3146	0
1758.9	3073	0
1758.9	3121	0
1758.9	3178	0
1758.9	3242	0
1759.0	3222	0
1759.0	3131	0
1759.0	3102	0
1759.0	3173	0
1759.1	3107	0
1759.1	3242	0
1759.1	3158	0
1759.2	3244	0
1759.2	3159	0
1759.2	3114	0
1759.2	3176	0
1759.2	3124	0
1759.2	3083	0
1759.3	3217	0
1759.3	3153	0
1759.3	2997	0
1759.3	3259	0
1759.3	3193	0
1759.3	3063	0
1759.4	3078	0
1759.4	3233	0
1759.4	3230	0
1759.4	3275	0
1759.5	3143	0
1759.5	3247	0
1759.5	3245	0
1759.5	3019	0
1759.5	3319	0
1759.6	3149	0
1759.6	3059	0
1759.6	3098	0
1759.6	3065	0
1759.7	3175	0
1759.7	3228	0
1759.7	3118	0
1759.7	3182	0
1759.7	3026	0
1759.7	3117	0
1759.7	3163	0
1759.7	670	0
1759.7	2885	0
1759.8	3101	0
1759.8	3113	0
1759.8	3135	0
1759.9	2131	0
1759.9	1034	0
1759.9	2505	0
1759.9	3127	0
1759.9	2887	0
1759.9	3213	0
1760.0	3243	0
1760.0	3183	0
1760.0	3273	0
1760.0	3149	0
1760.0	3209	0
1760.0	3241	0
1760.0	3345	0
1760.1	3029	0
1760.1	3041	0
1760.1	3127	0
1760.2	3189	0
1760.2	3293	0
1760.2	3214	0
1760.2	3149	0
1760.2	3231	0
1760.3	3097	0
1760.3	3131	0
1760.3	3185	0
1760.3	3197	0
1760.3	3159	0
1760.3	3088	0
1760.4	3305	0
1760.4	3125	0
1760.4	3227	0
1760.5	3230	0
1760.5	3109	0
1760.5	558	0
1760.5	3183	0
1760.6	3142	0
1760.6	3037	0
1760.6	3134	0
1760.6	3226	0
1760.6	3064	0
1760.6	3308	0
1760.6	2713	0
1760.6	1779	0
1760.7	3116	0
1760.7	3205	0
1760.7	3100	0
1760.7	3059	0
1760.8	3151	0
1760.8	3136	0
1760.8	3099	0
1760.8	3078	0
1760.9	3211	0
1760.9	3237	0
1761.0	3251	0
1761.0	3321	0
1761.1	3206	0
1761.1	3221	0
1761.1	3089	0
1761.1	3006	0
1761.1	2999	0
1761.2	2966	0
1761.2	3121	0
1761.2	3251	0
1761.2	3235	0
1761.3	3156	0
1761.3	2947	0
1761.3	2991	0
1761.4	3193	0
1761.5	3131	0
1761.5	3126	0
1761.5	3134	0
1761.5	3249	0
1761.5	3259	0
1761.5	3111	0
1761.5	3003	0
1761.6	3195	0
1761.6	3154	0
1761.6	3165	0
1761.6	3087	0
1761.6	3144	0
1761.7	3045	0
1761.7	3119	0
1761.7	3144	0
1761.8	3151	0
1761.8	3275	0
1761.8	3082	0
1761.8	3135	0
1761.8	3095	0
1761.8	2598	0
1761.8	3225	0
1761.8	3092	0
1761.9	3369	0
1761.9	3223	0
1761.9	3273	0
1761.9	3222	0
1761.9	3182	0
1762.0	3085	0
1762.0	3334	0
1762.0	3051	0
1762.0	3250	0
1762.0	3188	0
1762.1	3214	0
1762.1	3239	0
1762.2	3065	0
1762.2	3253	0
1762.3	3261	0
1762.3	3179	0
1762.3	3220	0
1762.3	3149	0
1762.3	3221	0
1762.4	3041	0
1762.4	2977	0
1762.5	3201	0
1762.5	3184	0
1762.5	3170	0
1762.5	3220	0
1762.5	3011	0
1762.5	3139	0
1762.5	3214	0
1762.5	3269	0
1762.6	3199	0
1762.6	3052	0
1762.6	3195	0
1762.6	3140	0
1762.6	3299	0
1762.6	3087	0
1762.6	3202	0
1762.7	3105	0
1762.7	3216	0
1762.7	3126	0
1762.7	2188	0
1762.7	3161	0
1762.7	3250	0
1762.8	3267	0
1762.8	3099	0
1762.8	3259	0
1762.8	3118	0
1762.8	3177	0
1762.8	3129	0
1762.8	3159	0
1762.9	3135	0
1762.9	3149	0
1762.9	2995	0
1762.9	3198	0
1763.0	3179	0
1763.1	1369	0
1763.1	4	0
1763.1	3121	0
1763.1	3145	0
1763.1	2979	0
1763.1	3178	0
1763.2	3119	0
1763.3	3073	0
1763.3	3081	0
1763.4	3059	0
1763.4	3273	0
1763.4	3089	0
1763.4	3207	0
1763.5	3315	0
1763.5	3028	0
1763.5	3150	0
1763.5	3079	0
1763.5	3091	0
1763.5	3245	0
1763.5	2499	0
1763.6	3224	0
1763.6	3377	0
1763.6	3285	0
1763.6	3181	0
1763.7	3247	0
1763.8	3134	0
1763.8	3055	0
1763.8	806	0
1763.8	3149	0
1763.9	3225	0
1763.9	3183	0
1763.9	832	0
1763.9	3163	0
1763.9	3190	0
1763.9	3247	0
1763.9	3225	0
1764.0	3049	0
1764.0	3225	0
1764.0	3163	0
1764.0	3231	0
1764.0	3011	0
1764.0	3315	0
1764.1	3269	0
1764.1	728	0
1764.1	3149	0
1764.1	3095	0
1764.2	3202	0
1764.2	3217	0
1764.2	2987	0
1764.2	3284	0
1764.2	3259	0
1764.2	3278	0
1764.2	3293	0
1764.2	3199	0
1764.3	3159	0
1764.3	3174	0
1764.4	3185	0
1764.4	3178	0
1764.4	3095	0
1764.4	3079	0
1764.5	3025	0
1764.5	3078	0
1764.5	3199	0
1764.5	3025	0
1764.5	3273	0
1764.5	3035	0
1764.5	3253	0
1764.5	3314	0
1764.5	3145	0
1764.5	3158	0
1764.5	3196	0
1764.6	1162	0
1764.6	3243	0
1764.6	3109	0
1764.6	3137	0
1764.7	3157	0
1764.7	3154	0
1764.7	3213	0
1764.7	3132	0
1764.7	384	0
1764.8	3154	0
1764.8	3291	0
1764.8	3098	0
1764.9	3126	0
1764.9	2879	0
1764.9	3281	0
1764.9	3098	0
1764.9	3167	0
1764.9	3190	0
1764.9	3182	0
1764.9	3095	0
1764.9	3099	0
1765.0	3105	0
1765.0	3166	0
1765.0	3151	0
1765.0	3331	0
1765.0	3202	0
1765.0	2124	0
1765.1	3016	0
1765.1	3181	0
1765.1	3182	0
1765.2	3291	0
1765.2	2998	0
1765.2	2971	0
1765.2	3203	0
1765.2	3180	0
1765.2	3173	0
1765.2	3260	0
1765.2	3086	0
1765.3	3171	0
1765.3	3155	0
1765.3	3181	0
1765.3	3137	0
1765.3	3273	0
1765.3	2970	0
1765.3	3309	0
1765.4	3248	0
1765.4	3243	0
1765.4	3258	0
1765.5	3129	0
1765.5	3135	0
1765.5	3103	0
1765.5	3221	0
1765.5	3231	0
1765.6	3077	0
1765.6	3257	0
1765.6	3269	0
1765.6	3253	0
1765.6	3222	0
1765.6	3114	0
1765.6	3067	0
1765.7	3100	0
1765.7	1186	0
1765.7	3145	0
1765.8	3159	0
1765.8	3078	0
1765.8	2993	0
1765.9	3063	0
1765.9	3191	0
1765.9	3212	0
1765.9	3303	0
1766.0	3295	0
1766.0	3188	0
1766.0	3093	0
1766.0	3094	0
1766.0	3158	0
1766.0	3147	0
1766.1	3167	0
1766.1	3195	0
1766.1	3210	0
1766.2	3239	0
1766.2	3095	0
1766.2	2991	0
1766.2	3189	0
1766.3	3185	0
1766.3	3024	0
1766.3	2484	0
1766.3	3005	0
1766.3	3111	0
1766.4	3271	0
1766.4	3331	0
1766.4	3249	0
1766.4	3082	0
1766.5	3247	0
1766.5	3055	0
1766.5	3125	0
1766.5	3193	0
1766.5	3391	0
1766.6	3211	0
1766.6	3187	0
1766.6	3197	0
1766.7	3146	0
1766.7	3272	0
1766.7	3088	0
1766.7	3167	0
1766.8	3172	0
1766.8	3179	0
1766.9	3207	0
1766.9	2747	0
1766.9	1304	0
1766.9	3106	0
1766.9	3259	0
1767.0	3017	0
1767.0	3259	0
1767.0	3183	0
1767.0	3267	0
1767.0	3223	0
1767.1	3094	0
1767.1	3284	0
1767.1	1820	0
1767.1	2939	0
1767.1	3065	0
1767.1	3169	0
1767.1	3028	0
1767.2	3245	0
1767.2	3221	0
1767.2	3279	0
1767.3	3097	0
1767.3	3242	0
1767.3	2940	0
1767.3	3230	0
1767.3	1472	0
1767.3	4	0
1767.3	3245	0
1767.3	3156	0
1767.4	3171	0
1767.4	3085	0
1767.4	3067	0
1767.4	3153	0
1767.4	3217	0
1767.4	3169	0
1767.4	1107	0
1767.5	3186	0
1767.5	3186	0
1767.5	3203	0
1767.5	3055	0
1767.5	3206	0
1767.5	3132	0
1767.6	3242	0
1767.6	990	0
1767.6	3239	0
1767.6	3105	0
1767.7	3139	0
1767.7	3197	0
1767.7	3113	0
1767.7	3183	0
1767.7	3105	0
1767.8	3107	0
1767.8	3259	0
1767.8	3134	0
1767.8	3111	0
1768.0	3325	0
1768.0	3166	0
1768.1	3246	0
1768.1	2471	0
1768.1	3186	0
1768.1	972	0
1768.1	3166	0
1768.1	3103	0
1768.1	3122	0
1768.2	3170	0
1768.2	3041	0
1768.2	3182	0
1768.2	3239	0
1768.2	3286	0
1768.3	3257	0
1768.3	3145	0
1768.3	1244	0
1768.3	3137	0
1768.4	3187	0
1768.4	3051	0
1768.4	1556	0
1768.4	4	0
1768.4	3107	0
1768.4	3322	0
1768.4	3223	0
1768.5	3246	0
1768.5	3307	0
1768.5	3197	0
1768.5	3257	0
1768.5	3036	0
1768.6	3021	0
1768.6	3007	0
1768.7	3279	0
1768.7	3287	0
1768.8	3046	0
1768.8	3053	0
1768.8	3131	0
1768.9	3150	0
1768.9	3097	0
1768.9	3138	0
1769.0	3274	0
1769.0	3207	0
1769.0	3199	0
1769.0	2991	0
1769.0	3178	0
1769.0	932	0
1769.0	3164	0
1769.0	3221	0
1769.0	3141	0
1769.1	3206	0
1769.1	3199	0
1769.1	3231	0
1769.1	2901	0
1769.1	3165	0
1769.2	3205	0
1769.2	2977	0
1769.2	3319	0
1769.3	3149	0
1769.3	3147	0
1769.3	3069	0
1769.3	3127	0
1769.3	3134	0
1769.3	3130	0
1769.3	3227	0
1769.4	669	0
1769.4	3171	0
1769.4	3251	0
1769.4	3195	0
1769.4	3309	0
1769.5	3265	0
1769.5	3229	0
1769.5	3326	0
1769.5	3220	0
1769.5	3221	0
1769.5	3093	0
1769.6	3169	0
1769.6	3231	0
1769.6	3192	0
1769.6	3141	0
1769.7	3129	0
1769.7	3182	0
1769.7	3190	0
1769.7	3363	0
1769.7	3155	0
1769.7	3199	0
1769.7	3077	0
1769.9	3274	0
1769.9	3227	0
1769.9	3020	0
1769.9	3145	0
1769.9	3276	0
1769.9	3078	0
1770.0	3111	0
1770.0	3258	0
1770.0	3074	0
1770.0	3220	0
1770.0	3097	0
1770.1	2956	0
1770.2	2931	0
1770.2	3176	0
1770.2	3126	0
1770.3	3203	0
1770.3	3145	0
1770.4	2281	0
1770.4	436	0
1770.4	3058	0
1770.4	2955	0
1770.4	3031	0
1770.4	3045	0
1770.4	3111	0
1770.5	3002	0
1770.5	3033	0
1770.5	3055	0
1770.5	2894	0
1770.5	2812	0
1770.5	2807	0
1770.6	2891	0
1770.6	2902	0
1770.6	2743	0
1770.6	2791	0
1770.6	2842	0
1770.6	2907	0
1770.6	2572	0
1770.6	2802	0
1770.6	2812	0
1770.7	2907	0
1770.7	2857	0
1770.7	2791	0
1770.7	2911	0
1770.8	2911	0
1770.8	2898	0
1770.8	2713	0
1770.8	2853	0
1770.9	2974	0
1770.9	2887	0
1770.9	2789	0
1770.9	2726	0
1770.9	2826	0
1770.9	2784	0
1770.9	2596	0
1771.0	2761	0
1771.0	2726	0
1771.0	2825	0
1771.0	2749	0
1771.0	2711	0
1771.0	2862	0
1771.1	2689	0
1771.1	2826	0
1771.1	2836	0
1771.2	2790	0
1771.2	2725	0
1771.2	2856	0
1771.2	2778	0
1771.3	2825	0
1771.3	2810	0
1771.4	2792	0
1771.4	2703	0
1771.4	2710	0
1771.4	2881	0
1771.4	2751	0
1771.4	2715	0
1771.4	2794	0
1771.4	2795	0
1771.4	2708	0
1771.5	2795	0
1771.5	2735	0
1771.5	2641	0
1771.5	2795	0
1771.6	2857	0
1771.6	2683	0
1771.6	1512	0
1771.6	2936	0
1771.7	2841	0
1771.7	2857	0
1771.7	2958	0
1771.7	2907	0
1771.7	2882	0
1771.8	2975	0
1771.8	2953	0
1771.8	2739	0
1771.8	2840	0
1771.8	2633	0
1771.8	2788	0
1771.9	2903	0
1771.9	2821	0
1772.0	2738	0
1772.0	2809	0
1772.0	681	0
1772.1	2790	0
1772.1	2733	0
1772.1	2824	0
1772.1	2770	0
1772.1	2705	0
1772.1	2749	0
1772.1	2862	0
1772.1	2749	0
1772.2	2718	0
1772.2	2812	0
1772.2	2748	0
1772.2	2843	0
1772.2	2811	0
1772.2	2801	0
1772.2	2903	0
1772.2	2861	0
1772.2	2941	0
1772.3	2737	0
1772.3	2715	0
1772.3	2831	0
1772.3	2703	0
1772.3	2789	0
1772.3	2811	0
1772.4	589	0
1772.4	2947	0
1772.4	2774	0
1772.4	2719	0
1772.4	1770	0
1772.4	2687	0
1772.4	2773	0
1772.4	2639	0
1772.5	2671	0
1772.5	2842	0
1772.6	2659	0
1772.6	2834	0
1772.6	2751	0
1772.6	2815	0
1772.6	2889	0
1772.6	2741	0
1772.6	2743	0
1772.7	2749	0
1772.7	2581	0
1772.7	2899	0
1772.7	2805	0
1772.7	2873	0
1772.7	2623	0
1772.7	2711	0
1772.7	2818	0
1772.8	2684	0
1772.8	2282	0
1772.8	2861	0
1772.8	2777	0
1772.8	2836	0
1772.9	2808	0
1772.9	2809	0
1772.9	2725	0
1772.9	2772	0
1772.9	2793	0
1772.9	2719	0
1773.0	2713	0
1773.0	2736	0
1773.0	2781	0
1773.1	2702	0
1773.1	2721	0
1773.1	1827	0
1773.1	2847	0
1773.1	2868	0
1773.1	2801	0
1773.1	2738	0
1773.1	2803	0
1773.1	2663	0
1773.2	2759	0
1773.2	2786	0
1773.2	2879	0
1773.2	2786	0
1773.2	2701	0
1773.2	2794	0
1773.2	2795	0
1773.2	2854	0
1773.2	2758	0
1773.2	2689	0
1773.3	2627	0
1773.3	2678	0
1773.3	2859	0
1773.3	1815	0
1773.3	2751	0
1773.3	2853	0
1773.4	2770	0
1773.4	2650	0
1773.4	2852	0
1773.4	2776	0
1773.5	2830	0
1773.5	2699	0
1773.5	2709	0
1773.5	2812	0
1773.5	2975	0
1773.5	2778	0
1773.5	2519	0
1773.6	1274	0
1773.6	2766	0
1773.6	2647	0
1773.6	2799	0
1773.6	1236	0
1773.6	2594	0
1773.7	2756	0
1773.7	2879	0
1773.7	2849	0
1773.7	2759	0
1773.8	2949	0
1773.8	2759	0
1773.8	2790	0
1773.9	2867	0
1773.9	2807	0
1773.9	2361	0
1773.9	2810	0
1773.9	2822	0
1773.9	2805	0
1774.0	2783	0
1774.0	2820	0
1774.0	2895	0
1774.0	2763	0
1774.1	2757	0
1774.1	2883	0
1774.1	2759	0
1774.1	2851	0
1774.1	2772	0
1774.2	2799	0
1774.2	2808	0
1774.2	2754	0
1774.3	2872	0
1774.3	2807	0
1774.3	2710	0
1774.3	2779	0
1774.3	2703	0
1774.3	2676	0
1774.4	2797	0
1774.4	2879	0
1774.4	2777	0
1774.5	2867	0
1774.5	2771	0
1774.5	2778	0
1774.5	2854	0
1774.6	2773	0
1774.6	2601	0
1774.7	2784	0
1774.7	2680	0
1774.7	2628	0
1774.8	2704	0
1774.8	2686	0
1774.8	2937	0
1774.9	2679	0
1774.9	2850	0
1774.9	2763	0
1774.9	2626	0
1774.9	2686	0
1774.9	2906	0
1775.0	2791	0
1775.1	2719	0
1775.1	2867	0
1775.2	2692	0
1775.2	2911	0
1775.2	2715	0
1775.2	2374	0
1775.2	2603	0
1775.2	2725	0
1775.2	2609	0
1775.2	2678	0
1775.2	2704	0
1775.3	2792	0
1775.3	2622	0
1775.3	3039	0
1775.4	2804	0
1775.4	2798	0
1775.4	2714	0
1775.4	2961	0
1775.4	631	0
1775.5	1253	0
1775.5	2763	0
1775.5	2412	0
1775.6	2808	0
1775.6	2708	0
1775.6	2889	0
1775.7	2811	0
1775.8	2741	0
1775.8	2778	0
1775.8	2808	0
1775.8	1338	0
1775.8	2814	0
1775.8	2813	0
1775.8	2766	0
1775.8	2744	0
1775.8	2730	0
1775.8	2823	0
1775.8	2773	0
1775.9	2774	0
1775.9	2813	0
1775.9	2709	0
1775.9	2766	0
1776.0	2731	0
1776.0	2619	0
1776.0	2773	0
1776.0	2734	0
1776.0	2857	0
1776.0	2662	0
1776.0	1740	0
1776.1	2800	0
1776.1	2873	0
1776.1	2835	0
1776.1	2683	0
1776.1	2822	0
1776.1	2835	0
1776.2	2810	0
1776.2	2837	0
1776.2	2733	0
1776.2	2666	0
1776.3	1354	0
1776.3	2678	0
1776.3	2683	0
1776.3	2823	0
1776.4	2851	0
1776.4	2657	0
1776.4	2753	0
1776.4	2785	0
1776.5	2725	0
1776.5	2749	0
1776.6	2657	0
1776.6	2801	0
1776.6	2641	0
1776.6	2863	0
1776.6	2670	0
1776.6	2733	0
1776.6	2933	0
1776.7	2831	0
1776.7	2763	0
1776.7	2829	0
1776.7	2866	0
1776.7	2736	0
1776.7	2786	0
1776.7	2759	0
1776.7	2793	0
1776.8	2680	0
1776.8	2495	0
1776.8	2730	0
1776.8	2818	0
1776.8	2895	0
1776.8	2593	0
1776.9	2799	0
1776.9	2647	0
1776.9	2807	0
1776.9	2660	0
1776.9	2766	0
1777.0	2755	0
1777.0	2809	0
1777.0	2962	0
1777.0	2828	0
1777.0	2757	0
1777.1	1608	0
1777.1	2919	0
1777.1	2841	0
1777.1	2773	0
1777.1	2765	0
1777.1	2939	0
1777.2	2669	0
1777.2	2785	0
1777.2	2751	0
1777.3	2804	0
1777.3	2815	0
1777.3	2803	0
1777.3	2758	0
1777.4	2868	0
1777.4	398	0
1777.4	2914	0
1777.4	1012	0
1777.5	2723	0
1777.5	2826	0
1777.5	2841	0
1777.5	2746	0
1777.5	2884	0
1777.5	2793	0
1777.5	2831	0
1777.5	2751	0
1777.6	2831	0
1777.6	2861	0
1777.6	2676	0
1777.6	2704	0
1777.7	2833	0
1777.7	2895	0
1777.7	2680	0
1777.7	2789	0
1777.7	2760	0
1777.7	2587	0
1777.7	2791	0
1777.7	2805	0
1777.8	2631	0
1777.8	2867	0
1777.8	2843	0
1777.8	2737	0
1777.8	2877	0
1777.9	2749	0
1777.9	1386	0
1777.9	4	0
1777.9	2850	0
1777.9	2813	0
1778.0	2478	0
1778.0	2807	0
1778.0	2723	0
1778.1	2711	0
1778.1	2807	0
1778.1	2783	0
1778.1	2762	0
1778.1	2743	0
1778.1	2714	0
1778.1	2829	0
1778.1	2785	0
1778.2	2786	0
1778.2	2843	0
1778.2	2617	0
1778.2	2880	0
1778.2	2773	0
1778.3	2790	0
1778.3	2738	0
1778.3	2796	0
1778.3	2843	0
1778.3	2852	0
1778.4	2689	0
1778.4	2746	0
1778.4	2726	0
1778.4	977	0
1778.5	2750	0
1778.5	2714	0
1778.5	2763	0
1778.5	2749	0
1778.5	2801	0
1778.5	1338	0
1778.6	4	0
1778.6	2843	0
1778.6	2911	0
1778.7	2836	0
1778.7	3017	0
1778.7	2750	0
1778.7	1471	0
1778.7	4	0
1778.8	2943	0
1778.8	2861	0
1778.9	2832	0
1778.9	2677	0
1779.0	3181	0
1779.0	2909	0
1779.0	2946	0
1779.0	2759	0
1779.0	2790	0
1779.0	3009	0
1779.0	2930	0
1779.1	2890	0
1779.1	3058	0
1779.1	2903	0
1779.1	2951	0
1779.2	2939	0
1779.2	2870	0
1779.2	2989	0
1779.2	3029	0
1779.2	2996	0
1779.2	2975	0
1779.3	2786	0
1779.4	2583	0
1779.4	2780	0
1779.4	2677	0
1779.4	2622	0
1779.4	2773	0
1779.5	2801	0
1779.5	2849	0
1779.6	2803	0
1779.6	2920	0
1779.6	2780	0
1779.6	2768	0
1779.6	2758	0
1779.6	2771	0
1779.6	2469	0
1779.6	2738	0
1779.8	2769	0
1779.8	2785	0
1779.8	2907	0
1779.8	2955	0
1779.8	1277	0
1779.8	2895	0
1779.8	2433	0
1779.8	2778	0
1779.8	2859	0
1779.8	2601	0
1779.8	2921	0
1779.8	2795	0
1779.9	2745	0
1779.9	2794	0
1779.9	2853	0
1779.9	2778	0
1779.9	2815	0
1779.9	2738	0
1779.9	2749	0
1779.9	2760	0
1779.9	2808	0
1780.0	2858	0
1780.0	2599	0
1780.0	2576	0
1780.0	2922	0
1780.1	2791	0
1780.1	2802	0
1780.1	2796	0
1780.1	2755	0
1780.2	2743	0
1780.2	2673	0
1780.2	2789	0
1780.2	2719	0
1780.2	2931	0
1780.2	2650	0
1780.2	2881	0
1780.3	2839	0
1780.3	2874	0
1780.3	2815	0
1780.3	2706	0
1780.3	2797	0
1780.3	2811	0
1780.3	2815	0
1780.4	2776	0
1780.4	2844	0
1780.4	2786	0
1780.5	2805	0
1780.5	2807	0
1780.5	2835	0
1780.5	2855	0
1780.6	2735	0
1780.6	2727	0
1780.6	2776	0
1780.6	2682	0
1780.6	2797	0
1780.7	2739	0
1780.7	2719	0
1780.7	2650	0
1780.8	2753	0
1780.8	2642	0
1780.8	794	0
1780.8	1403	0
1780.8	2646	0
1780.8	2659	0
1780.8	2853	0
1780.9	1135	0
1780.9	2860	0
1780.9	2838	0
1780.9	2805	0
1781.0	2822	0
1781.0	2801	0
1781.0	2842	0
1781.1	3003	0
1781.1	2903	0
1781.1	2913	0
1781.1	2930	0
1781.1	3103	0
1781.1	2965	0
1781.2	3096	0
1781.3	3071	0
1781.3	3161	0
1781.3	2922	0
1781.3	3071	0
1781.5	3127	0
1781.6	3218	0
1781.6	3114	0
1781.6	3091	0
1781.6	2969	0
1781.6	3159	0
1781.6	3079	0
1781.7	3022	0
1781.7	3048	0
1781.8	3008	0
1781.8	682	0
1781.8	2878	0
1781.8	2845	0
1781.8	2914	0
1781.8	2514	0
1781.9	2729	0
1781.9	2953	0
1781.9	2815	0
1781.9	2822	0
1781.9	2782	0
1781.9	2723	0
1781.9	2727	0
1782.0	2620	0
1782.0	2759	0
1782.0	2897	0
1782.0	2754	0
1782.0	2861	0
1782.0	2725	0
1782.1	2767	0
1782.1	2810	0
1782.1	2826	0
1782.1	2895	0
1782.1	2742	0
1782.1	1557	0
1782.2	809	0
1782.2	2738	0
1782.2	2884	0
1782.2	2809	0
1782.2	1921	0
1782.2	2784	0
1782.3	2759	0
1782.3	2567	0
1782.3	2883	0
1782.3	2689	0
1782.3	2861	0
1782.4	2717	0
1782.4	2798	0
1782.4	2775	0
1782.4	2726	0
1782.5	2770	0
1782.5	2735	0
1782.5	2760	0
1782.5	2751	0
1782.5	2895	0
1782.6	2778	0
1782.6	2844	0
1782.6	2737	0
1782.7	2696	0
1782.7	2786	0
1782.7	2787	0
1782.7	2857	0
1782.7	2762	0
1782.7	2764	0
1782.8	2721	0
1782.8	2762	0
1782.8	2819	0
1782.8	2737	0
1782.8	2728	0
1782.8	2607	0
1782.8	2891	0
1782.9	2869	0
1782.9	2842	0
1782.9	2772	0
1782.9	2694	0
1782.9	2817	0
1783.1	2767	0
1783.1	2631	0
1783.1	2830	0
1783.1	2831	0
1783.1	2739	0
1783.1	2789	0
1783.2	2687	0
1783.2	2879	0
1783.2	2903	0
1783.2	2831	0
1783.2	2847	0
1783.2	2718	0
1783.3	2767	0
1783.3	2807	0
1783.3	2812	0
1783.4	2769	0
1783.4	2742	0
1783.4	2885	0
1783.5	2719	0
1783.5	2759	0
1783.5	2751	0
1783.5	2855	0
1783.5	2782	0
1783.5	2893	0
1783.6	2694	0
1783.6	2795	0
1783.6	2743	0
1783.7	2777	0
1783.7	2932	0
1783.7	2809	0
1783.7	2803	0
1783.8	2871	0
1783.8	555	0
1783.8	1097	0
1783.9	2761	0
1783.9	2606	0
1784.0	2788	0
1784.0	2674	0
1784.1	2786	0
1784.1	2908	0
1784.1	1583	0
1784.1	2693	0
1784.2	2721	0
1784.2	2812	0
1784.3	2820	0
1784.3	2766	0
1784.4	2725	0
1784.4	2716	0
1784.4	539	0
1784.4	2615	0
1784.4	2669	0
1784.4	2765	0
1784.5	2783	0
1784.5	2909	0
1784.5	2663	0
1784.5	2804	0
1784.5	2837	0
1784.5	2865	0
1784.5	2731	0
1784.6	2848	0
1784.6	2933	0
1784.7	2686	0
1784.7	2595	0
1784.7	2796	0
1784.8	2729	0
1784.8	2809	0
1784.8	2830	0
1784.9	2743	0
1784.9	2762	0
1784.9	2630	0
1784.9	2561	0
1784.9	2797	0
1785.0	2664	0
1785.0	2679	0
1785.0	2710	0
1785.1	2743	0
1785.1	2758	0
1785.1	2851	0
1785.1	2825	0
1785.1	2773	0
1785.1	2594	0
1785.1	2822	0
1785.1	2818	0
1785.1	2733	0
1785.1	2851	0
1785.1	2849	0
1785.2	2847	0
1785.2	2905	0
1785.2	2800	0
1785.2	2761	0
1785.2	2871	0
1785.3	2719	0
1785.3	2762	0
1785.4	2649	0
1785.4	2803	0
1785.4	2664	0
1785.4	2785	0
1785.4	2813	0
1785.4	2786	0
1785.5	2743	0
1785.5	2831	0
1785.5	2569	0
1785.5	2793	0
1785.5	2897	0
1785.6	2804	0
1785.6	2731	0
1785.6	2684	0
1785.6	2735	0
1785.6	2525	0
1785.7	2835	0
1785.7	2741	0
1785.7	2762	0
1785.8	2662	0
1785.8	2599	0
1785.8	2802	0
1785.8	2607	0
1785.8	2729	0
1785.9	2775	0
1785.9	2628	0
1786.0	2669	0
1786.0	2719	0
1786.0	2783	0
1786.0	2779	0
1786.0	2848	0
1786.0	2691	0
1786.0	2923	0
1786.0	2753	0
1786.1	2862	0
1786.1	2054	0
1786.1	2877	0
1786.1	2836	0
1786.1	2858	0
1786.1	2841	0
1786.1	2842	0
1786.2	2807	0
1786.2	2723	0
1786.2	2775	0
1786.2	2647	0
1786.3	2713	0
1786.3	2718	0
1786.3	2683	0
1786.4	1307	0
1786.4	4	0
1786.4	2791	0
1786.4	2733	0
1786.4	2708	0
1786.5	2747	0
1786.6	2875	0
1786.6	2812	0
1786.6	2764	0
1786.6	2859	0
1786.7	2866	0
1786.7	2829	0
1786.7	890	0
1786.7	2674	0
1786.7	2842	0
1786.8	2677	0
1786.8	2908	0
1786.8	2751	0
1786.8	2727	0
1786.8	2778	0
1786.9	2833	0
1786.9	2647	0
1786.9	2845	0
1787.0	2773	0
1787.0	2740	0
1787.0	2740	0
1787.0	2751	0
1787.1	2806	0
1787.1	2786	0
1787.1	2617	0
1787.1	2815	0
1787.1	2757	0
1787.1	2711	0
1787.1	2682	0
1787.2	2859	0
1787.2	2846	0
1787.2	2805	0
1787.2	2587	0
1787.2	2534	0
1787.2	2799	0
1787.3	2651	0
1787.3	2701	0
1787.3	2735	0
1787.3	2848	0
1787.3	2884	0
1787.4	2838	0
1787.4	2813	0
1787.4	2851	0
1787.4	2891	0
1787.4	2801	0
1787.4	2681	0
1787.5	2799	0
1787.5	2741	0
1787.5	2741	0
1787.5	2747	0
1787.6	2722	0
1787.6	2883	0
1787.6	2739	0
1787.6	2751	0
1787.7	2760	0
1787.7	2886	0
1787.7	2754	0
1787.7	2810	0
1787.7	2758	0
1787.8	2793	0
1787.8	2182	0
1787.8	2836	0
1787.8	2765	0
1787.8	2827	0
1787.8	2815	0
1787.8	2862	0
1787.8	2813	0
1787.9	723	0
1787.9	994	0
1787.9	2820	0
1788.0	1362	0
1788.0	3	0
1788.0	2798	0
1788.0	1332	0
1788.0	3	0
1788.0	2675	0
1788.1	2575	0
1788.1	2905	0
1788.1	2711	0
1788.1	2726	0
1788.1	2778	0
1788.2	2716	0
1788.3	2833	0
1788.3	2808	0
1788.3	2627	0
1788.3	2745	0
1788.3	2811	0
1788.4	2725	0
1788.4	2783	0
1788.4	2697	0
1788.5	2661	0
1788.5	2815	0
1788.5	2815	0
1788.6	2853	0
1788.6	2796	0
1788.6	2761	0
1788.7	2869	0
1788.7	2772	0
1788.7	2714	0
1788.8	2820	0
1788.8	2818	0
1788.8	2714	0
1788.8	2612	0
1788.8	1432	0
1788.8	4	0
1788.8	2817	0
1788.8	2855	0
1788.9	2775	0
1788.9	2823	0
1788.9	2876	0
1789.0	2817	0
1789.0	2695	0
1789.0	2754	0
1789.1	2680	0
1789.1	2785	0
1789.1	2786	0
1789.1	2807	0
1789.1	2766	0
1789.1	1365	0
1789.1	4	0
1789.2	2744	0
1789.2	2804	0
1789.3	2727	0
1789.3	2705	0
1789.3	2676	0
1789.3	2764	0
1789.3	2604	0
1789.4	2450	0
1789.4	2797	0
1789.4	2795	0
1789.5	2677	0
1789.5	2751	0
1789.5	2735	0
1789.5	2792	0
1789.5	2707	0
1789.6	2823	0
1789.6	2751	0
1789.6	2735	0
1789.6	2897	0
1789.7	2714	0
1789.7	2646	0
1789.7	2785	0
1789.7	2631	0
1789.7	2915	0
1789.8	2747	0
1789.8	2656	0
1789.8	2805	0
1789.8	2649	0
1789.9	2795	0
1789.9	2724	0
1789.9	2689	0
1789.9	2719	0
1789.9	2717	0
1790.0	2810	0
1790.0	2835	0
1790.0	2728	0
1790.0	2689	0
1790.0	2683	0
1790.0	2779	0
1790.0	2623	0
1790.1	774	0
1790.1	2776	0
1790.1	2615	0
1790.1	2839	0
1790.1	1551	0
1790.1	2781	0
1790.2	2819	0
1790.2	2842	0
1790.2	2811	0
1790.2	2822	0
1790.2	2846	0
1790.3	2779	0
1790.3	2859	0
1790.3	1761	0
1790.3	2779	0
1790.3	2718	0
1790.3	2733	0
1790.4	2517	0
1790.4	2766	0
1790.5	2695	0
1790.5	2780	0
1790.5	2711	0
1790.6	2803	0
1790.6	2638	0
1790.6	2885	0
1790.6	2770	0
1790.7	2685	0
1790.7	2840	0
1790.7	2843	0
1790.7	2758	0
1790.7	2799	0
1790.7	2762	0
1790.7	2731	0
1790.8	2769	0
1790.8	2718	0
1790.8	2742	0
1790.9	2769	0
1790.9	2713	0
1791.0	2735	0
1791.0	2795	0
1791.0	2759	0
1791.0	2803	0
1791.1	2791	0
1791.1	2687	0
1791.2	2675	0
1791.2	2879	0
1791.2	2727	0
1791.3	2701	0
1791.3	2811	0
1791.3	2701	0
1791.3	2631	0
1791.3	2812	0
1791.3	2847	0
1791.3	2617	0
1791.3	2764	0
1791.3	2661	0
1791.4	2822	0
1791.4	2687	0
1791.4	2826	0
1791.5	2707	0
1791.5	2749	0
1791.5	2691	0
1791.6	2622	0
1791.6	2598	0
1791.6	2728	0
1791.6	2865	0
1791.6	2709	0
1791.7	2754	0
1791.7	2860	0
1791.8	2849	0
1791.8	2883	0
1791.8	2099	0
1791.8	2658	0
1791.8	2763	0
1791.9	2808	0
1791.9	2721	0
1791.9	2741	0
1791.9	2681	0
1792.0	1144	0
1792.0	2734	0
1792.0	2837	0
1792.0	2657	0
1792.0	2783	0
1792.0	2906	0
1792.0	2734	0
1792.0	2758	0
1792.0	2843	0
1792.1	2773	0
1792.2	2751	0
1792.3	2731	0
1792.3	2314	0
1792.3	2788	0
1792.3	2773	0
1792.3	2664	0
1792.4	2822	0
1792.4	1056	0
1792.4	2748	0
1792.4	2766	0
1792.4	2781	0
1792.5	1423	0
1792.5	4	0
1792.5	2763	0
1792.5	2650	0
1792.5	2806	0
1792.5	2768	0
1792.5	2849	0
1792.6	2874	0
1792.7	2713	0
1792.7	2793	0
1792.7	2746	0
1792.7	2745	0
1792.7	2837	0
1792.8	2751	0
1792.8	2837	0
1792.9	2739	0
1792.9	2737	0
1792.9	2819	0
1793.0	2710	0
1793.0	2838	0
1793.0	2723	0
1793.0	2859	0
1793.0	2676	0
1793.0	2729	0
1793.1	2838	0
1793.1	2774	0
1793.1	2842	0
1793.1	2884	0
1793.1	2766	0
1793.1	2826	0
1793.1	2775	0
1793.2	2738	0
1793.2	2632	0
1793.2	2677	0
1793.2	2611	0
1793.2	2722	0
1793.2	2772	0
1793.3	2757	0
1793.3	2840	0
1793.3	2873	0
1793.3	2773	0
1793.3	2651	0
1793.3	2714	0
1793.3	2571	0
1793.3	2818	0
1793.3	2805	0
1793.3	2783	0
1793.3	2730	0
1793.4	2659	0
1793.4	2631	0
1793.4	2683	0
1793.4	2823	0
1793.4	2953	0
1793.5	2668	0
1793.5	2798	0
1793.5	2781	0
1793.5	2623	0
1793.5	2770	0
1793.5	2703	0
1793.5	2880	0
1793.6	2785	0
1793.6	384	0
1793.6	2663	0
1793.6	2819	0
1793.7	2714	0
1793.7	2687	0
1793.7	2783	0
1793.7	2861	0
1793.8	2766	0
1793.8	2898	0
1793.8	2753	0
1793.9	2814	0
1793.9	2733	0
1794.0	2897	0
1794.0	2876	0
1794.0	2639	0
1794.1	2584	0
1794.1	2843	0
1794.1	2668	0
1794.1	2780	0
1794.1	2776	0
1794.2	2587	0
1794.2	1174	0
1794.2	2742	0
1794.2	2796	0
1794.2	2723	0
1794.3	2829	0
1794.3	2774	0
1794.4	2739	0
1794.4	2774	0
1794.4	2891	0
1794.4	2769	0
1794.4	2351	0
1794.4	2739	0
1794.4	2871	0
1794.4	2781	0
1794.4	2697	0
1794.4	2698	0
1794.4	2750	0
1794.5	2826	0
1794.5	2761	0
1794.5	2828	0
1794.5	1153	0
1794.6	2774	0
1794.6	2798	0
1794.6	2933	0
1794.7	2770	0
1794.7	2811	0
1794.7	2806	0
1794.7	2751	0
1794.7	563	0
1794.7	2783	0
1794.8	2797	0
1794.8	2763	0
1794.9	2776	0
1794.9	2887	0
1794.9	2794	0
1794.9	2611	0
1794.9	2811	0
1794.9	2797	0
1795.0	2675	0
1795.0	2783	0
1795.0	2724	0
1795.0	2822	0
1795.0	2701	0
1795.1	2887	0
1795.1	2771	0
1795.1	2642	0
1795.1	2799	0
1795.1	2778	0
1795.2	2679	0
1795.2	2620	0
1795.2	2879	0
1795.2	2635	0
1795.2	2921	0
1795.2	610	0
1795.3	2785	0
1795.3	2604	0
1795.3	2707	0
1795.3	2629	0
1795.3	2823	0
1795.4	2778	0
1795.4	2713	0
1795.4	2799	0
1795.4	2796	0
1795.5	2914	0
1795.5	2782	0
1795.5	2521	0
1795.5	2747	0
1795.5	2695	0
1795.5	2763	0
1795.6	2766	0
1795.6	2727	0
1795.6	2795	0
1795.6	2791	0
1795.7	2698	0
1795.7	2801	0
1795.7	2792	0
1795.7	2810	0
1795.7	2812	0
1795.8	2748	0
1795.8	2839	0
1795.8	2783	0
1795.8	2761	0
1795.8	2766	0
1795.8	2783	0
1795.8	2895	0
1795.9	2831	0
1795.9	2863	0
1795.9	2657	0
1795.9	2847	0
1795.9	2682	0
1796.0	2852	0
1796.0	2699	0
1796.0	2687	0
1796.0	2883	0
1796.0	2612	0
1796.0	2727	0
1796.0	2754	0
1796.1	2721	0
1796.1	2759	0
1796.1	2678	0
1796.1	2929	0
1796.1	2879	0
1796.2	2737	0
1796.2	2896	0
1796.2	2700	0
1796.2	2734	0
1796.2	2827	0
1796.3	2671	0
1796.3	2855	0
1796.4	2887	0
1796.4	2825	0
1796.4	2717	0
1796.4	2721	0
1796.4	2755	0
1796.4	2777	0
1796.5	2817	0
1796.5	2835	0
1796.5	2811	0
1796.5	1446	0
1796.5	0	0
1796.5	2758	0
1796.6	2805	0
1796.6	2750	0
1796.6	2774	0
1796.7	2687	0
1796.7	2775	0
1796.7	2754	0
1796.7	2811	0
1796.7	2394	0
1796.7	2786	0
1796.7	2739	0
1796.7	2804	0
1796.7	2757	0
1796.8	2909	0
1796.8	620	0
1796.8	2771	0
1796.9	892	0
1796.9	2765	0
1796.9	2773	0
1796.9	2795	0
1796.9	2817	0
1796.9	2787	0
1796.9	2729	0
1796.9	2859	0
1796.9	2820	0
1797.0	2712	0
1797.0	2840	0
1797.0	2787	0
1797.0	2894	0
1797.0	2813	0
1797.0	2788	0
1797.0	2742	0
1797.0	2868	0
1797.1	2799	0
1797.1	2657	0
1797.1	2762	0
1797.1	2893	0
1797.2	2864	0
1797.2	2769	0
1797.2	2858	0
1797.3	2366	0
1797.3	2885	0
1797.3	2715	0
1797.3	2887	0
1797.3	2793	0
1797.4	2669	0
1797.4	2721	0
1797.4	2705	0
1797.4	2765	0
1797.5	2797	0
1797.5	2719	0
1797.5	2774	0
1797.5	2917	0
1797.5	2839	0
1797.6	2858	0
1797.6	2741	0
1797.6	2840	0
1797.6	2704	0
1797.6	2884	0
1797.6	2670	0
1797.6	2825	0
1797.6	2725	0
1797.6	2850	0
1797.7	2779	0
1797.7	2751	0
1797.7	2769	0
1797.7	2634	0
1797.8	2774	0
1797.8	2817	0
1797.8	2731	0
1797.8	2787	0
1797.8	2893	0
1797.8	2741	0
1797.9	2646	0
1797.9	2714	0
1797.9	2803	0
1797.9	2597	0
1797.9	2867	0
1798.0	2931	0
1798.0	2905	0
1798.1	2886	0
1798.1	2738	0
1798.1	2778	0
1798.2	2847	0
1798.3	2723	0
1798.3	2655	0
1798.3	2803	0
1798.3	2739	0
1798.3	2751	0
1798.3	2851	0
1798.3	2805	0
1798.4	2683	0
1798.4	2756	0
1798.5	2703	0
1798.5	2742	0
1798.5	2746	0
1798.5	2627	0
1798.6	2847	0
1798.6	2865	0
1798.7	2801	0
1798.7	2687	0
1798.7	2779	0
1798.7	2637	0
1798.7	2815	0
1798.7	2810	0
1798.7	2873	0
1798.8	2815	0
1798.8	2782	0
1798.8	2792	0
1798.8	2847	0
1798.8	1453	0
1798.9	2730	0
1798.9	2828	0
1798.9	2841	0
1799.0	2909	0
1799.0	2735	0
1799.0	2759	0
1799.0	2829	0
1799.0	2815	0
1799.0	2684	0
1799.0	2836	0
1799.2	2689	0
1799.2	2673	0
1799.3	2953	0
1799.3	2859	0
1799.3	2843	0
1799.3	2615	0
1799.3	2765	0
1799.4	2867	0
1799.4	2839	0
1799.4	2790	0
1799.5	2907	0
1799.5	2759	0
1799.5	2791	0
1799.5	2883	0
1799.5	2829	0
1799.5	1360	0
1799.6	4	0
1799.6	2732	0
1799.6	2771	0
1799.6	2877	0
1799.6	2787	0
1799.6	2696	0
1799.6	2621	0
1799.6	2624	0
1799.7	2807	0
1799.7	2709	0
1799.7	2905	0
1799.7	2695	0
1799.7	2787	0
1799.7	2887	0
1799.7	2793	0
1799.7	2735	0
1799.7	2851	0
1799.8	2807	0
1799.8	2627	0
1799.8	2706	0
1799.8	2873	0
1799.8	2695	0
1799.8	2820	0
1799.9	2820	0
1799.9	2579	0
1799.9	2683	0
1799.9	2757	0
1800.0	2811	0
1800.0	2815	0
1800.0	2838	0
1800.0	2847	0
1800.0	877	0
1800.0	2928	0
1800.0	2790	0
1800.0	2871	0
1800.0	2761	0
1800.1	2787	0
1800.1	2796	0
1800.1	2645	0
1800.1	2879	0
1800.1	2747	0
1800.1	2583	0
1800.1	2882	0
1800.2	982	0
1800.2	2729	0
1800.3	2403	0
1800.3	2879	0
1800.3	2807	0
1800.3	2904	0
1800.3	2794	0
1800.4	2571	0
1800.4	2721	0
1800.4	2654	0
1800.4	2647	0
1800.5	2825	0
1800.5	2807	0
1800.5	2653	0
1800.5	2812	0
1800.6	2841	0
1800.6	2752	0
1800.6	2593	0
1800.6	2735	0
1800.6	2715	0
1800.6	2736	0
1800.6	2695	0
1800.7	2599	0
1800.7	2710	0
1800.7	2833	0
1800.7	2706	0
1800.7	2649	0
1800.7	904	0
1800.7	2785	0
1800.8	2822	0
1800.8	2775	0
1800.8	2039	0
1800.8	2745	0
1800.9	2838	0
1800.9	2661	0
1800.9	2889	0
1800.9	2771	0
1801.0	2705	0
1801.0	2855	0
1801.1	2797	0
1801.1	2735	0
1801.1	2701	0
1801.1	2863	0
1801.1	2733	0
1801.1	2799	0
1801.1	1976	0
1801.1	2776	0
1801.2	2725	0
1801.2	2753	0
1801.2	2823	0
1801.2	2751	0
1801.2	2612	0
1801.2	2794	0
1801.2	2009	0
1801.3	2948	0
1801.3	2834	0
1801.3	2777	0
1801.3	2974	0
1801.4	2723	0
1801.4	2792	0
1801.4	2894	0
1801.4	2750	0
1801.4	2800	0
1801.5	2885	0
1801.5	2714	0
1801.5	1103	0
1801.5	2884	0
1801.5	2825	0
1801.5	2845	0
1801.5	2794	0
1801.6	2663	0
1801.6	2785	0
1801.6	1633	0
1801.6	2837	0
1801.7	2707	0
1801.7	2827	0
1801.7	2821	0
1801.7	2660	0
1801.8	2808	0
1801.8	2111	0
1801.8	2663	0
1801.8	2711	0
1801.8	2812	0
1801.9	2823	0
1801.9	2606	0
1801.9	2821	0
1801.9	2617	0
1801.9	2473	0
1801.9	2695	0
1802.0	2711	0
1802.0	2715	0
1802.0	2669	0
1802.1	2727	0
1802.1	2600	0
1802.1	2733	0
1802.1	2795	0
1802.1	2801	0
1802.1	2683	0
1802.1	2873	0
1802.2	2777	0
1802.2	2878	0
1802.2	2815	0
1802.2	1568	0
1802.3	2682	0
1802.3	2715	0
1802.3	2891	0
1802.3	2743	0
1802.3	2853	0
1802.4	2845	0
1802.4	2850	0
1802.4	2681	0
1802.4	2774	0
1802.4	2632	0
1802.4	2760	0
1802.4	2782	0
1802.4	2643	0
1802.5	2855	0
1802.5	2631	0
1802.5	2839	0
1802.5	2774	0
1802.5	899	0
1802.5	2823	0
1802.5	977	0
1802.5	2757	0
1802.5	2867	0
1802.6	2803	0
1802.6	2779	0
1802.6	2775	0
1802.6	2685	0
1802.6	2886	0
1802.6	2727	0
1802.6	2841	0
1802.7	2763	0
1802.7	2781	0
1802.7	2699	0
1802.7	2810	0
1802.8	2773	0
1802.8	2647	0
1802.8	2657	0
1802.8	2726	0
1802.8	2689	0
1802.8	2487	0
1802.8	704	0
1802.9	2783	0
1802.9	2771	0
1802.9	2911	0
1802.9	2767	0
1802.9	2796	0
1802.9	2734	0
1803.0	2792	0
1803.0	2798	0
1803.0	2852	0
1803.0	2663	0
