0
0
0
0
0
0
0
0
0
0
0
0
0
0
0
1
0
0
0
0
0
1
0
1
1
0
2
1
1
0
0
0
1
0
2
0
1
1
0
2
3
4
0
3
1
4
1
1
4
4
3
1
3
5
8
3
7
14
7
6
10
7
14
11
17
12
18
14
23
21
29
22
31
26
24
23
26
33
31
31
33
31
22
25
43
23
43
40
38
31
52
40
42
37
38
36
41
45
40
32
38
23
25
33
36
61
104
85
99
80
85
102
102
113
87
103
98
95
108
95
103
94
79
96
111
107
98
102
97
82
84
87
76
87
116
94
90
87
98
90
99
91
80
99
93
104
101
93
91
96
98
95
95
103
112
98
101
94
99
74
94
92
84
97
95
84
102
84
118
98
97
91
82
87
101
92
115
93
83
104
75
96
66
86
95
113
87
86
113
99
92
103
99
85
98
96
107
85
102
78
96
90
92
92
104
97
87
111
90
79
104
119
103
117
116
76
97
97
106
94
101
105
103
89
82
97
99
90
93
104
104
91
76
110
108
106
93
113
91
104
81
108
96
78
111
108
96
97
97
110
82
115
85
101
126
98
100
104
104
112
75
118
90
93
120
91
93
98
114
93
111
113
102
94
111
75
115
109
97
84
108
100
105
104
111
104
90
98
100
114
108
96
101
94
109
88
92
106
108
88
106
104
116
121
102
90
80
106
109
103
104
123
120
120
105
104
119
101
96
99
82
116
116
99
106
119
109
103
87
95
107
112
110
106
106
100
108
118
104
107
108
122
101
108
101
100
81
109
98
113
98
108
124
106
98
104
103
97
108
92
84
82
117
110
112
102
93
90
92
120
96
106
99
98
104
119
105
99
99
110
100
112
109
112
115
99
102
104
105
98
115
98
107
110
104
122
102
109
118
109
112
110
107
107
107
106
101
105
106
117
109
109
113
111
116
112
121
120
101
108
104
98
107
108
85
112
91
101
87
101
113
123
87
95
110
110
98
100
83
114
93
123
95
116
105
107
112
96
97
112
101
105
107
117
110
91
114
108
108
103
101
113
124
92
104
108
109
94
110
121
101
123
123
109
106
107
104
104
91
113
101
117
98
100
115
115
102
113
112
120
120
111
100
107
120
137
111
102
116
108
119
120
116
113
104
107
103
124
113
109
99
102
114
108
91
116
108
118
99
116
87
101
111
109
107
95
95
109
125
94
114
95
93
94
103
114
101
111
110
102
108
104
99
95
95
109
108
121
111
97
101
87
120
97
111
108
106
89
106
98
102
95
115
113
116
97
106
115
94
80
116
106
92
98
115
118
121
100
106
104
107
111
94
126
94
106
110
118
91
112
101
106
116
103
102
95
97
107
118
117
108
100
110
112
114
104
99
119
111
104
116
115
102
115
117
117
116
81
110
101
111
98
133
103
122
90
96
123
100
98
124
91
102
112
101
105
96
118
91
112
122
104
94
116
97
105
79
98
113
115
116
107
116
111
114
104
111
111
123
90
112
121
114
113
119
120
113
119
120
106
139
118
109
110
99
107
120
119
121
113
112
111
116
115
102
103
100
111
108
118
116
119
90
114
120
100
108
122
99
99
113
98
94
101
133
121
106
113
99
114
85
142
94
114
126
121
108
103
99
130
97
124
117
119
101
121
121
107
107
102
106
121
111
127
132
125
99
119
127
86
116
133
107
110
126
100
104
110
117
111
95
103
104
113
115
106
94
94
102
105
101
124
104
113
97
119
120
112
108
118
120
114
107
115
130
114
107
114
123
119
112
113
118
116
98
86
115
130
109
112
111
120
113
104
121
120
114
115
115
99
97
107
109
115
114
112
113
120
129
118
94
125
106
114
108
98
115
112
104
94
95
108
101
108
118
100
122
132
128
104
121
123
107
103
113
104
114
99
107
128
99
129
128
106
121
96
86
106
96
124
104
102
101
128
95
137
105
114
123
105
103
118
128
91
123
101
134
111
119
106
96
106
108
133
118
115
104
114
115
120
125
120
111
115
114
106
109
116
109
113
117
121
126
115
119
124
117
97
118
97
102
128
121
122
120
104
119
127
114
113
100
122
124
108
105
120
118
113
117
112
123
116
112
117
107
117
104
127
115
130
119
114
123
115
110
148
119
101
131
129
134
139
108
112
117
100
121
104
115
132
110
130
129
119
105
127
100
113
94
110
131
116
113
118
148
116
99
121
119
119
127
126
110
140
121
128
116
127
120
114
108
120
133
120
112
140
119
116
127
117
117
129
128
132
107
125
118
98
124
115
125
142
127
118
152
124
128
126
140
132
116
131
136
128
117
140
110
97
117
107
119
137
132
133
105
141
140
124
140
112
133
132
135
127
135
137
118
135
155
132
125
147
149
145
110
137
123
149
143
137
128
145
150
130
110
135
132
125
132
130
132
129
147
137
149
140
134
136
146
133
145
145
144
134
140
130
148
146
136
150
122
133
123
127
122
154
135
145
147
108
128
130
127
156
106
134
131
114
124
152
147
145
126
135
134
115
138
133
123
146
144
159
137
133
139
148
125
129
141
153
127
126
166
156
134
135
126
143
153
148
134
140
132
152
135
142
165
128
134
154
161
135
149
146
138
128
139
139
122
157
143
138
137
147
157
142
149
148
131
128
137
121
130
138
136
148
163
144
133
136
162
128
154
156
147
139
147
135
158
149
145
168
144
159
137
141
138
140
144
140
157
142
146
138
138
141
156
161
148
153
137
143
138
162
161
154
154
134
155
157
156
159
142
139
150
150
144
151
130
136
141
142
138
145
143
129
169
116
148
162
145
139
147
147
144
143
152
144
144
134
159
120
118
153
159
148
139
128
152
140
136
141
157
126
153
146
165
135
168
137
163
146
125
122
141
152
153
142
152
115
152
128
144
135
132
140
139
150
144
125
131
160
126
134
134
142
141
141
136
154
125
140
130
131
134
167
130
125
145
138
154
148
134
128
144
130
161
132
133
160
146
141
149
138
106
173
128
126
134
131
142
129
147
123
138
140
146
137
151
144
114
123
126
149
136
116
138
156
129
134
127
124
143
136
117
162
137
130
153
113
151
150
160
133
112
136
139
138
133
127
137
123
134
154
121
135
122
142
146
132
118
138
148
125
140
127
119
142
137
141
126
139
120
140
142
132
131
158
155
114
129
124
121
129
142
132
131
128
146
131
117
124
130
130
139
131
123
105
132
116
135
125
127
127
115
120
130
140
137
128
136
117
140
134
145
119
143
129
117
149
136
118
128
156
125
148
133
132
136
126
136
114
130
137
140
130
138
135
123
114
134
164
132
147
129
140
121
126
115
120
147
139
123
122
136
134
142
127
120
130
134
132
133
129
131
132
122
128
126
131
109
112
123
130
131
119
119
129
125
131
132
114
120
135
106
123
125
126
117
124
120
131
125
111
122
124
143
125
110
128
131
116
125
130
101
127
120
136
131
129
112
142
120
122
128
129
123
113
126
116
132
135
118
105
118
107
122
131
134
134
140
122
131
133
141
129
129
136
131
112
116
129
124
113
130
111
108
124
122
128
126
129
131
131
133
128
152
133
93
111
128
117
121
117
129
119
110
131
125
134
135
130
116
111
132
107
127
124
131
112
140
125
107
95
125
132
124
140
118
125
96
122
134
129
114
135
124
124
107
110
114
121
98
119
115
139
112
144
118
121
110
111
122
124
103
120
108
131
118
120
112
123
127
120
126
132
113
114
122
115
108
124
112
112
136
117
133
114
146
116
117
122
118
133
135
102
117
117
111
119
125
131
111
128
117
128
122
125
124
122
106
133
114
117
104
97
103
103
133
129
121
131
104
116
118
125
142
120
127
120
137
127
115
114
111
112
116
133
122
126
121
119
139
115
111
116
105
112
131
121
111
107
115
118
120
121
121
129
110
108
120
104
136
133
104
131
114
108
108
122
109
115
114
122
125
100
129
115
118
123
127
125
108
118
114
112
129
97
104
94
113
116
107
109
118
116
120
127
118
121
123
128
110
128
116
128
139
115
105
106
106
128
102
123
136
132
127
122
129
131
111
117
128
108
111
104
105
109
117
110
111
130
123
107
118
117
127
99
118
117
98
106
119
100
96
128
103
113
129
118
142
118
110
116
128
113
114
123
105
119
123
125
139
110
124
129
109
125
103
120
106
121
113
107
111
107
111
105
111
113
120
99
117
110
110
142
116
113
131
116
110
108
142
133
104
113
97
112
115
112
121
114
99
118
110
110
101
111
110
108
116
114
115
116
118
124
117
109
101
104
103
99
107
115
116
122
95
100
115
110
100
117
103
93
108
107
125
109
101
96
113
113
109
110
119
100
111
103
101
93
105
113
87
125
107
114
106
109
114
114
96
117
99
112
87
123
118
89
111
107
114
138
114
112
135
99
123
109
117
118
91
118
115
97
116
121
129
125
109
117
109
121
118
119
116
115
122
113
105
102
97
114
103
97
99
127
101
109
106
117
114
119
123
105
121
109
128
103
105
76
100
100
115
98
108
121
113
99
100
112
95
120
82
105
115
110
124
94
137
91
122
125
99
108
105
114
108
122
108
119
93
112
109
127
109
115
120
107
104
133
113
106
117
111
118
109
96
128
104
89
117
112
98
83
106
95
100
119
116
97
84
103
107
108
112
113
104
102
108
123
123
101
96
98
110
101
98
101
99
106
100
97
111
98
103
117
110
98
117
104
107
87
96
124
104
129
105
98
120
98
94
91
109
98
114
119
107
127
89
94
113
112
115
121
97
115
111
110
115
95
128
96
104
129
116
101
105
102
101
107
94
109
100
132
94
99
98
98
98
92
112
111
111
95
105
87
91
116
114
105
106
97
100
99
104
104
88
109
103
104
125
106
117
108
116
113
95
94
109
113
114
105
95
108
97
113
97
97
107
122
100
104
107
99
119
101
103
121
102
99
95
82
125
95
96
115
104
103
113
104
114
95
105
99
100
105
110
125
103
106
100
102
112
111
114
120
107
121
105
104
111
104
116
106
105
99
92
107
114
91
109
125
92
104
117
96
91
102
99
103
106
112
101
109
92
99
114
110
99
102
90
115
106
103
108
115
113
103
113
120
97
100
97
105
107
98
104
121
109
99
99
109
111
127
114
111
95
104
103
102
114
108
104
97
86
102
105
108
127
105
92
102
116
95
112
99
111
103
109
108
114
102
103
104
100
92
101
115
103
108
128
103
108
109
129
94
105
98
99
96
90
88
113
119
94
89
119
100
107
108
98
108
99
105
110
113
109
97
96
101
103
104
112
105
109
108
106
111
130
94
101
96
105
94
125
106
99
100
105
114
111
105
104
120
107
99
107
95
95
103
100
98
97
100
107
110
97
95
119
101
98
104
100
98
92
111
91
104
103
113
113
111
106
113
106
110
95
101
94
101
101
109
115
107
98
102
91
103
94
98
95
105
116
111
93
97
116
116
97
102
90
114
116
113
102
96
113
119
94
101
113
106
104
89
89
109
116
111
109
121
99
107
107
97
93
88
94
100
88
94
88
117
97
68
92
113
124
95
81
117
113
108
120
94
113
99
97
101
111
100
116
102
104
114
110
113
112
113
109
104
104
106
110
90
97
94
95
118
107
106
101
106
100
109
89
87
93
125
107
94
113
108
116
113
93
103
89
114
94
108
113
97
110
113
105
118
100
103
109
91
108
109
100
99
86
95
84
102
93
83
86
111
96
122
108
106
84
100
110
99
96
107
90
110
97
115
95
113
106
75
109
114
95
89
103
117
100
96
118
72
98
92
108
97
98
96
98
104
106
80
110
94
112
111
87
102
96
95
114
104
96
100
97
106
125
94
106
84
101
113
120
82
118
103
105
99
106
114
100
101
111
126
116
128
107
86
107
93
96
92
101
103
90
107
131
102
99
94
98
103
105
100
89
99
92
101
96
132
101
98
107
104
85
103
96
105
99
96
109
98
90
88
95
94
94
115
127
81
104
118
99
102
90
98
91
103
116
100
105
110
75
106
108
104
92
96
115
105
106
97
80
112
104
87
116
110
86
99
108
102
93
92
102
99
105
112
86
112
103
110
99
104
95
100
109
114
94
116
93
114
116
106
88
113
102
114
106
93
83
93
105
101
73
103
97
96
95
121
87
104
103
87
104
118
90
105
83
114
84
91
97
93
97
95
102
100
111
95
95
94
121
93
97
103
96
98
94
97
105
105
101
116
107
117
81
119
94
105
96
90
108
115
96
102
103
89
91
91
109
105
110
116
122
109
120
109
94
113
103
99
90
108
97
94
108
92
110
105
111
117
85
100
114
105
97
95
87
107
94
103
102
108
117
81
94
95
92
105
97
99
90
121
99
91
96
112
99
101
103
102
108
101
101
109
103
106
89
105
109
107
103
99
108
113
106
96
104
111
116
104
126
121
95
122
103
92
104
99
102
101
101
102
103
118
93
111
88
101
118
105
110
105
120
103
109
104
99
125
94
108
130
124
93
96
95
99
100
130
96
105
103
98
104
98
87
109
93
114
90
99
101
119
105
100
103
114
99
72
121
112
112
111
106
101
107
119
102
107
117
79
79
97
116
124
96
115
87
112
102
103
104
116
103
116
92
88
98
110
119
95
112
102
94
111
105
97
106
101
104
109
108
102
103
96
89
98
96
97
104
99
106
104
110
100
99
114
102
105
96
95
110
108
89
106
105
103
85
99
102
92
83
84
78
111
91
97
100
97
102
89
105
114
113
109
120
99
105
112
109
108
100
99
112
101
101
106
92
95
102
109
99
97
93
114
84
120
111
107
114
103
116
108
97
115
100
101
115
96
109
110
113
110
111
104
103
125
105
94
99
102
119
116
95
94
106
109
99
100
109
108
100
118
96
98
101
118
106
128
101
94
104
111
105
85
74
113
87
91
119
101
110
112
120
97
90
105
101
114
114
104
115
119
99
123
101
101
93
105
103
93
97
102
78
94
114
106
85
117
87
109
114
84
99
78
93
94
105
94
108
111
97
104
105
101
109
116
92
104
74
102
108
96
118
111
104
108
91
104
105
89
96
107
112
83
111
96
90
106
118
102
97
114
117
90
98
95
108
103
85
93
116
94
100
113
99
105
106
108
102
131
91
91
89
89
101
107
97
116
102
102
100
104
91
106
112
110
100
104
120
112
92
103
126
103
128
102
96
108
127
87
130
94
99
90
109
94
114
93
109
99
103
109
95
101
111
109
85
109
111
111
108
103
112
93
86
114
95
118
88
98
109
106
100
99
107
113
111
94
113
95
87
104
96
107
111
100
111
102
110
99
102
112
114
98
107
90
106
100
93
102
92
117
108
111
102
108
80
98
109
96
124
99
95
86
94
108
105
85
96
99
93
89
107
89
86
78
79
109
100
99
106
117
106
89
117
83
96
103
102
97
87
95
107
99
107
102
90
97
116
108
98
114
88
114
112
101
88
98
107
88
99
109
93
87
114
122
100
120
90
122
113
121
117
114
84
100
109
95
117
88
104
85
107
114
97
101
117
101
91
98
112
86
97
92
95
101
75
99
108
75
112
107
109
89
97
112
89
95
103
105
111
108
104
88
100
119
87
92
96
115
103
88
99
113
104
100
90
99
112
121
100
102
92
100
98
114
106
97
113
97
98
112
96
114
86
119
113
87
99
99
107
104
102
92
105
105
113
115
94
108
102
110
111
100
98
100
109
93
83
109
102
125
91
113
107
112
97
71
112
101
100
103
103
96
117
97
108
112
112
95
98
94
83
112
110
109
119
112
95
87
86
98
97
104
101
107
91
97
111
101
113
105
117
98
101
122
77
93
95
102
99
103
103
118
100
104
107
102
116
102
116
115
87
86
93
105
119
108
96
98
106
97
110
112
101
118
110
107
106
110
111
101
108
116
111
114
99
115
101
108
77
118
105
107
107
89
99
94
122
114
113
95
99
111
91
110
125
114
106
102
104
102
100
110
86
112
103
111
109
109
88
86
110
112
123
101
100
96
112
116
107
124
120
91
108
98
96
104
112
110
97
85
108
110
88
96
111
82
102
111
103
104
109
123
103
121
109
103
119
109
98
87
98
91
128
97
89
123
115
113
119
98
114
106
108
109
121
98
107
112
105
114
113
111
116
114
89
99
110
102
109
137
100
111
86
114
104
94
124
122
102
99
124
116
127
100
112
106
97
107
97
116
93
106
123
110
113
115
100
115
100
102
116
108
122
91
99
108
91
87
115
84
108
104
114
99
109
110
94
106
90
94
100
99
102
99
110
110
99
103
104
114
98
117
98
117
126
96
75
122
101
109
108
112
105
98
114
107
108
99
103
113
109
77
111
114
108
98
97
105
100
111
115
105
116
109
110
99
106
90
102
102
102
108
111
122
121
125
114
98
124
118
102
100
108
126
101
114
100
101
98
105
108
129
107
90
102
103
107
99
112
123
110
108
110
112
102
83
113
138
91
108
100
105
116
125
118
114
102
105
137
101
109
112
112
114
129
116
97
115
116
111
97
105
106
100
110
109
109
107
111
94
119
97
117
97
109
115
115
112
100
118
112
121
117
119
122
115
108
104
98
106
103
125
103
100
87
109
118
82
105
120
100
107
127
109
105
111
89
121
128
108
111
113
108
116
114
122
99
111
97
105
109
91
110
131
128
103
102
120
102
104
95
113
91
115
109
88
113
109
107
99
114
103
111
108
105
105
113
102
104
121
118
109
105
117
98
106
95
114
113
105
114
115
102
131
114
90
109
109
101
111
95
92
116
108
112
97
120
118
116
106
99
96
111
94
118
104
116
117
109
108
93
106
114
105
124
106
95
106
109
131
95
111
124
111
119
109
95
107
118
103
119
111
112
116
103
114
116
103
96
111
120
117
98
98
116
107
118
89
101
114
110
95
117
95
98
103
111
126
104
113
136
121
110
132
112
121
110
110
125
102
117
99
112
109
93
107
92
118
105
127
79
90
120
110
122
119
117
112
99
113
115
128
106
110
132
122
110
110
105
100
116
107
109
122
105
111
102
119
117
103
110
114
121
116
133
105
97
112
96
127
115
119
124
125
115
117
122
121
87
124
87
109
116
100
105
118
112
105
131
109
92
96
118
116
121
111
110
115
99
118
104
104
105
106
122
99
116
108
119
117
109
121
120
126
105
107
102
113
99
116
118
99
111
123
107
108
97
117
97
105
110
100
107
117
129
107
93
103
104
99
100
110
144
106
135
98
119
116
124
103
100
112
93
120
98
112
111
111
106
107
111
113
114
114
107
114
112
130
99
116
104
102
109
94
101
110
102
122
113
110
107
110
130
119
113
110
129
122
99
110
118
104
121
134
112
118
105
108
146
106
100
124
111
119
95
124
95
115
104
110
121
98
98
107
109
123
113
111
119
128
114
127
111
101
125
109
105
104
129
119
111
92
106
122
125
110
105
122
126
115
106
118
123
112
116
116
105
100
117
123
120
101
105
123
133
121
122
110
114
127
131
114
107
104
124
119
115
117
113
98
116
110
108
116
112
126
113
91
132
124
110
120
97
104
109
91
93
112
137
107
117
114
122
129
119
117
110
123
117
116
105
112
119
110
101
102
106
120
94
102
103
105
112
100
120
116
125
110
104
122
105
96
113
106
113
134
117
115
115
105
124
114
119
107
116
111
125
101
123
109
93
111
133
103
116
109
122
106
110
116
125
105
130
106
101
104
111
119
115
127
127
105
96
115
121
109
125
120
109
127
108
131
129
115
125
135
79
123
116
106
114
112
116
106
108
112
120
89
117
123
107
110
118
122
122
110
113
125
114
124
124
118
107
121
105
115
117
127
97
101
126
115
117
112
109
110
100
112
123
117
154
109
99
126
115
122
121
128
110
114
126
131
137
109
109
122
129
108
120
119
122
135
123
135
122
123
132
116
123
110
112
127
121
127
118
106
121
119
117
108
104
119
123
113
121
118
106
113
106
139
115
128
126
113
104
113
110
138
133
118
130
113
116
117
122
125
128
117
126
120
119
117
131
120
107
123
116
107
123
116
136
121
124
120
136
128
116
125
117
130
124
124
126
105
118
112
131
129
116
144
116
131
133
137
117
134
131
128
133
126
104
118
137
125
120
122
125
119
138
94
110
127
123
101
113
120
128
129
124
128
124
137
130
126
146
108
128
106
130
126
123
142
115
136
120
124
146
105
132
135
111
116
129
126
125
118
103
133
116
124
107
145
114
125
127
122
142
146
123
115
126
105
132
101
126
100
137
136
123
123
137
118
102
103
110
106
145
130
132
134
95
119
137
114
120
119
111
135
125
138
124
122
125
152
119
116
107
118
123
122
123
148
126
119
125
137
135
116
128
116
128
136
124
136
120
124
128
136
150
121
132
140
135
129
123
143
119
113
105
118
125
138
123
115
134
127
122
123
120
121
111
148
122
140
134
133
123
125
133
131
124
120
125
114
126
117
118
149
122
124
112
159
134
116
114
166
119
132
120
119
124
133
130
131
123
130
124
133
122
122
127
140
112
123
113
133
136
126
118
114
134
130
106
125
132
146
141
119
129
138
117
157
133
129
124
114
108
119
133
133
124
117
118
134
131
123
130
140
126
134
129
135
129
125
148
132
111
152
135
119
133
126
124
136
106
136
157
109
130
132
113
127
118
122
103
130
131
122
120
117
142
129
106
127
129
109
131
146
135
128
138
131
113
139
109
124
132
138
128
136
131
121
141
153
118
149
140
136
117
130
151
156
145
133
156
119
132
124
134
125
142
141
147
114
115
145
121
145
125
153
126
131
127
137
145
132
129
126
129
135
108
130
135
123
119
118
129
144
133
139
142
134
144
134
144
127
115
135
112
151
159
100
154
130
124
112
105
141
104
138
130
147
138
153
134
117
123
145
149
131
139
141
152
156
141
148
161
141
114
146
121
137
136
140
128
138
150
122
149
126
132
147
119
119
135
151
146
137
139
134
116
136
154
126
149
135
146
147
128
129
135
145
119
127
121
130
138
125
119
144
137
127
137
140
158
112
137
140
122
140
122
142
139
126
135
137
106
141
125
129
122
130
125
151
127
130
127
129
109
151
154
138
151
107
130
136
134
146
140
154
143
139
121
119
141
117
144
114
119
138
146
138
141
151
137
130
140
142
150
131
129
121
147
128
125
136
135
139
134
139
128
138
139
138
135
118
121
129
118
138
136
129
130
121
132
142
163
123
120
131
116
134
132
116
130
124
142
131
114
144
142
139
126
159
100
130
137
151
141
138
132
108
112
131
127
128
153
145
130
132
114
126
132
142
112
125
136
140
148
125
139
137
127
162
123
130
131
144
154
166
132
122
116
127
119
138
138
132
127
132
124
154
166
130
128
144
150
126
143
116
119
122
132
134
127
132
113
140
134
131
154
132
127
155
136
127
140
135
137
124
118
136
150
131
135
120
145
144
136
152
137
113
151
112
137
124
128
129
136
129
144
129
133
131
127
141
120
113
135
130
126
133
130
124
124
121
133
123
138
128
137
143
123
130
130
132
105
132
134
130
127
127
154
119
134
130
140
112
114
133
115
119
146
127
115
113
130
119
113
123
141
128
108
119
131
144
105
133
117
129
113
131
119
106
129
110
113
112
150
107
117
117
103
115
131
150
138
119
128
137
129
104
129
129
127
120
129
107
119
114
112
141
131
104
116
115
98
132
133
120
117
124
107
111
127
133
128
114
126
119
129
132
119
131
119
109
113
111
111
111
106
116
108
116
109
99
121
123
135
96
126
123
129
128
120
133
118
130
133
130
140
116
122
106
110
116
132
116
122
117
121
112
111
106
133
121
114
140
106
120
113
108
118
154
127
120
122
113
109
123
107
137
110
117
119
137
110
125
125
115
100
128
104
96
119
109
114
108
119
106
112
111
101
123
92
116
111
99
110
111
94
108
115
109
104
108
100
98
109
111
98
112
91
104
122
98
125
117
98
112
103
115
87
111
92
115
105
110
106
110
113
103
111
112
110
104
105
106
105
102
99
111
107
119
112
97
97
111
113
112
107
113
104
95
102
101
124
116
106
101
96
97
108
105
100
100
88
99
86
110
129
113
101
101
90
92
110
100
108
90
88
102
86
93
98
90
89
115
103
104
103
101
89
96
111
106
89
99
98
118
105
86
86
99
95
83
96
97
93
98
96
110
110
94
100
118
111
89
106
93
91
102
96
99
89
107
108
107
91
91
95
107
87
112
96
110
110
105
90
100
106
99
100
97
77
97
99
87
91
95
90
99
95
95
96
93
90
122
85
92
91
84
103
103
82
101
90
98
81
103
101
91
99
89
103
105
95
103
114
109
84
94
82
86
97
89
102
86
100
123
91
96
102
76
102
99
107
100
96
104
98
97
96
99
94
91
105
87
83
106
105
99
86
88
79
91
86
97
82
88
103
95
79
92
110
100
84
84
82
97
85
85
93
98
89
110
93
78
88
88
94
85
83
91
99
98
116
67
93
85
79
85
97
78
82
77
100
90
83
96
82
71
85
94
85
94
99
96
103
88
74
109
112
85
94
92
93
102
106
89
82
90
96
86
75
105
91
72
83
83
103
84
93
86
91
80
83
94
84
66
94
76
95
93
93
98
90
83
74
87
84
98
99
89
96
98
88
81
92
85
103
88
81
95
89
89
100
81
86
81
86
86
98
92
81
93
89
80
90
91
88
91
88
77
94
97
80
67
89
78
94
84
93
83
92
97
92
88
80
91
98
80
91
73
82
96
86
91
92
104
87
87
88
95
88
82
99
96
79
76
86
93
88
108
80
67
98
95
105
76
89
85
84
92
90
101
85
99
73
80
103
87
78
68
104
78
98
82
72
82
84
78
103
80
101
85
68
91
97
84
80
84
87
99
86
86
86
103
86
90
93
93
103
83
77
88
91
93
76
70
90
94
89
75
91
80
63
98
85
76
86
98
86
80
72
97
70
85
72
89
82
87
89
81
87
66
94
93
94
84
83
74
76
85
73
91
68
87
92
84
92
94
100
87
89
89
90
78
90
96
88
70
93
82
84
107
93
93
84
82
74
75
102
67
97
87
91
84
70
86
74
87
91
99
85
95
83
74
77
78
70
99
83
76
88
82
90
85
99
75
63
80
88
69
77
81
83
90
70
79
109
79
77
83
84
78
72
78
81
84
82
78
85
93
81
82
81
77
73
83
80
86
65
71
77
88
74
78
80
95
75
80
78
94
82
81
91
81
90
77
98
72
87
80
80
81
93
74
72
87
87
83
70
76
94
73
77
90
81
83
79
81
56
87
91
96
65
80
98
92
81
75
79
78
80
74
79
77
72
81
62
93
81
66
85
74
64
67
92
59
67
75
78
73
85
77
89
75
75
74
77
88
85
64
76
80
85
77
76
85
63
85
85
68
84
80
87
91
81
68
91
82
76
96
83
75
76
91
88
82
65
66
74
69
84
79
73
88
77
64
73
77
76
54
79
65
73
71
71
85
77
71
77
64
82
83
63
83
83
76
66
74
64
79
88
65
70
79
69
71
66
66
61
75
77
58
69
67
48
79
90
70
70
81
69
85
81
80
79
76
73
65
72
64
77
70
77
66
79
62
81
61
76
74
58
77
65
73
94
87
65
67
65
75
76
70
87
75
63
80
65
69
85
68
82
69
76
77
69
87
69
66
66
75
60
72
67
67
65
67
72
67
70
68
69
70
62
70
72
57
67
78
79
79
76
73
64
80
69
61
63
74
69
81
61
83
72
78
81
68
66
84
81
77
52
81
62
77
71
72
68
66
72
78
79
72
68
71
74
60
67
56
80
83
62
87
67
75
66
58
57
79
77
75
76
92
68
58
75
73
73
84
76
70
83
78
65
79
70
80
74
58
71
80
82
72
81
84
73
96
88
95
77
81
70
76
74
83
82
82
90
73
68
60
83
71
82
89
80
82
73
88
77
82
93
71
80
74
94
87
70
76
86
95
69
75
91
89
96
91
80
83
82
77
90
86
95
94
100
85
98
89
76
90
89
75
104
83
104
96
83
109
90
91
101
85
100
105
113
97
85
98
93
93
69
102
106
87
111
104
101
100
109
99
93
89
110
119
94
104
102
110
109
97
127
100
109
129
117
107
116
108
113
118
108
119
111
121
118
125
126
124
137
108
115
107
130
123
116
135
116
104
136
129
113
157
131
115
122
135
132
123
159
152
141
135
127
143
120
154
136
152
124
170
159
141
149
134
141
158
163
118
143
147
145
149
156
141
148
159
142
150
171
148
176
152
127
171
178
180
170
166
159
168
180
170
177
166
187
165
172
151
170
164
176
187
184
191
180
181
174
188
186
195
201
175
191
187
160
186
195
186
193
168
194
198
187
182
221
196
197
185
174
210
213
206
207
210
206
203
216
204
206
224
213
219
209
196
219
219
227
222
215
232
215
235
252
225
226
227
220
212
206
247
227
218
226
213
216
225
234
217
240
235
217
263
237
250
247
300
240
254
250
263
259
254
235
247
226
252
256
234
243
270
259
250
275
255
299
256
258
293
291
296
250
232
289
260
283
283
262
289
265
237
278
288
248
263
280
295
265
273
257
281
285
247
285
264
310
340
282
280
278
282
270
295
298
289
310
281
290
273
293
318
286
287
310
324
295
320
301
303
289
313
269
331
312
315
291
314
318
313
304
282
315
339
325
259
307
319
331
314
334
320
258
348
297
325
335
318
332
295
327
335
308
327
320
333
339
324
320
321
325
309
297
346
351
339
311
319
318
330
298
308
368
314
341
301
295
342
319
332
312
351
334
322
319
319
331
299
341
314
361
324
318
305
318
353
335
308
313
325
314
349
327
348
302
307
318
301
324
306
295
308
338
327
309
298
325
278
305
330
323
314
316
301
316
313
284
316
319
317
332
300
325
320
301
269
322
272
326
296
325
316
279
288
272
307
282
342
259
299
301
271
297
293
266
294
295
306
270
290
287
288
273
257
278
252
276
293
269
252
257
259
285
245
260
249
239
302
248
278
259
255
266
293
257
254
268
246
289
269
254
242
241
252
278
253
231
232
251
235
245
237
243
252
263
255
277
231
247
245
253
238
248
228
235
216
237
259
221
220
213
242
216
247
246
221
230
217
214
192
203
215
199
197
214
212
220
183
212
207
194
210
199
187
209
176
183
166
182
180
172
183
191
183
176
177
194
165
170
167
162
194
166
174
154
179
157
146
138
176
152
144
132
153
154
137
165
147
165
137
155
155
146
142
165
129
151
144
123
141
142
131
135
135
139
117
127
125
148
115
123
140
128
115
119
124
131
105
116
128
112
96
101
116
126
88
109
122
103
110
112
114
94
99
107
98
99
88
100
83
83
78
97
96
97
87
87
83
94
92
89
90
81
85
100
84
86
98
82
68
87
70
79
83
66
71
96
84
89
79
73
80
81
71
67
54
81
91
60
64
66
64
68
53
63
64
62
54
81
61
60
63
72
73
56
63
49
47
68
39
51
60
60
60
49
54
53
58
63
42
52
59
54
57
46
59
48
41
46
47
41
60
47
57
63
49
37
42
53
44
49
37
44
38
67
54
47
45
38
33
33
37
40
33
39
39
43
42
33
28
35
46
34
37
46
41
34
42
50
38
31
33
41
22
38
42
40
31
40
34
32
29
27
37
30
32
35
41
30
27
44
35
23
29
29
41
30
30
39
26
38
32
35
30
28
35
45
29
28
31
23
29
38
34
28
27
35
37
33
34
32
36
38
31
34
33
34
31
43
39
34
40
24
29
32
32
35
33
36
37
35
33
29
36
41
37
31
41
30
43
33
44
44
39
37
30
39
36
45
36
40
35
30
42
39
35
41
39
37
47
40
41
48
46
36
47
46
37
36
43
46
42
37
33
53
45
48
44
48
52
36
51
53
39
46
45
40
54
35
45
54
55
66
60
39
59
43
48
47
37
66
47
49
68
66
54
62
61
54
67
63
55
64
55
64
57
69
74
65
66
67
59
58
50
68
71
61
52
64
69
54
65
74
66
55
67
72
70
64
74
61
76
65
76
71
73
80
64
69
73
70
70
74
86
76
87
76
68
75
87
70
72
66
95
78
78
83
91
94
91
95
84
84
103
103
87
97
71
85
97
98
97
90
107
99
88
109
110
97
73
89
110
100
103
93
111
104
111
113
101
93
119
109
107
119
110
127
106
116
122
126
112
92
126
118
107
137
139
105
121
105
138
105
127
137
116
130
118
136
130
133
129
124
142
126
141
132
130
121
141
122
136
141
138
129
154
181
152
152
131
136
142
142
155
143
151
153
137
142
157
149
153
175
148
170
134
159
155
181
170
164
159
173
169
156
142
190
171
170
182
169
174
171
168
176
165
165
191
171
162
186
177
154
187
155
174
180
179
184
172
184
177
204
163
181
181
198
199
177
193
195
209
210
189
184
189
209
170
204
207
194
221
200
201
171
194
176
242
214
207
203
229
215
226
197
234
244
193
202
221
236
249
198
204
233
219
236
228
247
252
211
209
217
224
201
235
221
244
219
242
261
233
252
246
237
258
243
254
223
239
232
249
255
257
240
252
251
231
241
235
266
238
259
251
235
259
256
228
271
235
273
242
250
262
234
258
233
280
273
260
262
271
244
249
275
274
268
238
263
269
291
275
302
290
293
284
270
255
267
263
270
282
259
248
297
257
245
270
298
288
287
258
259
277
274
300
273
278
261
303
293
265
269
264
253
286
277
270
248
263
285
279
241
290
279
273
250
252
282
292
250
270
248
245
258
266
264
265
281
247
281
286
273
287
253
275
273
278
245
280
281
285
281
264
262
272
283
295
277
269
244
281
275
272
279
250
272
288
245
279
258
247
239
257
254
310
241
277
239
234
258
247
227
233
275
262
241
239
267
240
267
257
246
242
215
214
219
256
215
222
216
239
214
238
249
278
236
241
235
253
223
251
230
244
246
222
223
232
231
236
211
220
253
195
245
232
240
226
248
245
232
192
228
203
224
218
183
215
214
210
218
204
203
229
187
233
219
220
209
233
180
199
191
200
194
212
174
220
198
204
203
184
196
163
163
216
178
172
194
166
179
173
188
186
167
161
180
193
168
140
150
171
155
170
154
158
138
182
168
165
159
156
152
158
168
159
158
161
155
167
155
142
137
146
147
148
130
138
141
145
109
150
128
138
155
129
139
141
148
119
121
127
146
129
129
132
115
145
118
120
124
129
114
102
120
110
120
113
126
114
121
108
105
96
115
99
104
107
111
107
110
110
100
89
93
86
97
94
80
101
106
82
94
102
97
106
76
88
89
97
107
85
84
99
74
101
89
90
75
76
88
80
82
80
77
74
84
77
63
61
71
59
69
85
80
72
64
78
75
56
67
64
63
72
68
52
74
62
71
57
59
58
65
65
69
43
55
56
46
56
66
53
45
64
64
36
45
44
44
65
52
58
39
46
44
44
46
33
47
46
31
36
42
40
59
47
30
40
52
38
51
25
42
44
43
46
34
21
42
25
34
36
36
35
38
28
35
26
30
34
33
30
28
33
30
26
24
29
20
37
26
31
32
29
25
21
26
26
25
31
35
28
23
24
30
15
31
18
28
25
26
28
21
24
18
19
14
23
32
16
20
25
21
20
20
12
15
22
21
17
17
20
14
15
14
16
19
16
17
21
23
19
14
23
26
14
16
19
16
9
13
7
14
15
17
14
19
22
16
19
16
6
14
12
15
16
16
20
10
23
12
11
13
11
13
13
17
9
11
16
15
11
6
12
8
9
7
9
8
12
12
14
9
11
11
9
9
13
14
10
9
8
7
13
10
13
14
4
14
9
9
11
7
9
14
8
7
6
7
10
8
12
9
8
8
8
8
5
11
14
7
6
11
8
8
9
13
7
10
8
6
9
9
13
7
6
6
6
9
8
6
9
9
6
4
6
6
12
6
8
6
4
8
7
6
7
6
3
4
5
5
9
4
4
7
7
9
5
8
5
5
5
6
8
7
5
4
10
6
6
7
9
6
7
10
2
6
6
4
7
9
5
8
10
9
10
7
7
6
5
5
12
5
7
6
8
6
8
11
6
7
8
2
4
6
6
8
9
3
8
9
8
8
11
8
2
7
9
3
8
7
7
10
3
8
9
5
9
6
11
4
10
5
6
3
6
4
5
7
6
5
9
8
10
4
7
5
4
7
6
8
1
6
3
6
2
9
5
6
8
4
10
4
4
7
4
4
4
8
3
10
9
7
5
4
5
7
6
3
7
4
9
4
5
14
7
5
7
5
2
4
5
7
4
3
2
8
4
10
2
9
4
5
4
3
7
13
6
8
6
121
100
118
119
108
106
118
139
102
105
125
109
110
116
118
122
112
124
108
126
123
101
111
123
111
104
116
112
127
111
116
106
119
125
106
119
120
119
133
112
104
100
121
109
111
108
111
112
110
128
112
126
130
130
125
89
118
115
105
98
122
98
114
115
124
125
109
113
115
100
115
119
120
94
121
103
107
121
96
115
92
120
116
127
106
111
103
124
112
107
116
89
118
88
104
99
120
112
116
116
99
142
96
101
101
116
105
99
105
110
103
114
108
112
102
111
97
97
109
106
105
116
105
117
113
117
110
49
