1997.8	0.257006835938 0.0
1998.0	0.595385742187 0.0
1998.1	0.124072265625 0.0
1998.1	0.261840820312 0.0
1998.1	0.141796875 0.0
1998.2	0.207055664062 0.0
1998.2	0.1869140625 0.0
1998.5	0.26748046875 0.0
1998.5	0.313403320312 0.0
1998.5	0.309375 0.0
1998.6	0.356909179687 0.0
1998.6	0.181274414062 0.0
1998.7	0.613916015625 0.0
1998.7	0.194970703125 0.0
1998.7	0.171606445312 0.0
1998.7	0.530126953125 0.0
1998.8	0.243310546875 0.0
1998.9	0.13857421875 0.0
1998.9	0.4318359375 0.0
1998.9	0.15146484375 0.0
1999.0	1.72895507812 0.0
1999.0	0.3931640625 0.0
1999.0	1.80388183594 0.0
1999.1	0.252172851562 0.0
1999.2	0.39638671875 0.0
1999.2	0.220751953125 0.0
1999.2	0.256201171875 0.0
1999.3	0.478564453125 0.0
1999.3	0.255395507812 0.0
1999.4	0.226391601562 0.0
1999.4	0.329516601562 0.0
1999.4	0.23203125 0.0
1999.5	0.172412109375 0.0
1999.5	1.21574707031 0.0
1999.6	0.485815429687 0.0
1999.6	0.167578125 0.0
1999.6	0.3158203125 0.0
1999.6	0.240893554687 0.0
1999.8	0.21591796875 0.0
1999.8	0.738793945312 0.0
1999.8	0.213500976562 0.0
1999.9	0.12890625 0.0
1999.9	0.28359375 0.0
1999.9	0.1611328125 0.0
1999.9	0.198193359375 0.0
2000.0	0.29970703125 0.0
2000.1	0.322265625 0.0
2000.1	0.252172851562 0.0
2000.2	0.37705078125 0.0
2000.2	0.414111328125 0.0
2000.2	0.434252929687 0.0
2000.3	0.158715820312 0.0
2000.3	0.239282226562 0.0
2000.3	0.359326171875 0.0
2000.3	0.298095703125 0.0
2000.4	0.268286132812 0.0
2000.5	0.479370117188 0.0
2000.6	0.262646484375 0.0
2000.6	0.2578125 0.0
2000.7	0.248950195312 0.0
2000.7	1.54284667969 0.0
2000.7	0.559936523438 0.0
2000.8	0.356103515625 0.0
2000.9	0.3609375 0.0
2000.9	0.194970703125 0.0
2001.0	1.44777832031 0.0
2001.0	0.497900390625 0.0
2001.0	0.26748046875 0.0
2001.0	0.81533203125 0.0
2001.1	0.3029296875 0.0
2001.1	0.20302734375 0.0
2001.1	0.33837890625 0.0
2001.2	0.41572265625 0.0
2001.2	0.275537109375 0.0
2001.2	0.317431640625 0.0
2001.2	0.33837890625 0.0
2001.3	0.736376953125 0.0
2001.3	0.24169921875 0.0
2001.3	0.223974609375 0.0
2001.4	0.401220703125 0.0
2001.4	1.27456054687 0.0
2001.4	1.04897460937 0.0
2001.5	0.399609375 0.0
2001.6	0.316625976562 0.0
2001.7	0.3158203125 0.0
2001.8	0.61552734375 0.0
2001.8	0.213500976562 0.0
2001.9	0.139379882812 0.0
2001.9	0.208666992187 0.0
2002.1	0.3158203125 0.0
2002.1	0.369799804687 0.0
2002.2	0.258618164062 0.0
2002.2	0.296484375 0.0
2002.3	0.20302734375 0.0
2002.3	0.255395507812 0.0
2002.6	0.434252929687 0.0
2002.7	0.329516601562 0.0
2002.7	0.26748046875 0.0
2002.7	0.423779296875 0.0
2002.7	0.18046875 0.0
2002.8	0.34482421875 0.0
2002.8	0.273120117188 0.0
2002.8	0.377856445312 0.0
2002.8	0.3609375 0.0
2003.0	0.217529296875 0.0
2003.1	0.442309570312 0.0
2003.1	0.508374023437 0.0
2003.1	0.252978515625 0.0
2003.1	0.443115234375 0.0
2003.2	0.28359375 0.0
2003.2	0.153076171875 0.0
2003.2	0.13857421875 0.0
2003.3	0.20625 0.0
2003.4	0.19013671875 0.0
2003.5	0.072509765625 0.0
2003.5	0.29326171875 0.0
2003.5	0.15146484375 0.0
2003.6	0.323071289062 0.0
2003.6	0.191748046875 0.0
2003.7	0.249755859375 0.0
2004.0	0.65419921875 0.0
2004.1	0.316625976562 0.0
2004.2	0.313403320312 0.0
2004.2	0.198193359375 0.0
2004.3	0.587329101562 0.0
2004.4	0.381079101562 0.0
2004.5	0.397192382812 0.0
2004.5	0.252172851562 0.0
2004.6	0.0878173828125 0.0
2004.6	0.140185546875 0.0
2004.6	0.3158203125 0.0
2004.6	0.900732421875 0.0
2004.7	0.2578125 0.0
2004.7	0.2513671875 0.0
2004.7	0.18046875 0.0
2004.7	0.674340820312 0.0
2004.7	0.30615234375 0.0
2004.8	0.226391601562 0.0
2004.9	0.39638671875 0.0
2004.9	0.322265625 0.0
2005.0	0.33515625 0.0
2005.0	0.294873046875 0.0
2005.0	0.343212890625 0.0
2005.1	0.867700195312 0.0
2005.1	0.226391601562 0.0
2005.2	0.434252929687 0.0
2005.2	0.28359375 0.0
2005.2	0.178857421875 0.0
2005.4	0.401220703125 0.0
2005.4	0.31259765625 0.0
2005.5	0.655810546875 0.0
2005.6	0.1546875 0.0
2005.7	0.256201171875 0.0
2005.7	0.38349609375 0.0
2005.7	0.18046875 0.0
2005.8	0.601831054687 0.0
2005.8	0.178051757812 0.0
2005.9	0.20625 0.0
2005.9	0.184497070312 0.0
2006.0	0.1353515625 0.0
2006.0	0.161938476562 0.0
2006.0	0.304541015625 0.0
2006.1	0.1998046875 0.0
2006.1	0.175634765625 0.0
2006.1	0.29326171875 0.0
2006.2	0.58330078125 0.0
2006.2	0.926513671875 0.0
2006.2	0.738793945312 0.0
2006.2	0.194165039062 0.0
2006.3	0.535766601562 0.0
2006.3	0.9474609375 0.0
2006.3	0.134545898438 0.0
2006.3	0.226391601562 0.0
2006.4	0.20625 0.0
2006.5	0.298095703125 0.0
2006.5	0.116821289062 0.0
2006.5	0.21591796875 0.0
2006.5	0.200610351562 0.0
2006.6	0.14501953125 0.0
2006.7	0.219140625 0.0
2006.7	0.197387695312 0.0
2006.7	0.52529296875 0.0
2006.7	0.248950195312 0.0
2006.8	0.219140625 0.0
2006.9	1.02319335938 0.0
2006.9	0.2771484375 0.0
2006.9	0.326293945312 0.0
2006.9	0.345629882812 0.0
2007.1	0.304541015625 0.0
2007.1	0.161938476562 0.0
2007.2	0.29970703125 0.0
2007.2	0.233642578125 0.0
2007.2	0.18369140625 0.0
2007.2	0.175634765625 0.0
2007.3	0.455200195312 0.0
2007.3	0.571215820312 0.0
2007.3	0.343212890625 0.0
2007.3	0.3673828125 0.0
2007.3	2.25021972656 0.0
2007.3	0.216723632812 0.0
2007.4	0.352880859375 0.0
2007.4	0.365771484375 0.0
2007.4	0.342407226562 0.0
2007.4	1.04816894531 0.0
2007.4	0.1869140625 0.0
2007.5	0.23203125 0.0
2007.5	0.765380859375 0.0
2007.5	0.1095703125 0.0
2007.6	0.372216796875 0.0
2007.6	0.217529296875 0.0
2007.6	0.29970703125 0.0
2007.7	0.255395507812 0.0
2007.7	0.219946289062 0.0
2007.8	0.22880859375 0.0
2007.8	0.26748046875 0.0
2007.8	0.14501953125 0.0
2007.8	0.240893554687 0.0
2008.0	0.3544921875 0.0
2008.1	0.359326171875 0.0
2008.2	0.223974609375 0.0
2008.2	0.304541015625 0.0
2008.2	0.48662109375 0.0
2008.3	0.49951171875 0.0
2008.4	0.266674804687 0.0
2008.4	0.275537109375 0.0
2008.5	0.6767578125 0.0
2008.5	0.327099609375 0.0
2008.5	0.252172851562 0.0
2008.6	0.20625 0.0
2008.6	0.255395507812 0.0
2008.6	0.845141601562 0.0
2008.6	0.329516601562 0.0
2008.7	0.291650390625 0.0
2008.7	0.348852539062 0.0
2008.8	0.22236328125 0.0
2008.8	0.2900390625 0.0
2008.9	0.219140625 0.0
2008.9	0.2642578125 0.0
2008.9	0.24814453125 0.0
2008.9	0.898315429688 0.0
2008.9	0.33193359375 0.0
2009.0	0.18046875 0.0
2009.0	0.227197265625 0.0
2009.2	0.29326171875 0.0
2009.2	0.515625 0.0
2009.3	0.2126953125 0.0
2009.3	0.26748046875 0.0
2009.3	0.1869140625 0.0
2009.3	0.211083984375 0.0
2009.3	0.211889648437 0.0
2009.3	0.1224609375 0.0
2009.4	0.932958984375 0.0
2009.4	0.24169921875 0.0
2009.4	0.335961914062 0.0
2009.5	0.320654296875 0.0
2009.5	0.26748046875 0.0
2009.6	0.252172851562 0.0
2009.7	0.24814453125 0.0
2009.7	0.43505859375 0.0
2009.8	0.259423828125 0.0
2009.8	0.46083984375 0.0
2009.8	0.28681640625 0.0
2009.9	0.159521484375 0.0
2009.9	0.18369140625 0.0
2009.9	0.229614257812 0.0
2009.9	0.320654296875 0.0
2009.9	0.5671875 0.0
2010.0	0.265063476563 0.0
2010.1	0.372216796875 0.0
2010.1	0.2384765625 0.0
2010.1	0.695288085937 0.0
2010.1	0.217529296875 0.0
2010.2	0.526098632813 0.0
2010.2	0.340795898437 0.0
2010.3	0.200610351562 0.0
2010.3	0.141796875 0.0
2010.3	1.66450195312 0.0
2010.3	0.305346679688 0.0
2010.4	0.229614257812 0.0
2010.5	0.1546875 0.0
2010.5	0.41572265625 0.0
2010.6	0.636474609375 0.0
2010.6	0.191748046875 0.0
2010.6	0.369799804687 0.0
2010.6	0.19658203125 0.0
2010.7	0.191748046875 0.0
2010.7	0.359326171875 0.0
2010.7	0.300512695312 0.0
2010.8	0.223974609375 0.0
2010.8	0.269091796875 0.0
2010.9	0.15146484375 0.0
2011.0	0.62841796875 0.0
2011.0	0.204638671875 0.0
2011.1	0.743627929687 0.0
2011.1	0.136962890625 0.0
2011.2	0.74765625 0.0
2011.3	0.228002929687 0.0
2011.3	0.36416015625 0.0
2011.3	0.410888671875 0.0
2011.3	1.31484375 0.0
2011.3	0.290844726562 0.0
2011.3	0.223168945312 0.0
2011.3	0.272314453125 0.0
2011.4	0.1869140625 0.0
2011.5	0.349658203125 0.0
2011.5	0.2578125 0.0
2011.6	0.432641601562 0.0
2011.6	0.156298828125 0.0
2011.7	0.349658203125 0.0
2011.7	0.8443359375 0.0
2011.7	0.117626953125 0.0
2011.8	0.15146484375 0.0
2012.0	0.482592773437 0.0
2012.0	0.381079101562 0.0
2012.1	0.631640625 0.0
2012.1	0.19013671875 0.0
2012.2	0.296484375 0.0
2012.2	0.485009765625 0.0
2012.2	0.31259765625 0.0
2012.3	0.181274414062 0.0
2012.3	0.295678710937 0.0
2012.4	0.214306640625 0.0
2012.4	0.40283203125 0.0
2012.5	0.534155273438 0.0
2012.5	0.591357421875 0.0
2012.6	0.234448242187 0.0
2012.8	0.15791015625 0.0
2012.8	0.433447265625 0.0
2012.8	0.161938476562 0.0
2012.9	0.320654296875 0.0
2012.9	0.201416015625 0.0
2012.9	0.171606445312 0.0
2013.0	0.179663085937 0.0
2013.1	0.580883789062 0.0
2013.2	0.120849609375 0.0
2013.2	0.407666015625 0.0
2013.2	0.425390625 0.0
2013.3	0.09345703125 0.0
2013.3	0.174829101562 0.0
2013.4	0.23203125 0.0
2013.5	0.244921875 0.0
2013.5	0.217529296875 0.0
2013.5	0.149853515625 0.0
2013.5	0.169189453125 0.0
2013.6	0.33515625 0.0
2013.6	0.3673828125 0.0
2013.7	0.35771484375 0.0
2013.7	0.291650390625 0.0
2013.7	0.256201171875 0.0
2013.7	0.214306640625 0.0
2013.8	2.01013183594 0.0
2013.8	0.162744140625 0.0
2013.8	0.243310546875 0.0
2013.8	0.350463867188 0.0
2013.8	0.356103515625 0.0
2013.9	0.226391601562 0.0
2013.9	0.4125 0.0
2014.0	0.259423828125 0.0
2014.0	0.150659179688 0.0
2014.0	0.399609375 0.0
2014.0	0.561547851562 0.0
2014.1	0.361743164062 0.0
2014.2	1.23347167969 0.0
2014.2	0.12890625 0.0
2014.3	0.204638671875 0.0
2014.3	0.27392578125 0.0
2014.3	0.410888671875 0.0
2014.4	0.809692382812 0.0
2014.4	0.20947265625 0.0
2014.4	0.372216796875 0.0
2014.4	0.145825195312 0.0
2014.5	0.5994140625 0.0
2014.5	0.478564453125 0.0
2014.6	0.242504882812 0.0
2014.6	0.701733398437 0.0
2014.6	0.300512695312 0.0
2014.6	0.334350585938 0.0
2014.7	1.16901855469 0.0
2014.8	0.319848632812 0.0
2014.8	0.134545898438 0.0
2014.8	0.27392578125 0.0
2014.8	0.217529296875 0.0
2014.9	0.149047851562 0.0
2014.9	0.349658203125 0.0
2015.0	2.32917480469 0.0
2015.0	0.165966796875 0.0
2015.1	0.188525390625 0.0
2015.1	0.26103515625 0.0
2015.2	0.15791015625 0.0
2015.2	0.4640625 0.0
2015.2	0.26103515625 0.0
2015.2	0.5671875 0.0
2015.2	0.340795898437 0.0
2015.3	0.3544921875 0.0
2015.5	0.20947265625 0.0
2016.0	0.243310546875 0.0
2016.1	0.214306640625 0.0
2016.2	0.184497070312 0.0
2016.2	0.178051757812 0.0
2016.2	0.127294921875 0.0
2016.2	0.346435546875 0.0
2016.3	0.3609375 0.0
2016.3	0.394775390625 0.0
2016.3	0.604248046875 0.0
2016.4	0.727514648437 0.0
2016.4	0.178857421875 0.0
2016.4	0.115209960937 0.0
2016.5	0.2126953125 0.0
2016.5	2.31950683594 0.0
2016.5	0.165966796875 0.0
2016.7	0.162744140625 0.0
2016.7	0.67998046875 0.0
2016.8	0.515625 0.0
2016.8	0.207861328125 0.0
2016.8	0.165161132812 0.0
2016.9	0.245727539062 0.0
2016.9	0.211083984375 0.0
2016.9	0.114404296875 0.0
2016.9	0.28037109375 0.0
2017.0	0.721875 0.0
2017.0	0.1869140625 0.0
2017.2	0.20302734375 0.0
2017.2	0.202221679687 0.0
2017.2	0.3287109375 0.0
2017.3	0.294067382812 0.0
2017.4	0.594580078125 0.0
2017.4	0.228002929687 0.0
2017.5	0.175634765625 0.0
2017.5	0.34482421875 0.0
2017.5	0.3029296875 0.0
2017.5	0.16435546875 0.0
2017.7	0.594580078125 0.0
2017.8	0.0966796875 0.0
2017.8	0.393969726562 0.0
2017.8	0.228002929687 0.0
2017.8	0.861254882812 0.0
2017.8	0.2384765625 0.0
2017.8	0.443115234375 0.0
2018.0	0.2513671875 0.0
2018.0	0.268286132812 0.0
2018.1	0.29970703125 0.0
2018.2	0.323071289062 0.0
2018.2	0.829028320312 0.0
2018.2	0.178051757812 0.0
2018.3	0.38994140625 0.0
2018.3	0.874951171875 0.0
2018.3	0.399609375 0.0
2018.4	0.29970703125 0.0
2018.4	0.382690429688 0.0
2018.4	0.495483398438 0.0
2018.5	0.236865234375 0.0
2018.5	0.613110351562 0.0
2018.5	0.23203125 0.0
2018.6	0.22880859375 0.0
2018.7	0.1998046875 0.0
2018.7	0.294873046875 0.0
2018.7	0.316625976562 0.0
2018.8	0.244921875 0.0
2018.9	0.310986328125 0.0
2018.9	0.439892578125 0.0
2018.9	0.20625 0.0
2018.9	0.310986328125 0.0
2018.9	0.191748046875 0.0
2019.0	0.28037109375 0.0
2019.1	0.2900390625 0.0
2019.1	0.2513671875 0.0
2019.1	0.286010742188 0.0
2019.2	0.292456054687 0.0
2019.2	0.704956054688 0.0
2019.2	0.1224609375 0.0
2019.2	0.343212890625 0.0
2019.3	0.748461914062 0.0
2019.3	0.566381835938 0.0
2019.3	0.239282226562 0.0
2019.3	0.898315429688 0.0
2019.4	0.288427734375 0.0
2019.7	0.207055664062 0.0
2019.7	0.272314453125 0.0
2019.8	0.501123046875 0.0
2019.8	0.957934570312 0.0
2019.8	0.18046875 0.0
2019.8	0.204638671875 0.0
2019.8	0.12890625 0.0
2019.9	0.3287109375 0.0
2019.9	0.266674804687 0.0
2020.0	0.252978515625 0.0
2020.0	0.187719726562 0.0
2020.0	0.259423828125 0.0
2020.0	0.18046875 0.0
2020.1	0.3158203125 0.0
2020.1	0.233642578125 0.0
2020.2	0.167578125 0.0
2020.2	0.294067382812 0.0
2020.2	0.344018554687 0.0
2020.2	0.450366210937 0.0
2020.3	0.48984375 0.0
2020.4	0.343212890625 0.0
2020.5	0.365771484375 0.0
2020.6	0.318237304688 0.0
2020.8	0.2900390625 0.0
2020.8	0.626806640625 0.0
2020.8	0.37705078125 0.0
2020.9	0.391552734375 0.0
2021.0	0.165161132812 0.0
2021.1	0.520458984375 0.0
2021.1	0.120043945312 0.0
2021.2	0.31259765625 0.0
2021.2	0.211889648437 0.0
2021.2	0.564770507812 0.0
2021.2	0.236865234375 0.0
2021.3	0.320654296875 0.0
2021.3	0.3287109375 0.0
2021.3	0.449560546875 0.0
2021.3	0.17724609375 0.0
2021.4	0.25458984375 0.0
2021.6	0.346435546875 0.0
2021.7	0.19658203125 0.0
2021.8	0.610693359375 0.0
2021.8	0.191748046875 0.0
2021.8	0.33193359375 0.0
2021.8	0.530126953125 0.0
2021.9	0.38671875 0.0
2022.0	0.197387695312 0.0
2022.0	0.368188476562 0.0
2022.0	0.232836914062 0.0
2022.0	0.229614257812 0.0
2022.0	0.305346679688 0.0
2022.0	0.239282226562 0.0
2022.2	0.913623046875 0.0
2022.2	0.361743164062 0.0
2022.2	0.53818359375 0.0
2022.2	0.272314453125 0.0
2022.2	0.133740234375 0.0
2022.2	0.2255859375 0.0
2022.3	0.145825195312 0.0
2022.3	0.304541015625 0.0
2022.3	0.309375 0.0
2022.3	0.44150390625 0.0
2022.4	0.504345703125 0.0
2022.6	0.23203125 0.0
2022.7	0.175634765625 0.0
2022.8	0.242504882812 0.0
2022.8	0.270703125 0.0
2022.9	0.265063476563 0.0
2022.9	0.211083984375 0.0
2022.9	0.246533203125 0.0
2023.0	0.388330078125 0.0
2023.0	0.167578125 0.0
2023.0	0.236865234375 0.0
2023.0	0.7412109375 0.0
2023.0	0.290844726562 0.0
2023.0	0.156298828125 0.0
2023.1	0.169189453125 0.0
2023.1	0.271508789062 0.0
2023.1	0.069287109375 0.0
2023.2	0.169189453125 0.0
2023.3	0.236865234375 0.0
2023.3	0.233642578125 0.0
2023.4	0.197387695312 0.0
2023.4	0.559130859375 0.0
2023.4	0.214306640625 0.0
2023.5	0.169189453125 0.0
2023.5	0.517236328125 0.0
2023.5	0.1224609375 0.0
2023.5	0.49306640625 0.0
2023.6	0.15146484375 0.0
2023.6	0.273120117188 0.0
2023.6	0.974853515625 0.0
2023.6	0.137768554687 0.0
2023.7	0.3802734375 0.0
2023.9	0.171606445312 0.0
2024.0	0.29326171875 0.0
2024.1	0.2771484375 0.0
2024.1	0.343212890625 0.0
2024.1	0.313403320312 0.0
2024.1	0.382690429688 0.0
2024.1	0.201416015625 0.0
2024.2	0.306958007812 0.0
2024.3	0.346435546875 0.0
2024.4	0.46083984375 0.0
2024.5	0.41572265625 0.0
2024.5	0.456005859375 0.0
2024.5	0.153076171875 0.0
2024.6	0.1611328125 0.0
2024.6	0.60908203125 0.0
2024.6	0.167578125 0.0
2024.7	0.768603515625 0.0
2024.8	0.685620117187 0.0
2024.9	0.3544921875 0.0
2025.0	0.190942382812 0.0
2025.0	0.775048828125 0.0
2025.0	0.2126953125 0.0
2025.1	0.28359375 0.0
2025.1	0.28681640625 0.0
2025.1	0.159521484375 0.0
2025.2	0.244116210937 0.0
2025.2	0.26748046875 0.0
2025.3	0.247338867187 0.0
2025.3	0.385107421875 0.0
2025.5	0.197387695312 0.0
2025.5	0.9216796875 0.0
2025.6	1.10456542969 0.0
2025.7	0.20625 0.0
2025.8	0.245727539062 0.0
2025.8	0.203833007812 0.0
2025.9	0.169189453125 0.0
2025.9	0.20302734375 0.0
2026.0	0.38349609375 0.0
2026.0	0.256201171875 0.0
2026.0	0.256201171875 0.0
2026.1	0.332739257812 0.0
2026.2	0.956323242187 0.0
2026.2	0.389135742187 0.0
2026.3	0.769409179688 0.0
2026.3	0.163549804687 0.0
2026.3	0.20625 0.0
2026.3	0.233642578125 0.0
2026.3	0.20947265625 0.0
2026.3	0.236865234375 0.0
2026.4	0.245727539062 0.0
2026.4	0.149853515625 0.0
2026.4	0.172412109375 0.0
2026.5	0.336767578125 0.0
2026.5	0.17724609375 0.0
2026.6	1.24072265625 0.0
2026.6	0.178051757812 0.0
2026.6	0.320654296875 0.0
2026.6	0.302124023438 0.0
2026.7	0.142602539063 0.0
2026.7	0.191748046875 0.0
2026.8	0.246533203125 0.0
2026.8	0.381079101562 0.0
2026.8	2.31789550781 0.0
2026.9	0.822583007812 0.0
2026.9	0.339990234375 0.0
2026.9	0.35771484375 0.0
2027.0	0.19013671875 0.0
2027.3	0.136962890625 0.0
2027.3	0.2900390625 0.0
2027.3	0.12890625 0.0
2027.3	0.355297851562 0.0
2027.4	0.17724609375 0.0
2027.4	0.17080078125 0.0
2027.4	0.323071289062 0.0
2027.5	0.273120117188 0.0
2027.5	0.217529296875 0.0
2027.5	0.21591796875 0.0
2027.5	0.309375 0.0
2027.6	0.296484375 0.0
2027.7	0.173217773438 0.0
2027.7	0.352880859375 0.0
2027.8	0.504345703125 0.0
2027.8	0.191748046875 0.0
2027.9	0.1095703125 0.0
2027.9	0.169189453125 0.0
2027.9	0.369799804687 0.0
2027.9	0.188525390625 0.0
2028.0	0.526098632813 0.0
2028.0	0.2900390625 0.0
2028.0	0.306958007812 0.0
2028.0	0.38349609375 0.0
2028.1	0.291650390625 0.0
2028.1	0.21591796875 0.0
2028.1	0.247338867187 0.0
2028.2	0.20625 0.0
2028.2	0.294873046875 0.0
2028.2	0.497900390625 0.0
2028.2	0.220751953125 0.0
2028.3	0.1740234375 0.0
2028.4	0.655004882812 0.0
2028.4	0.79599609375 0.0
2028.5	0.38671875 0.0
2028.6	0.481787109375 0.0
2028.6	0.466479492187 0.0
2028.6	0.162744140625 0.0
2028.6	0.28359375 0.0
2028.7	0.18369140625 0.0
2028.8	0.38349609375 0.0
2029.0	0.26748046875 0.0
2029.1	0.1546875 0.0
2029.1	0.99580078125 0.0
2029.2	0.20625 0.0
2029.2	0.771826171875 0.0
2029.2	0.301318359375 0.0
2029.3	0.933764648437 0.0
2029.3	0.219946289062 0.0
2029.4	0.304541015625 0.0
2029.4	0.5865234375 0.0
2029.4	0.8314453125 0.0
2029.4	0.1224609375 0.0
2029.5	0.43828125 0.0
2029.5	0.219140625 0.0
2029.5	0.378662109375 0.0
2029.5	0.339184570312 0.0
2029.5	0.19658203125 0.0
2029.6	0.3029296875 0.0
2029.6	1.13598632812 0.0
2029.6	0.281982421875 0.0
2029.7	0.2384765625 0.0
2029.8	0.157104492188 0.0
2029.8	0.255395507812 0.0
2029.9	0.23525390625 0.0
2030.0	0.1740234375 0.0
2030.0	0.4125 0.0
2030.1	0.565576171875 0.0
2030.1	0.405249023437 0.0
2030.1	0.243310546875 0.0
2030.2	0.240087890625 0.0
2030.2	0.493872070312 0.0
2030.2	0.423779296875 0.0
2030.2	0.497900390625 0.0
2030.3	0.425390625 0.0
2030.3	0.18369140625 0.0
2030.3	0.230419921875 0.0
2030.4	0.51240234375 0.0
2030.4	0.203833007812 0.0
2030.5	0.23203125 0.0
2030.6	0.20625 0.0
2030.6	0.27392578125 0.0
2030.7	0.20302734375 0.0
2030.8	0.157104492188 0.0
2030.9	0.43505859375 0.0
2031.0	0.236059570312 0.0
2031.0	0.315014648437 0.0
2031.0	1.16418457031 0.0
2031.1	0.397998046875 0.0
2031.1	0.249755859375 0.0
2031.2	0.233642578125 0.0
2031.4	0.156298828125 0.0
2031.4	0.207861328125 0.0
2031.4	0.327099609375 0.0
2031.4	0.10634765625 0.0
2031.5	0.307763671875 0.0
2031.5	0.22236328125 0.0
2031.5	0.301318359375 0.0
2031.6	0.246533203125 0.0
2031.6	0.29326171875 0.0
2031.6	0.198193359375 0.0
2031.6	0.09990234375 0.0
2031.6	0.301318359375 0.0
2031.7	0.593774414062 0.0
2031.7	0.12890625 0.0
2031.7	0.217529296875 0.0
2031.9	0.191748046875 0.0
2031.9	0.198193359375 0.0
2032.0	1.01110839844 0.0
2032.0	0.311791992187 0.0
2032.0	0.508374023437 0.0
2032.1	0.672729492188 0.0
2032.1	0.34482421875 0.0
2032.1	0.201416015625 0.0
2032.2	0.194970703125 0.0
2032.3	0.369799804687 0.0
2032.3	0.650170898437 0.0
2032.4	0.353686523437 0.0
2032.4	0.17724609375 0.0
2032.4	0.244921875 0.0
2032.5	0.781494140625 0.0
2032.5	0.19013671875 0.0
2032.6	0.445532226562 0.0
2032.7	0.194165039062 0.0
2032.7	0.443115234375 0.0
2032.8	0.146630859375 0.0
2032.8	0.6896484375 0.0
2032.8	0.291650390625 0.0
2032.8	0.348046875 0.0
2032.9	0.130517578125 0.0
2032.9	0.175634765625 0.0
2033.0	0.3287109375 0.0
2033.0	0.20625 0.0
2033.0	0.307763671875 0.0
2033.0	0.256201171875 0.0
2033.1	0.285205078125 0.0
2033.1	0.2126953125 0.0
2033.1	0.287622070312 0.0
2033.1	0.56396484375 0.0
2033.1	0.343212890625 0.0
2033.3	0.406860351562 0.0
2033.3	0.2578125 0.0
2033.3	0.837084960937 0.0
2033.4	0.182885742187 0.0
2033.4	0.245727539062 0.0
2033.4	0.201416015625 0.0
2033.4	0.240893554687 0.0
2033.4	0.2384765625 0.0
2033.4	0.281982421875 0.0
2033.5	0.252172851562 0.0
2033.5	0.70576171875 0.0
2033.5	0.219140625 0.0
2033.6	0.575244140625 0.0
2033.6	0.18046875 0.0
2033.6	2.31950683594 0.0
2033.6	0.36416015625 0.0
2033.6	0.57685546875 0.0
2033.6	0.218334960937 0.0
2033.8	0.191748046875 0.0
2033.8	1.28583984375 0.0
2033.8	0.44794921875 0.0
2034.0	0.28037109375 0.0
2034.0	0.836279296875 0.0
2034.0	0.198193359375 0.0
2034.0	0.219140625 0.0
2034.0	0.173217773438 0.0
2034.1	0.401220703125 0.0
2034.1	0.172412109375 0.0
2034.2	0.27392578125 0.0
2034.3	0.3609375 0.0
2034.3	0.246533203125 0.0
2034.3	0.3158203125 0.0
2034.4	0.734765625 0.0
2034.4	0.384301757812 0.0
2034.5	0.24814453125 0.0
2034.5	0.33515625 0.0
2034.5	0.19658203125 0.0
2034.5	0.304541015625 0.0
2034.5	0.162744140625 0.0
2034.7	0.201416015625 0.0
2034.7	0.088623046875 0.0
2034.8	0.169189453125 0.0
2034.8	1.13115234375 0.0
2034.8	0.17080078125 0.0
2034.8	0.0708984375 0.0
2034.9	0.359326171875 0.0
2035.0	0.344018554687 0.0
2035.0	0.227197265625 0.0
2035.1	0.58330078125 0.0
2035.1	0.220751953125 0.0
2035.2	0.393969726562 0.0
2035.2	0.333544921875 0.0
2035.2	0.565576171875 0.0
2035.2	0.20302734375 0.0
2035.2	0.408471679687 0.0
2035.4	0.240087890625 0.0
2035.4	0.64453125 0.0
2035.5	0.336767578125 0.0
2035.6	0.28037109375 0.0
2035.6	0.3931640625 0.0
2035.7	0.719458007812 0.0
2035.7	0.300512695312 0.0
2035.8	0.219946289062 0.0
2035.9	0.11279296875 0.0
2035.9	0.19013671875 0.0
2035.9	0.3609375 0.0
2035.9	0.194165039062 0.0
2036.0	0.450366210937 0.0
2036.0	0.1869140625 0.0
2036.0	0.117626953125 0.0
2036.0	0.760546875 0.0
2036.1	0.3802734375 0.0
2036.1	0.51884765625 0.0
2036.2	0.7154296875 0.0
2036.3	0.97001953125 0.0
2036.3	0.188525390625 0.0
2036.3	0.39638671875 0.0
2036.3	0.211083984375 0.0
2036.3	0.184497070312 0.0
2036.4	0.236059570312 0.0
2036.5	0.211083984375 0.0
2036.6	0.234448242187 0.0
2036.7	0.344018554687 0.0
2036.8	0.1611328125 0.0
2036.8	0.13212890625 0.0
2036.9	0.291650390625 0.0
2036.9	0.755712890625 0.0
2036.9	0.1546875 0.0
2037.0	0.28359375 0.0
2037.1	0.3158203125 0.0
2037.3	0.330322265625 0.0
2037.3	0.245727539062 0.0
2037.4	0.301318359375 0.0
2037.4	0.375439453125 0.0
2037.4	0.54140625 0.0
2037.6	0.232836914062 0.0
2037.6	0.389135742187 0.0
2037.6	0.153076171875 0.0
2037.6	0.159521484375 0.0
2037.9	0.35771484375 0.0
2038.0	0.28359375 0.0
2038.1	0.184497070312 0.0
2038.1	0.3609375 0.0
2038.1	0.203833007812 0.0
2038.2	0.0974853515625 0.0
2038.2	0.136157226562 0.0
2038.3	0.3158203125 0.0
2038.3	0.25458984375 0.0
2038.3	0.434252929687 0.0
2038.3	0.95390625 0.0
2038.3	0.24169921875 0.0
2038.4	0.116821289062 0.0
2038.4	0.189331054688 0.0
2038.4	0.16435546875 0.0
2038.5	0.332739257812 0.0
2038.6	0.33837890625 0.0
2038.7	0.18046875 0.0
2038.7	0.621166992187 0.0
2038.7	0.266674804687 0.0
2038.7	0.352880859375 0.0
2038.8	0.493872070312 0.0
2038.9	0.131323242187 0.0
2038.9	0.142602539063 0.0
2039.0	0.250561523437 0.0
2039.1	1.37446289062 0.0
2039.1	0.309375 0.0
2039.2	0.167578125 0.0
2039.2	1.52673339844 0.0
2039.2	0.246533203125 0.0
2039.2	0.145825195312 0.0
2039.2	0.171606445312 0.0
2039.3	0.2126953125 0.0
2039.3	0.236865234375 0.0
2039.4	0.611499023437 0.0
2039.4	0.25458984375 0.0
2039.4	0.124072265625 0.0
2039.5	0.211083984375 0.0
2039.6	0.191748046875 0.0
2039.6	0.156298828125 0.0
2039.7	0.178857421875 0.0
2039.7	0.31259765625 0.0
2039.7	0.26103515625 0.0
2039.7	0.449560546875 0.0
2039.8	0.25458984375 0.0
2039.8	0.243310546875 0.0
2039.9	0.7412109375 0.0
2040.0	0.13212890625 0.0
2040.0	0.633251953125 0.0
2040.1	0.253784179688 0.0
2040.1	0.688037109375 0.0
2040.1	0.22880859375 0.0
2040.2	0.269091796875 0.0
2040.2	0.323876953125 0.0
2040.3	0.2578125 0.0
2040.3	0.458422851562 0.0
2040.3	0.348046875 0.0
2040.4	0.417333984375 0.0
2040.5	0.275537109375 0.0
2040.6	0.24814453125 0.0
2040.6	0.58330078125 0.0
2040.6	0.270703125 0.0
2040.6	0.156298828125 0.0
2040.6	0.169189453125 0.0
2040.7	0.230419921875 0.0
2040.8	0.43505859375 0.0
2040.8	0.24814453125 0.0
2040.8	0.24169921875 0.0
2040.9	0.28037109375 0.0
2040.9	0.877368164062 0.0
2040.9	0.256201171875 0.0
2041.0	0.175634765625 0.0
2041.0	0.26748046875 0.0
2041.0	0.20947265625 0.0
2041.0	1.89975585937 0.0
2041.0	0.16435546875 0.0
2041.0	0.1998046875 0.0
2041.1	0.266674804687 0.0
2041.1	0.244921875 0.0
2041.1	0.2513671875 0.0
2041.2	0.34482421875 0.0
2041.2	0.187719726562 0.0
2041.2	0.403637695312 0.0
2041.2	0.31259765625 0.0
2041.2	0.188525390625 0.0
2041.3	0.816943359375 0.0
2041.4	0.28359375 0.0
2041.4	0.21591796875 0.0
2041.4	0.272314453125 0.0
2041.5	0.40283203125 0.0
2041.5	0.169189453125 0.0
2041.6	0.262646484375 0.0
2041.6	0.1869140625 0.0
2041.7	0.19013671875 0.0
2041.7	0.27392578125 0.0
2041.7	0.609887695312 0.0
2041.8	0.0845947265625 0.0
2042.0	0.317431640625 0.0
2042.1	0.226391601562 0.0
2042.3	0.136962890625 0.0
2042.4	0.223168945312 0.0
2042.4	0.2900390625 0.0
2042.6	0.181274414062 0.0
2042.6	0.344018554687 0.0
2042.6	0.314208984375 0.0
2042.7	0.26748046875 0.0
2042.7	0.265869140625 0.0
2042.8	0.289233398438 0.0
2042.8	0.165161132812 0.0
2042.8	0.288427734375 0.0
2042.8	0.240893554687 0.0
2043.0	0.505151367187 0.0
2043.0	0.317431640625 0.0
2043.1	0.18369140625 0.0
2043.2	0.36416015625 0.0
2043.3	0.35771484375 0.0
2043.5	0.240893554687 0.0
2043.5	0.282788085937 0.0
2043.7	0.93779296875 0.0
2043.7	0.352880859375 0.0
2043.8	0.874951171875 0.0
2043.9	0.1869140625 0.0
2044.0	0.662255859375 0.0
2044.0	0.900732421875 0.0
2044.1	0.228002929687 0.0
2044.1	0.594580078125 0.0
2044.1	0.172412109375 0.0
2044.2	0.227197265625 0.0
2044.2	0.348046875 0.0
2044.3	0.240087890625 0.0
2044.4	0.281982421875 0.0
2044.4	0.19658203125 0.0
2044.4	0.505151367187 0.0
2044.4	0.165161132812 0.0
2044.4	0.309375 0.0
2044.5	0.123266601562 0.0
2044.6	0.22236328125 0.0
2044.7	0.468090820312 0.0
2044.8	0.21591796875 0.0
2044.8	0.201416015625 0.0
2044.9	0.472924804687 0.0
2044.9	0.319848632812 0.0
2044.9	0.211083984375 0.0
2044.9	0.231225585937 0.0
2045.0	0.493872070312 0.0
2045.0	0.343212890625 0.0
2045.1	0.246533203125 0.0
2045.1	0.11923828125 0.0
2045.1	0.173217773438 0.0
2045.2	0.19658203125 0.0
2045.3	0.1998046875 0.0
2045.4	0.343212890625 0.0
2045.4	0.978881835938 0.0
2045.5	0.389135742187 0.0
2045.5	0.490649414062 0.0
2045.5	0.336767578125 0.0
2045.6	0.760546875 0.0
2045.6	0.178051757812 0.0
2045.7	0.468090820312 0.0
2045.7	2.19060058594 0.0
2045.8	0.292456054687 0.0
2045.8	0.14501953125 0.0
2045.8	0.153076171875 0.0
2045.9	0.26103515625 0.0
2045.9	0.38349609375 0.0
2046.0	0.17080078125 0.0
2046.0	0.20625 0.0
2046.0	0.680786132812 0.0
2046.0	0.19658203125 0.0
2046.0	0.22236328125 0.0
2046.1	0.364965820312 0.0
2046.1	0.465673828125 0.0
2046.1	0.290844726562 0.0
2046.2	0.136962890625 0.0
2046.3	1.06831054688 0.0
2046.3	0.193359375 0.0
2046.4	0.306958007812 0.0
2046.4	0.178857421875 0.0
2046.4	0.27392578125 0.0
2046.5	0.315014648437 0.0
2046.5	0.406860351562 0.0
2046.5	0.136962890625 0.0
2046.6	0.234448242187 0.0
2046.6	0.462451171875 0.0
2046.6	0.2384765625 0.0
2046.7	0.137768554687 0.0
2046.8	0.475341796875 0.0
2046.8	0.653393554687 0.0
2046.9	0.514013671875 0.0
2046.9	0.452783203125 0.0
2046.9	0.228002929687 0.0
2046.9	0.388330078125 0.0
2047.0	0.193359375 0.0
2047.0	0.2771484375 0.0
2047.0	0.372216796875 0.0
2047.1	0.769409179688 0.0
2047.1	0.248950195312 0.0
2047.2	0.182080078125 0.0
2047.3	0.339990234375 0.0
2047.4	0.42861328125 0.0
2047.5	0.400415039062 0.0
2047.5	0.246533203125 0.0
2047.5	0.14501953125 0.0
2047.6	0.656616210938 0.0
2047.6	0.233642578125 0.0
2047.7	0.184497070312 0.0
2047.8	0.20947265625 0.0
2047.9	0.290844726562 0.0
2047.9	0.448754882812 0.0
2047.9	0.331127929687 0.0
2048.0	0.469702148437 0.0
2048.0	0.53173828125 0.0
2048.0	0.40283203125 0.0
2048.0	0.281176757813 0.0
2048.1	0.265869140625 0.0
2048.2	0.201416015625 0.0
2048.3	0.451171875 0.0
2048.3	0.141796875 0.0
2048.3	0.12568359375 0.0
2048.3	0.305346679688 0.0
2048.5	0.3544921875 0.0
2048.5	0.200610351562 0.0
2048.6	0.619555664062 0.0
2048.6	0.244921875 0.0
2048.7	0.808081054687 0.0
2048.7	0.9216796875 0.0
2048.7	0.421362304687 0.0
2048.7	0.219140625 0.0
2048.7	0.40283203125 0.0
2048.8	0.213500976562 0.0
2048.9	0.4640625 0.0
2049.1	0.371411132812 0.0
2049.2	0.3931640625 0.0
2049.2	0.38671875 0.0
2049.2	0.27392578125 0.0
2049.2	0.9732421875 0.0
2049.2	0.268286132812 0.0
2049.3	0.1869140625 0.0
2049.3	0.230419921875 0.0
2049.3	1.93117675781 0.0
2049.4	0.149047851562 0.0
2049.4	0.200610351562 0.0
2049.5	0.146630859375 0.0
2049.6	0.2900390625 0.0
2049.7	0.67998046875 0.0
2049.7	0.247338867187 0.0
2049.7	0.388330078125 0.0
2049.8	0.373022460937 0.0
2049.9	0.184497070312 0.0
2050.0	0.23525390625 0.0
2050.0	0.213500976562 0.0
2050.0	0.361743164062 0.0
2050.0	0.219140625 0.0
2050.0	0.858837890625 0.0
2050.2	0.626000976562 0.0
2050.2	0.1482421875 0.0
2050.2	0.401220703125 0.0
2050.2	0.243310546875 0.0
2050.2	0.25458984375 0.0
2050.3	0.806469726562 0.0
2050.3	0.8701171875 0.0
2050.4	0.194970703125 0.0
2050.4	0.146630859375 0.0
2050.5	0.275537109375 0.0
2050.5	0.245727539062 0.0
2050.5	0.598608398438 0.0
2050.5	0.25458984375 0.0
2050.5	0.143408203125 0.0
2050.5	0.530932617187 0.0
2050.6	0.244921875 0.0
2050.7	0.281982421875 0.0
2050.7	0.143408203125 0.0
2050.7	0.1546875 0.0
2050.8	0.27392578125 0.0
2050.8	0.281982421875 0.0
2050.8	0.26748046875 0.0
2050.8	0.218334960937 0.0
2051.0	0.296484375 0.0
2051.1	0.385107421875 0.0
2051.1	0.290844726562 0.0
2051.2	0.104736328125 0.0
2051.2	0.175634765625 0.0
2051.3	0.866088867188 0.0
2051.5	0.188525390625 0.0
2051.5	0.311791992187 0.0
2051.5	0.181274414062 0.0
2051.5	0.18046875 0.0
2051.6	0.443115234375 0.0
2051.6	0.37705078125 0.0
2051.7	0.178857421875 0.0
2051.7	0.48017578125 0.0
2051.7	0.14501953125 0.0
2051.8	0.420556640625 0.0
2051.9	0.20947265625 0.0
2051.9	0.400415039062 0.0
2051.9	0.150659179688 0.0
2051.9	0.169189453125 0.0
2052.0	0.1740234375 0.0
2052.1	0.236059570312 0.0
2052.1	0.17724609375 0.0
2052.1	0.75087890625 0.0
2052.2	0.758129882812 0.0
2052.2	0.349658203125 0.0
2052.2	2.22121582031 0.0
2052.2	0.40927734375 0.0
2052.2	0.506762695312 0.0
2052.2	0.317431640625 0.0
2052.3	0.307763671875 0.0
2052.3	0.453588867187 0.0
2052.4	0.20625 0.0
2052.5	0.389135742187 0.0
2052.5	0.244921875 0.0
2052.5	0.240893554687 0.0
2052.5	0.633251953125 0.0
2052.5	0.184497070312 0.0
2052.5	0.642919921875 0.0
2052.6	0.941821289062 0.0
2052.6	0.218334960937 0.0
2052.6	0.219946289062 0.0
2052.7	0.140185546875 0.0
2052.7	0.16435546875 0.0
2052.8	0.22236328125 0.0
2052.8	0.348046875 0.0
2052.9	0.288427734375 0.0
2052.9	0.327099609375 0.0
2052.9	0.345629882812 0.0
2053.0	0.116015625 0.0
2053.0	1.0763671875 0.0
2053.0	0.29326171875 0.0
2053.0	0.665478515625 0.0
2053.1	0.316625976562 0.0
2053.1	0.204638671875 0.0
2053.1	0.298095703125 0.0
2053.2	0.324682617187 0.0
2053.2	0.342407226562 0.0
2053.2	0.130517578125 0.0
2053.3	0.577661132812 0.0
2053.3	0.18046875 0.0
2053.4	0.38349609375 0.0
2053.4	0.1740234375 0.0
2053.4	0.37060546875 0.0
2053.4	0.136962890625 0.0
2053.5	0.256201171875 0.0
2053.6	0.298095703125 0.0
2053.6	0.163549804687 0.0
2053.7	0.4125 0.0
2053.7	0.322265625 0.0
2053.7	0.2771484375 0.0
2053.7	0.452783203125 0.0
2053.8	0.601831054687 0.0
2053.9	0.297290039063 0.0
2053.9	0.152270507812 0.0
2054.0	0.349658203125 0.0
2054.0	0.52529296875 0.0
2054.1	0.91201171875 0.0
2054.1	0.381079101562 0.0
2054.1	0.51884765625 0.0
2054.1	0.734765625 0.0
2054.1	0.352075195312 0.0
2054.1	0.43828125 0.0
2054.1	0.191748046875 0.0
2054.2	0.2384765625 0.0
2054.2	0.252978515625 0.0
2054.2	0.352075195312 0.0
2054.3	0.20625 0.0
2054.4	0.23203125 0.0
2054.4	0.739599609375 0.0
2054.4	0.298095703125 0.0
2054.4	0.297290039063 0.0
2054.4	0.399609375 0.0
2054.4	0.339184570312 0.0
2054.5	0.3416015625 0.0
2054.5	0.40283203125 0.0
2054.6	0.491455078125 0.0
2054.6	0.1353515625 0.0
2054.6	0.181274414062 0.0
2054.6	0.366577148438 0.0
2054.6	0.488232421875 0.0
2054.7	0.240087890625 0.0
2054.8	0.515625 0.0
2054.8	0.4640625 0.0
2054.9	0.288427734375 0.0
2055.0	0.8765625 0.0
2055.0	0.477758789062 0.0
2055.0	0.143408203125 0.0
2055.2	0.274731445312 0.0
2055.3	0.1482421875 0.0
2055.3	0.11923828125 0.0
2055.3	0.30615234375 0.0
2055.4	0.240087890625 0.0
2055.4	0.47373046875 0.0
2055.5	0.244921875 0.0
2055.5	0.17724609375 0.0
2055.5	0.281982421875 0.0
2055.6	0.224780273437 0.0
2055.6	0.37705078125 0.0
2055.7	0.268286132812 0.0
2055.7	0.16435546875 0.0
2055.8	0.214306640625 0.0
2055.9	0.2771484375 0.0
2055.9	0.236865234375 0.0
2055.9	0.15791015625 0.0
2056.0	0.490649414062 0.0
2056.0	0.33515625 0.0
2056.0	0.518041992188 0.0
2056.1	0.15146484375 0.0
2056.2	0.237670898438 0.0
2056.2	0.193359375 0.0
2056.3	0.16435546875 0.0
2056.3	0.528515625 0.0
2056.5	0.365771484375 0.0
2056.5	0.48662109375 0.0
2056.5	0.387524414062 0.0
2056.6	0.323876953125 0.0
2056.6	0.22880859375 0.0
2056.7	0.252172851562 0.0
2056.7	0.227197265625 0.0
2056.7	0.3609375 0.0
2056.8	0.1998046875 0.0
2056.8	0.317431640625 0.0
2056.9	0.2126953125 0.0
2056.9	0.18046875 0.0
2057.0	0.1482421875 0.0
2057.0	0.620361328125 0.0
2057.0	0.221557617188 0.0
2057.1	0.381884765625 0.0
2057.1	0.642114257812 0.0
2057.1	0.185302734375 0.0
2057.2	0.52529296875 0.0
2057.2	0.25458984375 0.0
2057.2	0.1611328125 0.0
2057.3	0.332739257812 0.0
2057.4	0.253784179688 0.0
2057.4	0.171606445312 0.0
2057.4	0.13212890625 0.0
2057.4	0.189331054688 0.0
2057.4	0.346435546875 0.0
2057.6	0.784716796875 0.0
2057.6	0.5994140625 0.0
2057.6	0.253784179688 0.0
2057.7	0.346435546875 0.0
2057.8	0.193359375 0.0
2057.8	0.124072265625 0.0
2057.9	0.2771484375 0.0
2057.9	0.0966796875 0.0
2057.9	0.190942382812 0.0
2057.9	0.515625 0.0
2058.1	0.126489257813 0.0
2058.1	0.297290039063 0.0
2058.1	0.431030273438 0.0
2058.1	0.765380859375 0.0
2058.1	0.309375 0.0
2058.1	0.223168945312 0.0
2058.1	0.51884765625 0.0
2058.2	0.30615234375 0.0
2058.2	0.329516601562 0.0
2058.3	0.191748046875 0.0
2058.3	0.6638671875 0.0
2058.3	1.0248046875 0.0
2058.4	0.145825195312 0.0
2058.4	0.352075195312 0.0
2058.4	0.281982421875 0.0
2058.6	0.207055664062 0.0
2058.6	0.362548828125 0.0
2058.6	0.174829101562 0.0
2058.7	0.186108398437 0.0
2058.8	0.259423828125 0.0
2058.8	0.232836914062 0.0
2058.8	0.352880859375 0.0
2058.8	0.2771484375 0.0
2058.9	0.314208984375 0.0
2058.9	0.2126953125 0.0
2058.9	0.4125 0.0
2059.0	0.17724609375 0.0
2059.0	0.55107421875 0.0
2059.1	0.253784179688 0.0
2059.1	0.210278320312 0.0
2059.1	0.204638671875 0.0
2059.3	0.145825195312 0.0
2059.3	0.220751953125 0.0
2059.3	0.317431640625 0.0
2059.4	0.2578125 0.0
2059.4	0.613110351562 0.0
2059.4	0.28681640625 0.0
2059.5	0.352075195312 0.0
2059.5	0.188525390625 0.0
2059.6	0.2384765625 0.0
2059.7	0.243310546875 0.0
2059.7	0.31259765625 0.0
2059.7	0.38671875 0.0
2059.8	0.837084960937 0.0
2059.8	0.167578125 0.0
2059.8	1.05219726563 0.0
2059.9	0.256201171875 0.0
2059.9	0.291650390625 0.0
2059.9	0.262646484375 0.0
2059.9	0.207055664062 0.0
2060.1	0.159521484375 0.0
2060.1	0.871728515625 0.0
2060.2	0.294873046875 0.0
2060.3	0.252978515625 0.0
2060.4	0.294873046875 0.0
2060.4	0.596997070312 0.0
2060.6	0.318237304688 0.0
2060.6	0.28037109375 0.0
2060.7	0.185302734375 0.0
2060.7	0.182080078125 0.0
2060.7	0.186108398437 0.0
2060.7	0.3673828125 0.0
2060.8	0.3609375 0.0
2060.8	0.472924804687 0.0
2060.8	0.53818359375 0.0
2060.8	0.217529296875 0.0
2060.8	0.481787109375 0.0
2060.8	0.288427734375 0.0
2060.8	0.371411132812 0.0
2060.8	0.3544921875 0.0
2060.9	0.211083984375 0.0
2061.0	0.290844726562 0.0
2061.0	0.286010742188 0.0
2061.1	0.297290039063 0.0
2061.1	0.54462890625 0.0
2061.1	0.2255859375 0.0
2061.2	0.163549804687 0.0
2061.2	0.252978515625 0.0
2061.2	0.381079101562 0.0
2061.2	1.0828125 0.0
2061.3	0.422973632812 0.0
2061.3	0.385107421875 0.0
2061.3	0.190942382812 0.0
2061.3	0.35126953125 0.0
2061.5	0.287622070312 0.0
2061.6	0.32548828125 0.0
2061.6	0.259423828125 0.0
2061.7	0.167578125 0.0
2061.8	1.13276367188 0.0
2061.8	0.246533203125 0.0
2061.8	0.246533203125 0.0
2061.8	0.309375 0.0
2062.0	1.29309082031 0.0
2062.1	0.402026367187 0.0
2062.1	0.218334960937 0.0
2062.2	0.240087890625 0.0
2062.2	1.27858886719 0.0
2062.2	0.635668945312 0.0
2062.2	0.240087890625 0.0
2062.2	0.188525390625 0.0
2062.3	0.4060546875 0.0
2062.3	0.0837890625 0.0
2062.3	0.304541015625 0.0
2062.3	0.775854492187 0.0
2062.4	0.387524414062 0.0
2062.4	0.28681640625 0.0
2062.4	0.381884765625 0.0
2062.5	0.322265625 0.0
2062.5	0.193359375 0.0
2062.7	0.526904296875 0.0
2062.7	0.490649414062 0.0
2062.8	0.594580078125 0.0
2062.8	0.240087890625 0.0
2062.8	0.146630859375 0.0
2062.9	0.8314453125 0.0
2063.0	0.38671875 0.0
2063.0	1.00144042969 0.0
2063.1	0.3287109375 0.0
2063.1	0.149047851562 0.0
2063.1	0.1611328125 0.0
2063.2	0.211083984375 0.0
2063.2	0.185302734375 0.0
2063.3	0.278759765625 0.0
2063.3	0.2255859375 0.0
2063.3	0.748461914062 0.0
2063.3	0.3158203125 0.0
2063.4	0.345629882812 0.0
2063.5	0.5671875 0.0
2063.5	0.55107421875 0.0
2063.7	0.230419921875 0.0
2063.7	0.543017578125 0.0
2063.7	0.372216796875 0.0
2063.7	0.219140625 0.0
2063.8	0.198193359375 0.0
2063.8	0.249755859375 0.0
2063.8	0.298095703125 0.0
2063.8	0.271508789062 0.0
2063.9	0.294873046875 0.0
2063.9	0.198193359375 0.0
2063.9	0.666284179687 0.0
2064.0	0.3802734375 0.0
2064.0	0.271508789062 0.0
2064.0	0.20625 0.0
2064.1	0.28359375 0.0
2064.2	0.405249023437 0.0
2064.2	0.476953125 0.0
2064.3	0.318237304688 0.0
2064.3	0.324682617187 0.0
2064.3	0.20302734375 0.0
2064.3	0.200610351562 0.0
2064.4	0.275537109375 0.0
2064.4	0.2126953125 0.0
2064.5	0.19013671875 0.0
2064.5	0.1869140625 0.0
2064.5	0.214306640625 0.0
2064.5	0.27392578125 0.0
2064.7	0.4318359375 0.0
2064.7	0.468896484375 0.0
2064.8	0.4705078125 0.0
2064.8	0.217529296875 0.0
2064.9	0.8056640625 0.0
2064.9	0.565576171875 0.0
2065.0	0.395581054687 0.0
2065.1	0.167578125 0.0
2065.2	0.38671875 0.0
2065.2	0.158715820312 0.0
2065.2	0.889453125 0.0
2065.2	0.114404296875 0.0
2065.3	0.37705078125 0.0
2065.3	0.365771484375 0.0
2065.4	0.23203125 0.0
2065.4	0.161938476562 0.0
2065.4	0.404443359375 0.0
2065.4	0.219140625 0.0
2065.5	0.41572265625 0.0
2065.5	0.202221679687 0.0
2065.6	0.4318359375 0.0
2065.6	0.1869140625 0.0
2065.6	0.65419921875 0.0
2065.7	0.219140625 0.0
2065.7	0.1546875 0.0
2065.8	0.2578125 0.0
2065.8	0.398803710938 0.0
2065.9	0.476953125 0.0
2066.0	0.226391601562 0.0
2066.0	0.671118164062 0.0
2066.1	0.16435546875 0.0
2066.1	0.262646484375 0.0
2066.1	0.1611328125 0.0
2066.1	0.364965820312 0.0
2066.2	0.381079101562 0.0
2066.2	0.369799804687 0.0
2066.3	0.3416015625 0.0
2066.4	1.02077636719 0.0
2066.5	0.270703125 0.0
2066.6	0.4189453125 0.0
2066.6	0.272314453125 0.0
2066.7	0.2771484375 0.0
2066.7	0.15791015625 0.0
2066.8	0.256201171875 0.0
2066.9	0.240893554687 0.0
2066.9	0.23525390625 0.0
2066.9	0.158715820312 0.0
2067.0	0.201416015625 0.0
2067.1	0.74765625 0.0
2067.2	0.203833007812 0.0
2067.2	0.15791015625 0.0
2067.3	0.23525390625 0.0
2067.3	0.244921875 0.0
2067.3	0.244921875 0.0
2067.3	0.091845703125 0.0
2067.3	0.294873046875 0.0
2067.4	0.378662109375 0.0
2067.4	0.42216796875 0.0
2067.5	0.294873046875 0.0
2067.5	2.32272949219 0.0
2067.6	0.404443359375 0.0
2067.6	0.3802734375 0.0
2067.6	0.163549804687 0.0
2067.7	0.188525390625 0.0
2067.7	0.219946289062 0.0
2067.9	0.390747070312 0.0
2067.9	0.258618164062 0.0
2067.9	0.188525390625 0.0
2068.0	0.296484375 0.0
2068.1	0.144213867187 0.0
2068.1	0.2126953125 0.0
2068.1	0.300512695312 0.0
2068.2	0.194165039062 0.0
2068.2	0.313403320312 0.0
2068.3	0.223974609375 0.0
2068.3	0.372216796875 0.0
2068.3	0.355297851562 0.0
2068.3	0.556713867187 0.0
2068.4	0.553491210937 0.0
2068.4	0.314208984375 0.0
2068.5	0.162744140625 0.0
2068.5	0.141796875 0.0
2068.6	0.29970703125 0.0
2068.6	0.2255859375 0.0
2068.7	0.362548828125 0.0
2068.7	0.219140625 0.0
2068.7	0.46728515625 0.0
2068.8	0.346435546875 0.0
2068.9	0.20302734375 0.0
2068.9	0.18046875 0.0
2069.0	0.431030273438 0.0
2069.0	0.24169921875 0.0
2069.1	0.261840820312 0.0
2069.1	0.18369140625 0.0
2069.1	0.21591796875 0.0
2069.3	0.23525390625 0.0
2069.4	0.243310546875 0.0
2069.4	0.161938476562 0.0
2069.4	0.20302734375 0.0
2069.5	0.348852539062 0.0
2069.6	0.09990234375 0.0
2069.6	0.300512695312 0.0
2069.7	0.399609375 0.0
2069.7	0.236059570312 0.0
2069.8	0.29326171875 0.0
2069.8	0.288427734375 0.0
2070.0	0.152270507812 0.0
2070.0	0.20625 0.0
2070.1	0.23203125 0.0
2070.1	0.146630859375 0.0
2070.2	0.248950195312 0.0
2070.2	0.322265625 0.0
2070.3	0.349658203125 0.0
2070.3	0.2900390625 0.0
2070.4	0.246533203125 0.0
2070.5	0.210278320312 0.0
2070.5	0.2513671875 0.0
2070.5	0.459228515625 0.0
2070.5	0.2771484375 0.0
2070.6	0.23525390625 0.0
2070.6	0.210278320312 0.0
2070.6	0.2255859375 0.0
2070.6	0.301318359375 0.0
2070.7	0.17724609375 0.0
2070.7	0.281982421875 0.0
2070.9	0.19658203125 0.0
2070.9	0.533349609375 0.0
2071.0	0.650170898437 0.0
2071.0	0.497900390625 0.0
2071.0	0.9216796875 0.0
2071.1	0.453588867187 0.0
2071.1	0.70576171875 0.0
2071.2	0.113598632812 0.0
2071.2	0.38349609375 0.0
2071.3	0.37060546875 0.0
2071.3	0.243310546875 0.0
2071.3	0.20625 0.0
2071.3	0.168383789062 0.0
2071.5	0.24169921875 0.0
2071.5	0.339990234375 0.0
2071.5	0.140185546875 0.0
2071.6	0.309375 0.0
2071.6	0.71220703125 0.0
2071.6	0.554296875 0.0
2071.8	0.443920898437 0.0
2071.8	0.49951171875 0.0
2071.8	0.201416015625 0.0
2071.9	0.150659179688 0.0
2071.9	0.236865234375 0.0
2072.0	0.294067382812 0.0
2072.0	0.175634765625 0.0
2072.0	0.287622070312 0.0
2072.0	0.837084960937 0.0
2072.1	0.14501953125 0.0
2072.1	0.481787109375 0.0
2072.1	0.219140625 0.0
2072.1	0.265869140625 0.0
2072.2	0.414111328125 0.0
2072.2	0.443115234375 0.0
2072.2	0.5349609375 0.0
2072.2	0.211889648437 0.0
2072.2	0.281982421875 0.0
2072.3	0.423779296875 0.0
2072.3	0.19013671875 0.0
2072.4	0.298095703125 0.0
2072.4	0.20625 0.0
2072.4	0.230419921875 0.0
2072.4	0.288427734375 0.0
2072.4	0.161938476562 0.0
2072.5	0.327905273437 0.0
2072.5	0.5994140625 0.0
2072.6	0.2771484375 0.0
2072.6	0.330322265625 0.0
2072.6	0.175634765625 0.0
2072.6	0.89267578125 0.0
2072.7	0.574438476563 0.0
2072.7	0.543823242188 0.0
2072.7	0.187719726562 0.0
2072.7	0.298095703125 0.0
2072.8	0.296484375 0.0
2072.8	0.18369140625 0.0
2072.8	0.22880859375 0.0
2072.9	0.24814453125 0.0
2072.9	0.3158203125 0.0
2073.0	0.2513671875 0.0
2073.0	0.216723632812 0.0
2073.0	0.331127929687 0.0
2073.0	0.246533203125 0.0
2073.0	0.1546875 0.0
2073.1	0.20625 0.0
2073.2	0.29970703125 0.0
2073.2	0.582495117188 0.0
2073.5	0.2255859375 0.0
2073.6	0.17080078125 0.0
2073.7	0.28359375 0.0
2073.7	0.365771484375 0.0
2073.7	0.1482421875 0.0
2073.8	0.8443359375 0.0
2073.8	0.1869140625 0.0
2073.9	0.15146484375 0.0
2073.9	0.337573242187 0.0
2073.9	0.327099609375 0.0
2074.0	0.22236328125 0.0
2074.1	0.372216796875 0.0
2074.1	0.59296875 0.0
2074.2	0.240087890625 0.0
2074.2	0.2255859375 0.0
2074.2	0.211083984375 0.0
2074.2	0.408471679687 0.0
2074.2	0.326293945312 0.0
2074.3	0.287622070312 0.0
2074.3	0.17724609375 0.0
2074.3	0.39638671875 0.0
2074.3	0.26103515625 0.0
2074.3	0.46083984375 0.0
2074.6	0.64130859375 0.0
2074.6	0.464868164062 0.0
2074.7	0.558325195313 0.0
2074.7	0.28037109375 0.0
2074.7	0.182080078125 0.0
2074.7	0.24169921875 0.0
2074.8	0.1998046875 0.0
2074.8	0.8572265625 0.0
2074.9	0.240087890625 0.0
2074.9	0.18046875 0.0
2074.9	0.478564453125 0.0
2075.0	0.333544921875 0.0
2075.0	0.2642578125 0.0
2075.0	0.27392578125 0.0
2075.0	0.20947265625 0.0
2075.1	0.27392578125 0.0
2075.2	0.219140625 0.0
2075.2	0.174829101562 0.0
2075.2	0.54140625 0.0
2075.2	0.203833007812 0.0
2075.2	0.286010742188 0.0
2075.2	0.168383789062 0.0
2075.3	0.348046875 0.0
2075.3	0.256201171875 0.0
2075.4	0.320654296875 0.0
2075.4	0.443115234375 0.0
2075.5	0.359326171875 0.0
2075.6	0.5091796875 0.0
2075.7	0.564770507812 0.0
2075.7	0.202221679687 0.0
2075.9	0.228002929687 0.0
2075.9	0.82177734375 0.0
2075.9	0.216723632812 0.0
2076.0	0.393969726562 0.0
2076.1	1.90539550781 0.0
2076.1	0.59619140625 0.0
2076.1	0.181274414062 0.0
2076.1	1.02399902344 0.0
2076.2	0.468896484375 0.0
2076.3	0.163549804687 0.0
2076.3	0.624389648438 0.0
2076.3	0.373828125 0.0
2076.4	0.252172851562 0.0
2076.4	0.286010742188 0.0
2076.5	0.296484375 0.0
2076.6	0.3158203125 0.0
2076.6	0.231225585937 0.0
2076.6	0.16435546875 0.0
2076.7	0.33837890625 0.0
2076.7	0.231225585937 0.0
2076.7	0.468090820312 0.0
2076.8	0.309375 0.0
2076.8	0.116015625 0.0
2076.8	0.33515625 0.0
2076.9	0.302124023438 0.0
2076.9	0.429418945312 0.0
2076.9	0.30615234375 0.0
2076.9	0.451171875 0.0
2076.9	0.2513671875 0.0
2077.0	0.28037109375 0.0
2077.0	0.20302734375 0.0
2077.2	0.300512695312 0.0
2077.3	0.273120117188 0.0
2077.4	0.3609375 0.0
2077.4	0.31904296875 0.0
2077.4	0.252172851562 0.0
2077.4	0.300512695312 0.0
2077.4	0.22236328125 0.0
2077.5	0.31259765625 0.0
2077.6	0.2642578125 0.0
2077.8	0.18046875 0.0
2077.8	0.57685546875 0.0
2077.8	0.174829101562 0.0
2077.8	0.181274414062 0.0
2077.9	0.171606445312 0.0
2077.9	0.322265625 0.0
2078.0	0.12568359375 0.0
2078.0	0.418139648437 0.0
2078.1	0.168383789062 0.0
2078.1	0.480981445312 0.0
2078.2	0.523681640625 0.0
2078.2	0.463256835938 0.0
2078.4	0.23525390625 0.0
2078.5	0.239282226562 0.0
2078.5	0.203833007812 0.0
2078.5	0.704956054688 0.0
2078.7	0.120849609375 0.0
2078.7	0.24814453125 0.0
2078.7	0.185302734375 0.0
2078.8	0.129711914062 0.0
2078.8	0.4060546875 0.0
2078.8	0.356103515625 0.0
2078.9	0.296484375 0.0
2079.0	0.31259765625 0.0
2079.1	0.324682617187 0.0
2079.2	0.329516601562 0.0
2079.2	0.320654296875 0.0
2079.3	1.07878417969 0.0
2079.3	0.1869140625 0.0
2079.3	0.166772460937 0.0
2079.3	0.19013671875 0.0
2079.6	0.404443359375 0.0
2079.6	0.3287109375 0.0
2079.6	0.514013671875 0.0
2079.7	0.12568359375 0.0
2079.7	0.460034179687 0.0
2079.7	0.2255859375 0.0
2079.7	0.61875 0.0
2079.7	0.2513671875 0.0
2079.7	0.38671875 0.0
2079.8	0.140185546875 0.0
2079.8	0.34482421875 0.0
2079.9	0.232836914062 0.0
2079.9	0.07734375 0.0
2080.0	0.5220703125 0.0
2080.0	0.46728515625 0.0
2080.2	0.261840820312 0.0
2080.2	0.994189453125 0.0
2080.3	0.282788085937 0.0
2080.3	0.42216796875 0.0
2080.5	0.5220703125 0.0
2080.5	0.269091796875 0.0
2080.5	0.217529296875 0.0
2080.6	0.290844726562 0.0
2080.6	0.39638671875 0.0
2080.6	0.4318359375 0.0
2080.8	0.279565429687 0.0
2080.8	0.2642578125 0.0
2080.8	0.450366210937 0.0
2080.8	0.339990234375 0.0
2080.9	1.33498535156 0.0
2081.0	0.347241210937 0.0
2081.0	0.149047851562 0.0
2081.0	0.2384765625 0.0
2081.0	0.13212890625 0.0
2081.0	0.2126953125 0.0
2081.1	0.350463867188 0.0
2081.1	0.20625 0.0
2081.2	0.188525390625 0.0
2081.3	0.136962890625 0.0
2081.4	0.14501953125 0.0
2081.4	0.3544921875 0.0
2081.4	0.365771484375 0.0
2081.5	0.270703125 0.0
2081.5	0.240893554687 0.0
2081.5	0.28359375 0.0
2081.6	0.374633789062 0.0
2081.6	0.3802734375 0.0
2081.7	0.18046875 0.0
2081.8	0.215112304687 0.0
2081.8	0.240893554687 0.0
2081.8	0.223974609375 0.0
2081.9	0.236865234375 0.0
2082.0	0.169189453125 0.0
2082.1	0.2642578125 0.0
2082.2	0.2255859375 0.0
2082.2	0.2384765625 0.0
2082.2	0.359326171875 0.0
2082.2	0.229614257812 0.0
2082.2	0.317431640625 0.0
2082.2	0.5091796875 0.0
2082.3	0.2255859375 0.0
2082.3	0.604248046875 0.0
2082.4	0.242504882812 0.0
2082.4	0.510791015625 0.0
2082.7	0.190942382812 0.0
2082.8	0.20625 0.0
2082.8	0.15146484375 0.0
2082.8	0.2771484375 0.0
2082.8	0.2255859375 0.0
2082.9	0.230419921875 0.0
2083.2	0.15791015625 0.0
2083.3	0.219140625 0.0
2083.3	0.198193359375 0.0
2083.4	0.240087890625 0.0
2083.4	0.41572265625 0.0
2083.4	0.15146484375 0.0
2083.5	0.62841796875 0.0
2083.5	0.23525390625 0.0
2083.5	0.116821289062 0.0
2083.5	0.4833984375 0.0
2083.6	0.22236328125 0.0
2083.7	0.394775390625 0.0
2083.8	2.33239746094 0.0
2083.9	0.417333984375 0.0
2083.9	0.229614257812 0.0
2083.9	0.1546875 0.0
2084.0	0.713012695312 0.0
2084.0	0.342407226562 0.0
2084.1	0.397192382812 0.0
2084.1	0.56396484375 0.0
2084.1	0.459228515625 0.0
2084.2	0.161938476562 0.0
2084.2	0.259423828125 0.0
2084.2	0.5994140625 0.0
2084.2	0.22236328125 0.0
2084.2	0.359326171875 0.0
2084.2	0.219946289062 0.0
2084.3	0.364965820312 0.0
2084.4	0.139379882812 0.0
2084.4	0.2642578125 0.0
2084.4	0.244921875 0.0
2084.5	0.733154296875 0.0
2084.6	0.373828125 0.0
2084.6	0.20302734375 0.0
2084.6	0.395581054687 0.0
2084.7	0.1482421875 0.0
2084.7	0.244921875 0.0
2084.7	0.734765625 0.0
2084.8	0.3416015625 0.0
2084.8	0.25458984375 0.0
2085.0	0.8314453125 0.0
2085.0	0.178051757812 0.0
2085.0	0.3673828125 0.0
2085.1	0.19658203125 0.0
2085.2	0.2513671875 0.0
2085.3	0.324682617187 0.0
2085.3	0.837890625 0.0
2085.3	0.800830078125 0.0
2085.4	0.211083984375 0.0
2085.4	0.66708984375 0.0
2085.5	0.137768554687 0.0
2085.5	0.1869140625 0.0
2085.5	0.613916015625 0.0
2085.5	0.436669921875 0.0
2085.5	0.348046875 0.0
2085.6	0.33515625 0.0
2085.6	0.22236328125 0.0
2085.6	0.215112304687 0.0
2085.7	0.18369140625 0.0
2085.7	0.435864257812 0.0
2085.7	0.24814453125 0.0
2085.8	0.48984375 0.0
2085.9	0.874951171875 0.0
2086.0	0.233642578125 0.0
2086.0	0.28359375 0.0
2086.0	0.542211914063 0.0
2086.0	0.887036132812 0.0
2086.2	0.1546875 0.0
2086.4	0.38349609375 0.0
2086.4	0.359326171875 0.0
2086.4	0.165966796875 0.0
2086.4	0.40283203125 0.0
2086.5	0.2513671875 0.0
2086.5	0.452783203125 0.0
2086.6	0.309375 0.0
2086.7	0.402026367187 0.0
2086.7	0.477758789062 0.0
2086.7	0.2642578125 0.0
2086.7	0.35126953125 0.0
2086.8	1.03125 0.0
2086.8	0.227197265625 0.0
2086.8	0.13857421875 0.0
2086.9	0.1869140625 0.0
2087.0	0.282788085937 0.0
2087.0	0.307763671875 0.0
2087.0	0.555908203125 0.0
2087.0	0.249755859375 0.0
2087.1	0.38671875 0.0
2087.1	0.236865234375 0.0
2087.1	0.153076171875 0.0
2087.1	0.407666015625 0.0
2087.2	0.300512695312 0.0
2087.3	0.198193359375 0.0
2087.4	0.156298828125 0.0
2087.4	0.188525390625 0.0
2087.5	0.1482421875 0.0
2087.5	0.171606445312 0.0
2087.5	0.465673828125 0.0
2087.5	0.207055664062 0.0
2087.5	0.213500976562 0.0
2087.5	0.172412109375 0.0
2087.6	0.169189453125 0.0
2087.7	0.244921875 0.0
2087.7	0.211889648437 0.0
2087.8	0.219140625 0.0
2087.9	0.19658203125 0.0
2087.9	0.309375 0.0
2088.0	0.3029296875 0.0
2088.0	0.165966796875 0.0
2088.1	0.229614257812 0.0
2088.1	0.551879882812 0.0
2088.1	0.2384765625 0.0
2088.1	0.277954101562 0.0
2088.1	0.23203125 0.0
2088.1	0.256201171875 0.0
2088.1	0.31259765625 0.0
2088.2	0.258618164062 0.0
2088.2	0.279565429687 0.0
2088.2	0.278759765625 0.0
2088.3	0.2126953125 0.0
2088.4	0.329516601562 0.0
2088.4	0.607470703125 0.0
2088.5	0.3609375 0.0
2088.5	0.384301757812 0.0
2088.5	0.389135742187 0.0
2088.5	0.298095703125 0.0
2088.6	0.373022460937 0.0
2088.6	0.20302734375 0.0
2088.6	0.20302734375 0.0
2088.7	0.117626953125 0.0
2088.9	0.3931640625 0.0
2088.9	0.20625 0.0
2088.9	0.234448242187 0.0
2089.0	0.362548828125 0.0
2089.0	0.131323242187 0.0
2089.1	0.2642578125 0.0
2089.1	0.103125 0.0
2089.2	0.275537109375 0.0
2089.2	0.236865234375 0.0
2089.3	0.228002929687 0.0
2089.3	0.314208984375 0.0
2089.3	0.198193359375 0.0
2089.3	0.17724609375 0.0
2089.3	0.193359375 0.0
2089.4	0.167578125 0.0
2089.5	0.339990234375 0.0
2089.5	0.185302734375 0.0
2089.6	0.2513671875 0.0
2089.6	0.2578125 0.0
2089.6	0.2255859375 0.0
2089.6	2.33159179687 0.0
2089.7	0.33193359375 0.0
2089.7	0.208666992187 0.0
2089.7	0.482592773437 0.0
2089.7	0.349658203125 0.0
2089.8	0.265869140625 0.0
2089.8	0.19658203125 0.0
2089.8	0.352880859375 0.0
2090.0	0.459228515625 0.0
2090.0	0.261840820312 0.0
2090.1	0.30615234375 0.0
2090.1	0.11923828125 0.0
2090.2	0.214306640625 0.0
2090.2	0.194970703125 0.0
2090.3	0.330322265625 0.0
2090.3	0.246533203125 0.0
2090.4	0.22880859375 0.0
2090.4	0.4833984375 0.0
2090.5	0.292456054687 0.0
2090.6	0.717041015625 0.0
2090.6	0.229614257812 0.0
2090.6	0.694482421875 0.0
2090.7	0.28681640625 0.0
2090.7	0.2384765625 0.0
2090.8	0.22880859375 0.0
2090.8	0.523681640625 0.0
2090.9	0.234448242187 0.0
2091.0	0.303735351562 0.0
2091.0	0.143408203125 0.0
2091.0	0.185302734375 0.0
2091.1	0.165966796875 0.0
2091.1	0.296484375 0.0
2091.2	0.265869140625 0.0
2091.3	0.29970703125 0.0
2091.3	0.126489257813 0.0
2091.3	0.327905273437 0.0
2091.3	0.14501953125 0.0
2091.5	0.219140625 0.0
2091.5	0.214306640625 0.0
2091.5	0.388330078125 0.0
2091.6	0.349658203125 0.0
2091.8	0.127294921875 0.0
2091.9	0.54462890625 0.0
2092.0	0.318237304688 0.0
2092.0	0.091845703125 0.0
2092.0	0.165966796875 0.0
2092.0	0.324682617187 0.0
2092.0	0.38671875 0.0
2092.1	0.5091796875 0.0
2092.2	0.348852539062 0.0
2092.2	0.577661132812 0.0
2092.3	0.594580078125 0.0
2092.3	0.406860351562 0.0
2092.4	0.33515625 0.0
2092.4	0.149047851562 0.0
2092.4	0.259423828125 0.0
2092.5	0.243310546875 0.0
2092.6	0.23203125 0.0
2092.6	0.120849609375 0.0
2092.7	0.167578125 0.0
2092.7	0.256201171875 0.0
2092.7	0.211083984375 0.0
2093.0	0.23203125 0.0
2093.0	0.588134765625 0.0
2093.1	0.392358398437 0.0
2093.2	0.22880859375 0.0
2093.2	0.304541015625 0.0
2093.2	0.219140625 0.0
2093.2	0.709790039062 0.0
2093.3	0.26103515625 0.0
2093.3	0.20947265625 0.0
2093.4	0.34482421875 0.0
2093.5	0.193359375 0.0
2093.6	0.479370117188 0.0
2093.6	0.478564453125 0.0
2093.6	0.3416015625 0.0
2093.7	0.407666015625 0.0
2093.7	0.142602539063 0.0
2093.7	0.169189453125 0.0
2093.7	0.722680664062 0.0
2093.7	0.456005859375 0.0
2093.8	0.16435546875 0.0
2093.8	0.331127929687 0.0
2093.8	0.227197265625 0.0
2093.8	0.272314453125 0.0
2093.9	0.28681640625 0.0
2093.9	0.178051757812 0.0
2094.0	0.169995117187 0.0
2094.1	0.19013671875 0.0
2094.1	0.226391601562 0.0
2094.1	0.169189453125 0.0
2094.2	0.304541015625 0.0
2094.2	0.317431640625 0.0
2094.2	0.361743164062 0.0
2094.3	0.307763671875 0.0
2094.3	0.348046875 0.0
2094.4	0.272314453125 0.0
2094.4	0.529321289062 0.0
2094.4	0.490649414062 0.0
2094.4	0.226391601562 0.0
2094.5	0.182080078125 0.0
2094.5	0.43828125 0.0
2094.6	0.364965820312 0.0
2094.7	0.352880859375 0.0
2094.7	0.285205078125 0.0
2094.9	0.141796875 0.0
2094.9	0.2900390625 0.0
2094.9	0.298095703125 0.0
2095.1	0.38671875 0.0
2095.2	0.091845703125 0.0
2095.2	0.377856445312 0.0
2095.2	0.198193359375 0.0
2095.3	0.20625 0.0
2095.3	0.33193359375 0.0
2095.3	0.168383789062 0.0
2095.4	0.466479492187 0.0
2095.4	0.211889648437 0.0
2095.4	0.605859375 0.0
2095.4	0.1482421875 0.0
2095.4	0.526904296875 0.0
2095.5	0.291650390625 0.0
2095.5	0.420556640625 0.0
2095.6	0.664672851562 0.0
2095.7	0.152270507812 0.0
2095.7	0.26103515625 0.0
2095.8	0.1998046875 0.0
2095.8	0.223974609375 0.0
2095.8	0.261840820312 0.0
2095.9	0.129711914062 0.0
2096.1	0.291650390625 0.0
2096.2	0.65419921875 0.0
2096.2	0.14501953125 0.0
2096.2	0.213500976562 0.0
2096.2	0.3158203125 0.0
2096.3	0.39638671875 0.0
2096.4	0.19013671875 0.0
2096.4	0.2126953125 0.0
2096.4	0.211083984375 0.0
2096.4	0.13857421875 0.0
2096.5	0.827416992187 0.0
2096.5	0.268286132812 0.0
2096.5	0.12890625 0.0
2096.7	0.145825195312 0.0
2096.7	0.410083007812 0.0
2096.7	0.729931640625 0.0
2096.7	0.549462890625 0.0
2096.8	0.118432617187 0.0
2096.8	0.243310546875 0.0
2096.8	0.348046875 0.0
2097.0	0.539794921875 0.0
2097.0	0.2384765625 0.0
2097.0	0.704956054688 0.0
2097.1	0.20625 0.0
2097.1	0.2513671875 0.0
2097.2	0.201416015625 0.0
2097.2	0.298095703125 0.0
2097.3	0.270703125 0.0
2097.3	0.272314453125 0.0
2097.3	0.265869140625 0.0
2097.3	0.2900390625 0.0
2097.4	0.269897460938 0.0
2097.5	0.217529296875 0.0
2097.5	0.234448242187 0.0
2097.5	0.3609375 0.0
2097.6	0.16435546875 0.0
2097.8	0.26748046875 0.0
2097.8	0.140185546875 0.0
2097.9	0.23203125 0.0
2098.0	0.221557617188 0.0
2098.0	0.456005859375 0.0
2098.0	0.15146484375 0.0
2098.1	1.05864257812 0.0
2098.1	0.425390625 0.0
2098.1	0.533349609375 0.0
