1840.5	0.221557617188 0.0
1840.6	0.152270507812 0.0
1840.6	0.390747070312 0.0
1840.7	0.329516601562 0.0
1840.7	0.399609375 0.0
1840.7	0.311791992187 0.0
1840.8	0.1095703125 0.0
1840.8	0.336767578125 0.0
1840.9	0.310986328125 0.0
1840.9	0.23203125 0.0
1840.9	0.388330078125 0.0
1841.0	0.2642578125 0.0
1841.0	0.301318359375 0.0
1841.1	0.140991210938 0.0
1841.2	0.4833984375 0.0
1841.2	0.489038085937 0.0
1841.4	0.365771484375 0.0
1841.4	0.51884765625 0.0
1841.4	0.146630859375 0.0
1841.5	0.201416015625 0.0
1841.5	0.314208984375 0.0
1841.6	0.26103515625 0.0
1841.6	0.376245117187 0.0
1841.7	0.352880859375 0.0
1841.8	0.333544921875 0.0
1841.8	0.207861328125 0.0
1841.8	0.289233398438 0.0
1841.9	0.54140625 0.0
1841.9	0.249755859375 0.0
1841.9	0.542211914063 0.0
1842.0	0.181274414062 0.0
1842.0	0.214306640625 0.0
1842.1	0.464868164062 0.0
1842.1	0.24814453125 0.0
1842.1	0.178857421875 0.0
1842.1	0.414111328125 0.0
1842.2	0.193359375 0.0
1842.2	0.47373046875 0.0
1842.2	0.202221679687 0.0
1842.2	0.391552734375 0.0
1842.2	0.3609375 0.0
1842.4	0.193359375 0.0
1842.4	0.1740234375 0.0
1842.4	0.25458984375 0.0
1842.4	0.3029296875 0.0
1842.4	0.282788085937 0.0
1842.7	0.158715820312 0.0
1842.8	0.316625976562 0.0
1842.8	0.33837890625 0.0
1842.8	0.250561523437 0.0
1842.9	0.218334960937 0.0
1843.0	0.208666992187 0.0
1843.0	0.690454101562 0.0
1843.1	0.0966796875 0.0
1843.2	0.281176757813 0.0
1843.2	0.551879882812 0.0
1843.2	0.414916992188 0.0
1843.3	0.242504882812 0.0
1843.3	0.296484375 0.0
1843.4	0.228002929687 0.0
1843.4	0.236059570312 0.0
1843.4	0.194970703125 0.0
1843.6	0.292456054687 0.0
1843.6	0.40927734375 0.0
1843.6	0.348046875 0.0
1843.6	0.231225585937 0.0
1843.7	0.306958007812 0.0
1843.7	0.298901367187 0.0
1843.7	0.626000976562 0.0
1843.7	0.161938476562 0.0
1843.8	0.187719726562 0.0
1843.8	0.451171875 0.0
1843.9	0.201416015625 0.0
1843.9	0.517236328125 0.0
1843.9	0.2771484375 0.0
1843.9	0.3673828125 0.0
1843.9	0.883813476562 0.0
1844.0	0.632446289062 0.0
1844.0	0.193359375 0.0
1844.2	0.2513671875 0.0
1844.2	0.188525390625 0.0
1844.2	0.203833007812 0.0
1844.3	0.459228515625 0.0
1844.3	0.442309570312 0.0
1844.4	0.113598632812 0.0
1844.4	0.350463867188 0.0
1844.4	0.195776367187 0.0
1844.5	0.20302734375 0.0
1844.7	0.399609375 0.0
1844.7	0.5994140625 0.0
1844.7	0.443115234375 0.0
1844.7	0.2578125 0.0
1844.8	0.28037109375 0.0
1844.8	0.1546875 0.0
1844.8	0.252978515625 0.0
1844.8	0.335961914062 0.0
1844.8	0.274731445312 0.0
1844.9	0.4125 0.0
1844.9	0.2255859375 0.0
1845.0	0.46083984375 0.0
1845.0	0.213500976562 0.0
1845.1	0.445532226562 0.0
1845.1	0.638891601562 0.0
1845.2	0.5220703125 0.0
1845.2	0.38349609375 0.0
1845.3	0.169189453125 0.0
1845.4	0.435864257812 0.0
1845.4	0.397192382812 0.0
1845.4	0.330322265625 0.0
1845.5	0.420556640625 0.0
1845.5	0.24169921875 0.0
1845.6	0.361743164062 0.0
1845.6	0.197387695312 0.0
1845.6	0.517236328125 0.0
1845.7	0.28359375 0.0
1845.8	0.1998046875 0.0
1845.8	0.15146484375 0.0
1845.8	0.28681640625 0.0
1845.8	0.340795898437 0.0
1845.9	0.265063476563 0.0
1846.1	0.20947265625 0.0
1846.1	0.448754882812 0.0
1846.3	0.943432617187 0.0
1846.3	0.515625 0.0
1846.4	0.2126953125 0.0
1846.4	0.326293945312 0.0
1846.5	0.484204101562 0.0
1846.5	0.219140625 0.0
1846.5	0.416528320312 0.0
1846.6	0.60263671875 0.0
1846.8	0.156298828125 0.0
1846.8	0.38671875 0.0
1846.9	0.249755859375 0.0
1846.9	0.40927734375 0.0
1847.0	0.322265625 0.0
1847.0	0.294873046875 0.0
1847.0	0.352880859375 0.0
1847.0	0.178857421875 0.0
1847.1	0.485815429687 0.0
1847.1	0.371411132812 0.0
1847.2	0.23203125 0.0
1847.3	0.19013671875 0.0
1847.3	0.202221679687 0.0
1847.6	0.23203125 0.0
1847.6	0.173217773438 0.0
1847.7	0.425390625 0.0
1847.7	0.215112304687 0.0
1847.7	0.15791015625 0.0
1847.7	0.193359375 0.0
1847.9	0.240893554687 0.0
1847.9	0.215112304687 0.0
1847.9	0.421362304687 0.0
1847.9	0.158715820312 0.0
1847.9	0.332739257812 0.0
1847.9	0.237670898438 0.0
1847.9	0.662255859375 0.0
1848.0	0.2578125 0.0
1848.0	0.23203125 0.0
1848.1	0.239282226562 0.0
1848.1	0.159521484375 0.0
1848.2	0.198193359375 0.0
1848.3	0.40927734375 0.0
1848.3	0.420556640625 0.0
1848.4	0.479370117188 0.0
1848.5	0.203833007812 0.0
1848.5	0.322265625 0.0
1848.5	0.304541015625 0.0
1848.6	0.399609375 0.0
1848.6	0.414916992188 0.0
1848.8	0.175634765625 0.0
1848.8	0.217529296875 0.0
1848.9	0.42216796875 0.0
1849.1	0.20625 0.0
1849.1	0.722680664062 0.0
1849.1	0.28359375 0.0
1849.2	0.156298828125 0.0
1849.2	0.284399414062 0.0
1849.2	0.4125 0.0
1849.2	0.365771484375 0.0
1849.3	0.285205078125 0.0
1849.4	0.329516601562 0.0
1849.4	0.120849609375 0.0
1849.5	0.157104492188 0.0
1849.6	0.307763671875 0.0
1849.7	0.323071289062 0.0
1849.8	0.893481445312 0.0
1849.8	0.215112304687 0.0
1849.9	0.12568359375 0.0
1850.0	0.1546875 0.0
1850.2	0.301318359375 0.0
1850.2	0.19013671875 0.0
1850.3	0.201416015625 0.0
1850.4	0.197387695312 0.0
1850.4	0.434252929687 0.0
1850.5	0.130517578125 0.0
1850.5	2.33078613281 0.0
1850.6	0.265869140625 0.0
1850.6	0.307763671875 0.0
1850.6	0.129711914062 0.0
1850.6	0.149047851562 0.0
1850.6	0.172412109375 0.0
1850.6	0.18046875 0.0
1850.7	0.182080078125 0.0
1850.7	0.858032226562 0.0
1850.8	0.64130859375 0.0
1850.8	0.201416015625 0.0
1850.8	0.3609375 0.0
1850.8	0.33515625 0.0
1850.9	0.213500976562 0.0
1850.9	0.31904296875 0.0
1851.0	0.340795898437 0.0
1851.0	0.190942382812 0.0
1851.2	0.265063476563 0.0
1851.3	0.335961914062 0.0
1851.3	0.3544921875 0.0
1851.3	0.38349609375 0.0
1851.3	0.296484375 0.0
1851.3	0.289233398438 0.0
1851.3	0.182080078125 0.0
1851.4	0.258618164062 0.0
1851.4	0.337573242187 0.0
1851.4	0.1611328125 0.0
1851.5	0.35126953125 0.0
1851.5	0.191748046875 0.0
1851.5	0.584912109375 0.0
1851.5	0.604248046875 0.0
1851.5	0.1546875 0.0
1851.5	1.30678710937 0.0
1851.6	0.314208984375 0.0
1851.7	0.281982421875 0.0
1851.8	0.407666015625 0.0
1851.8	0.297290039063 0.0
1851.8	0.397192382812 0.0
1851.8	0.33515625 0.0
1851.8	0.313403320312 0.0
1851.8	0.85400390625 0.0
1851.8	0.28359375 0.0
1851.8	0.265869140625 0.0
1851.9	0.262646484375 0.0
1852.0	0.345629882812 0.0
1852.1	0.15146484375 0.0
1852.1	0.3931640625 0.0
1852.2	0.298095703125 0.0
1852.2	0.23525390625 0.0
1852.3	2.24780273438 0.0
1852.4	0.19013671875 0.0
1852.4	0.114404296875 0.0
1852.4	0.4189453125 0.0
1852.4	0.3158203125 0.0
1852.5	0.26748046875 0.0
1852.6	0.15791015625 0.0
1852.7	0.26103515625 0.0
1852.7	0.874951171875 0.0
1852.8	0.09345703125 0.0
1852.8	0.348046875 0.0
1852.8	0.43505859375 0.0
1852.8	0.529321289062 0.0
1852.8	0.309375 0.0
1852.9	0.115209960937 0.0
1852.9	0.168383789062 0.0
1853.0	0.248950195312 0.0
1853.0	0.217529296875 0.0
1853.1	0.156298828125 0.0
1853.1	0.240893554687 0.0
1853.1	0.33837890625 0.0
1853.2	0.356103515625 0.0
1853.3	0.171606445312 0.0
1853.3	0.172412109375 0.0
1853.4	0.3609375 0.0
1853.4	0.217529296875 0.0
1853.4	0.288427734375 0.0
1853.5	0.107153320312 0.0
1853.5	0.145825195312 0.0
1853.5	0.20947265625 0.0
1853.6	0.55751953125 0.0
1853.6	0.451171875 0.0
1853.8	0.153076171875 0.0
1853.8	0.42861328125 0.0
1853.8	2.32998046875 0.0
1853.8	0.601025390625 0.0
1853.9	0.959545898437 0.0
1854.1	0.343212890625 0.0
1854.1	0.198193359375 0.0
1854.2	0.219140625 0.0
1854.3	0.2126953125 0.0
1854.3	0.462451171875 0.0
1854.3	0.261840820312 0.0
1854.4	0.248950195312 0.0
1854.4	0.471313476562 0.0
1854.5	0.391552734375 0.0
1854.5	0.150659179688 0.0
1854.5	0.448754882812 0.0
1854.5	0.26103515625 0.0
1854.5	0.244921875 0.0
1854.7	0.255395507812 0.0
1854.8	0.539794921875 0.0
1854.8	0.601831054687 0.0
1854.8	0.174829101562 0.0
1854.9	0.236865234375 0.0
1854.9	0.278759765625 0.0
1854.9	0.42861328125 0.0
1854.9	0.44150390625 0.0
1854.9	0.262646484375 0.0
1855.0	0.245727539062 0.0
1855.0	0.28359375 0.0
1855.0	0.244921875 0.0
1855.0	0.5349609375 0.0
1855.0	0.236059570312 0.0
1855.0	0.397998046875 0.0
1855.1	0.891064453125 0.0
1855.2	0.19013671875 0.0
1855.3	0.184497070312 0.0
1855.3	0.13857421875 0.0
1855.3	0.193359375 0.0
1855.4	0.12890625 0.0
1855.5	0.28037109375 0.0
1855.5	0.2578125 0.0
1855.5	0.339990234375 0.0
1855.6	0.29326171875 0.0
1855.6	0.217529296875 0.0
1855.6	0.498706054687 0.0
1855.6	0.59619140625 0.0
1855.7	0.103125 0.0
1855.7	0.200610351562 0.0
1855.8	0.352880859375 0.0
1855.9	0.215112304687 0.0
1855.9	1.36560058594 0.0
1855.9	0.335961914062 0.0
1855.9	0.485009765625 0.0
1856.1	0.185302734375 0.0
1856.2	0.207861328125 0.0
1856.2	0.271508789062 0.0
1856.3	0.310180664062 0.0
1856.4	0.261840820312 0.0
1856.4	0.29326171875 0.0
1856.5	0.11923828125 0.0
1856.5	0.169189453125 0.0
1856.6	0.146630859375 0.0
1856.6	0.18046875 0.0
1856.7	0.967602539062 0.0
1856.7	0.203833007812 0.0
1856.7	0.247338867187 0.0
1856.8	0.294067382812 0.0
1856.8	0.236865234375 0.0
1856.9	0.230419921875 0.0
1856.9	0.236865234375 0.0
1856.9	0.287622070312 0.0
1857.0	0.322265625 0.0
1857.0	0.368188476562 0.0
1857.2	0.4125 0.0
1857.2	0.274731445312 0.0
1857.2	0.310986328125 0.0
1857.3	0.18369140625 0.0
1857.3	0.294067382812 0.0
1857.5	0.207861328125 0.0
1857.5	0.3544921875 0.0
1857.6	0.339990234375 0.0
1857.7	0.296484375 0.0
1857.7	0.20947265625 0.0
1857.7	0.410888671875 0.0
1857.7	0.169995117187 0.0
1857.9	0.378662109375 0.0
1858.0	0.237670898438 0.0
1858.0	0.355297851562 0.0
1858.0	0.3029296875 0.0
1858.3	0.23525390625 0.0
1858.4	0.261840820312 0.0
1858.4	0.439892578125 0.0
1858.5	0.372216796875 0.0
1858.5	0.29970703125 0.0
1858.5	0.353686523437 0.0
1858.5	0.146630859375 0.0
1858.6	0.2642578125 0.0
1858.6	0.1546875 0.0
1858.6	0.468090820312 0.0
1858.7	0.4125 0.0
1858.8	0.282788085937 0.0
1858.8	0.268286132812 0.0
1858.8	0.563159179687 0.0
1858.9	0.227197265625 0.0
1858.9	0.231225585937 0.0
1858.9	0.285205078125 0.0
1858.9	0.15791015625 0.0
1859.0	0.526098632813 0.0
1859.0	0.165966796875 0.0
1859.1	0.1998046875 0.0
1859.1	0.364965820312 0.0
1859.1	0.307763671875 0.0
1859.1	0.149853515625 0.0
1859.1	1.276171875 0.0
1859.1	0.244921875 0.0
1859.2	0.219140625 0.0
1859.4	0.381884765625 0.0
1859.4	0.300512695312 0.0
1859.5	0.3416015625 0.0
1859.7	0.250561523437 0.0
1859.7	0.281982421875 0.0
1859.7	0.787939453125 0.0
1859.7	0.1095703125 0.0
1859.8	0.2513671875 0.0
1859.9	0.539794921875 0.0
1859.9	0.207861328125 0.0
1859.9	0.414111328125 0.0
1859.9	0.189331054688 0.0
1859.9	0.29970703125 0.0
1860.0	0.201416015625 0.0
1860.1	0.327099609375 0.0
1860.1	0.20625 0.0
1860.1	0.28359375 0.0
1860.1	0.17080078125 0.0
1860.2	0.158715820312 0.0
1860.3	0.21591796875 0.0
1860.4	0.3802734375 0.0
1860.4	0.4705078125 0.0
1860.7	0.4060546875 0.0
1860.7	0.284399414062 0.0
1860.7	0.270703125 0.0
1860.7	0.272314453125 0.0
1860.8	0.399609375 0.0
1860.8	0.42216796875 0.0
1860.9	0.339184570312 0.0
1860.9	0.453588867187 0.0
1861.0	0.127294921875 0.0
1861.0	0.39638671875 0.0
1861.1	0.832250976562 0.0
1861.1	0.3609375 0.0
1861.1	0.348046875 0.0
1861.1	0.193359375 0.0
1861.2	0.244921875 0.0
1861.2	0.256201171875 0.0
1861.2	0.2255859375 0.0
1861.3	0.193359375 0.0
1861.4	0.1740234375 0.0
1861.4	0.33193359375 0.0
1861.5	0.317431640625 0.0
1861.6	0.375439453125 0.0
1861.6	0.26748046875 0.0
1861.6	0.2255859375 0.0
1861.6	0.275537109375 0.0
1861.6	0.236865234375 0.0
1861.6	0.202221679687 0.0
1861.7	0.416528320312 0.0
1861.7	0.2126953125 0.0
1861.8	0.130517578125 0.0
1861.8	0.855615234375 0.0
1861.9	0.291650390625 0.0
1861.9	0.185302734375 0.0
1861.9	0.194970703125 0.0
1862.0	0.211083984375 0.0
1862.0	0.107958984375 0.0
1862.0	0.515625 0.0
1862.1	0.1546875 0.0
1862.1	0.655810546875 0.0
1862.1	0.231225585937 0.0
1862.1	0.13212890625 0.0
1862.1	0.336767578125 0.0
1862.2	0.158715820312 0.0
1862.3	0.829028320312 0.0
1862.3	0.25458984375 0.0
1862.3	0.277954101562 0.0
1862.3	0.309375 0.0
1862.4	0.175634765625 0.0
1862.5	0.59619140625 0.0
1862.5	0.522875976562 0.0
1862.5	0.35771484375 0.0
1862.6	0.403637695312 0.0
1862.6	0.30615234375 0.0
1862.7	0.327099609375 0.0
1862.8	0.289233398438 0.0
1862.8	0.252172851562 0.0
1862.8	0.215112304687 0.0
1863.0	0.20625 0.0
1863.0	0.23203125 0.0
1863.0	0.26748046875 0.0
1863.1	0.214306640625 0.0
1863.1	0.0910400390625 0.0
1863.2	0.40927734375 0.0
1863.4	0.153076171875 0.0
1863.4	0.1546875 0.0
1863.4	0.2771484375 0.0
1863.4	0.146630859375 0.0
1863.5	0.169189453125 0.0
1863.6	0.79921875 0.0
1863.7	0.561547851562 0.0
1863.7	0.435864257812 0.0
1863.8	0.252978515625 0.0
1863.8	0.158715820312 0.0
1864.0	0.55107421875 0.0
1864.1	0.451171875 0.0
1864.1	0.162744140625 0.0
1864.1	0.189331054688 0.0
1864.2	0.217529296875 0.0
1864.2	0.111181640625 0.0
1864.3	0.3287109375 0.0
1864.3	0.150659179688 0.0
1864.4	0.230419921875 0.0
1864.5	0.47373046875 0.0
1864.5	0.376245117187 0.0
1864.6	0.139379882812 0.0
1864.6	0.270703125 0.0
1864.6	0.233642578125 0.0
1864.6	0.451171875 0.0
1864.7	0.207861328125 0.0
1864.7	0.4962890625 0.0
1864.8	0.268286132812 0.0
1864.8	1.42924804687 0.0
1864.8	0.309375 0.0
1864.9	0.104736328125 0.0
1864.9	0.355297851562 0.0
1865.0	0.178857421875 0.0
1865.0	0.243310546875 0.0
1865.2	0.167578125 0.0
1865.2	0.136962890625 0.0
1865.4	0.530126953125 0.0
1865.5	0.167578125 0.0
1865.5	0.432641601562 0.0
1865.5	0.207861328125 0.0
1865.5	0.133740234375 0.0
1865.6	0.352880859375 0.0
1865.6	0.53818359375 0.0
1865.7	0.2900390625 0.0
1865.7	0.350463867188 0.0
1865.8	0.66708984375 0.0
1865.9	0.214306640625 0.0
1865.9	0.47373046875 0.0
1865.9	0.274731445312 0.0
1865.9	0.256201171875 0.0
1865.9	0.130517578125 0.0
1866.1	0.211889648437 0.0
1866.1	0.335961914062 0.0
1866.2	0.220751953125 0.0
1866.3	0.40283203125 0.0
1866.3	0.568798828125 0.0
1866.4	0.310180664062 0.0
1866.4	0.28037109375 0.0
1866.5	0.195776367187 0.0
1866.5	0.78955078125 0.0
1866.6	0.296484375 0.0
1866.7	0.688842773438 0.0
1866.7	0.256201171875 0.0
1866.8	0.608276367188 0.0
1866.9	0.107958984375 0.0
1866.9	0.195776367187 0.0
1866.9	0.281982421875 0.0
1866.9	0.255395507812 0.0
1866.9	0.247338867187 0.0
1867.0	0.3931640625 0.0
1867.1	0.622778320312 0.0
1867.2	0.246533203125 0.0
1867.3	0.214306640625 0.0
1867.4	0.18369140625 0.0
1867.4	0.44794921875 0.0
1867.5	0.511596679688 0.0
1867.5	0.652587890625 0.0
1867.5	0.224780273437 0.0
1867.6	0.103930664062 0.0
1867.7	0.242504882812 0.0
1867.8	0.198999023437 0.0
1867.8	0.322265625 0.0
1867.8	0.19013671875 0.0
1867.9	0.16435546875 0.0
1867.9	0.3158203125 0.0
1868.0	0.198999023437 0.0
1868.1	0.162744140625 0.0
1868.1	0.502734375 0.0
1868.1	0.2513671875 0.0
1868.3	0.23203125 0.0
1868.3	0.67998046875 0.0
1868.3	0.29970703125 0.0
1868.3	0.182080078125 0.0
1868.4	0.20302734375 0.0
1868.4	0.7154296875 0.0
1868.4	0.21591796875 0.0
1868.5	0.252978515625 0.0
1868.5	0.2578125 0.0
1868.7	0.13212890625 0.0
1868.8	0.4318359375 0.0
1868.8	0.20302734375 0.0
1868.9	0.594580078125 0.0
1868.9	0.22236328125 0.0
1868.9	0.130517578125 0.0
1868.9	0.1095703125 0.0
1868.9	0.220751953125 0.0
1869.0	1.4759765625 0.0
1869.0	0.14501953125 0.0
1869.0	0.20625 0.0
1869.0	0.26748046875 0.0
1869.1	0.297290039063 0.0
1869.2	0.359326171875 0.0
1869.2	0.48662109375 0.0
1869.3	0.688037109375 0.0
1869.3	0.296484375 0.0
1869.3	0.1224609375 0.0
1869.4	0.227197265625 0.0
1869.5	0.194970703125 0.0
1869.5	0.4125 0.0
1869.5	0.131323242187 0.0
1869.5	0.19013671875 0.0
1869.5	0.939404296875 0.0
1869.6	0.31904296875 0.0
1869.6	0.227197265625 0.0
1869.6	0.584106445312 0.0
1869.6	0.275537109375 0.0
1869.9	0.286010742188 0.0
1869.9	0.20947265625 0.0
1869.9	0.38349609375 0.0
1870.0	0.227197265625 0.0
1870.0	0.392358398437 0.0
1870.0	0.90234375 0.0
1870.0	0.461645507812 0.0
1870.0	0.075732421875 0.0
1870.1	0.271508789062 0.0
1870.2	0.575244140625 0.0
1870.2	0.201416015625 0.0
1870.3	0.169995117187 0.0
1870.3	0.1482421875 0.0
1870.4	0.3673828125 0.0
1870.4	0.165161132812 0.0
1870.4	0.368994140625 0.0
1870.5	0.219140625 0.0
1870.5	0.87333984375 0.0
1870.5	0.461645507812 0.0
1870.6	0.243310546875 0.0
1870.7	0.22880859375 0.0
1870.7	0.211889648437 0.0
1870.8	0.207055664062 0.0
1870.9	0.181274414062 0.0
1871.1	0.294873046875 0.0
1871.1	0.272314453125 0.0
1871.1	0.1482421875 0.0
1871.3	0.161938476562 0.0
1871.3	0.279565429687 0.0
1871.3	0.191748046875 0.0
1871.3	0.1482421875 0.0
1871.4	0.244921875 0.0
1871.5	0.229614257812 0.0
1871.5	0.388330078125 0.0
1871.5	0.436669921875 0.0
1871.7	0.13212890625 0.0
1871.8	0.24169921875 0.0
1871.8	0.4640625 0.0
1871.9	0.198193359375 0.0
1871.9	0.391552734375 0.0
1871.9	0.800024414062 0.0
1871.9	0.451171875 0.0
1871.9	0.245727539062 0.0
1872.0	0.576049804688 0.0
1872.0	0.188525390625 0.0
1872.0	0.4189453125 0.0
1872.0	0.530126953125 0.0
1872.0	0.272314453125 0.0
1872.0	0.31904296875 0.0
1872.0	0.2578125 0.0
1872.0	0.45439453125 0.0
1872.3	0.42861328125 0.0
1872.3	0.281176757813 0.0
1872.3	0.343212890625 0.0
1872.4	0.3029296875 0.0
1872.4	0.244921875 0.0
1872.4	0.16435546875 0.0
1872.5	0.5478515625 0.0
1872.6	0.550268554688 0.0
1872.6	0.695288085937 0.0
1872.6	0.223168945312 0.0
1872.7	0.750073242187 0.0
1872.8	0.1998046875 0.0
1872.8	0.265063476563 0.0
1872.8	0.191748046875 0.0
1872.8	0.236865234375 0.0
1873.0	0.372216796875 0.0
1873.0	0.8830078125 0.0
1873.0	0.211083984375 0.0
1873.1	0.240893554687 0.0
1873.1	0.24169921875 0.0
1873.2	0.841918945312 0.0
1873.2	0.309375 0.0
1873.2	0.302124023438 0.0
1873.2	0.17724609375 0.0
1873.3	0.219140625 0.0
1873.4	0.23203125 0.0
1873.5	0.210278320312 0.0
1873.5	0.500317382812 0.0
1873.5	0.146630859375 0.0
1873.6	0.202221679687 0.0
1873.6	0.37705078125 0.0
1873.6	0.31259765625 0.0
1873.6	0.174829101562 0.0
1873.7	0.19658203125 0.0
1873.7	0.149853515625 0.0
1873.7	0.156298828125 0.0
1873.7	0.758129882812 0.0
1873.8	0.388330078125 0.0
1873.9	0.352880859375 0.0
1873.9	0.223168945312 0.0
1873.9	0.41572265625 0.0
1874.0	0.275537109375 0.0
1874.0	0.465673828125 0.0
1874.1	0.420556640625 0.0
1874.1	0.2771484375 0.0
1874.2	0.219946289062 0.0
1874.3	0.13857421875 0.0
1874.3	0.656616210938 0.0
1874.4	0.294873046875 0.0
1874.4	0.188525390625 0.0
1874.5	0.272314453125 0.0
1874.5	0.1546875 0.0
1874.5	0.336767578125 0.0
1874.6	0.327905273437 0.0
1874.6	0.191748046875 0.0
1874.6	0.223168945312 0.0
1874.6	0.265869140625 0.0
1874.7	0.20625 0.0
1874.7	0.877368164062 0.0
1874.8	0.20625 0.0
1874.8	0.269091796875 0.0
1874.9	0.372216796875 0.0
1874.9	0.203833007812 0.0
1875.1	0.2513671875 0.0
1875.1	0.2513671875 0.0
1875.1	0.4705078125 0.0
1875.1	0.1546875 0.0
1875.1	0.459228515625 0.0
1875.2	0.79599609375 0.0
1875.2	0.275537109375 0.0
1875.3	0.30615234375 0.0
1875.3	0.27392578125 0.0
1875.3	0.987744140625 0.0
1875.3	0.326293945312 0.0
1875.3	0.246533203125 0.0
1875.3	0.333544921875 0.0
1875.4	0.1740234375 0.0
1875.4	0.310986328125 0.0
1875.5	0.17080078125 0.0
1875.5	0.227197265625 0.0
1875.5	0.30615234375 0.0
1875.6	0.322265625 0.0
1875.7	0.304541015625 0.0
1875.7	0.19658203125 0.0
1875.7	0.433447265625 0.0
1875.8	0.200610351562 0.0
1875.8	0.4125 0.0
1875.9	0.24814453125 0.0
1875.9	0.194970703125 0.0
1875.9	0.346435546875 0.0
1875.9	0.184497070312 0.0
1875.9	0.130517578125 0.0
1876.0	0.169189453125 0.0
1876.0	0.3287109375 0.0
1876.0	0.260229492187 0.0
1876.1	0.161938476562 0.0
1876.1	0.201416015625 0.0
1876.1	0.36416015625 0.0
1876.2	0.449560546875 0.0
1876.3	0.182885742187 0.0
1876.3	0.366577148438 0.0
1876.3	0.5671875 0.0
1876.3	0.309375 0.0
1876.4	0.230419921875 0.0
1876.4	0.28359375 0.0
1876.4	0.141796875 0.0
1876.4	0.275537109375 0.0
1876.4	0.296484375 0.0
1876.5	0.4060546875 0.0
1876.5	0.277954101562 0.0
1876.5	0.172412109375 0.0
1876.6	0.2578125 0.0
1876.6	0.716235351562 0.0
1876.7	0.136962890625 0.0
1876.7	0.29326171875 0.0
1876.8	0.38994140625 0.0
1876.9	0.239282226562 0.0
1877.0	0.310986328125 0.0
1877.0	0.172412109375 0.0
1877.0	0.404443359375 0.0
1877.1	0.453588867187 0.0
1877.1	0.279565429687 0.0
1877.2	0.232836914062 0.0
1877.2	1.01594238281 0.0
1877.2	0.276342773437 0.0
1877.3	0.17724609375 0.0
1877.3	0.07734375 0.0
1877.3	0.211083984375 0.0
1877.3	0.604248046875 0.0
1877.3	0.304541015625 0.0
1877.3	0.211083984375 0.0
1877.4	0.304541015625 0.0
1877.4	0.2384765625 0.0
1877.5	0.455200195312 0.0
1877.5	0.204638671875 0.0
1877.5	0.1611328125 0.0
1877.6	0.78955078125 0.0
1877.6	0.0910400390625 0.0
1877.6	0.217529296875 0.0
1877.6	0.388330078125 0.0
1877.6	0.169189453125 0.0
1877.7	0.145825195312 0.0
1877.7	0.410083007812 0.0
1877.7	0.124877929688 0.0
1877.8	0.425390625 0.0
1877.8	0.286010742188 0.0
1877.8	0.399609375 0.0
1878.1	0.114404296875 0.0
1878.1	0.2578125 0.0
1878.1	0.363354492187 0.0
1878.2	0.172412109375 0.0
1878.2	0.25458984375 0.0
1878.2	0.22880859375 0.0
1878.2	0.18046875 0.0
1878.2	0.193359375 0.0
1878.3	0.2578125 0.0
1878.3	0.134545898438 0.0
1878.4	0.29970703125 0.0
1878.4	0.474536132812 0.0
1878.5	0.394775390625 0.0
1878.6	0.356103515625 0.0
1878.6	0.240893554687 0.0
1878.7	0.187719726562 0.0
1878.7	0.1998046875 0.0
1878.7	0.259423828125 0.0
1878.7	0.348046875 0.0
1878.8	0.223974609375 0.0
1878.8	0.26103515625 0.0
1878.8	0.278759765625 0.0
1878.8	0.16435546875 0.0
1878.9	0.11279296875 0.0
1878.9	0.31259765625 0.0
1878.9	0.22236328125 0.0
1879.0	0.464868164062 0.0
1879.1	0.7734375 0.0
1879.1	0.1998046875 0.0
1879.3	0.439892578125 0.0
1879.3	0.131323242187 0.0
1879.3	0.201416015625 0.0
1879.5	0.16435546875 0.0
1879.6	0.15791015625 0.0
1879.7	0.142602539063 0.0
1879.7	0.136157226562 0.0
1879.7	0.320654296875 0.0
1879.7	0.167578125 0.0
1879.7	0.169995117187 0.0
1879.8	0.346435546875 0.0
1879.8	0.185302734375 0.0
1879.8	0.23203125 0.0
1879.8	0.568798828125 0.0
1879.9	0.33837890625 0.0
1879.9	0.35126953125 0.0
1880.0	0.200610351562 0.0
1880.0	0.39638671875 0.0
1880.1	0.322265625 0.0
1880.1	0.33193359375 0.0
1880.1	0.381884765625 0.0
1880.2	0.286010742188 0.0
1880.2	0.301318359375 0.0
1880.2	0.253784179688 0.0
1880.3	0.230419921875 0.0
1880.3	0.300512695312 0.0
1880.3	1.19641113281 0.0
1880.4	0.1546875 0.0
1880.4	0.26103515625 0.0
1880.5	1.01433105469 0.0
1880.7	0.684814453125 0.0
1880.7	0.5736328125 0.0
1880.7	0.129711914062 0.0
1880.7	0.992578125 0.0
1880.7	0.262646484375 0.0
1880.8	0.5478515625 0.0
1880.8	0.440698242187 0.0
1880.8	0.28681640625 0.0
1880.8	0.37705078125 0.0
1880.8	0.190942382812 0.0
1880.9	0.343212890625 0.0
1880.9	0.597802734375 0.0
1881.0	0.603442382812 0.0
1881.1	0.381884765625 0.0
1881.1	0.281982421875 0.0
1881.1	0.188525390625 0.0
1881.1	0.8056640625 0.0
1881.2	0.248950195312 0.0
1881.2	0.452783203125 0.0
1881.2	0.352880859375 0.0
1881.2	0.296484375 0.0
1881.2	0.214306640625 0.0
1881.3	0.139379882812 0.0
1881.3	0.458422851562 0.0
1881.5	0.20625 0.0
1881.5	0.466479492187 0.0
1881.5	0.96357421875 0.0
1881.5	0.526904296875 0.0
1881.5	0.919262695312 0.0
1881.6	0.3673828125 0.0
1881.6	0.193359375 0.0
1881.7	0.3158203125 0.0
1881.7	0.2771484375 0.0
1881.7	0.316625976562 0.0
1881.7	0.198193359375 0.0
1881.9	0.17080078125 0.0
1881.9	0.187719726562 0.0
1881.9	0.326293945312 0.0
1882.0	0.1546875 0.0
1882.0	0.1224609375 0.0
1882.0	0.272314453125 0.0
1882.0	0.600219726562 0.0
1882.0	0.430224609375 0.0
1882.0	0.169189453125 0.0
1882.1	0.30615234375 0.0
1882.1	0.1998046875 0.0
1882.3	0.27392578125 0.0
1882.3	0.79599609375 0.0
1882.4	0.297290039063 0.0
1882.5	0.57041015625 0.0
1882.5	0.198193359375 0.0
1882.5	0.688037109375 0.0
1882.5	0.13212890625 0.0
1882.6	0.20947265625 0.0
1882.7	0.1869140625 0.0
1882.8	0.400415039062 0.0
1882.9	0.193359375 0.0
1883.0	0.21591796875 0.0
1883.0	0.25458984375 0.0
1883.0	0.220751953125 0.0
1883.1	0.1546875 0.0
1883.2	0.26103515625 0.0
1883.2	0.760546875 0.0
1883.2	0.20625 0.0
1883.2	0.175634765625 0.0
1883.3	0.17080078125 0.0
1883.3	0.213500976562 0.0
1883.4	0.920068359375 0.0
1883.4	0.190942382812 0.0
1883.4	0.384301757812 0.0
1883.6	0.152270507812 0.0
1883.6	0.3673828125 0.0
1883.8	0.23203125 0.0
1883.9	0.169995117187 0.0
1883.9	0.336767578125 0.0
1884.0	0.156298828125 0.0
1884.1	0.37060546875 0.0
1884.1	0.291650390625 0.0
1884.2	0.187719726562 0.0
1884.3	0.319848632812 0.0
1884.3	0.440698242187 0.0
1884.4	0.236059570312 0.0
1884.4	0.3287109375 0.0
1884.4	0.20302734375 0.0
1884.5	0.230419921875 0.0
1884.6	0.365771484375 0.0
1884.7	0.2578125 0.0
1884.7	0.217529296875 0.0
1884.7	0.591357421875 0.0
1884.7	0.186108398437 0.0
1884.7	0.43505859375 0.0
1884.8	0.153076171875 0.0
1884.8	0.28681640625 0.0
1884.8	0.181274414062 0.0
1884.8	0.26103515625 0.0
1884.9	0.232836914062 0.0
1885.0	0.323071289062 0.0
1885.1	0.23525390625 0.0
1885.1	0.350463867188 0.0
1885.2	0.240087890625 0.0
1885.2	0.181274414062 0.0
1885.2	0.301318359375 0.0
1885.2	0.167578125 0.0
1885.2	0.494677734375 0.0
1885.3	0.326293945312 0.0
1885.3	0.15791015625 0.0
1885.3	0.18046875 0.0
1885.3	1.13598632812 0.0
1885.4	0.236865234375 0.0
1885.4	0.303735351562 0.0
1885.4	0.230419921875 0.0
1885.4	0.529321289062 0.0
1885.4	0.178857421875 0.0
1885.5	0.17724609375 0.0
1885.5	0.31904296875 0.0
1885.5	0.375439453125 0.0
1885.6	0.323876953125 0.0
1885.6	0.152270507812 0.0
1885.6	0.378662109375 0.0
1885.7	0.640502929688 0.0
1885.8	0.4640625 0.0
1885.9	0.2126953125 0.0
1885.9	0.188525390625 0.0
1886.0	0.198193359375 0.0
1886.0	0.21591796875 0.0
1886.0	0.30615234375 0.0
1886.1	0.25458984375 0.0
1886.2	0.291650390625 0.0
1886.2	0.387524414062 0.0
1886.2	0.33837890625 0.0
1886.2	0.2578125 0.0
1886.3	0.22880859375 0.0
1886.4	0.262646484375 0.0
1886.4	0.18046875 0.0
1886.5	0.476147460937 0.0
1886.5	0.35771484375 0.0
1886.6	0.303735351562 0.0
1886.6	0.315014648437 0.0
1886.7	0.346435546875 0.0
1886.7	0.240893554687 0.0
1886.7	0.803247070312 0.0
1886.8	0.232836914062 0.0
1886.8	0.2513671875 0.0
1886.9	0.2771484375 0.0
1886.9	0.375439453125 0.0
1887.0	0.407666015625 0.0
1887.0	0.230419921875 0.0
1887.0	0.242504882812 0.0
1887.1	0.316625976562 0.0
1887.1	0.28037109375 0.0
1887.1	0.270703125 0.0
1887.1	0.42216796875 0.0
1887.1	0.1546875 0.0
1887.1	0.1546875 0.0
1887.2	0.389135742187 0.0
1887.2	0.243310546875 0.0
1887.3	0.427001953125 0.0
1887.3	0.33515625 0.0
1887.3	0.23203125 0.0
1887.3	0.416528320312 0.0
1887.4	0.594580078125 0.0
1887.4	0.3158203125 0.0
1887.4	0.33837890625 0.0
1887.4	0.64775390625 0.0
1887.5	0.163549804687 0.0
1887.5	0.33193359375 0.0
1887.5	0.246533203125 0.0
1887.5	0.273120117188 0.0
1887.7	0.1869140625 0.0
1887.7	0.43828125 0.0
1887.8	0.169995117187 0.0
1887.9	0.38671875 0.0
1887.9	0.336767578125 0.0
1888.0	0.2771484375 0.0
1888.1	0.29970703125 0.0
1888.2	0.551879882812 0.0
1888.2	0.801635742188 0.0
1888.3	0.208666992187 0.0
1888.5	0.253784179688 0.0
1888.5	0.210278320312 0.0
1888.5	0.352075195312 0.0
1888.5	0.133740234375 0.0
1888.6	0.145825195312 0.0
1888.7	0.476953125 0.0
1888.7	0.352880859375 0.0
1888.7	0.23525390625 0.0
1888.9	0.227197265625 0.0
1888.9	0.21591796875 0.0
1888.9	0.1611328125 0.0
1888.9	0.240893554687 0.0
1888.9	0.3673828125 0.0
1889.0	0.258618164062 0.0
1889.0	0.175634765625 0.0
1889.1	0.339990234375 0.0
1889.1	0.476953125 0.0
1889.2	0.252172851562 0.0
1889.3	0.229614257812 0.0
1889.4	0.221557617188 0.0
1889.4	0.193359375 0.0
1889.5	0.201416015625 0.0
1889.5	0.40283203125 0.0
1889.5	0.311791992187 0.0
1889.5	0.182080078125 0.0
1889.6	0.265063476563 0.0
1889.6	0.4189453125 0.0
1889.6	0.3158203125 0.0
1889.6	0.329516601562 0.0
1889.7	0.28037109375 0.0
1889.8	0.42216796875 0.0
1889.9	0.362548828125 0.0
1889.9	0.274731445312 0.0
1890.1	0.182080078125 0.0
1890.1	0.175634765625 0.0
1890.1	0.3158203125 0.0
1890.2	0.29326171875 0.0
1890.2	0.33193359375 0.0
1890.3	0.220751953125 0.0
1890.3	0.284399414062 0.0
1890.4	0.28037109375 0.0
1890.5	0.115209960937 0.0
1890.6	0.17724609375 0.0
1890.6	0.54140625 0.0
1890.6	0.298095703125 0.0
1890.6	0.268286132812 0.0
1890.7	0.69609375 0.0
1890.7	0.19013671875 0.0
1890.7	0.2126953125 0.0
1890.9	0.5736328125 0.0
1891.0	0.417333984375 0.0
1891.0	0.194970703125 0.0
1891.0	0.270703125 0.0
1891.1	0.227197265625 0.0
1891.1	0.298095703125 0.0
1891.2	0.610693359375 0.0
1891.2	0.258618164062 0.0
1891.2	0.169189453125 0.0
1891.3	0.440698242187 0.0
1891.3	0.242504882812 0.0
1891.3	0.228002929687 0.0
1891.3	0.854809570312 0.0
1891.4	0.547045898437 0.0
1891.4	0.223974609375 0.0
1891.4	0.18046875 0.0
1891.4	0.339990234375 0.0
1891.5	0.236059570312 0.0
1891.5	0.270703125 0.0
1891.5	0.710595703125 0.0
1891.5	0.198999023437 0.0
1891.6	0.543823242188 0.0
1891.6	0.61875 0.0
1891.6	0.638891601562 0.0
1891.7	0.348046875 0.0
1891.7	0.348852539062 0.0
1891.7	0.55107421875 0.0
1891.8	0.655810546875 0.0
1891.9	0.34482421875 0.0
1891.9	0.22236328125 0.0
1892.0	0.47373046875 0.0
1892.2	0.32548828125 0.0
1892.3	0.159521484375 0.0
1892.3	0.0974853515625 0.0
1892.3	0.269091796875 0.0
1892.3	0.256201171875 0.0
1892.3	0.3544921875 0.0
1892.4	0.385107421875 0.0
1892.4	0.456005859375 0.0
1892.4	0.233642578125 0.0
1892.4	0.207861328125 0.0
1892.4	0.382690429688 0.0
1892.4	0.477758789062 0.0
1892.5	0.54140625 0.0
1892.7	0.207861328125 0.0
1892.9	0.348046875 0.0
1892.9	0.34482421875 0.0
1892.9	0.320654296875 0.0
1892.9	0.124072265625 0.0
1892.9	0.236059570312 0.0
1893.0	0.220751953125 0.0
1893.0	0.162744140625 0.0
1893.1	0.439086914062 0.0
1893.1	0.200610351562 0.0
1893.1	0.237670898438 0.0
1893.2	0.137768554687 0.0
1893.2	0.551879882812 0.0
1893.2	0.729125976562 0.0
1893.3	0.169995117187 0.0
1893.3	0.356909179687 0.0
1893.3	0.297290039063 0.0
1893.4	0.432641601562 0.0
1893.5	0.291650390625 0.0
1893.5	0.390747070312 0.0
1893.5	0.169995117187 0.0
1893.5	0.349658203125 0.0
1893.5	0.332739257812 0.0
1893.5	0.201416015625 0.0
1893.6	0.3802734375 0.0
1893.6	0.159521484375 0.0
1893.6	0.376245117187 0.0
1893.7	0.296484375 0.0
1893.7	0.329516601562 0.0
1893.7	0.339990234375 0.0
1893.7	0.207055664062 0.0
1893.7	0.195776367187 0.0
1893.8	0.182885742187 0.0
1893.9	0.32548828125 0.0
1894.0	0.75087890625 0.0
1894.0	0.22236328125 0.0
1894.0	0.262646484375 0.0
1894.1	0.3544921875 0.0
1894.1	0.28681640625 0.0
1894.2	0.309375 0.0
1894.3	0.430224609375 0.0
1894.4	0.446337890625 0.0
1894.4	0.3029296875 0.0
1894.4	0.34482421875 0.0
1894.4	0.252172851562 0.0
1894.4	0.167578125 0.0
1894.4	0.247338867187 0.0
1894.4	0.275537109375 0.0
1894.4	0.2255859375 0.0
1894.5	0.331127929687 0.0
1894.5	0.141796875 0.0
1894.6	0.348852539062 0.0
1894.6	0.456005859375 0.0
1894.6	0.24814453125 0.0
1894.8	0.296484375 0.0
1894.8	0.24169921875 0.0
1894.8	0.281982421875 0.0
1894.8	0.746044921875 0.0
1894.8	0.07734375 0.0
1894.9	0.236865234375 0.0
1894.9	0.1740234375 0.0
1894.9	0.188525390625 0.0
1894.9	0.269091796875 0.0
1894.9	0.40283203125 0.0
1895.0	0.920874023437 0.0
1895.0	0.279565429687 0.0
1895.0	2.33400878906 0.0
1895.0	0.239282226562 0.0
1895.1	0.194165039062 0.0
1895.1	0.543823242188 0.0
1895.1	0.217529296875 0.0
1895.1	0.38349609375 0.0
1895.1	0.510791015625 0.0
1895.1	0.478564453125 0.0
1895.2	0.219946289062 0.0
1895.2	0.273120117188 0.0
1895.4	0.28681640625 0.0
1895.5	0.167578125 0.0
1895.5	0.18046875 0.0
1895.5	0.273120117188 0.0
1895.5	0.146630859375 0.0
1895.6	0.1611328125 0.0
1895.7	0.327905273437 0.0
1895.7	0.284399414062 0.0
1895.7	0.900732421875 0.0
1895.7	0.432641601562 0.0
1895.8	0.3029296875 0.0
1895.8	0.211083984375 0.0
1895.8	0.567993164062 0.0
1895.8	0.3416015625 0.0
1895.9	0.896704101562 0.0
1895.9	0.580883789062 0.0
1896.0	0.31259765625 0.0
1896.0	0.271508789062 0.0
1896.0	0.639697265625 0.0
1896.0	0.314208984375 0.0
1896.1	0.1224609375 0.0
1896.2	0.281982421875 0.0
1896.2	0.258618164062 0.0
1896.2	0.141796875 0.0
1896.3	0.366577148438 0.0
1896.3	0.26748046875 0.0
1896.3	0.22880859375 0.0
1896.5	1.80065917969 0.0
1896.5	0.246533203125 0.0
1896.5	0.19658203125 0.0
1896.6	0.3158203125 0.0
1896.6	0.40283203125 0.0
1896.7	0.229614257812 0.0
1896.7	0.24169921875 0.0
1896.7	0.279565429687 0.0
1896.7	0.684814453125 0.0
1896.8	0.878173828125 0.0
1896.8	0.365771484375 0.0
1896.8	0.130517578125 0.0
1896.8	0.239282226562 0.0
1896.8	0.190942382812 0.0
1896.8	0.39638671875 0.0
1896.9	0.246533203125 0.0
1897.0	0.146630859375 0.0
1897.0	0.229614257812 0.0
1897.1	0.537377929687 0.0
1897.1	0.35771484375 0.0
1897.1	0.329516601562 0.0
1897.1	0.324682617187 0.0
1897.2	0.141796875 0.0
1897.2	0.422973632812 0.0
1897.2	0.211083984375 0.0
1897.2	0.37060546875 0.0
1897.2	0.443115234375 0.0
1897.4	0.10634765625 0.0
1897.5	0.168383789062 0.0
1897.5	0.16435546875 0.0
1897.7	0.178051757812 0.0
1897.7	0.813720703125 0.0
1897.8	0.15146484375 0.0
1897.8	0.379467773437 0.0
1897.8	0.117626953125 0.0
1897.9	0.244921875 0.0
1897.9	0.146630859375 0.0
1897.9	0.662255859375 0.0
1898.0	0.0942626953125 0.0
1898.0	0.38671875 0.0
1898.0	0.277954101562 0.0
1898.0	0.18046875 0.0
1898.0	0.26748046875 0.0
1898.0	0.291650390625 0.0
1898.1	0.22236328125 0.0
1898.1	0.270703125 0.0
1898.1	0.2384765625 0.0
1898.1	0.436669921875 0.0
1898.2	0.172412109375 0.0
1898.2	0.22880859375 0.0
1898.4	0.3287109375 0.0
1898.4	0.182885742187 0.0
1898.4	0.19658203125 0.0
1898.4	0.219140625 0.0
1898.5	0.453588867187 0.0
1898.6	0.202221679687 0.0
1898.7	0.143408203125 0.0
1898.7	0.197387695312 0.0
1898.7	0.240087890625 0.0
1898.8	0.4705078125 0.0
1898.8	0.400415039062 0.0
1898.8	0.1998046875 0.0
1898.8	0.305346679688 0.0
1898.8	0.155493164062 0.0
1898.8	0.23203125 0.0
1898.9	0.236865234375 0.0
1898.9	0.310986328125 0.0
1899.0	0.322265625 0.0
1899.0	0.522875976562 0.0
1899.0	0.734765625 0.0
1899.1	0.244921875 0.0
1899.2	0.330322265625 0.0
1899.2	0.42216796875 0.0
1899.2	0.28037109375 0.0
1899.2	0.515625 0.0
1899.3	0.252978515625 0.0
1899.4	0.167578125 0.0
1899.4	0.515625 0.0
1899.5	1.02158203125 0.0
1899.7	0.2642578125 0.0
1899.7	0.15791015625 0.0
1899.7	0.228002929687 0.0
1899.9	0.270703125 0.0
1899.9	0.187719726562 0.0
1899.9	0.270703125 0.0
1899.9	0.687231445312 0.0
1900.0	0.3544921875 0.0
1900.1	0.194970703125 0.0
1900.1	0.260229492187 0.0
1900.2	0.466479492187 0.0
1900.3	0.417333984375 0.0
1900.3	0.182080078125 0.0
1900.4	0.548657226562 0.0
1900.4	0.384301757812 0.0
1900.6	0.384301757812 0.0
1900.7	0.230419921875 0.0
1900.7	1.05139160156 0.0
1900.8	0.2126953125 0.0
1900.8	0.3029296875 0.0
1900.9	1.07153320312 0.0
1901.0	0.511596679688 0.0
1901.0	0.310180664062 0.0
1901.1	0.51884765625 0.0
1901.1	0.423779296875 0.0
1901.1	0.16435546875 0.0
1901.1	0.256201171875 0.0
1901.1	0.3802734375 0.0
1901.2	0.4125 0.0
1901.2	0.1095703125 0.0
1901.3	0.279565429687 0.0
1901.3	0.578466796875 0.0
1901.4	0.287622070312 0.0
1901.4	0.31904296875 0.0
1901.4	0.30615234375 0.0
1901.4	0.393969726562 0.0
1901.5	0.318237304688 0.0
1901.5	0.282788085937 0.0
1901.7	0.598608398438 0.0
1901.7	0.75087890625 0.0
1901.8	0.169189453125 0.0
1901.8	0.13857421875 0.0
1901.9	0.1546875 0.0
1902.0	0.40283203125 0.0
1902.0	0.31904296875 0.0
1902.1	0.214306640625 0.0
1902.1	0.271508789062 0.0
1902.2	0.384301757812 0.0
1902.2	0.223974609375 0.0
1902.2	0.46728515625 0.0
1902.3	0.259423828125 0.0
1902.3	0.269091796875 0.0
1902.3	0.394775390625 0.0
1902.3	0.237670898438 0.0
1902.4	0.310986328125 0.0
1902.5	0.167578125 0.0
1902.5	0.271508789062 0.0
1902.6	0.28037109375 0.0
1902.6	0.240087890625 0.0
1902.6	0.150659179688 0.0
1902.6	0.313403320312 0.0
1902.7	0.207861328125 0.0
1902.7	0.6123046875 0.0
1902.7	0.526098632813 0.0
1902.7	0.29970703125 0.0
1902.7	0.369799804687 0.0
1902.7	0.372216796875 0.0
1902.7	0.278759765625 0.0
1902.8	0.12568359375 0.0
1902.8	0.738793945312 0.0
1902.9	0.116015625 0.0
1902.9	0.635668945312 0.0
1902.9	0.468090820312 0.0
1903.0	0.259423828125 0.0
1903.2	0.214306640625 0.0
1903.3	0.348852539062 0.0
1903.3	0.22236328125 0.0
1903.3	0.217529296875 0.0
1903.4	1.35190429687 0.0
1903.4	0.278759765625 0.0
1903.5	0.175634765625 0.0
1903.6	0.35126953125 0.0
1903.6	0.276342773437 0.0
1903.7	0.3931640625 0.0
1903.7	0.186108398437 0.0
1903.9	0.274731445312 0.0
1903.9	0.178857421875 0.0
1903.9	0.140185546875 0.0
1904.0	0.307763671875 0.0
1904.0	0.1353515625 0.0
1904.0	0.229614257812 0.0
1904.1	0.270703125 0.0
1904.1	0.244921875 0.0
1904.1	0.3609375 0.0
1904.2	0.661450195312 0.0
1904.2	0.078955078125 0.0
1904.2	0.260229492187 0.0
1904.3	0.427001953125 0.0
1904.3	0.5607421875 0.0
1904.3	0.20947265625 0.0
1904.3	0.737182617188 0.0
1904.4	0.233642578125 0.0
1904.4	0.172412109375 0.0
1904.6	0.399609375 0.0
1904.7	0.201416015625 0.0
1904.7	0.630834960937 0.0
1904.7	0.203833007812 0.0
1904.8	0.193359375 0.0
1904.9	0.26103515625 0.0
1904.9	0.375439453125 0.0
1905.0	1.10375976562 0.0
1905.0	0.28037109375 0.0
1905.0	0.381079101562 0.0
1905.1	0.296484375 0.0
1905.1	0.64775390625 0.0
1905.1	0.425390625 0.0
1905.2	0.71865234375 0.0
1905.3	0.28681640625 0.0
1905.4	0.44150390625 0.0
1905.4	0.27392578125 0.0
1905.5	0.56396484375 0.0
1905.6	0.449560546875 0.0
1905.6	0.20947265625 0.0
1905.6	0.450366210937 0.0
1905.8	0.23203125 0.0
1905.8	0.515625 0.0
1905.9	0.336767578125 0.0
1905.9	0.35771484375 0.0
1905.9	0.24814453125 0.0
1906.1	0.259423828125 0.0
1906.2	0.146630859375 0.0
1906.4	0.389135742187 0.0
1906.4	0.509985351563 0.0
1906.4	0.38349609375 0.0
1906.5	0.19658203125 0.0
1906.5	0.1611328125 0.0
1906.5	0.277954101562 0.0
1906.5	0.19658203125 0.0
1906.7	0.392358398437 0.0
1906.7	0.14501953125 0.0
1906.8	0.15791015625 0.0
1906.8	0.268286132812 0.0
1906.8	1.60810546875 0.0
1906.9	0.17080078125 0.0
1907.1	1.13920898437 0.0
1907.1	0.593774414062 0.0
1907.1	0.290844726562 0.0
1907.1	0.655004882812 0.0
1907.2	0.552685546875 0.0
1907.3	0.35771484375 0.0
1907.3	0.110375976562 0.0
1907.3	0.4705078125 0.0
1907.4	0.671923828125 0.0
1907.5	0.392358398437 0.0
1907.5	0.214306640625 0.0
1907.6	0.278759765625 0.0
1907.7	0.33515625 0.0
1907.7	0.275537109375 0.0
1907.7	0.20947265625 0.0
1907.8	0.277954101562 0.0
1907.9	0.38349609375 0.0
1907.9	0.156298828125 0.0
1908.0	0.22236328125 0.0
1908.0	0.2900390625 0.0
1908.0	0.2771484375 0.0
1908.1	0.198193359375 0.0
1908.1	0.346435546875 0.0
1908.1	0.31259765625 0.0
1908.2	0.214306640625 0.0
1908.2	0.227197265625 0.0
1908.2	0.1546875 0.0
1908.4	0.219140625 0.0
1908.4	0.103930664062 0.0
1908.5	0.305346679688 0.0
1908.5	0.356909179687 0.0
1908.6	0.202221679687 0.0
1908.6	0.20625 0.0
1908.6	0.244116210937 0.0
1908.6	0.190942382812 0.0
1908.6	0.887036132812 0.0
1908.7	0.60908203125 0.0
1908.7	0.146630859375 0.0
1908.8	0.101513671875 0.0
1908.8	0.54462890625 0.0
1908.8	0.252172851562 0.0
1908.8	0.40927734375 0.0
1908.9	0.481787109375 0.0
1909.0	0.314208984375 0.0
1909.0	0.2578125 0.0
1909.1	0.2513671875 0.0
1909.1	0.28037109375 0.0
1909.1	0.393969726562 0.0
1909.1	0.320654296875 0.0
1909.1	0.434252929687 0.0
1909.2	0.175634765625 0.0
1909.2	0.3673828125 0.0
1909.2	0.352075195312 0.0
1909.3	0.439892578125 0.0
1909.3	0.4125 0.0
1909.3	0.376245117187 0.0
1909.3	0.348046875 0.0
1909.4	0.403637695312 0.0
1909.4	0.319848632812 0.0
1909.4	0.213500976562 0.0
1909.4	0.185302734375 0.0
1909.4	0.58974609375 0.0
1909.5	0.137768554687 0.0
1909.5	0.207861328125 0.0
1909.5	0.427001953125 0.0
1909.6	0.236865234375 0.0
1909.7	0.290844726562 0.0
1909.7	0.187719726562 0.0
1909.7	0.17080078125 0.0
1909.8	0.23203125 0.0
1909.8	0.476953125 0.0
1909.8	0.28359375 0.0
1909.8	0.281982421875 0.0
1909.9	0.190942382812 0.0
1909.9	0.191748046875 0.0
1910.0	0.270703125 0.0
1910.0	0.3802734375 0.0
1910.1	0.52529296875 0.0
1910.2	0.32548828125 0.0
1910.2	0.182080078125 0.0
1910.3	0.29970703125 0.0
1910.5	0.29970703125 0.0
1910.5	0.563159179687 0.0
1910.5	0.236865234375 0.0
1910.6	0.2126953125 0.0
1910.6	0.3287109375 0.0
1910.6	0.147436523437 0.0
1910.6	0.186108398437 0.0
1910.7	0.197387695312 0.0
1910.7	0.378662109375 0.0
1910.9	0.288427734375 0.0
1910.9	0.247338867187 0.0
1911.0	0.160327148437 0.0
1911.1	0.146630859375 0.0
1911.1	0.996606445312 0.0
1911.1	0.3029296875 0.0
1911.1	0.22236328125 0.0
1911.1	0.568798828125 0.0
1911.3	0.20947265625 0.0
1911.3	0.2642578125 0.0
1911.3	0.161938476562 0.0
1911.3	0.263452148437 0.0
1911.4	0.515625 0.0
1911.4	0.136962890625 0.0
1911.5	0.537377929687 0.0
1911.6	0.2513671875 0.0
1911.6	0.642114257812 0.0
1911.6	0.49951171875 0.0
1911.6	0.20625 0.0
1911.6	0.268286132812 0.0
1911.6	0.161938476562 0.0
1911.7	0.40283203125 0.0
1911.7	0.24814453125 0.0
1911.8	0.3416015625 0.0
1911.8	0.306958007812 0.0
1911.9	0.22236328125 0.0
1911.9	0.236059570312 0.0
1911.9	0.27392578125 0.0
1911.9	0.219140625 0.0
1911.9	0.185302734375 0.0
1912.0	0.268286132812 0.0
1912.0	0.23525390625 0.0
1912.0	0.72509765625 0.0
1912.0	0.22880859375 0.0
1912.1	0.3802734375 0.0
1912.1	0.249755859375 0.0
1912.2	0.59619140625 0.0
1912.2	0.307763671875 0.0
1912.3	0.1998046875 0.0
1912.3	0.352075195312 0.0
1912.3	0.26103515625 0.0
1912.3	0.194165039062 0.0
1912.4	0.207861328125 0.0
1912.4	0.194165039062 0.0
1912.6	0.85400390625 0.0
1912.6	0.421362304687 0.0
1912.6	0.316625976562 0.0
1912.6	0.195776367187 0.0
1912.6	0.3609375 0.0
1912.7	0.456005859375 0.0
1912.7	0.19658203125 0.0
1912.7	0.6896484375 0.0
1912.7	0.32548828125 0.0
1912.7	0.13212890625 0.0
1912.8	0.420556640625 0.0
1912.8	0.502734375 0.0
1912.9	0.24169921875 0.0
1912.9	0.358520507812 0.0
1913.0	0.2513671875 0.0
1913.0	0.364965820312 0.0
1913.1	0.168383789062 0.0
1913.1	0.261840820312 0.0
1913.3	0.2578125 0.0
1913.3	0.21591796875 0.0
1913.4	0.298095703125 0.0
1913.4	0.193359375 0.0
1913.4	0.18046875 0.0
1913.4	0.207861328125 0.0
1913.5	0.481787109375 0.0
1913.5	0.58974609375 0.0
1913.6	0.515625 0.0
1913.6	0.198193359375 0.0
1913.7	0.167578125 0.0
1914.0	0.265063476563 0.0
1914.0	0.214306640625 0.0
1914.1	0.32548828125 0.0
1914.1	0.5220703125 0.0
1914.1	0.155493164062 0.0
1914.1	0.345629882812 0.0
1914.1	0.2642578125 0.0
1914.1	0.133740234375 0.0
1914.3	0.359326171875 0.0
1914.4	0.175634765625 0.0
1914.4	0.243310546875 0.0
1914.4	0.2126953125 0.0
1914.4	0.533349609375 0.0
1914.5	0.6251953125 0.0
1914.5	0.204638671875 0.0
1914.6	0.491455078125 0.0
1914.6	0.187719726562 0.0
1914.7	0.20302734375 0.0
1914.7	0.227197265625 0.0
1914.7	0.114404296875 0.0
1914.7	0.143408203125 0.0
1914.7	0.249755859375 0.0
1914.7	0.22236328125 0.0
1914.8	0.269091796875 0.0
1914.8	0.46728515625 0.0
1914.8	0.394775390625 0.0
1914.9	0.281982421875 0.0
1914.9	0.427001953125 0.0
1915.0	0.149047851562 0.0
1915.0	0.327099609375 0.0
1915.1	0.2642578125 0.0
1915.1	0.786328125 0.0
1915.1	0.155493164062 0.0
1915.2	0.181274414062 0.0
1915.2	0.533349609375 0.0
1915.3	0.142602539063 0.0
1915.3	0.219140625 0.0
1915.4	0.252978515625 0.0
1915.4	0.398803710938 0.0
1915.4	0.513208007812 0.0
1915.4	0.187719726562 0.0
1915.5	0.485009765625 0.0
1915.5	0.160327148437 0.0
1915.5	0.381079101562 0.0
1915.5	0.124877929688 0.0
1915.5	0.3609375 0.0
1915.6	0.260229492187 0.0
1915.6	0.34482421875 0.0
1915.7	0.1611328125 0.0
1915.7	0.278759765625 0.0
1915.7	0.29970703125 0.0
1915.7	0.399609375 0.0
1915.9	0.700927734375 0.0
1916.0	0.363354492187 0.0
1916.0	0.28359375 0.0
1916.0	0.10634765625 0.0
1916.0	0.4125 0.0
1916.0	0.2255859375 0.0
1916.1	0.116015625 0.0
1916.1	0.240893554687 0.0
1916.1	0.262646484375 0.0
1916.1	0.2578125 0.0
1916.2	0.478564453125 0.0
1916.2	0.20625 0.0
1916.2	0.3416015625 0.0
1916.2	0.657421875 0.0
1916.3	0.141796875 0.0
1916.3	0.707373046875 0.0
1916.3	0.364965820312 0.0
1916.4	0.64453125 0.0
1916.4	0.565576171875 0.0
1916.4	0.362548828125 0.0
1916.5	0.171606445312 0.0
1916.6	0.255395507812 0.0
1916.6	0.425390625 0.0
1916.7	0.178857421875 0.0
1916.7	0.240087890625 0.0
1916.7	0.23525390625 0.0
1916.7	0.270703125 0.0
1916.7	0.649365234375 0.0
1916.8	0.12568359375 0.0
1916.9	0.193359375 0.0
1916.9	0.244921875 0.0
1917.1	0.375439453125 0.0
1917.1	0.475341796875 0.0
1917.1	0.174829101562 0.0
1917.1	0.791967773437 0.0
1917.1	0.1611328125 0.0
1917.2	0.2126953125 0.0
1917.2	0.48984375 0.0
1917.2	0.655004882812 0.0
1917.2	0.273120117188 0.0
1917.2	0.604248046875 0.0
1917.3	0.21591796875 0.0
1917.5	0.19658203125 0.0
1917.5	0.320654296875 0.0
1917.6	0.335961914062 0.0
1917.6	0.345629882812 0.0
1917.6	0.28359375 0.0
1917.7	0.181274414062 0.0
1917.7	0.141796875 0.0
1917.8	0.263452148437 0.0
1917.8	0.243310546875 0.0
1917.9	0.12890625 0.0
1917.9	0.172412109375 0.0
1917.9	0.236865234375 0.0
1918.0	0.240087890625 0.0
1918.0	0.546240234375 0.0
1918.0	0.391552734375 0.0
1918.1	0.2642578125 0.0
1918.1	0.304541015625 0.0
1918.1	0.378662109375 0.0
1918.1	0.424584960937 0.0
1918.2	0.16435546875 0.0
1918.2	0.69287109375 0.0
1918.2	0.2900390625 0.0
1918.3	1.16418457031 0.0
1918.4	0.22880859375 0.0
1918.4	0.526904296875 0.0
1918.4	0.207055664062 0.0
1918.5	0.172412109375 0.0
1918.5	0.825805664062 0.0
1918.5	0.259423828125 0.0
1918.6	0.408471679687 0.0
1918.7	0.256201171875 0.0
1918.7	0.591357421875 0.0
1918.7	0.216723632812 0.0
1918.8	1.38896484375 0.0
1918.9	0.194165039062 0.0
1919.0	0.330322265625 0.0
1919.0	0.44794921875 0.0
1919.1	0.262646484375 0.0
1919.1	0.248950195312 0.0
1919.1	0.234448242187 0.0
1919.2	0.223168945312 0.0
1919.2	0.385107421875 0.0
1919.2	0.2513671875 0.0
1919.3	0.450366210937 0.0
1919.5	0.2255859375 0.0
1919.5	0.446337890625 0.0
1919.5	0.368188476562 0.0
1919.6	0.704150390625 0.0
1919.6	0.323876953125 0.0
1919.7	0.200610351562 0.0
1919.8	0.555908203125 0.0
1919.9	0.169189453125 0.0
1919.9	0.278759765625 0.0
1920.0	1.04816894531 0.0
1920.1	0.278759765625 0.0
1920.2	0.23203125 0.0
1920.2	0.481787109375 0.0
1920.3	0.21591796875 0.0
1920.3	0.382690429688 0.0
1920.3	0.20625 0.0
1920.3	0.219140625 0.0
1920.4	0.140185546875 0.0
1920.4	0.1740234375 0.0
1920.4	0.427001953125 0.0
1920.4	0.35771484375 0.0
1920.5	0.2900390625 0.0
1920.5	0.20302734375 0.0
1920.5	0.290844726562 0.0
1920.5	0.345629882812 0.0
1920.5	0.252172851562 0.0
1920.6	0.356909179687 0.0
1920.6	0.3544921875 0.0
1920.6	0.580078125 0.0
1920.7	0.4125 0.0
1920.7	0.17724609375 0.0
1920.7	0.172412109375 0.0
1920.7	0.213500976562 0.0
1920.8	0.288427734375 0.0
1920.8	0.28359375 0.0
1920.9	0.742016601562 0.0
1921.0	0.3544921875 0.0
1921.0	0.588940429687 0.0
1921.1	0.783911132812 0.0
1921.1	0.2578125 0.0
1921.1	0.236059570312 0.0
1921.2	0.22236328125 0.0
1921.2	0.2642578125 0.0
1921.2	0.246533203125 0.0
1921.2	0.22236328125 0.0
1921.3	0.39638671875 0.0
1921.3	0.145825195312 0.0
1921.3	0.548657226562 0.0
1921.3	0.433447265625 0.0
1921.3	0.244921875 0.0
1921.3	0.188525390625 0.0
1921.4	0.62841796875 0.0
1921.4	0.348046875 0.0
1921.4	0.27392578125 0.0
1921.4	0.220751953125 0.0
1921.4	0.25458984375 0.0
1921.5	0.265063476563 0.0
1921.5	0.165966796875 0.0
1921.5	0.433447265625 0.0
1921.6	0.270703125 0.0
1921.6	0.198193359375 0.0
1921.7	0.502734375 0.0
1921.8	0.228002929687 0.0
1921.8	2.31950683594 0.0
1921.8	0.207861328125 0.0
1922.0	0.988549804687 0.0
1922.0	0.184497070312 0.0
1922.1	0.288427734375 0.0
1922.1	0.4447265625 0.0
1922.1	0.322265625 0.0
1922.3	0.480981445312 0.0
1922.3	0.23203125 0.0
1922.3	0.451171875 0.0
1922.3	0.311791992187 0.0
1922.3	0.25458984375 0.0
1922.4	0.64453125 0.0
1922.5	0.22236328125 0.0
1922.5	0.173217773438 0.0
1922.5	0.314208984375 0.0
1922.6	0.476953125 0.0
1922.7	0.259423828125 0.0
1922.8	0.20302734375 0.0
1922.8	0.226391601562 0.0
1922.9	0.142602539063 0.0
1922.9	0.146630859375 0.0
1923.0	0.1869140625 0.0
1923.1	0.315014648437 0.0
1923.1	0.216723632812 0.0
1923.1	0.64453125 0.0
1923.3	0.31904296875 0.0
1923.3	0.258618164062 0.0
1923.4	0.2771484375 0.0
1923.4	0.359326171875 0.0
1923.4	0.2255859375 0.0
1923.7	0.1869140625 0.0
1923.8	0.271508789062 0.0
1923.9	0.478564453125 0.0
1924.0	0.307763671875 0.0
1924.0	0.33837890625 0.0
1924.1	0.165966796875 0.0
1924.1	0.548657226562 0.0
1924.1	0.220751953125 0.0
1924.1	0.4576171875 0.0
1924.2	0.171606445312 0.0
1924.2	0.2578125 0.0
1924.2	0.4705078125 0.0
1924.2	0.2900390625 0.0
1924.3	0.259423828125 0.0
1924.5	0.3802734375 0.0
1924.5	0.31259765625 0.0
1924.5	0.480981445312 0.0
1924.6	0.28359375 0.0
1924.7	0.348046875 0.0
1924.7	0.249755859375 0.0
1924.7	0.655004882812 0.0
1924.7	0.677563476562 0.0
1924.8	0.173217773438 0.0
1924.9	0.275537109375 0.0
1925.0	0.193359375 0.0
1925.0	0.200610351562 0.0
1925.1	0.700122070312 0.0
1925.1	0.118432617187 0.0
1925.1	0.475341796875 0.0
1925.2	0.216723632812 0.0
1925.2	0.288427734375 0.0
1925.2	0.816137695312 0.0
1925.3	0.3931640625 0.0
1925.4	0.246533203125 0.0
1925.5	0.240087890625 0.0
1925.6	0.22880859375 0.0
1925.7	0.202221679687 0.0
1925.7	0.211083984375 0.0
1925.7	0.228002929687 0.0
1925.8	0.256201171875 0.0
1925.8	0.375439453125 0.0
1925.9	0.15146484375 0.0
1925.9	0.34482421875 0.0
1925.9	0.259423828125 0.0
1926.0	0.497094726562 0.0
1926.1	0.216723632812 0.0
1926.1	0.20625 0.0
1926.2	0.193359375 0.0
1926.3	0.353686523437 0.0
1926.3	0.52529296875 0.0
1926.4	0.211083984375 0.0
1926.4	0.146630859375 0.0
1926.5	0.78955078125 0.0
1926.5	0.507568359375 0.0
1926.5	0.243310546875 0.0
1926.5	0.136962890625 0.0
1926.6	0.379467773437 0.0
1926.6	0.182080078125 0.0
1926.7	0.268286132812 0.0
1926.7	0.397192382812 0.0
1926.8	0.363354492187 0.0
1926.8	0.314208984375 0.0
1926.8	0.743627929687 0.0
1926.9	0.320654296875 0.0
1927.0	0.38671875 0.0
1927.0	0.270703125 0.0
1927.0	0.659033203125 0.0
1927.1	0.208666992187 0.0
1927.2	0.417333984375 0.0
1927.2	0.140185546875 0.0
1927.3	0.324682617187 0.0
1927.4	0.478564453125 0.0
1927.4	0.3802734375 0.0
1927.5	0.34482421875 0.0
1927.5	0.19013671875 0.0
1927.7	0.201416015625 0.0
1927.7	0.165161132812 0.0
1927.7	0.184497070312 0.0
1927.7	1.53720703125 0.0
1927.8	0.539794921875 0.0
1927.8	0.223168945312 0.0
1927.8	0.159521484375 0.0
1927.8	0.165966796875 0.0
1927.9	0.288427734375 0.0
1927.9	0.214306640625 0.0
1927.9	0.40283203125 0.0
1928.0	0.291650390625 0.0
1928.0	0.38671875 0.0
1928.0	0.56396484375 0.0
1928.1	0.245727539062 0.0
1928.1	0.294873046875 0.0
1928.1	0.2513671875 0.0
1928.2	0.250561523437 0.0
1928.2	1.2052734375 0.0
1928.3	0.46083984375 0.0
1928.3	0.24814453125 0.0
1928.5	0.20302734375 0.0
1928.5	0.162744140625 0.0
1928.6	0.349658203125 0.0
1928.6	0.5736328125 0.0
1928.6	0.240087890625 0.0
1928.6	0.2771484375 0.0
1928.7	0.563159179687 0.0
1928.7	0.252978515625 0.0
1928.7	0.422973632812 0.0
1928.7	0.352880859375 0.0
1928.8	0.1611328125 0.0
1928.9	0.33515625 0.0
1928.9	0.309375 0.0
1928.9	0.1740234375 0.0
1928.9	0.185302734375 0.0
1928.9	0.64775390625 0.0
1929.0	0.420556640625 0.0
1929.2	0.539794921875 0.0
1929.2	0.468896484375 0.0
1929.2	0.220751953125 0.0
1929.3	0.26103515625 0.0
1929.3	0.30615234375 0.0
1929.3	0.120849609375 0.0
1929.4	0.2513671875 0.0
1929.4	0.3029296875 0.0
1929.5	0.10634765625 0.0
1929.5	0.17080078125 0.0
1929.5	0.242504882812 0.0
1929.6	0.419750976562 0.0
1929.6	0.228002929687 0.0
1929.6	0.133740234375 0.0
1929.6	0.513208007812 0.0
1929.7	0.296484375 0.0
1929.8	0.2900390625 0.0
1929.9	0.451171875 0.0
1929.9	0.2126953125 0.0
1929.9	0.827416992187 0.0
1930.0	0.240087890625 0.0
1930.1	0.302124023438 0.0
1930.2	0.549462890625 0.0
1930.3	0.413305664062 0.0
1930.3	0.322265625 0.0
1930.4	0.178051757812 0.0
1930.5	0.313403320312 0.0
1930.5	0.269091796875 0.0
1930.6	0.219946289062 0.0
1930.8	1.37365722656 0.0
1930.8	0.42216796875 0.0
1930.9	0.185302734375 0.0
1930.9	0.475341796875 0.0
1931.0	0.240893554687 0.0
1931.1	0.363354492187 0.0
1931.1	0.15146484375 0.0
1931.1	0.24169921875 0.0
1931.2	0.167578125 0.0
1931.2	0.24814453125 0.0
1931.3	0.439086914062 0.0
1931.5	0.249755859375 0.0
1931.6	0.193359375 0.0
1931.6	0.57685546875 0.0
1931.6	0.460034179687 0.0
1931.8	0.304541015625 0.0
1931.9	0.451171875 0.0
1931.9	0.43828125 0.0
1931.9	0.515625 0.0
1932.0	0.352075195312 0.0
1932.0	0.219140625 0.0
1932.0	0.514013671875 0.0
1932.2	0.320654296875 0.0
1932.2	0.1611328125 0.0
1932.2	1.50014648437 0.0
1932.3	0.406860351562 0.0
1932.3	0.93779296875 0.0
1932.3	1.018359375 0.0
1932.3	0.3416015625 0.0
1932.4	0.1353515625 0.0
1932.4	0.265869140625 0.0
1932.5	0.563159179687 0.0
1932.5	0.826611328125 0.0
1932.5	0.294873046875 0.0
1932.6	0.326293945312 0.0
1932.6	0.381884765625 0.0
1932.6	0.22880859375 0.0
1932.6	0.372216796875 0.0
1932.6	0.458422851562 0.0
1932.6	0.361743164062 0.0
1932.7	0.259423828125 0.0
1932.7	0.19658203125 0.0
1932.8	0.2578125 0.0
1932.8	0.17080078125 0.0
1932.8	0.343212890625 0.0
1932.9	0.309375 0.0
1933.0	0.19658203125 0.0
1933.0	0.19013671875 0.0
1933.0	0.48984375 0.0
1933.0	0.19658203125 0.0
1933.0	0.197387695312 0.0
1933.1	0.310986328125 0.0
1933.2	0.226391601562 0.0
1933.3	0.18369140625 0.0
1933.4	0.40283203125 0.0
1933.4	0.4125 0.0
1933.5	0.19658203125 0.0
1933.5	0.35126953125 0.0
1933.5	0.2578125 0.0
1933.6	0.563159179687 0.0
1933.6	0.227197265625 0.0
1933.6	0.266674804687 0.0
1933.7	0.258618164062 0.0
1933.8	0.202221679687 0.0
1933.9	0.223168945312 0.0
1933.9	0.562353515625 0.0
1933.9	0.229614257812 0.0
1934.0	0.193359375 0.0
1934.1	0.252978515625 0.0
1934.1	0.28681640625 0.0
1934.1	0.176440429687 0.0
1934.1	0.159521484375 0.0
1934.2	0.146630859375 0.0
1934.2	0.208666992187 0.0
1934.2	0.178051757812 0.0
1934.2	0.165966796875 0.0
1934.2	0.420556640625 0.0
1934.3	0.248950195312 0.0
1934.3	0.356909179687 0.0
1934.4	0.665478515625 0.0
1934.5	0.418139648437 0.0
1934.6	0.784716796875 0.0
1934.6	0.783911132812 0.0
1934.6	0.4318359375 0.0
1934.7	1.90217285156 0.0
1934.9	0.136962890625 0.0
1934.9	0.291650390625 0.0
1934.9	0.462451171875 0.0
1935.0	0.23525390625 0.0
1935.0	0.207055664062 0.0
1935.1	0.502734375 0.0
1935.1	0.161938476562 0.0
1935.1	0.301318359375 0.0
1935.2	0.472119140625 0.0
1935.3	0.4060546875 0.0
1935.3	0.297290039063 0.0
1935.4	0.565576171875 0.0
1935.4	0.12890625 0.0
1935.6	0.197387695312 0.0
1935.6	0.149047851562 0.0
1935.6	0.107153320312 0.0
1935.7	0.774243164062 0.0
1935.8	0.440698242187 0.0
1935.9	0.265869140625 0.0
1935.9	0.295678710937 0.0
1935.9	0.270703125 0.0
1935.9	0.25458984375 0.0
1936.0	0.73154296875 0.0
1936.1	0.201416015625 0.0
1936.1	0.188525390625 0.0
1936.1	0.721875 0.0
1936.1	0.223168945312 0.0
1936.2	0.59619140625 0.0
1936.2	0.617138671875 0.0
1936.2	1.02641601562 0.0
1936.2	0.285205078125 0.0
1936.3	0.314208984375 0.0
1936.3	0.227197265625 0.0
1936.3	0.21591796875 0.0
1936.4	0.322265625 0.0
1936.4	0.1611328125 0.0
1936.5	0.189331054688 0.0
1936.6	0.485009765625 0.0
1936.6	0.25458984375 0.0
1936.6	0.14501953125 0.0
1936.7	0.23525390625 0.0
1936.7	0.3158203125 0.0
1936.7	0.32548828125 0.0
1936.7	0.1224609375 0.0
1936.7	0.62197265625 0.0
1936.8	0.136962890625 0.0
1936.8	0.187719726562 0.0
1936.9	0.219140625 0.0
1936.9	0.556713867187 0.0
1936.9	0.48984375 0.0
1937.0	0.936181640625 0.0
1937.1	0.920068359375 0.0
1937.1	0.462451171875 0.0
1937.1	0.580883789062 0.0
1937.2	0.296484375 0.0
1937.2	0.522875976562 0.0
1937.2	0.298095703125 0.0
1937.2	0.175634765625 0.0
1937.3	0.208666992187 0.0
1937.3	0.750073242187 0.0
1937.3	0.296484375 0.0
1937.3	0.327099609375 0.0
1937.4	0.3029296875 0.0
1937.4	0.77666015625 0.0
1937.5	0.25458984375 0.0
1937.5	0.169995117187 0.0
1937.6	0.399609375 0.0
1937.6	0.47373046875 0.0
1937.7	2.12614746094 0.0
1937.7	0.200610351562 0.0
1937.7	0.6703125 0.0
1937.7	0.133740234375 0.0
1937.8	0.239282226562 0.0
1937.8	0.17724609375 0.0
1937.8	0.451171875 0.0
1937.8	0.213500976562 0.0
1937.9	0.194970703125 0.0
1937.9	0.665478515625 0.0
1937.9	0.85078125 0.0
1937.9	0.23525390625 0.0
1937.9	0.200610351562 0.0
1937.9	0.26748046875 0.0
1938.0	0.1546875 0.0
1938.0	0.136962890625 0.0
1938.0	0.346435546875 0.0
1938.0	0.279565429687 0.0
1938.0	0.252978515625 0.0
1938.1	0.146630859375 0.0
1938.1	0.322265625 0.0
1938.1	0.548657226562 0.0
1938.2	0.54462890625 0.0
1938.2	0.294873046875 0.0
1938.2	0.223168945312 0.0
1938.4	0.332739257812 0.0
1938.4	0.240893554687 0.0
1938.4	0.482592773437 0.0
1938.4	0.2642578125 0.0
1938.5	0.609887695312 0.0
1938.5	2.32111816406 0.0
1938.5	0.6123046875 0.0
1938.6	0.429418945312 0.0
1938.6	0.44150390625 0.0
1938.7	0.402026367187 0.0
1938.7	0.309375 0.0
1938.7	0.7541015625 0.0
1938.7	0.274731445312 0.0
1938.8	0.549462890625 0.0
1938.8	0.310986328125 0.0
1938.9	0.601025390625 0.0
1938.9	0.26103515625 0.0
1939.0	0.302124023438 0.0
1939.0	0.626806640625 0.0
1939.1	0.120849609375 0.0
1939.1	0.252172851562 0.0
1939.2	0.22880859375 0.0
1939.2	0.2255859375 0.0
1939.2	0.3029296875 0.0
1939.2	0.635668945312 0.0
1939.3	0.2771484375 0.0
1939.3	0.423779296875 0.0
1939.3	0.891064453125 0.0
1939.6	0.846752929687 0.0
1939.6	0.1224609375 0.0
1939.6	0.339990234375 0.0
1939.6	0.20302734375 0.0
1939.6	0.343212890625 0.0
1939.7	0.2578125 0.0
1939.7	0.330322265625 0.0
1939.8	0.604248046875 0.0
1939.8	0.339990234375 0.0
1939.8	0.838696289062 0.0
1939.9	0.136962890625 0.0
1940.0	0.249755859375 0.0
1940.0	0.13212890625 0.0
1940.1	0.419750976562 0.0
1940.1	0.27392578125 0.0
1940.1	0.227197265625 0.0
1940.1	0.52529296875 0.0
1940.2	0.373828125 0.0
1940.2	0.356103515625 0.0
1940.2	0.3544921875 0.0
1940.3	0.15146484375 0.0
1940.5	0.22880859375 0.0
1940.5	0.592163085938 0.0
1940.6	0.592163085938 0.0
1940.7	0.246533203125 0.0
1940.7	0.201416015625 0.0
1940.8	0.191748046875 0.0
1940.8	0.20947265625 0.0
1940.8	0.234448242187 0.0
1940.9	0.270703125 0.0
1940.9	0.211083984375 0.0
1940.9	0.244921875 0.0
1940.9	0.201416015625 0.0
1940.9	0.362548828125 0.0
1940.9	0.414111328125 0.0
