2786.0	0.228002929687 0.0
2786.2	0.260229492187 0.0
2786.2	0.204638671875 0.0
2786.2	0.215112304687 0.0
2786.2	0.332739257812 0.0
2786.3	0.219140625 0.0
2786.3	0.207055664062 0.0
2786.4	0.207055664062 0.0
2786.5	0.15791015625 0.0
2786.6	0.217529296875 0.0
2786.7	0.449560546875 0.0
2786.8	0.28359375 0.0
2786.9	0.153076171875 0.0
2786.9	0.601831054687 0.0
2787.0	0.197387695312 0.0
2787.0	0.19658203125 0.0
2787.0	0.2578125 0.0
2787.1	0.167578125 0.0
2787.2	0.256201171875 0.0
2787.2	0.23525390625 0.0
2787.3	0.385107421875 0.0
2787.4	0.309375 0.0
2787.4	0.404443359375 0.0
2787.5	0.348046875 0.0
2787.5	0.175634765625 0.0
2787.5	0.874951171875 0.0
2787.5	0.2126953125 0.0
2787.6	0.149047851562 0.0
2787.6	0.249755859375 0.0
2787.6	1.05541992188 0.0
2787.7	0.46728515625 0.0
2787.7	0.167578125 0.0
2787.8	0.316625976562 0.0
2787.8	0.311791992187 0.0
2787.9	0.319848632812 0.0
2787.9	0.201416015625 0.0
2788.0	0.329516601562 0.0
2788.0	0.424584960937 0.0
2788.0	0.198193359375 0.0
2788.1	0.244921875 0.0
2788.2	0.400415039062 0.0
2788.2	0.285205078125 0.0
2788.3	0.402026367187 0.0
2788.4	0.281982421875 0.0
2788.4	0.55751953125 0.0
2788.4	0.619555664062 0.0
2788.5	0.262646484375 0.0
2788.5	0.168383789062 0.0
2788.5	0.455200195312 0.0
2788.6	0.23525390625 0.0
2788.7	0.281176757813 0.0
2788.7	0.330322265625 0.0
2788.8	0.24169921875 0.0
2788.8	0.194970703125 0.0
2788.8	0.2771484375 0.0
2788.9	0.197387695312 0.0
2788.9	0.393969726562 0.0
2788.9	0.4125 0.0
2788.9	0.1611328125 0.0
2789.0	0.226391601562 0.0
2789.0	0.29326171875 0.0
2789.0	0.27392578125 0.0
2789.1	0.296484375 0.0
2789.1	0.30615234375 0.0
2789.1	0.23203125 0.0
2789.2	0.243310546875 0.0
2789.2	0.24169921875 0.0
2789.3	0.7025390625 0.0
2789.3	0.4318359375 0.0
2789.4	0.193359375 0.0
2789.4	0.271508789062 0.0
2789.4	0.291650390625 0.0
2789.5	0.19658203125 0.0
2789.5	0.24814453125 0.0
2789.5	0.359326171875 0.0
2789.7	0.364965820312 0.0
2789.7	0.364965820312 0.0
2789.7	0.244921875 0.0
2789.7	0.252978515625 0.0
2789.8	0.19013671875 0.0
2789.8	0.912817382812 0.0
2789.8	0.228002929687 0.0
2789.8	0.223974609375 0.0
2789.9	0.232836914062 0.0
2789.9	0.275537109375 0.0
2790.0	0.285205078125 0.0
2790.0	0.304541015625 0.0
2790.0	0.193359375 0.0
2790.0	0.4189453125 0.0
2790.1	0.208666992187 0.0
2790.2	0.314208984375 0.0
2790.3	0.33837890625 0.0
2790.3	0.207861328125 0.0
2790.4	0.310986328125 0.0
2790.4	0.373828125 0.0
2790.4	0.4576171875 0.0
2790.5	0.780688476562 0.0
2790.5	0.198193359375 0.0
2790.5	0.229614257812 0.0
2790.5	0.62197265625 0.0
2790.5	0.2126953125 0.0
2790.6	0.322265625 0.0
2790.6	0.419750976562 0.0
2790.6	0.398803710938 0.0
2790.7	0.344018554687 0.0
2790.7	0.7669921875 0.0
2790.8	0.294873046875 0.0
2790.8	0.417333984375 0.0
2790.9	0.316625976562 0.0
2791.0	0.296484375 0.0
2791.1	0.13212890625 0.0
2791.1	0.23525390625 0.0
2791.2	0.89912109375 0.0
2791.3	0.523681640625 0.0
2791.3	0.296484375 0.0
2791.3	0.3158203125 0.0
2791.3	0.497094726562 0.0
2791.4	0.248950195312 0.0
2791.4	0.249755859375 0.0
2791.4	0.186108398437 0.0
2791.5	0.35126953125 0.0
2791.6	0.28359375 0.0
2791.7	0.25458984375 0.0
2791.7	0.352880859375 0.0
2791.8	0.1998046875 0.0
2791.8	0.405249023437 0.0
2791.9	0.4576171875 0.0
2791.9	0.288427734375 0.0
2792.0	0.140185546875 0.0
2792.0	0.271508789062 0.0
2792.0	0.331127929687 0.0
2792.1	0.198193359375 0.0
2792.1	0.4060546875 0.0
2792.1	0.172412109375 0.0
2792.1	0.385913085937 0.0
2792.1	0.1740234375 0.0
2792.1	0.0990966796875 0.0
2792.1	0.536572265625 0.0
2792.2	0.399609375 0.0
2792.2	0.28359375 0.0
2792.3	0.423779296875 0.0
2792.3	0.335961914062 0.0
2792.3	0.26103515625 0.0
2792.3	1.58474121094 0.0
2792.4	0.298095703125 0.0
2792.4	0.2126953125 0.0
2792.4	0.46083984375 0.0
2792.5	0.451977539062 0.0
2792.5	0.4962890625 0.0
2792.6	0.130517578125 0.0
2792.6	0.219140625 0.0
2792.6	0.358520507812 0.0
2792.7	0.221557617188 0.0
2792.7	0.851586914062 0.0
2792.9	0.1482421875 0.0
2792.9	0.139379882812 0.0
2793.0	0.310986328125 0.0
2793.0	0.178857421875 0.0
2793.1	0.795190429687 0.0
2793.1	0.46728515625 0.0
2793.1	0.480981445312 0.0
2793.2	0.22880859375 0.0
2793.3	0.1353515625 0.0
2793.3	0.214306640625 0.0
2793.4	0.252978515625 0.0
2793.4	0.368994140625 0.0
2793.5	0.285205078125 0.0
2793.5	0.758129882812 0.0
2793.6	0.491455078125 0.0
2793.6	0.185302734375 0.0
2793.6	0.59296875 0.0
2793.6	0.352880859375 0.0
2793.9	0.42861328125 0.0
2794.0	0.546240234375 0.0
2794.0	0.738793945312 0.0
2794.0	0.143408203125 0.0
2794.1	0.2513671875 0.0
2794.2	0.476953125 0.0
2794.3	0.1869140625 0.0
2794.3	0.39638671875 0.0
2794.3	0.21591796875 0.0
2794.3	0.246533203125 0.0
2794.3	0.237670898438 0.0
2794.3	1.17062988281 0.0
2794.4	0.1353515625 0.0
2794.4	0.553491210937 0.0
2794.5	0.230419921875 0.0
2794.7	0.3931640625 0.0
2794.7	0.474536132812 0.0
2794.7	0.28681640625 0.0
2794.7	0.208666992187 0.0
2794.7	0.07412109375 0.0
2794.8	0.44150390625 0.0
2794.8	0.923291015625 0.0
2794.9	0.558325195313 0.0
2794.9	0.249755859375 0.0
2794.9	0.316625976562 0.0
2794.9	0.296484375 0.0
2794.9	0.43505859375 0.0
2794.9	0.3802734375 0.0
2794.9	0.348046875 0.0
2794.9	0.317431640625 0.0
2795.0	0.323876953125 0.0
2795.0	0.732348632812 0.0
2795.0	0.414111328125 0.0
2795.0	0.348046875 0.0
2795.1	0.20947265625 0.0
2795.1	0.188525390625 0.0
2795.1	0.182885742187 0.0
2795.1	0.391552734375 0.0
2795.1	0.17724609375 0.0
2795.1	0.333544921875 0.0
2795.2	0.498706054687 0.0
2795.2	0.482592773437 0.0
2795.3	0.270703125 0.0
2795.3	0.1611328125 0.0
2795.4	0.19658203125 0.0
2795.4	0.103125 0.0
2795.5	0.336767578125 0.0
2795.5	0.402026367187 0.0
2795.5	0.221557617188 0.0
2795.5	0.564770507812 0.0
2795.5	0.322265625 0.0
2795.5	0.149047851562 0.0
2795.6	0.136962890625 0.0
2795.6	0.320654296875 0.0
2795.7	0.365771484375 0.0
2795.7	0.11279296875 0.0
2795.7	0.0966796875 0.0
2795.8	0.76376953125 0.0
2795.8	0.461645507812 0.0
2795.8	0.163549804687 0.0
2795.8	0.4318359375 0.0
2795.9	0.239282226562 0.0
2795.9	0.3287109375 0.0
2796.0	0.638891601562 0.0
2796.0	0.211083984375 0.0
2796.0	0.132934570312 0.0
2796.0	0.327905273437 0.0
2796.1	0.188525390625 0.0
2796.1	0.453588867187 0.0
2796.2	0.157104492188 0.0
2796.2	0.190942382812 0.0
2796.5	1.03205566406 0.0
2796.6	0.252978515625 0.0
2796.6	0.5671875 0.0
2796.6	0.38994140625 0.0
2796.7	0.260229492187 0.0
2796.7	0.381884765625 0.0
2796.7	0.33837890625 0.0
2796.9	0.309375 0.0
2797.0	0.3802734375 0.0
2797.2	0.230419921875 0.0
2797.3	0.249755859375 0.0
2797.3	0.176440429687 0.0
2797.4	0.307763671875 0.0
2797.4	0.249755859375 0.0
2797.4	0.219140625 0.0
2797.7	0.25458984375 0.0
2797.7	0.687231445312 0.0
2797.9	0.186108398437 0.0
2798.0	0.277954101562 0.0
2798.3	0.390747070312 0.0
2798.3	0.281982421875 0.0
2798.4	0.346435546875 0.0
2798.4	0.346435546875 0.0
2798.4	0.929736328125 0.0
2798.4	0.3158203125 0.0
2798.5	0.26103515625 0.0
2798.5	0.175634765625 0.0
2798.5	0.246533203125 0.0
2798.6	0.23203125 0.0
2798.6	0.38994140625 0.0
2798.6	0.190942382812 0.0
2798.7	0.236059570312 0.0
2798.7	0.159521484375 0.0
2798.7	0.37060546875 0.0
2798.9	0.230419921875 0.0
2798.9	0.317431640625 0.0
2798.9	0.310180664062 0.0
2799.0	0.410083007812 0.0
2799.0	0.89267578125 0.0
2799.1	0.13212890625 0.0
2799.1	0.124072265625 0.0
2799.2	0.28681640625 0.0
2799.2	0.219946289062 0.0
2799.5	0.61552734375 0.0
2799.5	0.288427734375 0.0
2799.6	0.255395507812 0.0
2799.7	1.01997070313 0.0
2799.7	0.304541015625 0.0
2799.7	0.23203125 0.0
2799.7	0.20302734375 0.0
2799.8	0.642919921875 0.0
2799.8	0.168383789062 0.0
2799.9	0.210278320312 0.0
2799.9	0.327099609375 0.0
2800.0	0.245727539062 0.0
2800.0	0.198193359375 0.0
2800.0	0.881396484375 0.0
2800.2	0.247338867187 0.0
2800.2	0.191748046875 0.0
2800.4	0.336767578125 0.0
2800.4	0.145825195312 0.0
2800.4	0.826611328125 0.0
2800.4	0.309375 0.0
2800.5	0.769409179688 0.0
2800.5	0.19658203125 0.0
2800.6	0.1740234375 0.0
2800.6	0.187719726562 0.0
2800.6	0.35771484375 0.0
2800.6	0.223974609375 0.0
2800.7	0.256201171875 0.0
2800.7	0.309375 0.0
2800.7	0.259423828125 0.0
2800.8	0.252172851562 0.0
2800.8	0.33515625 0.0
2800.8	0.266674804687 0.0
2800.8	0.240087890625 0.0
2800.9	0.374633789062 0.0
2800.9	0.3802734375 0.0
2800.9	0.19013671875 0.0
2800.9	0.552685546875 0.0
2800.9	0.159521484375 0.0
2801.0	0.21591796875 0.0
2801.0	0.31259765625 0.0
2801.1	0.249755859375 0.0
2801.1	0.436669921875 0.0
2801.1	0.155493164062 0.0
2801.2	0.349658203125 0.0
2801.2	0.198193359375 0.0
2801.2	0.253784179688 0.0
2801.3	0.632446289062 0.0
2801.3	1.11020507812 0.0
2801.3	0.4060546875 0.0
2801.4	0.2513671875 0.0
2801.5	0.1740234375 0.0
2801.5	0.281982421875 0.0
2801.5	0.4125 0.0
2801.5	0.15791015625 0.0
2801.6	0.340795898437 0.0
2801.6	0.240893554687 0.0
2801.6	0.31904296875 0.0
2801.6	0.271508789062 0.0
2801.7	0.265063476563 0.0
2801.7	0.397998046875 0.0
2801.8	0.19013671875 0.0
2801.9	0.178857421875 0.0
2801.9	0.32548828125 0.0
2801.9	0.145825195312 0.0
2801.9	0.1546875 0.0
2802.0	0.21591796875 0.0
2802.0	0.26748046875 0.0
2802.2	0.23203125 0.0
2802.2	0.3673828125 0.0
2802.2	0.114404296875 0.0
2802.3	0.213500976562 0.0
2802.3	0.270703125 0.0
2802.4	0.214306640625 0.0
2802.4	0.456005859375 0.0
2802.5	0.820971679687 0.0
2802.7	0.703344726562 0.0
2802.7	0.439892578125 0.0
2802.7	0.233642578125 0.0
2802.7	2.31950683594 0.0
2802.7	0.227197265625 0.0
2802.8	0.247338867187 0.0
2802.8	0.265869140625 0.0
2802.8	0.388330078125 0.0
2802.9	0.167578125 0.0
2802.9	0.33515625 0.0
2802.9	0.3029296875 0.0
2803.0	0.916845703125 0.0
2803.1	0.195776367187 0.0
2803.1	0.304541015625 0.0
2803.1	0.286010742188 0.0
2803.2	0.6509765625 0.0
2803.3	0.221557617188 0.0
2803.3	0.159521484375 0.0
2803.3	0.309375 0.0
2803.4	0.270703125 0.0
2803.4	0.194165039062 0.0
2803.4	0.425390625 0.0
2803.4	0.305346679688 0.0
2803.4	0.4125 0.0
2803.4	0.743627929687 0.0
2803.4	0.285205078125 0.0
2803.4	0.309375 0.0
2803.6	0.3416015625 0.0
2803.6	0.4833984375 0.0
2803.6	1.24475097656 0.0
2803.7	0.211083984375 0.0
2803.7	0.271508789062 0.0
2803.7	0.18369140625 0.0
2803.7	0.27392578125 0.0
2803.8	0.314208984375 0.0
2803.8	0.153076171875 0.0
2803.9	0.253784179688 0.0
2803.9	0.15791015625 0.0
2803.9	0.493872070312 0.0
2804.0	0.385107421875 0.0
2804.0	0.1224609375 0.0
2804.0	0.275537109375 0.0
2804.0	0.17080078125 0.0
2804.1	0.167578125 0.0
2804.2	0.12890625 0.0
2804.3	0.200610351562 0.0
2804.3	0.23203125 0.0
2804.6	0.542211914063 0.0
2804.7	0.3029296875 0.0
2804.7	0.17724609375 0.0
2804.8	0.165966796875 0.0
2804.9	0.31259765625 0.0
2804.9	0.3931640625 0.0
2805.0	0.139379882812 0.0
2805.0	0.430224609375 0.0
2805.1	0.197387695312 0.0
2805.1	0.161938476562 0.0
2805.2	0.284399414062 0.0
2805.2	0.120849609375 0.0
2805.3	0.15146484375 0.0
2805.3	0.37705078125 0.0
2805.4	0.382690429688 0.0
2805.5	0.3287109375 0.0
2805.5	0.762963867187 0.0
2805.5	0.362548828125 0.0
2805.5	0.451171875 0.0
2805.6	0.7927734375 0.0
2805.8	0.169995117187 0.0
2805.8	0.207861328125 0.0
2805.8	0.301318359375 0.0
2805.9	0.213500976562 0.0
2806.0	0.191748046875 0.0
2806.0	0.38994140625 0.0
2806.1	0.147436523437 0.0
2806.2	0.141796875 0.0
2806.2	0.245727539062 0.0
2806.3	0.771826171875 0.0
2806.3	0.1998046875 0.0
2806.3	0.356909179687 0.0
2806.4	0.219140625 0.0
2806.4	0.296484375 0.0
2806.4	0.55751953125 0.0
2806.5	0.688842773438 0.0
2806.5	0.294067382812 0.0
2806.7	0.171606445312 0.0
2806.7	0.31904296875 0.0
2806.7	0.399609375 0.0
2806.8	0.285205078125 0.0
2806.9	0.190942382812 0.0
2806.9	0.601025390625 0.0
2806.9	0.353686523437 0.0
2806.9	0.130517578125 0.0
2806.9	0.507568359375 0.0
2807.0	0.25458984375 0.0
2807.0	0.249755859375 0.0
2807.0	0.18046875 0.0
2807.4	0.322265625 0.0
2807.5	0.198193359375 0.0
2807.5	0.366577148438 0.0
2807.5	0.28359375 0.0
2807.5	0.2771484375 0.0
2807.5	0.310986328125 0.0
2807.6	0.510791015625 0.0
2807.7	0.088623046875 0.0
2807.7	0.277954101562 0.0
2807.7	0.249755859375 0.0
2807.8	0.18046875 0.0
2807.8	0.175634765625 0.0
2807.8	0.2900390625 0.0
2807.9	0.20947265625 0.0
2807.9	0.327905273437 0.0
2807.9	0.297290039063 0.0
2808.0	0.172412109375 0.0
2808.1	0.15791015625 0.0
2808.1	0.23203125 0.0
2808.2	0.298095703125 0.0
2808.2	0.1546875 0.0
2808.2	0.2642578125 0.0
2808.2	0.182080078125 0.0
2808.2	0.20947265625 0.0
2808.3	0.352075195312 0.0
2808.3	0.2384765625 0.0
2808.3	0.60263671875 0.0
2808.4	0.57041015625 0.0
2808.5	0.1869140625 0.0
2808.5	0.198193359375 0.0
2808.5	0.143408203125 0.0
2808.5	0.207861328125 0.0
2808.5	0.323071289062 0.0
2808.6	0.379467773437 0.0
2808.6	0.315014648437 0.0
2808.6	0.401220703125 0.0
2808.6	0.296484375 0.0
2808.7	0.175634765625 0.0
2808.8	0.346435546875 0.0
2808.9	0.210278320312 0.0
2808.9	0.403637695312 0.0
2808.9	0.133740234375 0.0
2808.9	0.73798828125 0.0
2809.0	0.287622070312 0.0
2809.0	0.13857421875 0.0
2809.0	1.5533203125 0.0
2809.1	0.22880859375 0.0
2809.2	0.397998046875 0.0
2809.2	0.248950195312 0.0
2809.2	0.236865234375 0.0
2809.2	0.17724609375 0.0
2809.3	0.379467773437 0.0
2809.3	0.255395507812 0.0
2809.3	0.221557617188 0.0
2809.3	0.626000976562 0.0
2809.3	0.381884765625 0.0
2809.5	0.159521484375 0.0
2809.5	0.1546875 0.0
2809.5	0.58330078125 0.0
2809.6	0.27392578125 0.0
2809.7	0.39638671875 0.0
2809.7	0.352880859375 0.0
2809.7	0.494677734375 0.0
2809.7	0.558325195313 0.0
2809.9	0.38349609375 0.0
2809.9	0.217529296875 0.0
2809.9	0.210278320312 0.0
2810.0	0.228002929687 0.0
2810.1	0.462451171875 0.0
2810.2	0.216723632812 0.0
2810.2	0.4640625 0.0
2810.3	0.735571289062 0.0
2810.4	0.298095703125 0.0
2810.4	0.2771484375 0.0
2810.5	0.07412109375 0.0
2810.5	0.25458984375 0.0
2810.6	0.153076171875 0.0
2810.7	0.143408203125 0.0
2810.7	0.270703125 0.0
2810.8	2.31145019531 0.0
2810.9	0.157104492188 0.0
2810.9	0.1998046875 0.0
2811.0	0.2578125 0.0
2811.0	0.194165039062 0.0
2811.0	0.35771484375 0.0
2811.0	0.40927734375 0.0
2811.1	0.098291015625 0.0
2811.2	0.43505859375 0.0
2811.2	0.2384765625 0.0
2811.2	0.1611328125 0.0
2811.2	0.181274414062 0.0
2811.2	0.509985351563 0.0
2811.2	0.236059570312 0.0
2811.2	0.1740234375 0.0
2811.3	0.399609375 0.0
2811.3	0.406860351562 0.0
2811.4	0.220751953125 0.0
2811.5	0.891064453125 0.0
2811.7	0.339184570312 0.0
2811.7	0.464868164062 0.0
2811.8	0.226391601562 0.0
2811.9	0.1611328125 0.0
2811.9	0.189331054688 0.0
2811.9	0.526904296875 0.0
2811.9	0.3158203125 0.0
2812.0	0.414916992188 0.0
2812.1	0.456005859375 0.0
2812.1	0.140185546875 0.0
2812.1	0.31259765625 0.0
2812.2	0.3287109375 0.0
2812.2	0.2255859375 0.0
2812.3	0.700122070312 0.0
2812.3	0.208666992187 0.0
2812.3	0.20625 0.0
2812.4	0.172412109375 0.0
2812.4	0.239282226562 0.0
2812.4	0.309375 0.0
2812.4	0.217529296875 0.0
2812.4	0.377856445312 0.0
2812.5	0.226391601562 0.0
2812.6	0.139379882812 0.0
2812.6	0.226391601562 0.0
2812.6	0.322265625 0.0
2812.8	0.1611328125 0.0
2812.8	0.11923828125 0.0
2812.9	0.460034179687 0.0
2812.9	0.248950195312 0.0
2812.9	0.31259765625 0.0
2813.0	0.323876953125 0.0
2813.1	0.285205078125 0.0
2813.3	0.258618164062 0.0
2813.3	0.169189453125 0.0
2813.4	0.482592773437 0.0
2813.5	0.265063476563 0.0
2813.5	0.361743164062 0.0
2813.5	0.190942382812 0.0
2813.6	0.2513671875 0.0
2813.6	0.15791015625 0.0
2813.6	0.09345703125 0.0
2813.7	0.23203125 0.0
2813.7	0.382690429688 0.0
2813.7	0.790356445312 0.0
2813.8	0.329516601562 0.0
2813.9	0.185302734375 0.0
2813.9	0.1353515625 0.0
2814.0	0.194970703125 0.0
2814.0	0.20302734375 0.0
2814.1	0.449560546875 0.0
2814.1	0.61875 0.0
2814.2	0.635668945312 0.0
2814.3	0.27392578125 0.0
2814.3	0.104736328125 0.0
2814.4	0.15146484375 0.0
2814.4	0.336767578125 0.0
2814.5	0.13857421875 0.0
2814.6	0.226391601562 0.0
2814.7	0.2578125 0.0
2814.7	0.237670898438 0.0
2814.7	0.230419921875 0.0
2814.8	0.15146484375 0.0
2814.8	0.265063476563 0.0
2815.0	0.274731445312 0.0
2815.0	0.204638671875 0.0
2815.0	0.156298828125 0.0
2815.1	0.240087890625 0.0
2815.1	0.38349609375 0.0
2815.1	0.200610351562 0.0
2815.1	0.28359375 0.0
2815.2	0.23203125 0.0
2815.2	1.27375488281 0.0
2815.3	0.478564453125 0.0
2815.4	0.2771484375 0.0
2815.4	0.198193359375 0.0
2815.4	0.250561523437 0.0
2815.4	0.305346679688 0.0
2815.5	0.1482421875 0.0
2815.6	0.30615234375 0.0
2815.6	0.684008789062 0.0
2815.7	0.178857421875 0.0
2815.8	0.362548828125 0.0
2815.9	0.40283203125 0.0
2815.9	0.314208984375 0.0
2815.9	0.733959960937 0.0
2816.0	0.375439453125 0.0
2816.0	0.384301757812 0.0
2816.0	0.819360351562 0.0
2816.1	0.536572265625 0.0
2816.1	0.322265625 0.0
2816.2	0.31259765625 0.0
2816.2	0.502734375 0.0
2816.2	0.236059570312 0.0
2816.3	0.14501953125 0.0
2816.3	0.15146484375 0.0
2816.3	0.24169921875 0.0
2816.4	0.476953125 0.0
2816.4	0.297290039063 0.0
2816.4	0.373828125 0.0
2816.5	0.249755859375 0.0
2816.6	0.20302734375 0.0
2816.6	0.12890625 0.0
2816.7	0.46728515625 0.0
2816.7	0.322265625 0.0
2816.7	0.19013671875 0.0
2816.8	0.243310546875 0.0
2816.8	0.198193359375 0.0
2816.9	0.31259765625 0.0
2816.9	0.187719726562 0.0
2817.0	0.3029296875 0.0
2817.0	0.714624023437 0.0
2817.0	0.255395507812 0.0
2817.0	0.630029296875 0.0
2817.1	0.679174804687 0.0
2817.3	0.249755859375 0.0
2817.3	0.523681640625 0.0
2817.3	0.1482421875 0.0
2817.5	0.20625 0.0
2817.5	0.198193359375 0.0
2817.5	0.301318359375 0.0
2817.7	0.313403320312 0.0
2817.7	0.16435546875 0.0
2817.7	0.156298828125 0.0
2817.8	0.249755859375 0.0
2817.8	0.169189453125 0.0
2817.8	0.2578125 0.0
2817.8	0.167578125 0.0
2817.9	0.3158203125 0.0
2818.0	0.310986328125 0.0
2818.0	0.204638671875 0.0
2818.0	0.348046875 0.0
2818.0	0.216723632812 0.0
2818.1	0.362548828125 0.0
2818.2	0.414111328125 0.0
2818.2	0.281982421875 0.0
2818.3	0.466479492187 0.0
2818.4	0.33837890625 0.0
2818.4	0.75087890625 0.0
2818.4	0.178051757812 0.0
2818.5	0.2900390625 0.0
2818.6	0.256201171875 0.0
2818.6	0.436669921875 0.0
2818.6	1.27939453125 0.0
2818.7	0.77666015625 0.0
2818.7	0.220751953125 0.0
2818.7	0.791162109375 0.0
2818.7	0.2578125 0.0
2818.8	0.36416015625 0.0
2818.9	0.252172851562 0.0
2818.9	0.207055664062 0.0
2818.9	1.44697265625 0.0
2819.0	0.2384765625 0.0
2819.0	0.126489257813 0.0
2819.0	0.48984375 0.0
2819.2	0.31904296875 0.0
2819.2	0.4576171875 0.0
2819.2	0.188525390625 0.0
2819.3	1.95131835937 0.0
2819.6	0.3673828125 0.0
2819.6	0.574438476563 0.0
2819.6	0.716235351562 0.0
2819.7	0.343212890625 0.0
2819.7	0.285205078125 0.0
2819.7	0.2642578125 0.0
2819.7	0.44150390625 0.0
2819.7	0.23525390625 0.0
2819.8	0.368994140625 0.0
2819.8	0.160327148437 0.0
2819.9	0.426196289062 0.0
2819.9	0.3416015625 0.0
2819.9	0.476953125 0.0
2819.9	0.294873046875 0.0
2820.0	0.167578125 0.0
2820.0	0.514013671875 0.0
2820.1	0.298901367187 0.0
2820.1	0.3931640625 0.0
2820.1	0.20625 0.0
2820.1	0.372216796875 0.0
2820.1	0.1998046875 0.0
2820.1	0.159521484375 0.0
2820.1	0.240087890625 0.0
2820.2	0.410888671875 0.0
2820.2	0.84111328125 0.0
2820.3	0.350463867188 0.0
2820.3	0.1353515625 0.0
2820.4	0.140185546875 0.0
2820.4	0.232836914062 0.0
2820.5	0.427807617187 0.0
2820.6	0.356103515625 0.0
2820.6	0.288427734375 0.0
2820.6	0.198193359375 0.0
2820.7	0.275537109375 0.0
2820.8	0.1998046875 0.0
2820.8	0.594580078125 0.0
2820.8	0.200610351562 0.0
2820.9	0.410083007812 0.0
2821.0	0.219140625 0.0
2821.0	0.303735351562 0.0
2821.0	0.193359375 0.0
2821.0	0.233642578125 0.0
2821.1	0.446337890625 0.0
2821.1	0.211083984375 0.0
2821.1	0.371411132812 0.0
2821.1	0.17724609375 0.0
2821.2	0.434252929687 0.0
2821.3	0.57685546875 0.0
2821.3	0.324682617187 0.0
2821.3	0.236059570312 0.0
2821.4	0.726708984375 0.0
2821.5	0.356103515625 0.0
2821.5	0.25458984375 0.0
2821.5	0.298095703125 0.0
2821.5	1.16015625 0.0
2821.6	0.436669921875 0.0
2821.6	0.19013671875 0.0
2821.8	0.4060546875 0.0
2821.9	0.22236328125 0.0
2821.9	0.20947265625 0.0
2821.9	0.518041992188 0.0
2821.9	0.298901367187 0.0
2822.0	0.501123046875 0.0
2822.0	0.51240234375 0.0
2822.1	0.221557617188 0.0
2822.2	1.35673828125 0.0
2822.2	0.197387695312 0.0
2822.3	0.21591796875 0.0
2822.3	0.613916015625 0.0
2822.4	0.26103515625 0.0
2822.5	0.49306640625 0.0
2822.6	0.23525390625 0.0
2822.6	0.319848632812 0.0
2822.7	0.2126953125 0.0
2822.7	0.60263671875 0.0
2822.7	0.240087890625 0.0
2822.7	0.42216796875 0.0
2822.8	0.23203125 0.0
2822.8	0.4189453125 0.0
2823.0	0.28359375 0.0
2823.2	0.5349609375 0.0
2823.2	0.193359375 0.0
2823.3	0.296484375 0.0
2823.3	0.29326171875 0.0
2823.4	0.208666992187 0.0
2823.4	0.2578125 0.0
2823.4	0.1998046875 0.0
2823.4	0.244921875 0.0
2823.5	0.207861328125 0.0
2823.6	0.359326171875 0.0
2823.6	0.37060546875 0.0
2823.6	0.246533203125 0.0
2823.7	0.276342773437 0.0
2823.8	0.185302734375 0.0
2824.0	0.29326171875 0.0
2824.0	0.271508789062 0.0
2824.0	0.407666015625 0.0
2824.1	0.176440429687 0.0
2824.2	0.20625 0.0
2824.2	0.187719726562 0.0
2824.3	0.217529296875 0.0
2824.4	0.3609375 0.0
2824.4	0.2126953125 0.0
2824.5	0.203833007812 0.0
2824.5	0.75087890625 0.0
2824.5	0.269897460938 0.0
2824.6	0.161938476562 0.0
2824.7	0.215112304687 0.0
2824.8	0.3416015625 0.0
2824.8	0.178857421875 0.0
2825.0	0.211083984375 0.0
2825.1	0.373828125 0.0
2825.1	0.281982421875 0.0
2825.2	0.60263671875 0.0
2825.3	0.240087890625 0.0
2825.3	0.726708984375 0.0
2825.4	0.285205078125 0.0
2825.4	0.69931640625 0.0
2825.5	0.381079101562 0.0
2825.6	0.31259765625 0.0
2825.6	0.22236328125 0.0
2825.7	0.167578125 0.0
2825.7	0.3158203125 0.0
2825.7	0.149853515625 0.0
2825.8	0.2384765625 0.0
2825.9	0.14501953125 0.0
2826.1	0.215112304687 0.0
2826.1	0.286010742188 0.0
2826.3	0.266674804687 0.0
2826.3	0.215112304687 0.0
2826.4	0.4705078125 0.0
2826.4	0.287622070312 0.0
2826.5	0.187719726562 0.0
2826.5	0.32548828125 0.0
2826.6	0.577661132812 0.0
2826.6	0.167578125 0.0
2826.6	0.631640625 0.0
2826.7	0.269091796875 0.0
2826.8	0.1869140625 0.0
2826.8	0.537377929687 0.0
2826.8	0.246533203125 0.0
2826.8	0.17724609375 0.0
2826.8	0.662255859375 0.0
2826.8	0.306958007812 0.0
2826.8	0.29970703125 0.0
2827.1	0.227197265625 0.0
2827.1	0.20947265625 0.0
2827.1	0.701733398437 0.0
2827.2	0.24814453125 0.0
2827.3	0.31904296875 0.0
2827.3	0.2771484375 0.0
2827.3	0.1224609375 0.0
2827.3	0.1869140625 0.0
2827.5	0.193359375 0.0
2827.5	0.1998046875 0.0
2827.5	0.298901367187 0.0
2827.6	0.203833007812 0.0
2827.7	0.244921875 0.0
2827.7	0.313403320312 0.0
2827.7	0.943432617187 0.0
2827.8	0.2384765625 0.0
2827.8	0.149853515625 0.0
2827.8	0.23525390625 0.0
2827.8	0.294067382812 0.0
2827.8	0.278759765625 0.0
2827.9	0.352075195312 0.0
2827.9	0.1869140625 0.0
2828.0	0.174829101562 0.0
2828.0	0.287622070312 0.0
2828.1	0.40283203125 0.0
2828.1	0.159521484375 0.0
2828.1	0.38671875 0.0
2828.2	0.363354492187 0.0
2828.4	0.281982421875 0.0
2828.4	0.214306640625 0.0
2828.4	0.420556640625 0.0
2828.5	0.285205078125 0.0
2828.6	0.208666992187 0.0
2828.6	0.523681640625 0.0
2828.7	0.165966796875 0.0
2828.7	0.575244140625 0.0
2828.7	0.178051757812 0.0
2828.8	0.17080078125 0.0
2829.0	0.298095703125 0.0
2829.0	0.265869140625 0.0
2829.1	0.2642578125 0.0
2829.1	0.729125976562 0.0
2829.1	0.514013671875 0.0
2829.2	0.20947265625 0.0
2829.3	0.316625976562 0.0
2829.4	1.10375976562 0.0
2829.5	0.348852539062 0.0
2829.5	0.41572265625 0.0
2829.5	0.324682617187 0.0
2829.6	0.2771484375 0.0
2829.6	0.46083984375 0.0
2829.6	0.318237304688 0.0
2829.7	0.298901367187 0.0
2829.8	0.975659179687 0.0
2829.8	0.32548828125 0.0
2829.8	0.42216796875 0.0
2829.9	0.211083984375 0.0
2829.9	0.504345703125 0.0
2829.9	0.407666015625 0.0
2830.0	0.27392578125 0.0
2830.2	0.423779296875 0.0
2830.2	0.2513671875 0.0
2830.3	0.207861328125 0.0
2830.5	0.262646484375 0.0
2830.5	0.181274414062 0.0
2830.5	0.275537109375 0.0
2830.6	0.365771484375 0.0
2830.6	0.107958984375 0.0
2830.6	0.743627929687 0.0
2830.7	0.19013671875 0.0
2830.7	0.479370117188 0.0
2830.8	0.352880859375 0.0
2830.9	0.32548828125 0.0
2830.9	0.3609375 0.0
2831.0	0.34482421875 0.0
2831.0	0.433447265625 0.0
2831.1	0.322265625 0.0
2831.1	0.230419921875 0.0
2831.2	0.189331054688 0.0
2831.2	0.262646484375 0.0
2831.2	0.217529296875 0.0
2831.4	0.292456054687 0.0
2831.4	0.294873046875 0.0
2831.5	0.672729492188 0.0
2831.5	0.184497070312 0.0
2831.5	0.39638671875 0.0
2831.6	0.1482421875 0.0
2831.7	0.304541015625 0.0
2831.7	0.184497070312 0.0
2831.8	0.2255859375 0.0
2831.8	0.733154296875 0.0
2831.8	0.240893554687 0.0
2831.8	0.591357421875 0.0
2831.9	0.185302734375 0.0
2831.9	0.18369140625 0.0
2832.0	0.2642578125 0.0
2832.0	0.349658203125 0.0
2832.2	0.178051757812 0.0
2832.2	0.3287109375 0.0
2832.2	0.228002929687 0.0
2832.2	0.281982421875 0.0
2832.3	0.435864257812 0.0
2832.4	0.198999023437 0.0
2832.4	1.2890625 0.0
2832.4	0.356103515625 0.0
2832.4	0.378662109375 0.0
2832.4	0.378662109375 0.0
2832.5	0.350463867188 0.0
2832.5	0.165161132812 0.0
2832.6	0.3544921875 0.0
2832.6	0.48017578125 0.0
2832.7	0.194970703125 0.0
2832.7	0.4189453125 0.0
2832.8	0.2513671875 0.0
2832.8	0.29326171875 0.0
2832.8	0.9474609375 0.0
2832.8	0.274731445312 0.0
2832.8	0.292456054687 0.0
2832.8	0.20625 0.0
2832.9	0.23203125 0.0
2833.0	0.25458984375 0.0
2833.0	0.24169921875 0.0
2833.1	0.278759765625 0.0
2833.1	0.310180664062 0.0
2833.2	0.629223632812 0.0
2833.2	0.260229492187 0.0
2833.2	0.29970703125 0.0
2833.2	0.140185546875 0.0
2833.3	0.28359375 0.0
2833.4	0.353686523437 0.0
2833.4	0.2126953125 0.0
2833.5	0.39638671875 0.0
2833.6	0.322265625 0.0
2833.7	0.2513671875 0.0
2833.7	0.21591796875 0.0
2833.7	0.13857421875 0.0
2833.7	0.529321289062 0.0
2833.7	0.28037109375 0.0
2833.8	0.18046875 0.0
2833.8	0.31259765625 0.0
2833.8	0.165966796875 0.0
2833.9	0.14501953125 0.0
2833.9	0.26103515625 0.0
2833.9	0.314208984375 0.0
2834.0	0.193359375 0.0
2834.0	0.320654296875 0.0
2834.0	0.420556640625 0.0
2834.1	0.20625 0.0
2834.2	0.8830078125 0.0
2834.2	0.242504882812 0.0
2834.3	0.38671875 0.0
2834.3	0.451171875 0.0
2834.3	0.223974609375 0.0
2834.3	0.4576171875 0.0
2834.4	0.213500976562 0.0
2834.5	0.558325195313 0.0
2834.5	0.202221679687 0.0
2834.6	0.365771484375 0.0
2834.6	0.306958007812 0.0
2834.7	0.2513671875 0.0
2834.8	0.3802734375 0.0
2834.8	0.14501953125 0.0
2834.9	0.219946289062 0.0
2834.9	0.37705078125 0.0
2834.9	0.321459960937 0.0
2835.1	0.690454101562 0.0
2835.1	1.0828125 0.0
2835.1	0.265869140625 0.0
2835.2	0.38349609375 0.0
2835.3	0.237670898438 0.0
2835.3	1.37687988281 0.0
2835.3	0.691259765625 0.0
2835.4	0.136157226562 0.0
2835.5	0.269091796875 0.0
2835.5	0.25458984375 0.0
2835.5	0.207861328125 0.0
2835.5	0.33193359375 0.0
2835.6	0.25458984375 0.0
2835.7	0.244921875 0.0
2835.7	0.435864257812 0.0
2835.8	0.23203125 0.0
2835.8	0.20625 0.0
2835.9	0.25458984375 0.0
2836.1	0.439086914062 0.0
2836.1	0.427001953125 0.0
2836.1	0.2771484375 0.0
2836.2	0.57041015625 0.0
2836.4	0.253784179688 0.0
2836.4	0.348046875 0.0
2836.4	0.368994140625 0.0
2836.4	0.348046875 0.0
2836.5	0.193359375 0.0
2836.5	0.219140625 0.0
2836.5	0.19013671875 0.0
2836.5	0.656616210938 0.0
2836.5	0.286010742188 0.0
2836.6	0.228002929687 0.0
2836.6	0.431030273438 0.0
2836.6	0.144213867187 0.0
2836.7	0.1611328125 0.0
2836.7	0.227197265625 0.0
2836.7	0.38994140625 0.0
2836.9	0.2900390625 0.0
2836.9	0.6123046875 0.0
2836.9	0.226391601562 0.0
2836.9	0.219140625 0.0
2837.0	0.145825195312 0.0
2837.1	0.4189453125 0.0
2837.1	0.233642578125 0.0
2837.1	0.320654296875 0.0
2837.2	0.965185546875 0.0
2837.3	0.319848632812 0.0
2837.4	0.175634765625 0.0
2837.4	0.344018554687 0.0
2837.5	0.442309570312 0.0
2837.6	0.391552734375 0.0
2837.6	0.30615234375 0.0
2837.8	0.143408203125 0.0
2837.8	0.816943359375 0.0
2838.0	0.684814453125 0.0
2838.0	0.256201171875 0.0
2838.1	0.244921875 0.0
2838.2	0.381884765625 0.0
2838.4	0.236865234375 0.0
2838.4	0.5349609375 0.0
2838.4	0.1224609375 0.0
2838.5	0.230419921875 0.0
2838.7	0.399609375 0.0
2838.8	0.326293945312 0.0
2838.8	0.176440429687 0.0
2838.8	0.256201171875 0.0
2838.9	0.322265625 0.0
2839.0	0.3931640625 0.0
2839.0	0.1869140625 0.0
2839.1	0.239282226562 0.0
2839.1	0.203833007812 0.0
2839.2	0.484204101562 0.0
2839.3	0.284399414062 0.0
2839.3	0.404443359375 0.0
2839.5	0.248950195312 0.0
2839.6	0.387524414062 0.0
2839.6	0.37060546875 0.0
2839.7	0.291650390625 0.0
2839.7	0.5091796875 0.0
2839.7	0.320654296875 0.0
2839.7	0.2126953125 0.0
2839.7	0.230419921875 0.0
2839.7	0.785522460938 0.0
2839.8	0.239282226562 0.0
2839.9	0.165966796875 0.0
2840.0	0.368994140625 0.0
2840.1	0.326293945312 0.0
2840.1	0.3029296875 0.0
2840.1	0.377856445312 0.0
2840.1	0.1611328125 0.0
2840.2	0.175634765625 0.0
2840.2	0.501123046875 0.0
2840.2	0.153076171875 0.0
2840.2	0.620361328125 0.0
2840.2	0.226391601562 0.0
2840.3	0.49951171875 0.0
2840.4	0.17724609375 0.0
2840.4	0.0942626953125 0.0
2840.5	0.244921875 0.0
2840.5	0.49306640625 0.0
2840.5	0.256201171875 0.0
2840.6	0.14501953125 0.0
2840.6	0.292456054687 0.0
2840.7	0.34482421875 0.0
2840.8	0.24169921875 0.0
2840.9	0.214306640625 0.0
2840.9	0.187719726562 0.0
2840.9	0.636474609375 0.0
2841.0	0.268286132812 0.0
2841.0	0.497094726562 0.0
2841.1	0.981298828125 0.0
2841.2	0.248950195312 0.0
2841.3	1.73056640625 0.0
2841.4	0.078955078125 0.0
2841.4	0.375439453125 0.0
2841.5	0.15791015625 0.0
2841.5	0.197387695312 0.0
2841.5	0.149853515625 0.0
2841.5	0.882202148438 0.0
2841.5	0.2126953125 0.0
2841.6	0.31259765625 0.0
2841.6	0.20302734375 0.0
2841.6	0.193359375 0.0
2841.6	0.244921875 0.0
2841.8	0.340795898437 0.0
2841.8	0.157104492188 0.0
2841.9	0.693676757812 0.0
2842.0	0.2578125 0.0
2842.0	0.592163085938 0.0
2842.0	0.397998046875 0.0
2842.2	0.720263671875 0.0
2842.3	0.2126953125 0.0
2842.4	0.240087890625 0.0
2842.5	0.32548828125 0.0
2842.5	0.190942382812 0.0
2842.5	0.2578125 0.0
2842.7	0.19013671875 0.0
2842.8	0.09990234375 0.0
2842.8	0.193359375 0.0
2842.9	0.228002929687 0.0
2842.9	0.291650390625 0.0
2842.9	0.28681640625 0.0
2843.0	0.249755859375 0.0
2843.0	1.07556152344 0.0
2843.0	0.14501953125 0.0
2843.0	0.594580078125 0.0
2843.1	0.584912109375 0.0
2843.2	0.38671875 0.0
2843.2	0.141796875 0.0
2843.2	0.178857421875 0.0
2843.3	0.584106445312 0.0
2843.4	0.377856445312 0.0
2843.4	0.6509765625 0.0
2843.4	0.178857421875 0.0
2843.4	0.2642578125 0.0
2843.4	0.66708984375 0.0
2843.4	0.353686523437 0.0
2843.5	0.230419921875 0.0
2843.6	0.185302734375 0.0
2843.6	0.219140625 0.0
2843.7	0.255395507812 0.0
2843.8	0.3931640625 0.0
2843.9	0.591357421875 0.0
2843.9	0.24169921875 0.0
2843.9	0.103125 0.0
2844.0	0.365771484375 0.0
2844.1	0.227197265625 0.0
2844.2	0.580883789062 0.0
2844.3	0.552685546875 0.0
2844.3	0.578466796875 0.0
2844.3	0.184497070312 0.0
2844.3	0.292456054687 0.0
2844.3	0.168383789062 0.0
2844.4	0.365771484375 0.0
2844.4	0.364965820312 0.0
2844.6	0.60908203125 0.0
2844.6	0.1998046875 0.0
2844.7	0.281982421875 0.0
2845.0	0.5349609375 0.0
2845.1	0.708984375 0.0
2845.1	0.327099609375 0.0
2845.2	0.25458984375 0.0
2845.2	0.23525390625 0.0
2845.3	0.19658203125 0.0
2845.3	0.194970703125 0.0
2845.4	0.178857421875 0.0
2845.4	0.277954101562 0.0
2845.5	0.5478515625 0.0
2845.6	0.1998046875 0.0
2845.6	0.249755859375 0.0
2845.6	0.3802734375 0.0
2845.8	1.16901855469 0.0
2845.8	0.506762695312 0.0
2845.9	0.270703125 0.0
2846.0	0.290844726562 0.0
2846.1	0.825 0.0
2846.1	0.22880859375 0.0
2846.1	0.640502929688 0.0
2846.1	0.195776367187 0.0
2846.1	0.323876953125 0.0
2846.1	0.64130859375 0.0
2846.1	0.240893554687 0.0
2846.2	0.167578125 0.0
2846.2	0.216723632812 0.0
2846.2	0.2578125 0.0
2846.3	0.478564453125 0.0
2846.4	0.149047851562 0.0
2846.4	0.182080078125 0.0
2846.4	0.169189453125 0.0
2846.5	0.394775390625 0.0
2846.5	0.1998046875 0.0
2846.5	0.223974609375 0.0
2846.5	0.169189453125 0.0
2846.5	0.256201171875 0.0
2846.6	0.162744140625 0.0
2846.6	0.423779296875 0.0
2846.7	0.304541015625 0.0
2846.9	0.3416015625 0.0
2846.9	0.291650390625 0.0
2846.9	0.309375 0.0
2847.0	0.335961914062 0.0
2847.0	0.551879882812 0.0
2847.0	0.3802734375 0.0
2847.0	0.8314453125 0.0
2847.1	0.153076171875 0.0
2847.1	0.666284179687 0.0
2847.1	0.246533203125 0.0
2847.2	0.3609375 0.0
2847.2	0.38349609375 0.0
2847.2	0.211083984375 0.0
2847.2	0.1482421875 0.0
2847.3	0.306958007812 0.0
2847.4	0.262646484375 0.0
2847.5	0.22236328125 0.0
2847.5	0.20625 0.0
2847.5	0.310180664062 0.0
2847.6	0.450366210937 0.0
2847.8	1.33659667969 0.0
2847.8	0.223974609375 0.0
2847.9	0.194970703125 0.0
2847.9	0.182080078125 0.0
2848.0	0.348046875 0.0
2848.0	0.319848632812 0.0
2848.0	0.172412109375 0.0
2848.0	0.52529296875 0.0
2848.1	0.787939453125 0.0
2848.2	0.223168945312 0.0
2848.2	0.17724609375 0.0
2848.3	0.291650390625 0.0
2848.3	0.288427734375 0.0
2848.3	0.46728515625 0.0
2848.3	0.159521484375 0.0
2848.4	0.194165039062 0.0
2848.4	0.197387695312 0.0
2848.4	0.141796875 0.0
2848.5	0.350463867188 0.0
2848.5	0.31904296875 0.0
2848.5	0.33837890625 0.0
2848.5	0.451171875 0.0
2848.6	0.333544921875 0.0
2848.6	0.382690429688 0.0
2848.6	0.294873046875 0.0
2848.7	0.136962890625 0.0
2848.7	0.301318359375 0.0
2848.7	0.321459960937 0.0
2848.7	0.272314453125 0.0
2848.8	0.191748046875 0.0
2848.8	0.3609375 0.0
2848.9	0.186108398437 0.0
2848.9	0.501123046875 0.0
2849.0	0.416528320312 0.0
2849.0	0.26103515625 0.0
2849.1	0.373828125 0.0
2849.1	1.1408203125 0.0
2849.2	1.2181640625 0.0
2849.2	0.304541015625 0.0
2849.3	0.291650390625 0.0
2849.4	0.284399414062 0.0
2849.4	0.156298828125 0.0
2849.4	0.468090820312 0.0
2849.4	0.25458984375 0.0
2849.5	0.340795898437 0.0
2849.5	0.671923828125 0.0
2849.6	0.555908203125 0.0
2849.6	0.32548828125 0.0
2849.7	0.19013671875 0.0
2849.7	0.401220703125 0.0
2849.7	0.281176757813 0.0
2849.7	0.2900390625 0.0
2849.8	0.517236328125 0.0
2849.8	0.175634765625 0.0
2849.8	0.460034179687 0.0
2849.8	0.309375 0.0
2849.9	0.2255859375 0.0
2850.0	0.18369140625 0.0
2850.2	0.613110351562 0.0
2850.2	0.20947265625 0.0
2850.2	0.200610351562 0.0
2850.3	0.23525390625 0.0
2850.3	0.242504882812 0.0
2850.3	0.462451171875 0.0
2850.4	0.356103515625 0.0
2850.5	0.262646484375 0.0
2850.6	0.379467773437 0.0
2850.7	0.968408203125 0.0
2850.7	0.645336914062 0.0
2850.7	0.439892578125 0.0
2850.7	0.449560546875 0.0
2850.8	0.919262695312 0.0
2850.8	0.31904296875 0.0
2850.8	0.39638671875 0.0
2850.9	0.266674804687 0.0
2850.9	0.197387695312 0.0
2851.0	0.194165039062 0.0
2851.0	0.2900390625 0.0
2851.1	0.491455078125 0.0
2851.1	0.4189453125 0.0
2851.2	1.22863769531 0.0
2851.2	0.207861328125 0.0
2851.4	0.26103515625 0.0
2851.5	0.300512695312 0.0
2851.6	0.194970703125 0.0
2851.6	0.287622070312 0.0
2851.6	0.38671875 0.0
2851.7	0.323071289062 0.0
2851.7	0.263452148437 0.0
2851.8	0.223974609375 0.0
2851.8	0.329516601562 0.0
2851.8	0.193359375 0.0
2851.8	0.236865234375 0.0
2851.9	0.255395507812 0.0
2852.0	0.270703125 0.0
2852.0	0.32548828125 0.0
2852.0	0.15791015625 0.0
2852.0	0.23525390625 0.0
2852.2	0.230419921875 0.0
2852.2	0.18046875 0.0
2852.3	0.20302734375 0.0
2852.4	0.3931640625 0.0
2852.4	0.355297851562 0.0
2852.4	0.268286132812 0.0
2852.4	0.223168945312 0.0
2852.5	0.915234375 0.0
2852.5	0.203833007812 0.0
2852.6	0.345629882812 0.0
2852.6	0.2126953125 0.0
2852.7	0.175634765625 0.0
2852.8	0.246533203125 0.0
2852.8	0.193359375 0.0
2852.9	0.348852539062 0.0
2853.1	1.14807128906 0.0
2853.1	0.350463867188 0.0
2853.1	0.243310546875 0.0
2853.1	0.261840820312 0.0
2853.2	0.20302734375 0.0
2853.2	0.156298828125 0.0
2853.2	0.0942626953125 0.0
2853.2	0.201416015625 0.0
2853.3	0.605859375 0.0
2853.4	0.33515625 0.0
2853.5	0.304541015625 0.0
2853.5	0.26103515625 0.0
2853.5	0.152270507812 0.0
2853.6	0.227197265625 0.0
2853.6	0.2384765625 0.0
2853.6	0.296484375 0.0
2853.7	0.297290039063 0.0
2853.7	0.41572265625 0.0
2853.8	0.29970703125 0.0
2853.8	0.120849609375 0.0
2853.8	0.272314453125 0.0
2854.0	0.323071289062 0.0
2854.0	0.22236328125 0.0
2854.0	0.365771484375 0.0
2854.0	0.609887695312 0.0
2854.0	0.20947265625 0.0
2854.0	0.443115234375 0.0
2854.1	0.44794921875 0.0
2854.1	0.223168945312 0.0
2854.2	0.434252929687 0.0
2854.2	0.427001953125 0.0
2854.2	0.219140625 0.0
2854.2	0.24814453125 0.0
2854.3	0.43828125 0.0
2854.3	0.1740234375 0.0
2854.3	0.559130859375 0.0
2854.5	0.762158203125 0.0
2854.5	0.19658203125 0.0
2854.7	0.3802734375 0.0
2854.7	0.323876953125 0.0
2854.8	0.270703125 0.0
2854.9	0.45439453125 0.0
2854.9	0.265869140625 0.0
2854.9	0.253784179688 0.0
2855.0	0.540600585937 0.0
2855.1	0.28037109375 0.0
2855.1	0.256201171875 0.0
2855.2	0.314208984375 0.0
2855.2	0.136962890625 0.0
2855.2	0.574438476563 0.0
2855.2	0.202221679687 0.0
2855.4	0.4189453125 0.0
2855.4	0.313403320312 0.0
2855.4	0.269091796875 0.0
2855.4	0.18046875 0.0
2855.4	0.2771484375 0.0
2855.5	0.1998046875 0.0
2855.6	0.401220703125 0.0
2855.6	0.182885742187 0.0
2855.6	0.2126953125 0.0
2855.6	0.215112304687 0.0
2855.6	0.246533203125 0.0
2855.7	0.310986328125 0.0
2855.8	0.234448242187 0.0
2855.9	0.372216796875 0.0
2856.0	0.18046875 0.0
2856.2	0.168383789062 0.0
2856.2	0.155493164062 0.0
2856.3	0.20625 0.0
2856.5	0.213500976562 0.0
2856.5	0.260229492187 0.0
2856.5	0.18369140625 0.0
2856.5	0.535766601562 0.0
2856.6	0.182080078125 0.0
2856.6	0.568798828125 0.0
2856.7	0.165966796875 0.0
2856.8	0.28359375 0.0
2856.8	0.2255859375 0.0
2856.8	0.203833007812 0.0
2856.9	0.270703125 0.0
2857.1	0.279565429687 0.0
2857.2	0.23203125 0.0
2857.6	0.2513671875 0.0
2857.6	0.375439453125 0.0
2857.8	0.33515625 0.0
2857.9	0.1546875 0.0
2857.9	0.223168945312 0.0
2857.9	0.1998046875 0.0
2857.9	0.136962890625 0.0
2858.0	0.797607421875 0.0
2858.0	0.201416015625 0.0
2858.0	0.197387695312 0.0
2858.1	0.44794921875 0.0
2858.2	0.37705078125 0.0
2858.3	0.28359375 0.0
2858.3	0.296484375 0.0
2858.3	0.141796875 0.0
2858.4	0.182080078125 0.0
2858.4	0.44794921875 0.0
2858.5	0.1482421875 0.0
2858.5	0.372216796875 0.0
2858.5	0.22880859375 0.0
2858.5	0.2255859375 0.0
2858.7	0.2513671875 0.0
2858.8	0.227197265625 0.0
2858.8	0.28037109375 0.0
2858.8	0.161938476562 0.0
2858.8	0.182885742187 0.0
2858.9	0.21591796875 0.0
2858.9	0.38671875 0.0
2858.9	0.210278320312 0.0
2858.9	0.3158203125 0.0
2859.0	0.435864257812 0.0
2859.2	0.320654296875 0.0
2859.3	0.265869140625 0.0
2859.4	0.33515625 0.0
2859.5	0.252978515625 0.0
2859.5	0.182885742187 0.0
2859.6	0.1740234375 0.0
2859.9	0.193359375 0.0
2859.9	0.4060546875 0.0
2859.9	0.58974609375 0.0
2860.0	0.2513671875 0.0
2860.0	0.374633789062 0.0
2860.0	0.1546875 0.0
2860.0	0.348046875 0.0
2860.1	0.2642578125 0.0
2860.1	0.459228515625 0.0
2860.2	0.393969726562 0.0
2860.2	0.2384765625 0.0
2860.2	0.25458984375 0.0
2860.4	0.169995117187 0.0
2860.4	0.224780273437 0.0
2860.5	0.213500976562 0.0
2860.5	0.14501953125 0.0
2860.6	0.211889648437 0.0
2860.7	0.194970703125 0.0
2860.7	0.190942382812 0.0
2860.8	0.167578125 0.0
2860.8	0.429418945312 0.0
2860.9	0.266674804687 0.0
2860.9	0.517236328125 0.0
2860.9	0.429418945312 0.0
2860.9	0.227197265625 0.0
2860.9	0.275537109375 0.0
2861.0	0.285205078125 0.0
2861.0	0.236059570312 0.0
2861.0	0.207861328125 0.0
2861.0	0.44150390625 0.0
2861.1	0.425390625 0.0
2861.1	0.331127929687 0.0
2861.1	0.226391601562 0.0
2861.2	0.435864257812 0.0
2861.2	0.2578125 0.0
2861.2	0.3802734375 0.0
2861.2	0.185302734375 0.0
2861.2	1.28100585938 0.0
2861.3	0.11923828125 0.0
2861.3	0.244921875 0.0
2861.4	0.189331054688 0.0
2861.5	0.332739257812 0.0
2861.6	0.893481445312 0.0
2861.6	0.298095703125 0.0
2861.7	0.1611328125 0.0
2861.7	0.23525390625 0.0
2861.7	0.1353515625 0.0
2861.7	0.159521484375 0.0
2861.7	0.198193359375 0.0
2861.7	0.165161132812 0.0
2861.8	0.23203125 0.0
2862.1	0.245727539062 0.0
2862.1	0.234448242187 0.0
2862.2	0.3609375 0.0
2862.2	0.56396484375 0.0
2862.5	0.313403320312 0.0
2862.5	0.191748046875 0.0
2862.6	0.15791015625 0.0
2862.7	0.31904296875 0.0
2862.8	0.33515625 0.0
2862.8	0.284399414062 0.0
2862.9	0.277954101562 0.0
2862.9	0.2126953125 0.0
2863.0	0.4447265625 0.0
2863.0	0.22880859375 0.0
2863.1	0.461645507812 0.0
2863.1	0.266674804687 0.0
2863.1	0.28037109375 0.0
2863.2	0.16435546875 0.0
2863.2	0.519653320312 0.0
2863.3	1.21896972656 0.0
2863.3	0.146630859375 0.0
2863.5	0.77021484375 0.0
2863.6	0.439892578125 0.0
2863.6	0.22880859375 0.0
2863.7	0.236865234375 0.0
2863.7	0.314208984375 0.0
2863.9	0.2126953125 0.0
2864.0	0.184497070312 0.0
2864.0	0.15146484375 0.0
2864.1	0.44150390625 0.0
2864.1	0.269897460938 0.0
2864.1	0.53173828125 0.0
2864.1	0.200610351562 0.0
2864.1	0.38671875 0.0
2864.3	0.240087890625 0.0
2864.4	0.603442382812 0.0
2864.4	0.459228515625 0.0
2864.4	0.195776367187 0.0
2864.5	0.377856445312 0.0
2864.6	0.297290039063 0.0
2864.6	0.381884765625 0.0
2864.6	0.1611328125 0.0
2864.6	0.837890625 0.0
2864.6	0.201416015625 0.0
2864.7	0.200610351562 0.0
2864.7	0.12890625 0.0
2864.7	0.339990234375 0.0
2864.7	0.601025390625 0.0
2864.7	0.127294921875 0.0
2864.8	0.448754882812 0.0
2864.8	0.243310546875 0.0
2864.9	0.22880859375 0.0
2864.9	0.172412109375 0.0
2865.0	0.224780273437 0.0
2865.1	0.275537109375 0.0
2865.1	0.285205078125 0.0
2865.1	0.111181640625 0.0
2865.2	0.646948242187 0.0
2865.2	0.406860351562 0.0
2865.2	0.44794921875 0.0
2865.3	0.22880859375 0.0
2865.3	0.240087890625 0.0
2865.3	0.236059570312 0.0
2865.3	0.436669921875 0.0
2865.4	0.333544921875 0.0
2865.4	0.207055664062 0.0
2865.5	0.172412109375 0.0
2865.5	0.141796875 0.0
2865.6	0.4060546875 0.0
2865.6	0.141796875 0.0
2865.7	0.136962890625 0.0
2865.7	0.397998046875 0.0
2865.8	0.300512695312 0.0
2865.8	0.310180664062 0.0
2865.8	0.20625 0.0
2865.9	0.121655273437 0.0
2865.9	0.174829101562 0.0
2865.9	0.417333984375 0.0
2866.0	0.2255859375 0.0
2866.1	0.3544921875 0.0
2866.2	0.64453125 0.0
2866.4	0.348046875 0.0
2866.4	0.819360351562 0.0
2866.4	0.29970703125 0.0
2866.4	0.320654296875 0.0
2866.5	0.28037109375 0.0
2866.6	0.219140625 0.0
2866.7	0.25458984375 0.0
2866.7	0.3673828125 0.0
2866.8	0.333544921875 0.0
2866.9	0.515625 0.0
2867.0	0.3544921875 0.0
2867.1	0.57041015625 0.0
2867.2	0.430224609375 0.0
2867.2	0.158715820312 0.0
2867.2	0.2578125 0.0
2867.2	0.343212890625 0.0
2867.5	0.242504882812 0.0
2867.5	0.174829101562 0.0
2867.6	0.23203125 0.0
2867.6	0.6251953125 0.0
2867.6	0.19658203125 0.0
2867.6	0.3931640625 0.0
2867.6	1.35190429687 0.0
2867.6	0.324682617187 0.0
2867.6	0.1224609375 0.0
2867.6	0.187719726562 0.0
2867.8	0.270703125 0.0
2867.9	0.256201171875 0.0
2867.9	0.297290039063 0.0
2867.9	0.284399414062 0.0
2868.0	0.252978515625 0.0
2868.0	0.48984375 0.0
2868.0	0.346435546875 0.0
2868.0	0.23525390625 0.0
2868.0	0.17080078125 0.0
2868.1	0.281176757813 0.0
2868.1	0.169189453125 0.0
2868.1	0.2900390625 0.0
2868.3	0.2513671875 0.0
2868.4	0.363354492187 0.0
2868.4	0.4189453125 0.0
2868.5	0.20947265625 0.0
2868.5	0.476147460937 0.0
2868.6	0.48984375 0.0
2868.7	0.174829101562 0.0
2868.7	0.298095703125 0.0
2868.9	0.18046875 0.0
2868.9	0.348046875 0.0
2869.0	0.20625 0.0
2869.0	0.381884765625 0.0
2869.0	0.18369140625 0.0
2869.1	0.146630859375 0.0
2869.1	0.437475585937 0.0
2869.2	2.32595214844 0.0
2869.2	0.289233398438 0.0
2869.2	0.939404296875 0.0
2869.4	0.373828125 0.0
2869.4	0.143408203125 0.0
2869.4	0.946655273438 0.0
2869.5	0.20625 0.0
2869.5	0.2771484375 0.0
2869.6	0.33837890625 0.0
2869.6	0.207055664062 0.0
2869.6	0.4125 0.0
2869.6	0.3158203125 0.0
2869.7	0.18046875 0.0
2869.7	0.236865234375 0.0
2869.8	0.159521484375 0.0
2869.8	0.456005859375 0.0
2869.8	0.18046875 0.0
2869.8	0.591357421875 0.0
2869.8	0.201416015625 0.0
2869.8	0.204638671875 0.0
2869.9	0.346435546875 0.0
2870.0	0.27392578125 0.0
2870.0	0.2513671875 0.0
2870.0	0.24169921875 0.0
2870.1	0.504345703125 0.0
2870.2	0.4060546875 0.0
2870.2	0.275537109375 0.0
2870.3	0.33193359375 0.0
2870.4	0.30615234375 0.0
2870.4	1.14968261719 0.0
2870.4	0.329516601562 0.0
2870.5	0.3416015625 0.0
2870.5	0.449560546875 0.0
2870.5	0.130517578125 0.0
2870.5	0.220751953125 0.0
2870.6	0.30615234375 0.0
2870.6	0.219140625 0.0
2870.6	0.348046875 0.0
2870.7	0.425390625 0.0
2870.7	0.1482421875 0.0
2870.8	0.29326171875 0.0
2870.8	0.369799804687 0.0
2870.9	0.340795898437 0.0
2871.0	0.266674804687 0.0
2871.1	0.426196289062 0.0
2871.2	0.301318359375 0.0
2871.2	0.456005859375 0.0
2871.2	0.296484375 0.0
2871.3	0.187719726562 0.0
2871.3	0.149047851562 0.0
2871.3	0.303735351562 0.0
2871.3	0.408471679687 0.0
2871.4	0.291650390625 0.0
2871.5	0.152270507812 0.0
2871.5	0.2384765625 0.0
2871.5	0.24814453125 0.0
2871.5	0.18369140625 0.0
2871.6	0.1611328125 0.0
2871.8	0.220751953125 0.0
2871.8	0.220751953125 0.0
2871.9	0.307763671875 0.0
2871.9	0.23525390625 0.0
2871.9	0.20625 0.0
2872.0	0.29970703125 0.0
2872.0	0.404443359375 0.0
2872.1	0.268286132812 0.0
2872.2	0.232836914062 0.0
2872.2	0.265869140625 0.0
2872.6	0.346435546875 0.0
2872.6	0.417333984375 0.0
2872.7	0.439892578125 0.0
2872.7	0.16435546875 0.0
2872.8	0.284399414062 0.0
2872.8	0.28359375 0.0
2872.8	0.17080078125 0.0
2872.9	0.195776367187 0.0
2872.9	0.400415039062 0.0
2873.0	0.258618164062 0.0
2873.0	0.36416015625 0.0
2873.0	0.271508789062 0.0
2873.1	0.3544921875 0.0
2873.1	0.43828125 0.0
2873.3	0.3158203125 0.0
2873.3	0.275537109375 0.0
2873.4	0.543017578125 0.0
2873.4	0.284399414062 0.0
2873.5	0.221557617188 0.0
2873.5	0.433447265625 0.0
2873.6	0.3416015625 0.0
2873.6	0.38671875 0.0
2873.6	0.181274414062 0.0
2873.6	0.22880859375 0.0
2873.6	0.234448242187 0.0
2873.6	0.62197265625 0.0
2873.6	0.9990234375 0.0
2873.7	0.41572265625 0.0
2873.7	0.144213867187 0.0
2873.8	0.319848632812 0.0
2873.8	0.194165039062 0.0
2873.8	0.28037109375 0.0
2873.8	0.352880859375 0.0
2873.9	0.305346679688 0.0
2874.0	0.298095703125 0.0
2874.1	0.5091796875 0.0
2874.1	0.28681640625 0.0
2874.1	0.24814453125 0.0
2874.2	0.178857421875 0.0
2874.2	0.294067382812 0.0
2874.3	0.33515625 0.0
2874.3	0.345629882812 0.0
2874.3	0.296484375 0.0
2874.3	0.20625 0.0
2874.3	0.22236328125 0.0
2874.4	0.28037109375 0.0
2874.4	0.207861328125 0.0
2874.4	0.38349609375 0.0
2874.5	0.214306640625 0.0
2874.5	0.720263671875 0.0
2874.5	0.28359375 0.0
2874.6	0.303735351562 0.0
2874.6	0.443920898437 0.0
2874.6	0.425390625 0.0
2874.6	0.193359375 0.0
2874.7	0.3609375 0.0
2874.7	0.426196289062 0.0
2874.7	0.191748046875 0.0
2874.7	0.394775390625 0.0
2874.8	0.300512695312 0.0
2874.8	0.2126953125 0.0
2874.8	0.309375 0.0
2874.8	0.194970703125 0.0
2874.9	0.381884765625 0.0
2875.0	0.9796875 0.0
2875.0	0.136962890625 0.0
2875.1	0.189331054688 0.0
2875.1	0.443115234375 0.0
2875.3	0.3802734375 0.0
2875.3	0.25458984375 0.0
2875.4	0.385107421875 0.0
2875.4	0.33515625 0.0
2875.4	0.269091796875 0.0
2875.4	0.364965820312 0.0
2875.5	0.38671875 0.0
2875.5	0.28037109375 0.0
2875.5	0.211889648437 0.0
2875.6	0.44794921875 0.0
2875.6	1.10617675781 0.0
2875.6	0.28037109375 0.0
2875.6	0.126489257813 0.0
2875.7	0.523681640625 0.0
2875.8	0.730737304687 0.0
2875.8	0.176440429687 0.0
2875.9	0.281982421875 0.0
2875.9	0.7154296875 0.0
2876.0	0.8056640625 0.0
2876.1	0.153076171875 0.0
2876.1	0.292456054687 0.0
2876.1	0.161938476562 0.0
2876.1	0.12890625 0.0
2876.1	0.335961914062 0.0
2876.2	0.272314453125 0.0
2876.2	0.375439453125 0.0
2876.3	0.366577148438 0.0
2876.4	0.26103515625 0.0
2876.6	0.185302734375 0.0
2876.7	0.374633789062 0.0
2876.7	0.322265625 0.0
2876.8	0.219946289062 0.0
2876.8	0.636474609375 0.0
2876.8	0.168383789062 0.0
2876.9	0.248950195312 0.0
2877.0	0.265869140625 0.0
2877.1	0.317431640625 0.0
2877.2	0.489038085937 0.0
2877.2	0.213500976562 0.0
2877.3	0.398803710938 0.0
2877.4	0.397998046875 0.0
2877.5	0.252172851562 0.0
2877.5	0.193359375 0.0
2877.6	0.240087890625 0.0
2877.6	0.259423828125 0.0
2877.7	0.156298828125 0.0
2877.7	0.227197265625 0.0
2877.7	0.252172851562 0.0
2877.7	0.401220703125 0.0
2877.8	0.1998046875 0.0
2877.8	0.204638671875 0.0
2877.8	0.326293945312 0.0
2877.9	0.31259765625 0.0
2877.9	0.291650390625 0.0
2878.0	0.20302734375 0.0
2878.1	0.169189453125 0.0
2878.1	0.265869140625 0.0
2878.2	0.262646484375 0.0
2878.2	0.20947265625 0.0
2878.2	0.410083007812 0.0
2878.2	0.1353515625 0.0
2878.2	0.21591796875 0.0
2878.2	0.417333984375 0.0
2878.3	0.21591796875 0.0
2878.3	0.175634765625 0.0
2878.4	0.58974609375 0.0
2878.4	0.191748046875 0.0
2878.4	0.53173828125 0.0
2878.5	0.226391601562 0.0
2878.5	0.28037109375 0.0
2878.5	0.914428710938 0.0
2878.5	0.232836914062 0.0
2878.5	0.31259765625 0.0
2878.7	0.259423828125 0.0
2878.7	0.471313476562 0.0
2878.7	0.344018554687 0.0
2878.8	0.320654296875 0.0
2878.8	0.320654296875 0.0
2878.8	0.262646484375 0.0
2878.9	0.385107421875 0.0
2878.9	0.095068359375 0.0
2879.0	0.23203125 0.0
2879.0	0.330322265625 0.0
2879.0	0.978076171875 0.0
2879.1	0.236865234375 0.0
2879.1	0.240087890625 0.0
2879.1	0.364965820312 0.0
2879.1	0.281982421875 0.0
2879.1	0.194970703125 0.0
2879.1	0.265063476563 0.0
2879.2	0.337573242187 0.0
2879.2	0.85400390625 0.0
2879.3	0.39638671875 0.0
2879.3	0.352075195312 0.0
2879.4	0.55751953125 0.0
2879.4	0.5220703125 0.0
2879.4	0.167578125 0.0
2879.4	0.40927734375 0.0
2879.5	0.26748046875 0.0
2879.5	0.18046875 0.0
2879.5	0.234448242187 0.0
2879.6	0.4962890625 0.0
2879.7	0.320654296875 0.0
2879.7	0.178857421875 0.0
2879.8	0.1611328125 0.0
2879.9	0.2578125 0.0
2879.9	0.506762695312 0.0
2879.9	0.17724609375 0.0
2880.0	0.169189453125 0.0
2880.1	0.451977539062 0.0
2880.3	0.167578125 0.0
2880.3	0.269091796875 0.0
2880.4	0.631640625 0.0
2880.4	0.195776367187 0.0
2880.5	0.249755859375 0.0
2880.5	0.435864257812 0.0
2880.5	0.147436523437 0.0
2880.6	0.262646484375 0.0
2880.6	0.231225585937 0.0
2880.6	0.25458984375 0.0
2880.7	0.127294921875 0.0
2880.8	0.21591796875 0.0
2880.9	0.4447265625 0.0
2880.9	0.771826171875 0.0
2880.9	0.198193359375 0.0
2880.9	0.175634765625 0.0
2881.0	0.304541015625 0.0
2881.1	0.266674804687 0.0
2881.1	0.636474609375 0.0
2881.3	0.533349609375 0.0
2881.4	0.281982421875 0.0
2881.5	0.300512695312 0.0
2881.5	0.28359375 0.0
2881.5	0.31259765625 0.0
2881.6	0.20625 0.0
2881.6	0.1998046875 0.0
2881.7	0.358520507812 0.0
2881.7	0.156298828125 0.0
2881.8	0.15791015625 0.0
2881.9	0.3158203125 0.0
2881.9	0.372216796875 0.0
2881.9	0.833056640625 0.0
2882.0	0.3609375 0.0
2882.1	0.213500976562 0.0
2882.1	0.38994140625 0.0
2882.1	0.273120117188 0.0
2882.2	0.38994140625 0.0
2882.3	0.48984375 0.0
2882.3	0.323071289062 0.0
2882.3	0.20302734375 0.0
2882.5	0.191748046875 0.0
2882.5	0.165161132812 0.0
2882.5	0.269091796875 0.0
2882.6	0.255395507812 0.0
2882.6	0.677563476562 0.0
2882.6	0.245727539062 0.0
2882.7	0.190942382812 0.0
2882.7	0.31904296875 0.0
2882.7	0.4640625 0.0
2882.8	0.696899414062 0.0
2882.8	0.278759765625 0.0
2882.8	0.219140625 0.0
2882.8	0.270703125 0.0
2882.9	1.40588378906 0.0
2882.9	0.591357421875 0.0
2883.1	0.303735351562 0.0
2883.1	0.968408203125 0.0
2883.1	0.319848632812 0.0
2883.1	0.178857421875 0.0
2883.1	0.320654296875 0.0
2883.2	0.136962890625 0.0
2883.2	0.410888671875 0.0
2883.2	0.3287109375 0.0
2883.3	0.261840820312 0.0
2883.6	0.365771484375 0.0
2883.6	0.22880859375 0.0
2883.6	0.229614257812 0.0
2883.7	0.5220703125 0.0
2883.8	0.289233398438 0.0
2883.8	0.218334960937 0.0
2883.9	0.214306640625 0.0
2884.0	0.2513671875 0.0
2884.0	0.356103515625 0.0
2884.0	0.707373046875 0.0
2884.1	0.282788085937 0.0
2884.2	0.182080078125 0.0
2884.2	0.49951171875 0.0
2884.3	0.221557617188 0.0
2884.3	0.562353515625 0.0
2884.4	0.207055664062 0.0
2884.6	0.363354492187 0.0
2884.7	0.722680664062 0.0
2884.7	0.42861328125 0.0
2884.8	0.529321289062 0.0
2884.8	0.322265625 0.0
2884.9	0.114404296875 0.0
2884.9	0.28359375 0.0
2885.0	0.342407226562 0.0
2885.0	0.813720703125 0.0
2885.0	0.1869140625 0.0
2885.1	0.346435546875 0.0
2885.2	0.24814453125 0.0
2885.3	0.38349609375 0.0
2885.3	0.425390625 0.0
2885.3	0.28037109375 0.0
2885.4	0.233642578125 0.0
2885.5	0.244921875 0.0
2885.6	0.227197265625 0.0
2885.6	0.413305664062 0.0
2885.7	0.2384765625 0.0
2885.7	0.24814453125 0.0
2885.7	0.331127929687 0.0
2885.7	0.2126953125 0.0
2885.8	0.207055664062 0.0
2885.8	0.252978515625 0.0
2885.8	0.198999023437 0.0
2885.8	0.200610351562 0.0
2885.8	0.7669921875 0.0
2885.8	0.140185546875 0.0
2885.9	0.35126953125 0.0
2886.1	0.2126953125 0.0
2886.1	0.330322265625 0.0
2886.1	0.509985351563 0.0
2886.1	0.124877929688 0.0
