2612.1	0.348046875 0.0
2612.1	0.255395507812 0.0
2612.2	0.28037109375 0.0
2612.3	0.25458984375 0.0
2612.3	0.4447265625 0.0
2612.3	0.20947265625 0.0
2612.4	0.187719726562 0.0
2612.5	0.336767578125 0.0
2612.5	0.804052734375 0.0
2612.5	0.331127929687 0.0
2612.6	0.865283203125 0.0
2612.7	0.452783203125 0.0
2612.7	0.248950195312 0.0
2612.7	0.526098632813 0.0
2612.8	0.16435546875 0.0
2612.8	0.191748046875 0.0
2612.9	0.651782226562 0.0
2612.9	0.537377929687 0.0
2612.9	0.24814453125 0.0
2613.0	0.19013671875 0.0
2613.1	0.365771484375 0.0
2613.1	0.203833007812 0.0
2613.1	0.271508789062 0.0
2613.2	0.301318359375 0.0
2613.2	0.12890625 0.0
2613.2	0.259423828125 0.0
2613.2	0.219946289062 0.0
2613.2	0.750073242187 0.0
2613.3	0.778271484375 0.0
2613.3	0.317431640625 0.0
2613.3	0.127294921875 0.0
2613.3	0.359326171875 0.0
2613.3	0.259423828125 0.0
2613.3	0.136157226562 0.0
2613.4	0.403637695312 0.0
2613.5	0.193359375 0.0
2613.5	0.127294921875 0.0
2613.7	0.172412109375 0.0
2613.8	0.28037109375 0.0
2613.8	0.219140625 0.0
2613.8	0.263452148437 0.0
2613.8	0.140185546875 0.0
2613.8	0.479370117188 0.0
2613.8	0.157104492188 0.0
2613.9	0.1740234375 0.0
2614.0	0.327099609375 0.0
2614.1	0.182885742187 0.0
2614.1	0.1740234375 0.0
2614.2	0.2642578125 0.0
2614.2	0.193359375 0.0
2614.2	0.23203125 0.0
2614.3	0.398803710938 0.0
2614.4	0.19658203125 0.0
2614.4	2.32272949219 0.0
2614.5	0.285205078125 0.0
2614.5	0.443115234375 0.0
2614.6	0.506762695312 0.0
2614.6	0.472924804687 0.0
2614.6	0.18046875 0.0
2614.7	0.171606445312 0.0
2614.7	0.2513671875 0.0
2614.7	0.20947265625 0.0
2614.8	0.502734375 0.0
2614.8	0.118432617187 0.0
2614.9	0.333544921875 0.0
2614.9	0.472119140625 0.0
2615.0	0.22880859375 0.0
2615.0	0.749267578125 0.0
2615.2	0.139379882812 0.0
2615.3	0.191748046875 0.0
2615.3	0.320654296875 0.0
2615.3	0.374633789062 0.0
2615.4	0.162744140625 0.0
2615.4	0.326293945312 0.0
2615.5	0.300512695312 0.0
2615.5	0.375439453125 0.0
2615.7	0.239282226562 0.0
2615.8	0.150659179688 0.0
2615.8	0.149047851562 0.0
2615.8	0.46728515625 0.0
2615.8	0.22880859375 0.0
2615.8	0.28359375 0.0
2615.8	0.129711914062 0.0
2615.8	0.419750976562 0.0
2616.0	0.51884765625 0.0
2616.1	0.23203125 0.0
2616.1	0.2255859375 0.0
2616.1	0.18369140625 0.0
2616.1	0.291650390625 0.0
2616.1	0.26748046875 0.0
2616.2	0.22880859375 0.0
2616.2	0.243310546875 0.0
2616.3	0.15791015625 0.0
2616.3	0.356103515625 0.0
2616.6	0.23203125 0.0
2616.6	0.165966796875 0.0
2616.6	0.244921875 0.0
2616.6	0.146630859375 0.0
2616.6	0.1869140625 0.0
2616.6	0.704956054688 0.0
2616.7	0.187719726562 0.0
2616.7	0.163549804687 0.0
2616.8	0.198193359375 0.0
2616.9	0.250561523437 0.0
2617.0	1.08603515625 0.0
2617.0	0.33193359375 0.0
2617.0	0.2578125 0.0
2617.2	0.261840820312 0.0
2617.2	0.198193359375 0.0
2617.2	0.214306640625 0.0
2617.3	0.329516601562 0.0
2617.3	0.194165039062 0.0
2617.5	0.220751953125 0.0
2617.6	0.258618164062 0.0
2617.6	0.2578125 0.0
2617.6	0.2126953125 0.0
2617.7	0.255395507812 0.0
2617.7	0.336767578125 0.0
2617.8	0.726708984375 0.0
2617.8	0.226391601562 0.0
2617.9	0.3158203125 0.0
2617.9	0.130517578125 0.0
2617.9	0.3158203125 0.0
2618.0	0.281176757813 0.0
2618.0	0.181274414062 0.0
2618.1	0.642919921875 0.0
2618.2	0.397998046875 0.0
2618.2	0.336767578125 0.0
2618.2	0.219946289062 0.0
2618.2	0.8443359375 0.0
2618.2	0.313403320312 0.0
2618.2	0.348046875 0.0
2618.3	0.194970703125 0.0
2618.3	0.317431640625 0.0
2618.3	0.3416015625 0.0
2618.4	0.217529296875 0.0
2618.4	0.15146484375 0.0
2618.4	0.208666992187 0.0
2618.5	0.240087890625 0.0
2618.5	0.213500976562 0.0
2618.7	0.13857421875 0.0
2618.7	0.7025390625 0.0
2618.7	0.268286132812 0.0
2618.7	1.07233886719 0.0
2618.8	0.245727539062 0.0
2618.9	0.219140625 0.0
2618.9	0.252978515625 0.0
2619.0	0.368994140625 0.0
2619.0	0.3158203125 0.0
2619.2	0.2578125 0.0
2619.3	0.1482421875 0.0
2619.3	0.213500976562 0.0
2619.3	0.554296875 0.0
2619.4	0.368994140625 0.0
2619.4	0.23203125 0.0
2619.4	0.400415039062 0.0
2619.4	0.584912109375 0.0
2619.5	0.64453125 0.0
2619.7	0.228002929687 0.0
2619.7	0.400415039062 0.0
2619.8	0.1546875 0.0
2619.8	0.478564453125 0.0
2619.8	0.1740234375 0.0
2620.0	0.230419921875 0.0
2620.0	0.567993164062 0.0
2620.0	0.344018554687 0.0
2620.1	0.286010742188 0.0
2620.2	0.717041015625 0.0
2620.3	0.19013671875 0.0
2620.3	0.756518554687 0.0
2620.4	0.907177734375 0.0
2620.4	2.31870117187 0.0
2620.6	0.188525390625 0.0
2620.6	0.540600585937 0.0
2620.7	0.356103515625 0.0
2620.7	0.2126953125 0.0
2620.8	0.227197265625 0.0
2620.8	0.219140625 0.0
2620.9	0.414111328125 0.0
2620.9	0.243310546875 0.0
2620.9	0.182885742187 0.0
2620.9	0.329516601562 0.0
2620.9	0.21591796875 0.0
2621.0	0.3544921875 0.0
2621.0	0.261840820312 0.0
2621.0	0.12890625 0.0
2621.1	0.298095703125 0.0
2621.1	0.17724609375 0.0
2621.1	0.189331054688 0.0
2621.2	0.193359375 0.0
2621.3	0.12568359375 0.0
2621.3	0.18046875 0.0
2621.4	0.219140625 0.0
2621.5	0.198193359375 0.0
2621.5	0.12890625 0.0
2621.5	0.35771484375 0.0
2621.5	0.213500976562 0.0
2621.6	0.323876953125 0.0
2621.6	0.502734375 0.0
2621.6	0.152270507812 0.0
2621.7	0.191748046875 0.0
2621.7	0.184497070312 0.0
2621.8	0.207861328125 0.0
2621.8	0.413305664062 0.0
2621.8	0.245727539062 0.0
2621.9	0.322265625 0.0
2622.0	0.404443359375 0.0
2622.1	0.38994140625 0.0
2622.1	0.629223632812 0.0
2622.2	0.194970703125 0.0
2622.3	0.207861328125 0.0
2622.3	0.09345703125 0.0
2622.3	0.266674804687 0.0
2622.3	0.207055664062 0.0
2622.4	0.60263671875 0.0
2622.5	0.233642578125 0.0
2622.5	0.555908203125 0.0
2622.5	0.24169921875 0.0
2622.5	0.194970703125 0.0
2622.6	0.240087890625 0.0
2622.6	0.302124023438 0.0
2622.7	0.193359375 0.0
2622.8	0.288427734375 0.0
2622.8	0.3544921875 0.0
2622.8	0.585717773437 0.0
2622.8	0.3609375 0.0
2622.8	0.508374023437 0.0
2622.8	0.413305664062 0.0
2622.9	0.323071289062 0.0
2622.9	0.1353515625 0.0
2622.9	0.142602539063 0.0
2623.0	0.3544921875 0.0
2623.0	0.281176757813 0.0
2623.3	0.275537109375 0.0
2623.5	0.1740234375 0.0
2623.5	0.901538085937 0.0
2623.5	0.588134765625 0.0
2623.6	0.339990234375 0.0
2623.7	0.407666015625 0.0
2623.8	0.61875 0.0
2623.8	0.249755859375 0.0
2623.9	0.26748046875 0.0
2623.9	0.75087890625 0.0
2624.0	0.226391601562 0.0
2624.0	0.2900390625 0.0
2624.0	0.432641601562 0.0
2624.0	0.48984375 0.0
2624.1	0.320654296875 0.0
2624.1	0.146630859375 0.0
2624.1	0.322265625 0.0
2624.1	0.298095703125 0.0
2624.1	1.611328125 0.0
2624.2	0.22236328125 0.0
2624.2	0.184497070312 0.0
2624.2	0.2126953125 0.0
2624.3	0.327099609375 0.0
2624.4	0.317431640625 0.0
2624.7	0.265869140625 0.0
2624.7	0.317431640625 0.0
2624.9	0.3544921875 0.0
2624.9	0.452783203125 0.0
2625.0	0.244921875 0.0
2625.0	0.971630859375 0.0
2625.1	0.275537109375 0.0
2625.3	0.389135742187 0.0
2625.4	0.265869140625 0.0
2625.4	0.185302734375 0.0
2625.5	0.139379882812 0.0
2625.5	0.2900390625 0.0
2625.5	0.4833984375 0.0
2625.5	0.521264648437 0.0
2625.7	0.272314453125 0.0
2625.7	0.178857421875 0.0
2625.7	0.530932617187 0.0
2625.7	0.646142578125 0.0
2625.8	0.49951171875 0.0
2625.8	0.507568359375 0.0
2625.8	0.7025390625 0.0
2625.8	0.317431640625 0.0
2625.9	0.230419921875 0.0
2625.9	0.296484375 0.0
2625.9	0.2900390625 0.0
2625.9	0.2513671875 0.0
2625.9	0.223974609375 0.0
2625.9	0.327099609375 0.0
2626.0	0.306958007812 0.0
2626.0	2.33159179687 0.0
2626.0	0.373828125 0.0
2626.0	0.216723632812 0.0
2626.0	0.28037109375 0.0
2626.1	0.233642578125 0.0
2626.2	0.356909179687 0.0
2626.2	0.330322265625 0.0
2626.2	0.706567382812 0.0
2626.2	0.19658203125 0.0
2626.3	0.28359375 0.0
2626.4	0.20625 0.0
2626.5	0.56396484375 0.0
2626.6	0.41572265625 0.0
2626.6	0.130517578125 0.0
2626.6	0.252172851562 0.0
2626.6	0.288427734375 0.0
2626.7	0.2771484375 0.0
2626.7	0.738793945312 0.0
2626.7	0.220751953125 0.0
2626.8	0.244921875 0.0
2626.8	0.233642578125 0.0
2626.8	0.78310546875 0.0
2626.8	0.1998046875 0.0
2626.9	0.451977539062 0.0
2626.9	0.169189453125 0.0
2627.0	0.40283203125 0.0
2627.0	0.738793945312 0.0
2627.1	0.307763671875 0.0
2627.2	0.237670898438 0.0
2627.2	0.256201171875 0.0
2627.3	0.451977539062 0.0
2627.4	0.480981445312 0.0
2627.4	0.1998046875 0.0
2627.5	0.762963867187 0.0
2627.5	0.116015625 0.0
2627.5	0.28681640625 0.0
2627.5	0.3802734375 0.0
2627.6	0.1482421875 0.0
2627.6	0.319848632812 0.0
2627.7	0.33837890625 0.0
2627.7	0.465673828125 0.0
2627.9	0.216723632812 0.0
2627.9	0.523681640625 0.0
2628.0	0.258618164062 0.0
2628.0	0.423779296875 0.0
2628.0	0.244921875 0.0
2628.1	0.296484375 0.0
2628.1	0.443115234375 0.0
2628.2	0.171606445312 0.0
2628.2	0.333544921875 0.0
2628.2	0.30615234375 0.0
2628.4	0.319848632812 0.0
2628.5	0.769409179688 0.0
2628.5	1.16176757812 0.0
2628.7	0.294067382812 0.0
2628.7	0.343212890625 0.0
2628.7	0.34482421875 0.0
2628.7	0.24814453125 0.0
2628.8	0.231225585937 0.0
2628.8	0.149047851562 0.0
2628.8	0.2384765625 0.0
2628.9	0.162744140625 0.0
2628.9	0.242504882812 0.0
2629.1	0.607470703125 0.0
2629.1	0.2126953125 0.0
2629.1	0.19658203125 0.0
2629.4	0.31259765625 0.0
2629.4	0.15791015625 0.0
2629.4	0.298095703125 0.0
2629.5	0.271508789062 0.0
2629.5	0.385913085937 0.0
2629.6	0.188525390625 0.0
2630.1	0.500317382812 0.0
2630.2	0.22880859375 0.0
2630.2	0.274731445312 0.0
2630.2	0.4640625 0.0
2630.2	0.58974609375 0.0
2630.2	0.17080078125 0.0
2630.2	0.169995117187 0.0
2630.4	0.0572021484375 0.0
2630.4	0.239282226562 0.0
2630.5	0.316625976562 0.0
2630.5	0.19013671875 0.0
2630.5	0.27392578125 0.0
2630.5	0.539794921875 0.0
2630.7	0.227197265625 0.0
2630.7	0.174829101562 0.0
2630.7	0.45439453125 0.0
2630.8	0.31904296875 0.0
2630.8	0.172412109375 0.0
2630.9	0.252172851562 0.0
2630.9	0.249755859375 0.0
2630.9	0.44150390625 0.0
2630.9	0.719458007812 0.0
2630.9	0.211083984375 0.0
2631.0	0.159521484375 0.0
2631.1	0.49951171875 0.0
2631.3	0.265063476563 0.0
2631.3	0.406860351562 0.0
2631.3	0.73154296875 0.0
2631.4	0.410083007812 0.0
2631.4	0.356103515625 0.0
2631.4	0.413305664062 0.0
2631.4	0.256201171875 0.0
2631.6	0.1482421875 0.0
2631.6	0.19013671875 0.0
2631.6	0.118432617187 0.0
2631.6	0.29970703125 0.0
2631.8	0.769409179688 0.0
2631.8	0.352075195312 0.0
2631.9	0.202221679687 0.0
2631.9	0.478564453125 0.0
2631.9	2.14064941406 0.0
2631.9	0.381884765625 0.0
2632.0	0.266674804687 0.0
2632.0	0.142602539063 0.0
2632.0	0.226391601562 0.0
2632.0	0.397998046875 0.0
2632.0	0.40283203125 0.0
2632.0	0.219140625 0.0
2632.1	0.408471679687 0.0
2632.1	0.788745117187 0.0
2632.2	0.33515625 0.0
2632.2	0.287622070312 0.0
2632.2	0.348046875 0.0
2632.3	0.22880859375 0.0
2632.3	0.145825195312 0.0
2632.3	0.3029296875 0.0
2632.4	0.907983398437 0.0
2632.4	0.088623046875 0.0
2632.4	0.232836914062 0.0
2632.4	0.38994140625 0.0
2632.6	0.16435546875 0.0
2632.8	0.233642578125 0.0
2632.8	0.719458007812 0.0
2632.9	0.34482421875 0.0
2633.0	0.1224609375 0.0
2633.2	0.373828125 0.0
2633.2	0.176440429687 0.0
2633.2	0.31904296875 0.0
2633.3	0.2255859375 0.0
2633.3	0.296484375 0.0
2633.4	0.169995117187 0.0
2633.4	0.804858398437 0.0
2633.5	0.363354492187 0.0
2633.6	0.18046875 0.0
2633.7	0.26748046875 0.0
2633.7	0.33837890625 0.0
2633.7	0.2642578125 0.0
2633.9	0.310986328125 0.0
2633.9	0.273120117188 0.0
2633.9	0.28359375 0.0
2633.9	0.346435546875 0.0
2634.0	0.53818359375 0.0
2634.0	0.245727539062 0.0
2634.0	0.19658203125 0.0
2634.0	0.15791015625 0.0
2634.1	0.488232421875 0.0
2634.1	0.226391601562 0.0
2634.1	0.791967773437 0.0
2634.1	0.817749023438 0.0
2634.1	0.513208007812 0.0
2634.2	0.869311523437 0.0
2634.3	0.228002929687 0.0
2634.3	0.37705078125 0.0
2634.3	0.34482421875 0.0
2634.3	0.275537109375 0.0
2634.4	0.652587890625 0.0
2634.5	0.281982421875 0.0
2634.5	0.32548828125 0.0
2634.6	0.343212890625 0.0
2634.6	0.311791992187 0.0
2634.7	0.671118164062 0.0
2634.7	0.316625976562 0.0
2634.8	0.690454101562 0.0
2634.8	0.265869140625 0.0
2634.8	0.34482421875 0.0
2634.9	0.191748046875 0.0
2634.9	0.296484375 0.0
2634.9	0.111181640625 0.0
2635.0	0.356909179687 0.0
2635.0	0.330322265625 0.0
2635.1	0.20302734375 0.0
2635.2	0.45439453125 0.0
2635.2	0.149853515625 0.0
2635.3	0.25458984375 0.0
2635.4	0.19013671875 0.0
2635.4	0.314208984375 0.0
2635.5	0.149047851562 0.0
2635.5	0.244921875 0.0
2635.5	0.339184570312 0.0
2635.6	0.26748046875 0.0
2635.6	0.417333984375 0.0
2635.6	0.271508789062 0.0
2635.7	0.32548828125 0.0
2635.9	0.2578125 0.0
2635.9	0.3029296875 0.0
2635.9	0.820166015625 0.0
2636.0	0.124877929688 0.0
2636.0	0.349658203125 0.0
2636.0	0.3287109375 0.0
2636.2	0.631640625 0.0
2636.2	0.385107421875 0.0
2636.2	0.378662109375 0.0
2636.2	0.657421875 0.0
2636.2	0.300512695312 0.0
2636.3	0.2126953125 0.0
2636.3	0.39638671875 0.0
2636.4	0.28681640625 0.0
2636.4	0.17724609375 0.0
2636.5	0.269091796875 0.0
2636.5	0.29326171875 0.0
2636.6	0.217529296875 0.0
2636.6	0.359326171875 0.0
2636.7	0.18046875 0.0
2636.7	0.20625 0.0
2636.7	0.774243164062 0.0
2636.8	0.18369140625 0.0
2636.8	0.708984375 0.0
2636.8	0.141796875 0.0
2636.9	0.20302734375 0.0
2636.9	0.1740234375 0.0
2636.9	0.216723632812 0.0
2637.0	0.176440429687 0.0
2637.0	0.36416015625 0.0
2637.1	0.575244140625 0.0
2637.1	0.365771484375 0.0
2637.1	0.447143554688 0.0
2637.1	0.502734375 0.0
2637.1	0.661450195312 0.0
2637.2	0.168383789062 0.0
2637.3	0.2384765625 0.0
2637.3	0.198999023437 0.0
2637.4	0.436669921875 0.0
2637.4	0.130517578125 0.0
2637.4	0.111987304687 0.0
2637.4	0.17724609375 0.0
2637.4	0.3609375 0.0
2637.5	0.452783203125 0.0
2637.5	0.3673828125 0.0
2637.5	0.19658203125 0.0
2637.6	0.343212890625 0.0
2637.6	0.28681640625 0.0
2637.6	0.12890625 0.0
2637.6	0.555908203125 0.0
2637.6	0.232836914062 0.0
2637.7	0.174829101562 0.0
2637.8	0.48662109375 0.0
2637.9	0.27392578125 0.0
2637.9	0.300512695312 0.0
2637.9	0.261840820312 0.0
2638.0	0.22880859375 0.0
2638.1	0.24169921875 0.0
2638.1	0.310986328125 0.0
2638.1	0.2255859375 0.0
2638.2	0.21591796875 0.0
2638.2	0.292456054687 0.0
2638.2	0.090234375 0.0
2638.2	0.4060546875 0.0
2638.3	0.26748046875 0.0
2638.3	0.236865234375 0.0
2638.4	0.185302734375 0.0
2638.4	0.201416015625 0.0
2638.4	0.18369140625 0.0
2638.4	0.391552734375 0.0
2638.5	0.300512695312 0.0
2638.6	0.278759765625 0.0
2638.6	0.336767578125 0.0
2638.7	0.648559570312 0.0
2638.9	0.301318359375 0.0
2638.9	0.1353515625 0.0
2639.0	0.13857421875 0.0
2639.0	0.315014648437 0.0
2639.0	0.31904296875 0.0
2639.0	0.35771484375 0.0
2639.1	0.240087890625 0.0
2639.1	0.281176757813 0.0
2639.1	0.19658203125 0.0
2639.1	0.624389648438 0.0
2639.1	0.224780273437 0.0
2639.1	0.16435546875 0.0
2639.2	0.5220703125 0.0
2639.2	0.20625 0.0
2639.2	0.242504882812 0.0
2639.2	0.236865234375 0.0
2639.3	0.276342773437 0.0
2639.3	0.2578125 0.0
2639.3	0.323876953125 0.0
2639.3	0.16435546875 0.0
2639.4	0.436669921875 0.0
2639.4	0.269091796875 0.0
2639.5	0.310986328125 0.0
2639.7	0.353686523437 0.0
2639.7	0.246533203125 0.0
2639.7	0.14501953125 0.0
2639.8	0.273120117188 0.0
2639.8	0.346435546875 0.0
2639.9	0.681591796875 0.0
2639.9	0.304541015625 0.0
2640.0	0.31259765625 0.0
2640.0	0.198193359375 0.0
2640.0	0.298901367187 0.0
2640.0	0.21591796875 0.0
2640.1	0.38671875 0.0
2640.1	0.274731445312 0.0
2640.2	0.275537109375 0.0
2640.2	0.24814453125 0.0
2640.3	0.430224609375 0.0
2640.4	0.736376953125 0.0
2640.4	0.34482421875 0.0
2640.5	0.46083984375 0.0
2640.5	0.18046875 0.0
2640.5	0.203833007812 0.0
2640.6	0.410888671875 0.0
2640.7	0.626806640625 0.0
2640.7	0.350463867188 0.0
2640.7	0.193359375 0.0
2640.7	0.23203125 0.0
2640.8	0.20947265625 0.0
2640.8	0.301318359375 0.0
2640.8	0.18046875 0.0
2640.8	0.33515625 0.0
2640.9	0.20302734375 0.0
2640.9	0.294873046875 0.0
2641.0	0.423779296875 0.0
2641.0	0.33193359375 0.0
2641.1	0.136157226562 0.0
2641.1	0.549462890625 0.0
2641.1	0.220751953125 0.0
2641.1	0.585717773437 0.0
2641.3	0.174829101562 0.0
2641.4	0.201416015625 0.0
2641.4	0.198193359375 0.0
2641.5	0.9216796875 0.0
2641.5	0.421362304687 0.0
2641.5	0.865283203125 0.0
2641.6	0.419750976562 0.0
2641.6	0.2642578125 0.0
2641.7	0.38994140625 0.0
2641.7	0.394775390625 0.0
2641.7	0.522875976562 0.0
2641.8	0.285205078125 0.0
2641.8	0.214306640625 0.0
2641.8	0.259423828125 0.0
2641.9	0.294873046875 0.0
2641.9	0.2255859375 0.0
2642.0	0.319848632812 0.0
2642.0	0.230419921875 0.0
2642.0	0.178857421875 0.0
2642.2	0.2578125 0.0
2642.3	0.38994140625 0.0
2642.4	0.249755859375 0.0
2642.4	0.2384765625 0.0
2642.4	0.246533203125 0.0
2642.5	0.213500976562 0.0
2642.5	0.153076171875 0.0
2642.5	0.202221679687 0.0
2642.7	0.262646484375 0.0
2642.9	0.165966796875 0.0
2642.9	0.390747070312 0.0
2643.0	0.75087890625 0.0
2643.0	0.141796875 0.0
2643.0	0.336767578125 0.0
2643.0	0.182080078125 0.0
2643.1	0.356103515625 0.0
2643.1	0.368188476562 0.0
2643.2	0.133740234375 0.0
2643.2	0.475341796875 0.0
2643.2	0.143408203125 0.0
2643.2	0.551879882812 0.0
2643.3	0.167578125 0.0
2643.3	0.244921875 0.0
2643.3	0.622778320312 0.0
2643.4	0.526098632813 0.0
2643.4	0.127294921875 0.0
2643.5	0.23203125 0.0
2643.7	0.307763671875 0.0
2643.7	0.297290039063 0.0
2643.8	0.211083984375 0.0
2643.9	0.31259765625 0.0
2643.9	0.45439453125 0.0
2643.9	0.17724609375 0.0
2644.1	0.343212890625 0.0
2644.1	0.173217773438 0.0
2644.1	0.285205078125 0.0
2644.2	0.275537109375 0.0
2644.2	0.1998046875 0.0
2644.2	0.5349609375 0.0
2644.3	0.54140625 0.0
2644.3	0.220751953125 0.0
2644.3	0.287622070312 0.0
2644.3	0.25458984375 0.0
2644.4	0.2513671875 0.0
2644.6	0.261840820312 0.0
2644.6	0.28037109375 0.0
2644.7	0.141796875 0.0
2644.7	0.6896484375 0.0
2644.8	0.244921875 0.0
2644.8	0.229614257812 0.0
2644.8	0.175634765625 0.0
2644.9	0.872534179687 0.0
2644.9	0.953100585937 0.0
2645.0	0.236059570312 0.0
2645.0	0.2126953125 0.0
2645.0	0.478564453125 0.0
2645.1	0.23203125 0.0
2645.1	0.786328125 0.0
2645.1	0.2642578125 0.0
2645.2	0.268286132812 0.0
2645.2	0.203833007812 0.0
2645.3	0.313403320312 0.0
2645.3	0.202221679687 0.0
2645.4	0.34482421875 0.0
2645.5	0.24169921875 0.0
2645.6	0.503540039062 0.0
2645.7	0.129711914062 0.0
2645.7	0.363354492187 0.0
2645.8	0.356103515625 0.0
2645.9	0.298095703125 0.0
2645.9	0.169189453125 0.0
2646.0	0.236059570312 0.0
2646.0	0.159521484375 0.0
2646.2	0.202221679687 0.0
2646.2	0.306958007812 0.0
2646.2	0.8701171875 0.0
2646.3	0.845947265625 0.0
2646.4	0.601025390625 0.0
2646.4	0.32548828125 0.0
2646.4	0.322265625 0.0
2646.4	0.2578125 0.0
2646.4	0.61875 0.0
2646.6	0.565576171875 0.0
2646.7	0.298095703125 0.0
2646.8	0.29326171875 0.0
2646.8	0.285205078125 0.0
2646.9	0.613916015625 0.0
2647.0	0.3609375 0.0
2647.0	0.082177734375 0.0
2647.1	0.28681640625 0.0
2647.1	0.35771484375 0.0
2647.2	0.378662109375 0.0
2647.2	0.277954101562 0.0
2647.2	0.693676757812 0.0
2647.2	0.696899414062 0.0
2647.4	0.439892578125 0.0
2647.5	0.2771484375 0.0
2647.5	0.21591796875 0.0
2647.5	0.211083984375 0.0
2647.6	0.37060546875 0.0
2647.6	2.31789550781 0.0
2647.6	0.5091796875 0.0
2647.6	0.363354492187 0.0
2647.8	0.175634765625 0.0
2647.9	0.35126953125 0.0
2647.9	0.381079101562 0.0
2647.9	0.246533203125 0.0
2647.9	0.2126953125 0.0
2647.9	0.244921875 0.0
2648.0	0.3287109375 0.0
2648.0	0.307763671875 0.0
2648.0	0.315014648437 0.0
2648.1	0.38671875 0.0
2648.1	0.552685546875 0.0
2648.2	0.25458984375 0.0
2648.2	0.15146484375 0.0
2648.3	0.8056640625 0.0
2648.3	0.330322265625 0.0
2648.3	0.197387695312 0.0
2648.4	0.271508789062 0.0
2648.4	0.19013671875 0.0
2648.4	0.335961914062 0.0
2648.5	0.397192382812 0.0
2648.5	0.505151367187 0.0
2648.5	0.530932617187 0.0
2648.6	0.161938476562 0.0
2648.6	0.203833007812 0.0
2648.7	0.150659179688 0.0
2648.7	0.191748046875 0.0
2648.7	0.309375 0.0
2648.7	0.219140625 0.0
2648.8	0.31259765625 0.0
2648.8	0.124072265625 0.0
2648.9	0.230419921875 0.0
2648.9	0.149853515625 0.0
2648.9	0.339990234375 0.0
2649.0	0.397998046875 0.0
2649.0	0.230419921875 0.0
2649.1	0.44150390625 0.0
2649.1	0.236865234375 0.0
2649.1	0.193359375 0.0
2649.1	0.1740234375 0.0
2649.2	0.310986328125 0.0
2649.2	0.28681640625 0.0
2649.3	0.20302734375 0.0
2649.4	0.5478515625 0.0
2649.4	0.729125976562 0.0
2649.5	0.595385742187 0.0
2649.5	0.184497070312 0.0
2649.5	0.262646484375 0.0
2649.5	0.447143554688 0.0
2649.6	0.300512695312 0.0
2649.7	0.227197265625 0.0
2649.7	0.38671875 0.0
2649.7	0.604248046875 0.0
2649.7	0.169189453125 0.0
2649.7	0.3416015625 0.0
2649.7	0.695288085937 0.0
2649.8	0.452783203125 0.0
2649.8	0.2642578125 0.0
2649.9	0.256201171875 0.0
2649.9	0.243310546875 0.0
2649.9	0.21591796875 0.0
2649.9	0.35771484375 0.0
2650.0	0.162744140625 0.0
2650.1	0.243310546875 0.0
2650.1	0.515625 0.0
2650.1	0.16435546875 0.0
2650.1	0.460034179687 0.0
2650.2	0.16435546875 0.0
2650.2	0.507568359375 0.0
2650.2	0.272314453125 0.0
2650.2	0.373828125 0.0
2650.3	0.330322265625 0.0
2650.3	0.572021484375 0.0
2650.4	0.18369140625 0.0
2650.4	0.200610351562 0.0
2650.4	0.25458984375 0.0
2650.5	0.309375 0.0
2650.5	0.27392578125 0.0
2650.5	0.40283203125 0.0
2650.5	0.243310546875 0.0
2650.5	0.3544921875 0.0
2650.5	0.22880859375 0.0
2650.6	0.193359375 0.0
2650.8	0.242504882812 0.0
2650.9	0.20302734375 0.0
2651.0	0.22236328125 0.0
2651.1	0.1611328125 0.0
2651.1	0.46083984375 0.0
2651.1	0.47373046875 0.0
2651.1	0.3544921875 0.0
2651.2	0.301318359375 0.0
2651.3	0.24814453125 0.0
2651.3	0.630029296875 0.0
2651.4	0.1353515625 0.0
2651.4	0.445532226562 0.0
2651.4	0.90234375 0.0
2651.4	0.26103515625 0.0
2651.5	0.19658203125 0.0
2651.6	0.33515625 0.0
2651.6	0.150659179688 0.0
2651.7	0.429418945312 0.0
2651.8	1.38010253906 0.0
2651.8	0.189331054688 0.0
2651.9	0.72509765625 0.0
2651.9	0.91201171875 0.0
2652.0	0.61875 0.0
2652.0	0.214306640625 0.0
2652.1	0.167578125 0.0
2652.1	1.07958984375 0.0
2652.1	0.911206054687 0.0
2652.1	0.13212890625 0.0
2652.3	0.466479492187 0.0
2652.4	0.227197265625 0.0
2652.4	0.29970703125 0.0
2652.4	0.223168945312 0.0
2652.4	0.169995117187 0.0
2652.5	0.822583007812 0.0
2652.5	0.256201171875 0.0
2652.6	0.3416015625 0.0
2652.8	0.207055664062 0.0
2652.9	0.345629882812 0.0
2652.9	0.414111328125 0.0
2652.9	0.290844726562 0.0
2652.9	0.270703125 0.0
2653.0	0.268286132812 0.0
2653.0	0.4318359375 0.0
2653.1	0.70576171875 0.0
2653.3	0.266674804687 0.0
2653.3	0.5478515625 0.0
2653.4	0.303735351562 0.0
2653.4	0.780688476562 0.0
2653.4	0.422973632812 0.0
2653.4	0.331127929687 0.0
2653.6	0.20947265625 0.0
2653.6	0.298095703125 0.0
2653.8	0.179663085937 0.0
2653.8	0.233642578125 0.0
2653.9	0.18046875 0.0
2653.9	0.263452148437 0.0
2654.0	0.401220703125 0.0
2654.1	0.6380859375 0.0
2654.1	2.17932128906 0.0
2654.2	0.407666015625 0.0
2654.2	0.18046875 0.0
2654.2	0.446337890625 0.0
2654.3	0.4576171875 0.0
2654.3	0.593774414062 0.0
2654.4	0.270703125 0.0
2654.4	0.62197265625 0.0
2654.5	0.240087890625 0.0
2654.5	0.310986328125 0.0
2654.6	0.178051757812 0.0
2654.6	0.29970703125 0.0
2654.6	0.319848632812 0.0
2654.7	0.313403320312 0.0
2654.7	0.1546875 0.0
2654.7	0.20947265625 0.0
2654.8	0.223168945312 0.0
2655.0	0.30615234375 0.0
2655.0	0.559130859375 0.0
2655.0	0.201416015625 0.0
2655.1	0.245727539062 0.0
2655.1	0.46728515625 0.0
2655.1	0.272314453125 0.0
2655.4	0.287622070312 0.0
2655.4	0.456005859375 0.0
2655.4	0.174829101562 0.0
2655.4	0.510791015625 0.0
2655.4	0.33515625 0.0
2655.4	0.159521484375 0.0
2655.4	1.0119140625 0.0
2655.5	0.260229492187 0.0
2655.5	0.4705078125 0.0
2655.6	0.270703125 0.0
2655.8	0.317431640625 0.0
2655.9	0.30615234375 0.0
2656.0	0.6703125 0.0
2656.0	0.1869140625 0.0
2656.0	0.2513671875 0.0
2656.1	0.203833007812 0.0
2656.2	0.476953125 0.0
2656.2	0.561547851562 0.0
2656.2	0.350463867188 0.0
2656.3	0.400415039062 0.0
2656.3	0.294873046875 0.0
2656.3	0.270703125 0.0
2656.3	0.46728515625 0.0
2656.4	0.537377929687 0.0
2656.5	0.4833984375 0.0
2656.7	0.23203125 0.0
2656.7	0.217529296875 0.0
2656.7	0.296484375 0.0
2656.8	0.4318359375 0.0
2656.8	0.330322265625 0.0
2656.9	0.858837890625 0.0
2656.9	0.672729492188 0.0
2657.0	0.38349609375 0.0
2657.0	0.132934570312 0.0
2657.1	0.363354492187 0.0
2657.1	0.15791015625 0.0
2657.2	0.162744140625 0.0
2657.3	0.555102539062 0.0
2657.3	0.219140625 0.0
2657.3	0.249755859375 0.0
2657.4	0.23203125 0.0
2657.4	0.387524414062 0.0
2657.5	0.2578125 0.0
2657.5	0.270703125 0.0
2657.6	0.255395507812 0.0
2657.6	0.30615234375 0.0
2657.7	0.327099609375 0.0
2657.7	0.187719726562 0.0
2657.7	0.91845703125 0.0
2657.8	0.356909179687 0.0
2657.9	0.159521484375 0.0
2657.9	0.4125 0.0
2657.9	0.4640625 0.0
2657.9	0.4833984375 0.0
2658.0	0.377856445312 0.0
2658.0	0.279565429687 0.0
2658.1	0.144213867187 0.0
2658.2	0.465673828125 0.0
2658.2	0.891064453125 0.0
2658.4	0.417333984375 0.0
2658.4	0.22880859375 0.0
2658.4	0.157104492188 0.0
2658.5	0.279565429687 0.0
2658.5	0.2513671875 0.0
2658.5	0.291650390625 0.0
2658.5	1.75634765625 0.0
2658.7	0.281176757813 0.0
2658.8	0.433447265625 0.0
2658.9	0.16435546875 0.0
2659.0	0.440698242187 0.0
2659.0	0.1611328125 0.0
2659.1	0.3544921875 0.0
2659.3	0.4318359375 0.0
2659.3	0.098291015625 0.0
2659.3	0.348046875 0.0
2659.4	0.810498046875 0.0
2659.5	0.362548828125 0.0
2659.6	0.352880859375 0.0
2659.7	0.291650390625 0.0
2659.8	0.451977539062 0.0
2659.8	0.274731445312 0.0
2659.8	0.490649414062 0.0
2659.8	0.265869140625 0.0
2660.1	0.213500976562 0.0
2660.1	0.18369140625 0.0
2660.2	0.919262695312 0.0
2660.2	0.127294921875 0.0
2660.2	0.298095703125 0.0
2660.2	0.17724609375 0.0
2660.3	0.507568359375 0.0
2660.3	0.259423828125 0.0
2660.4	0.259423828125 0.0
2660.5	0.746044921875 0.0
2660.5	0.213500976562 0.0
2660.5	0.694482421875 0.0
2660.6	1.21735839844 0.0
2660.6	0.213500976562 0.0
2660.7	0.368994140625 0.0
2660.7	0.250561523437 0.0
2660.7	0.693676757812 0.0
2660.8	0.278759765625 0.0
2660.8	0.203833007812 0.0
2660.8	0.3609375 0.0
2660.8	0.363354492187 0.0
2660.9	0.165161132812 0.0
2660.9	0.399609375 0.0
2661.0	0.245727539062 0.0
2661.1	0.216723632812 0.0
2661.2	0.240893554687 0.0
2661.2	0.268286132812 0.0
2661.3	0.42861328125 0.0
2661.3	0.349658203125 0.0
2661.3	0.310986328125 0.0
2661.4	0.3673828125 0.0
2661.4	0.158715820312 0.0
2661.4	0.4318359375 0.0
2661.4	0.117626953125 0.0
2661.6	0.188525390625 0.0
2661.6	0.305346679688 0.0
2661.6	0.49951171875 0.0
2661.7	0.149853515625 0.0
2661.8	0.646948242187 0.0
2661.8	0.349658203125 0.0
2661.9	0.243310546875 0.0
2661.9	0.365771484375 0.0
2661.9	0.153076171875 0.0
2662.0	0.344018554687 0.0
2662.0	0.743627929687 0.0
2662.0	0.613110351562 0.0
2662.0	0.171606445312 0.0
2662.1	0.31904296875 0.0
2662.1	0.416528320312 0.0
2662.1	0.227197265625 0.0
2662.2	0.228002929687 0.0
2662.2	0.256201171875 0.0
2662.2	0.219140625 0.0
2662.3	0.362548828125 0.0
2662.3	0.44794921875 0.0
2662.3	0.25458984375 0.0
2662.4	0.320654296875 0.0
2662.4	0.130517578125 0.0
2662.4	0.20625 0.0
2662.5	0.239282226562 0.0
2662.5	0.78955078125 0.0
2662.6	0.41572265625 0.0
2662.6	0.17724609375 0.0
2662.7	0.197387695312 0.0
2662.7	0.130517578125 0.0
2662.8	0.318237304688 0.0
2662.8	0.336767578125 0.0
2662.9	0.255395507812 0.0
2662.9	0.392358398437 0.0
2662.9	0.349658203125 0.0
2663.0	0.157104492188 0.0
2663.0	0.279565429687 0.0
2663.0	0.1740234375 0.0
2663.0	0.38671875 0.0
2663.0	0.31259765625 0.0
2663.1	1.59038085937 0.0
2663.1	0.327099609375 0.0
2663.1	0.51884765625 0.0
2663.2	0.285205078125 0.0
2663.3	0.33193359375 0.0
2663.3	0.55107421875 0.0
2663.3	0.323071289062 0.0
2663.4	0.236865234375 0.0
2663.5	0.825805664062 0.0
2663.6	2.3267578125 0.0
2663.7	0.427807617187 0.0
2663.7	0.314208984375 0.0
2663.8	0.352880859375 0.0
2663.8	0.410083007812 0.0
2664.0	0.339184570312 0.0
2664.0	0.3931640625 0.0
2664.1	0.2771484375 0.0
2664.1	0.322265625 0.0
2664.2	0.3609375 0.0
2664.2	0.31259765625 0.0
2664.3	0.368994140625 0.0
2664.3	0.27392578125 0.0
2664.3	0.269897460938 0.0
2664.3	0.3609375 0.0
2664.4	0.24814453125 0.0
2664.4	0.277954101562 0.0
2664.4	0.339990234375 0.0
2664.4	0.20625 0.0
2664.5	0.152270507812 0.0
2664.5	0.375439453125 0.0
2664.6	0.245727539062 0.0
2664.6	0.218334960937 0.0
2664.6	0.4125 0.0
2664.7	0.220751953125 0.0
2664.7	0.515625 0.0
2664.7	0.216723632812 0.0
2664.8	0.337573242187 0.0
2664.8	0.193359375 0.0
2664.9	0.18369140625 0.0
2664.9	0.290844726562 0.0
2664.9	0.44794921875 0.0
2664.9	0.08056640625 0.0
2665.0	0.284399414062 0.0
2665.0	0.452783203125 0.0
2665.0	0.33837890625 0.0
2665.1	0.193359375 0.0
2665.2	0.3931640625 0.0
2665.4	0.165966796875 0.0
2665.5	0.553491210937 0.0
2665.6	0.679174804687 0.0
2665.6	0.671118164062 0.0
2665.7	0.371411132812 0.0
2665.7	0.200610351562 0.0
2665.8	0.141796875 0.0
2665.8	0.176440429687 0.0
2665.8	0.27392578125 0.0
2665.9	0.61875 0.0
2666.0	0.265869140625 0.0
2666.0	0.133740234375 0.0
2666.1	0.202221679687 0.0
2666.1	0.26748046875 0.0
2666.1	0.244116210937 0.0
2666.1	0.2578125 0.0
2666.2	0.16435546875 0.0
2666.3	0.165161132812 0.0
2666.3	0.427001953125 0.0
2666.3	0.165966796875 0.0
2666.3	0.2126953125 0.0
2666.4	0.236059570312 0.0
2666.4	0.18046875 0.0
2666.4	0.272314453125 0.0
2666.5	0.1869140625 0.0
2666.5	0.414916992188 0.0
2666.6	0.141796875 0.0
2666.6	0.552685546875 0.0
2666.7	0.75087890625 0.0
2666.7	0.775048828125 0.0
2666.7	0.806469726562 0.0
2666.8	0.59296875 0.0
2666.8	0.20625 0.0
2666.9	0.25458984375 0.0
2666.9	1.40830078125 0.0
2666.9	0.181274414062 0.0
2667.0	0.214306640625 0.0
2667.0	0.71865234375 0.0
2667.1	0.194970703125 0.0
2667.2	0.440698242187 0.0
2667.4	0.655810546875 0.0
2667.4	0.631640625 0.0
2667.4	0.37060546875 0.0
2667.4	0.234448242187 0.0
2667.5	0.798413085937 0.0
2667.6	0.1740234375 0.0
2667.6	0.31904296875 0.0
2667.7	0.358520507812 0.0
2667.7	0.232836914062 0.0
2667.7	0.127294921875 0.0
2667.7	0.455200195312 0.0
2667.8	0.255395507812 0.0
2667.8	0.356103515625 0.0
2667.8	0.281176757813 0.0
2667.9	0.2578125 0.0
2667.9	0.252978515625 0.0
2667.9	0.174829101562 0.0
2668.0	2.31950683594 0.0
2668.0	0.15146484375 0.0
2668.1	0.420556640625 0.0
2668.1	0.22236328125 0.0
2668.1	0.639697265625 0.0
2668.1	2.31467285156 0.0
2668.2	0.591357421875 0.0
2668.2	0.765380859375 0.0
2668.3	0.33837890625 0.0
2668.3	0.548657226562 0.0
2668.4	0.189331054688 0.0
2668.4	0.42861328125 0.0
2668.5	0.294873046875 0.0
2668.5	0.26748046875 0.0
2668.5	0.194165039062 0.0
2668.5	1.67739257812 0.0
2668.6	0.200610351562 0.0
2668.6	0.194165039062 0.0
2668.6	0.21591796875 0.0
2668.6	0.298901367187 0.0
2668.6	0.4576171875 0.0
2668.7	0.302124023438 0.0
2668.7	0.271508789062 0.0
2669.0	0.484204101562 0.0
2669.0	0.356103515625 0.0
2669.1	0.304541015625 0.0
2669.1	0.3029296875 0.0
2669.2	0.07734375 0.0
2669.2	0.194970703125 0.0
2669.2	0.2900390625 0.0
2669.3	0.695288085937 0.0
2669.3	0.488232421875 0.0
2669.4	0.33193359375 0.0
2669.4	0.288427734375 0.0
2669.4	0.436669921875 0.0
2669.5	0.281176757813 0.0
2669.5	0.385107421875 0.0
2669.5	0.18369140625 0.0
2669.6	0.385913085937 0.0
2669.6	0.356909179687 0.0
2669.7	0.550268554688 0.0
2669.7	0.497900390625 0.0
2669.7	0.511596679688 0.0
2669.8	0.168383789062 0.0
2669.8	0.111181640625 0.0
2669.8	0.2578125 0.0
2669.9	0.145825195312 0.0
2669.9	0.4189453125 0.0
2669.9	0.30615234375 0.0
2670.0	0.57685546875 0.0
2670.0	0.201416015625 0.0
2670.0	0.15791015625 0.0
2670.1	0.443115234375 0.0
2670.1	0.368188476562 0.0
2670.1	0.35771484375 0.0
2670.3	0.373828125 0.0
2670.4	0.337573242187 0.0
2670.5	0.219140625 0.0
2670.5	0.60263671875 0.0
2670.5	0.2578125 0.0
2670.6	0.190942382812 0.0
2670.6	0.2384765625 0.0
2670.6	0.18046875 0.0
2670.7	0.15146484375 0.0
2670.7	0.2126953125 0.0
2670.8	0.366577148438 0.0
2670.9	0.220751953125 0.0
2670.9	0.142602539063 0.0
2671.0	0.1740234375 0.0
2671.1	0.453588867187 0.0
2671.1	0.2642578125 0.0
2671.1	0.4447265625 0.0
2671.2	0.1740234375 0.0
2671.2	0.530932617187 0.0
2671.2	0.287622070312 0.0
2671.2	0.480981445312 0.0
2671.2	0.912817382812 0.0
2671.2	0.12568359375 0.0
2671.2	0.270703125 0.0
2671.3	1.25844726562 0.0
2671.4	0.306958007812 0.0
2671.4	0.23525390625 0.0
2671.4	0.320654296875 0.0
2671.4	0.717846679687 0.0
2671.4	0.211083984375 0.0
2671.4	0.33193359375 0.0
2671.4	0.485815429687 0.0
2671.5	0.306958007812 0.0
2671.5	0.22236328125 0.0
2671.5	0.399609375 0.0
2671.6	0.663061523437 0.0
2671.6	0.173217773438 0.0
2671.7	0.194165039062 0.0
2671.8	0.326293945312 0.0
2671.8	0.281176757813 0.0
2671.9	0.12890625 0.0
2671.9	0.141796875 0.0
2672.0	0.556713867187 0.0
2672.0	0.36416015625 0.0
2672.2	0.294873046875 0.0
2672.2	0.401220703125 0.0
2672.4	0.194165039062 0.0
2672.4	0.182885742187 0.0
2672.4	0.29326171875 0.0
2672.4	0.161938476562 0.0
2672.4	0.322265625 0.0
2672.5	0.4962890625 0.0
2672.5	0.2900390625 0.0
2672.5	0.3544921875 0.0
2672.8	0.19013671875 0.0
2672.8	0.3673828125 0.0
2672.8	0.23525390625 0.0
2672.9	0.7412109375 0.0
2672.9	0.187719726562 0.0
2672.9	0.410888671875 0.0
2673.0	0.245727539062 0.0
2673.0	0.4640625 0.0
2673.1	0.127294921875 0.0
2673.1	0.2126953125 0.0
2673.1	0.321459960937 0.0
2673.3	0.385107421875 0.0
2673.3	0.361743164062 0.0
2673.3	0.2255859375 0.0
2673.4	1.1408203125 0.0
2673.5	0.174829101562 0.0
2673.6	0.290844726562 0.0
2673.6	0.3544921875 0.0
2673.7	0.51240234375 0.0
2673.7	0.265063476563 0.0
2673.7	0.171606445312 0.0
2673.8	0.281982421875 0.0
2673.9	0.1998046875 0.0
2673.9	0.20947265625 0.0
2673.9	0.236865234375 0.0
2673.9	0.53818359375 0.0
2673.9	0.141796875 0.0
2674.0	0.253784179688 0.0
2674.0	0.163549804687 0.0
2674.1	0.19658203125 0.0
2674.1	0.362548828125 0.0
2674.1	0.17080078125 0.0
2674.3	0.63486328125 0.0
2674.3	0.214306640625 0.0
2674.3	0.244921875 0.0
2674.3	0.16435546875 0.0
2674.4	0.14501953125 0.0
2674.5	0.181274414062 0.0
2674.6	0.253784179688 0.0
2674.8	0.481787109375 0.0
2674.9	0.3609375 0.0
2674.9	0.22880859375 0.0
2674.9	1.12309570312 0.0
2675.1	0.21591796875 0.0
2675.1	0.38671875 0.0
2675.2	0.462451171875 0.0
2675.2	0.186108398437 0.0
2675.2	0.152270507812 0.0
2675.2	0.458422851562 0.0
2675.2	0.33193359375 0.0
2675.3	0.343212890625 0.0
2675.3	1.52512207031 0.0
2675.3	0.3609375 0.0
2675.3	0.23203125 0.0
2675.3	0.139379882812 0.0
2675.3	0.593774414062 0.0
2675.4	1.02561035156 0.0
2675.4	0.1869140625 0.0
2675.4	0.2578125 0.0
2675.4	0.219140625 0.0
2675.5	0.51240234375 0.0
2675.6	0.244921875 0.0
2675.6	0.20625 0.0
2675.7	0.224780273437 0.0
2675.7	0.394775390625 0.0
2675.8	0.1998046875 0.0
2675.8	0.272314453125 0.0
2675.8	0.20625 0.0
2675.9	0.485815429687 0.0
2675.9	0.270703125 0.0
2676.0	0.274731445312 0.0
2676.1	0.17724609375 0.0
2676.1	0.492260742187 0.0
2676.1	0.713012695312 0.0
2676.1	0.3029296875 0.0
2676.2	0.3609375 0.0
2676.2	0.468896484375 0.0
2676.3	0.19658203125 0.0
2676.3	0.18369140625 0.0
2676.3	0.193359375 0.0
2676.3	0.1546875 0.0
2676.3	0.336767578125 0.0
2676.3	0.322265625 0.0
2676.3	0.1482421875 0.0
2676.5	0.219140625 0.0
2676.5	0.736376953125 0.0
2676.5	0.48017578125 0.0
2676.5	0.236865234375 0.0
2676.6	0.449560546875 0.0
2676.6	0.1611328125 0.0
2676.6	0.165161132812 0.0
2676.6	0.1998046875 0.0
2677.0	0.642114257812 0.0
2677.0	1.018359375 0.0
2677.1	0.136962890625 0.0
2677.2	0.298095703125 0.0
2677.3	0.32548828125 0.0
2677.4	0.346435546875 0.0
2677.4	0.2771484375 0.0
2677.4	0.309375 0.0
2677.5	0.4318359375 0.0
2677.5	0.1224609375 0.0
2677.5	0.401220703125 0.0
2677.5	0.184497070312 0.0
2677.6	0.171606445312 0.0
2677.6	0.232836914062 0.0
2677.6	0.358520507812 0.0
2677.6	0.309375 0.0
2677.6	0.2900390625 0.0
2677.8	0.194165039062 0.0
2677.8	0.2384765625 0.0
2677.9	0.247338867187 0.0
2677.9	0.373828125 0.0
2678.0	0.2900390625 0.0
2678.0	0.404443359375 0.0
2678.0	0.331127929687 0.0
2678.1	0.324682617187 0.0
2678.1	0.533349609375 0.0
2678.1	0.17080078125 0.0
2678.2	0.35771484375 0.0
2678.2	0.407666015625 0.0
2678.2	0.304541015625 0.0
2678.3	0.219946289062 0.0
2678.3	0.229614257812 0.0
2678.3	0.298095703125 0.0
2678.3	0.18369140625 0.0
2678.4	0.29326171875 0.0
2678.4	0.18369140625 0.0
2678.4	0.162744140625 0.0
2678.5	0.21591796875 0.0
2678.5	0.2771484375 0.0
2678.5	0.1353515625 0.0
2678.5	0.323071289062 0.0
2678.5	0.245727539062 0.0
2678.6	0.273120117188 0.0
2678.6	0.213500976562 0.0
2678.6	0.20302734375 0.0
2678.8	0.416528320312 0.0
2678.8	0.329516601562 0.0
2678.9	0.448754882812 0.0
2678.9	0.260229492187 0.0
2679.0	0.710595703125 0.0
2679.1	0.352075195312 0.0
2679.1	0.39638671875 0.0
2679.2	0.429418945312 0.0
2679.2	0.272314453125 0.0
2679.2	0.317431640625 0.0
2679.3	0.420556640625 0.0
2679.3	0.373828125 0.0
2679.3	0.13857421875 0.0
2679.4	0.23203125 0.0
2679.4	0.190942382812 0.0
2679.5	0.397192382812 0.0
2679.5	0.174829101562 0.0
2679.6	0.247338867187 0.0
2679.6	0.284399414062 0.0
2679.6	2.31950683594 0.0
2679.7	0.269091796875 0.0
2679.7	0.147436523437 0.0
2679.8	0.322265625 0.0
2679.9	0.346435546875 0.0
2679.9	0.24169921875 0.0
2680.0	0.265869140625 0.0
2680.0	0.980493164062 0.0
2680.1	0.20302734375 0.0
2680.1	0.44150390625 0.0
2680.2	0.2578125 0.0
2680.2	0.27392578125 0.0
2680.3	0.133740234375 0.0
2680.4	0.1353515625 0.0
2680.4	0.136157226562 0.0
2680.4	0.3416015625 0.0
2680.4	0.2384765625 0.0
2680.5	0.155493164062 0.0
2680.5	0.394775390625 0.0
2680.5	0.413305664062 0.0
2680.5	0.3544921875 0.0
2680.5	1.1150390625 0.0
2680.6	0.191748046875 0.0
2680.6	0.202221679687 0.0
2680.6	0.197387695312 0.0
2680.6	0.250561523437 0.0
2680.6	0.22880859375 0.0
2680.7	0.277954101562 0.0
2680.7	0.207055664062 0.0
2680.7	0.268286132812 0.0
2680.7	0.232836914062 0.0
2680.7	0.378662109375 0.0
2680.8	0.136962890625 0.0
2680.8	0.47373046875 0.0
2680.9	0.085400390625 0.0
2680.9	0.302124023438 0.0
2680.9	0.255395507812 0.0
2680.9	0.704150390625 0.0
2681.0	0.58330078125 0.0
2681.0	0.500317382812 0.0
2681.0	0.28681640625 0.0
2681.0	0.172412109375 0.0
2681.1	0.3544921875 0.0
2681.2	0.547045898437 0.0
2681.3	0.2900390625 0.0
2681.3	0.13212890625 0.0
2681.3	0.11923828125 0.0
2681.3	0.252978515625 0.0
2681.4	0.219140625 0.0
2681.4	0.3287109375 0.0
2681.5	0.11923828125 0.0
2681.5	0.21591796875 0.0
2681.6	0.247338867187 0.0
2681.6	0.29970703125 0.0
2681.6	0.289233398438 0.0
2681.6	0.271508789062 0.0
2681.7	0.3416015625 0.0
2681.7	0.709790039062 0.0
2681.8	0.17080078125 0.0
2681.8	0.223974609375 0.0
2681.8	0.203833007812 0.0
2681.9	0.613916015625 0.0
2682.0	0.43828125 0.0
2682.0	0.2578125 0.0
2682.1	0.165161132812 0.0
2682.2	1.16337890625 0.0
2682.4	0.635668945312 0.0
2682.4	0.345629882812 0.0
2682.5	0.201416015625 0.0
2682.5	0.236059570312 0.0
2682.6	0.2384765625 0.0
2682.6	0.572021484375 0.0
2682.6	0.277954101562 0.0
2682.6	0.314208984375 0.0
2682.7	0.1869140625 0.0
2682.7	0.1546875 0.0
2682.8	0.2771484375 0.0
2682.8	0.40283203125 0.0
2683.0	0.274731445312 0.0
2683.0	0.635668945312 0.0
2683.1	0.250561523437 0.0
2683.1	0.3416015625 0.0
2683.2	0.339990234375 0.0
2683.2	0.3416015625 0.0
2683.2	0.182080078125 0.0
2683.5	0.114404296875 0.0
2683.5	0.451171875 0.0
2683.5	0.29970703125 0.0
2683.5	0.46083984375 0.0
2683.6	0.348046875 0.0
2683.6	0.29326171875 0.0
2683.6	0.309375 0.0
2683.7	0.297290039063 0.0
2683.7	0.323876953125 0.0
2683.7	0.207055664062 0.0
2683.8	0.294067382812 0.0
2683.8	0.327099609375 0.0
2683.9	0.120849609375 0.0
2683.9	0.414111328125 0.0
2683.9	0.59296875 0.0
2684.0	0.551879882812 0.0
2684.1	0.19013671875 0.0
2684.1	0.769409179688 0.0
2684.2	0.349658203125 0.0
2684.2	0.169995117187 0.0
2684.2	1.33256835937 0.0
2684.3	0.278759765625 0.0
2684.4	0.476953125 0.0
2684.4	0.266674804687 0.0
2684.5	0.339990234375 0.0
2684.5	0.297290039063 0.0
2684.5	0.13857421875 0.0
2684.5	0.252978515625 0.0
2684.6	0.310986328125 0.0
2684.7	0.181274414062 0.0
2684.8	0.327099609375 0.0
2684.9	0.240087890625 0.0
2684.9	0.402026367187 0.0
2685.0	0.216723632812 0.0
2685.0	0.149853515625 0.0
2685.1	0.2578125 0.0
2685.2	0.432641601562 0.0
2685.3	0.202221679687 0.0
2685.3	0.42861328125 0.0
2685.3	0.2642578125 0.0
2685.6	0.187719726562 0.0
2685.6	0.187719726562 0.0
2685.8	0.243310546875 0.0
2685.9	0.48984375 0.0
2685.9	0.46083984375 0.0
2686.0	0.29970703125 0.0
2686.1	0.459228515625 0.0
2686.1	0.475341796875 0.0
2686.2	0.249755859375 0.0
2686.2	0.1546875 0.0
2686.2	0.4318359375 0.0
2686.3	0.256201171875 0.0
2686.4	0.620361328125 0.0
2686.4	0.298901367187 0.0
2686.5	0.53818359375 0.0
2686.5	0.245727539062 0.0
2686.6	0.61552734375 0.0
2686.7	0.167578125 0.0
2686.8	0.233642578125 0.0
2686.9	0.559130859375 0.0
2686.9	0.242504882812 0.0
2686.9	0.316625976562 0.0
2686.9	0.31259765625 0.0
2687.0	0.369799804687 0.0
2687.0	0.301318359375 0.0
2687.1	0.38994140625 0.0
2687.1	0.31904296875 0.0
2687.2	0.38994140625 0.0
2687.2	0.25458984375 0.0
2687.3	0.986938476562 0.0
2687.3	0.346435546875 0.0
2687.3	0.22880859375 0.0
2687.3	0.259423828125 0.0
2687.3	0.270703125 0.0
2687.4	0.322265625 0.0
2687.5	0.266674804687 0.0
2687.5	0.248950195312 0.0
2687.7	0.237670898438 0.0
2687.7	0.363354492187 0.0
2687.8	0.23525390625 0.0
2687.8	0.153076171875 0.0
2687.9	0.085400390625 0.0
2687.9	0.22880859375 0.0
2687.9	0.523681640625 0.0
2687.9	0.3158203125 0.0
2687.9	0.400415039062 0.0
2688.0	0.24169921875 0.0
2688.0	0.497900390625 0.0
2688.0	0.1998046875 0.0
2688.0	0.359326171875 0.0
2688.0	0.397192382812 0.0
2688.0	0.330322265625 0.0
2688.1	0.375439453125 0.0
2688.1	0.175634765625 0.0
2688.2	0.32548828125 0.0
2688.3	0.0829833984375 0.0
2688.3	0.97646484375 0.0
2688.4	0.194165039062 0.0
2688.4	0.414916992188 0.0
2688.4	0.20947265625 0.0
2688.4	0.296484375 0.0
2688.5	0.15146484375 0.0
2688.7	0.413305664062 0.0
2688.8	0.21591796875 0.0
2688.9	0.611499023437 0.0
2689.0	0.149047851562 0.0
2689.0	0.391552734375 0.0
2689.0	0.1353515625 0.0
2689.0	0.49951171875 0.0
2689.1	0.28359375 0.0
2689.1	0.184497070312 0.0
2689.1	0.2513671875 0.0
2689.1	0.246533203125 0.0
2689.1	0.246533203125 0.0
2689.2	0.1869140625 0.0
2689.2	0.204638671875 0.0
2689.2	0.42216796875 0.0
2689.3	0.2578125 0.0
2689.3	1.73942871094 0.0
2689.3	0.301318359375 0.0
2689.4	0.145825195312 0.0
2689.4	0.750073242187 0.0
2689.4	0.333544921875 0.0
2689.4	0.226391601562 0.0
2689.5	0.167578125 0.0
2689.5	0.430224609375 0.0
2689.5	0.849169921875 0.0
2689.6	0.203833007812 0.0
2689.7	0.2384765625 0.0
2689.7	0.346435546875 0.0
2689.7	0.401220703125 0.0
2689.8	0.324682617187 0.0
2689.8	0.1740234375 0.0
2689.9	0.17724609375 0.0
2689.9	0.22880859375 0.0
2690.0	0.184497070312 0.0
2690.0	2.15192871094 0.0
2690.0	0.220751953125 0.0
2690.0	0.19013671875 0.0
2690.1	0.185302734375 0.0
2690.1	0.21591796875 0.0
2690.1	1.17788085937 0.0
2690.1	2.32756347656 0.0
2690.1	0.178857421875 0.0
2690.1	0.305346679688 0.0
2690.3	0.174829101562 0.0
2690.3	0.285205078125 0.0
2690.3	0.234448242187 0.0
2690.4	0.227197265625 0.0
2690.4	0.284399414062 0.0
2690.4	0.591357421875 0.0
2690.5	0.201416015625 0.0
2690.5	0.43505859375 0.0
2690.5	0.4318359375 0.0
2690.6	0.462451171875 0.0
2690.6	0.219946289062 0.0
2690.6	0.221557617188 0.0
2690.6	0.13212890625 0.0
2690.6	0.3609375 0.0
2690.7	0.344018554687 0.0
2690.7	0.38349609375 0.0
2690.7	0.533349609375 0.0
2690.7	0.0797607421875 0.0
2690.7	0.245727539062 0.0
2690.8	0.339184570312 0.0
2690.9	0.204638671875 0.0
2690.9	0.223974609375 0.0
2691.0	0.190942382812 0.0
2691.0	0.617138671875 0.0
2691.1	0.539794921875 0.0
2691.2	0.497900390625 0.0
2691.2	0.348852539062 0.0
2691.2	0.217529296875 0.0
2691.4	0.229614257812 0.0
2691.5	0.159521484375 0.0
2691.5	0.301318359375 0.0
2691.6	0.1546875 0.0
2691.7	0.277954101562 0.0
2691.7	0.339990234375 0.0
2691.7	0.2126953125 0.0
2691.7	0.3609375 0.0
2691.8	0.33837890625 0.0
2691.8	0.172412109375 0.0
2691.9	0.284399414062 0.0
2691.9	0.22880859375 0.0
2692.0	0.286010742188 0.0
2692.0	0.502734375 0.0
2692.1	0.60263671875 0.0
2692.1	0.223974609375 0.0
2692.1	0.391552734375 0.0
2692.1	0.346435546875 0.0
2692.1	0.198999023437 0.0
2692.2	0.4060546875 0.0
2692.3	0.29326171875 0.0
2692.3	0.17724609375 0.0
2692.3	0.203833007812 0.0
2692.3	0.248950195312 0.0
2692.4	0.352880859375 0.0
2692.4	0.214306640625 0.0
2692.4	0.378662109375 0.0
2692.4	0.160327148437 0.0
2692.6	0.207055664062 0.0
2692.6	0.149853515625 0.0
2692.7	0.285205078125 0.0
2692.8	0.307763671875 0.0
2692.8	0.230419921875 0.0
2692.9	0.12568359375 0.0
2692.9	0.33837890625 0.0
2692.9	0.369799804687 0.0
2692.9	0.340795898437 0.0
2693.0	0.552685546875 0.0
2693.0	0.265869140625 0.0
2693.1	0.40283203125 0.0
2693.2	0.2513671875 0.0
2693.3	0.2255859375 0.0
2693.4	0.379467773437 0.0
2693.4	0.651782226562 0.0
2693.4	0.28681640625 0.0
2693.4	0.2513671875 0.0
2693.5	0.19013671875 0.0
2693.5	0.124072265625 0.0
2693.7	0.219946289062 0.0
2693.9	0.233642578125 0.0
2693.9	0.549462890625 0.0
2693.9	0.320654296875 0.0
2694.0	0.091845703125 0.0
2694.0	0.489038085937 0.0
2694.0	0.3287109375 0.0
2694.1	0.29970703125 0.0
2694.1	0.198999023437 0.0
2694.1	0.5349609375 0.0
2694.1	0.207055664062 0.0
2694.1	0.11923828125 0.0
2694.1	0.298095703125 0.0
2694.1	0.244921875 0.0
2694.2	0.35126953125 0.0
2694.2	0.488232421875 0.0
2694.3	0.1869140625 0.0
2694.3	0.352075195312 0.0
2694.3	0.430224609375 0.0
2694.3	0.290844726562 0.0
2694.4	0.3544921875 0.0
2694.4	0.272314453125 0.0
2694.4	0.127294921875 0.0
2694.5	0.4962890625 0.0
2694.5	0.271508789062 0.0
2694.6	0.219946289062 0.0
2694.6	0.943432617187 0.0
2694.6	0.249755859375 0.0
2694.6	0.244921875 0.0
2694.7	0.178857421875 0.0
2694.7	0.387524414062 0.0
2694.8	0.20625 0.0
2694.8	0.301318359375 0.0
2694.8	0.19658203125 0.0
2694.9	0.330322265625 0.0
2694.9	0.159521484375 0.0
2695.0	0.187719726562 0.0
2695.1	0.256201171875 0.0
2695.1	0.28359375 0.0
2695.2	0.3287109375 0.0
2695.3	0.168383789062 0.0
2695.3	0.13857421875 0.0
2695.4	0.434252929687 0.0
2695.5	0.307763671875 0.0
2695.5	0.630834960937 0.0
2695.6	0.2513671875 0.0
2695.6	0.247338867187 0.0
2695.7	0.339184570312 0.0
2695.7	0.426196289062 0.0
2695.8	0.721875 0.0
2696.0	0.259423828125 0.0
2696.1	0.230419921875 0.0
2696.2	0.381079101562 0.0
2696.2	0.38349609375 0.0
2696.3	0.19658203125 0.0
2696.3	0.33193359375 0.0
2696.3	0.28359375 0.0
2696.4	0.230419921875 0.0
2696.4	0.2384765625 0.0
2696.4	0.46083984375 0.0
2696.5	0.395581054687 0.0
2696.6	0.3029296875 0.0
2696.6	0.326293945312 0.0
2696.8	0.852392578125 0.0
2696.9	0.1095703125 0.0
2696.9	0.37705078125 0.0
2696.9	0.49306640625 0.0
2697.2	0.309375 0.0
2697.2	0.4447265625 0.0
2697.4	0.201416015625 0.0
2697.4	0.57041015625 0.0
2697.5	0.668701171875 0.0
2697.5	0.120043945312 0.0
2697.5	0.812109375 0.0
2697.6	0.22880859375 0.0
2697.6	0.252978515625 0.0
2697.7	0.4318359375 0.0
2697.8	0.38671875 0.0
2698.0	0.339184570312 0.0
2698.0	0.22236328125 0.0
2698.0	1.04252929687 0.0
2698.0	0.259423828125 0.0
2698.1	0.476953125 0.0
2698.2	0.329516601562 0.0
2698.2	0.221557617188 0.0
2698.3	0.147436523437 0.0
2698.4	0.355297851562 0.0
2698.5	0.217529296875 0.0
2698.6	0.19013671875 0.0
2698.6	0.45439453125 0.0
2698.6	0.149853515625 0.0
2698.6	0.175634765625 0.0
2698.7	0.19658203125 0.0
2698.7	0.733959960937 0.0
2698.7	0.427001953125 0.0
2698.8	0.28359375 0.0
2698.8	0.36416015625 0.0
2698.8	0.252172851562 0.0
2698.8	0.23203125 0.0
2698.8	0.129711914062 0.0
2698.9	0.161938476562 0.0
2698.9	0.430224609375 0.0
2698.9	0.270703125 0.0
2699.0	0.53173828125 0.0
2699.1	0.249755859375 0.0
2699.1	0.378662109375 0.0
2699.1	0.320654296875 0.0
2699.2	0.6896484375 0.0
2699.2	0.219140625 0.0
2699.2	0.13212890625 0.0
2699.3	0.145825195312 0.0
2699.3	0.2255859375 0.0
2699.3	0.313403320312 0.0
2699.4	0.201416015625 0.0
2699.4	0.327099609375 0.0
2699.5	0.303735351562 0.0
2699.5	0.1740234375 0.0
2699.8	0.229614257812 0.0
2699.8	0.175634765625 0.0
2699.9	0.214306640625 0.0
2699.9	0.480981445312 0.0
2699.9	0.526098632813 0.0
2699.9	0.178857421875 0.0
2700.0	0.11923828125 0.0
2700.1	0.252978515625 0.0
2700.2	0.165966796875 0.0
2700.2	0.298095703125 0.0
2700.3	0.26748046875 0.0
2700.4	0.462451171875 0.0
2700.4	0.378662109375 0.0
2700.4	0.874951171875 0.0
2700.5	0.275537109375 0.0
2700.5	0.27392578125 0.0
2700.5	0.61875 0.0
2700.6	0.15146484375 0.0
2700.6	0.5091796875 0.0
2700.6	0.203833007812 0.0
2700.6	0.2771484375 0.0
2700.7	0.384301757812 0.0
2700.7	0.352075195312 0.0
2700.7	0.2642578125 0.0
2700.7	0.322265625 0.0
2700.7	0.162744140625 0.0
2700.7	0.13212890625 0.0
2700.8	0.1998046875 0.0
2701.0	0.25458984375 0.0
2701.0	0.17080078125 0.0
2701.0	0.273120117188 0.0
2701.2	1.57185058594 0.0
2701.2	0.32548828125 0.0
2701.3	0.200610351562 0.0
2701.3	0.748461914062 0.0
2701.3	0.22880859375 0.0
2701.3	0.239282226562 0.0
2701.3	0.184497070312 0.0
2701.4	0.174829101562 0.0
2701.4	0.362548828125 0.0
2701.5	0.243310546875 0.0
2701.6	0.20625 0.0
2701.6	0.219140625 0.0
2701.6	0.136962890625 0.0
2701.7	0.400415039062 0.0
2701.7	0.27392578125 0.0
2701.8	0.243310546875 0.0
2701.8	0.604248046875 0.0
2701.8	0.410888671875 0.0
2701.8	0.150659179688 0.0
2701.9	0.22880859375 0.0
2702.0	0.303735351562 0.0
2702.1	0.195776367187 0.0
2702.2	0.33515625 0.0
2702.2	0.191748046875 0.0
2702.2	0.307763671875 0.0
2702.3	0.46083984375 0.0
2702.4	0.427001953125 0.0
2702.6	0.422973632812 0.0
2702.6	0.3802734375 0.0
2702.6	0.1482421875 0.0
2702.6	0.310180664062 0.0
2702.7	0.17724609375 0.0
2702.7	0.232836914062 0.0
2702.8	0.4125 0.0
2702.8	0.3609375 0.0
2702.8	0.511596679688 0.0
2702.9	0.30615234375 0.0
2702.9	0.62841796875 0.0
2702.9	0.387524414062 0.0
2703.0	0.21591796875 0.0
2703.1	0.20625 0.0
2703.1	0.291650390625 0.0
2703.2	0.5091796875 0.0
2703.2	1.49047851562 0.0
2703.2	0.646948242187 0.0
2703.2	0.768603515625 0.0
2703.3	0.214306640625 0.0
2703.3	0.188525390625 0.0
2703.4	0.445532226562 0.0
2703.5	0.243310546875 0.0
2703.5	0.98291015625 0.0
2703.5	0.233642578125 0.0
2703.5	0.0878173828125 0.0
2703.6	0.136157226562 0.0
2703.8	0.2513671875 0.0
2703.8	0.213500976562 0.0
2703.9	0.391552734375 0.0
2703.9	0.421362304687 0.0
2703.9	0.252978515625 0.0
2703.9	0.193359375 0.0
2704.0	0.332739257812 0.0
2704.1	0.2384765625 0.0
2704.1	0.2513671875 0.0
2704.1	0.674340820312 0.0
2704.1	0.565576171875 0.0
2704.2	0.219140625 0.0
2704.3	0.291650390625 0.0
2704.3	0.178051757812 0.0
2704.3	0.290844726562 0.0
2704.4	0.3287109375 0.0
2704.5	0.24169921875 0.0
2704.5	0.223974609375 0.0
2704.6	0.214306640625 0.0
2704.6	0.617138671875 0.0
2704.7	0.44150390625 0.0
2704.7	0.700122070312 0.0
2704.8	0.136962890625 0.0
2704.8	0.416528320312 0.0
2704.8	0.12890625 0.0
2704.8	0.301318359375 0.0
2704.8	0.348046875 0.0
2704.9	0.194165039062 0.0
2704.9	0.3416015625 0.0
2704.9	0.304541015625 0.0
2705.0	0.18046875 0.0
2705.0	0.221557617188 0.0
2705.1	0.26103515625 0.0
2705.2	0.861254882812 0.0
2705.2	0.18369140625 0.0
2705.3	0.259423828125 0.0
2705.3	0.526904296875 0.0
2705.4	0.152270507812 0.0
2705.4	0.15791015625 0.0
2705.4	0.8765625 0.0
2705.5	0.451171875 0.0
2705.5	0.878979492187 0.0
2705.6	0.44150390625 0.0
2705.7	0.20625 0.0
2705.8	0.27392578125 0.0
2705.8	0.546240234375 0.0
2705.8	0.11923828125 0.0
2705.8	0.124072265625 0.0
2705.8	0.48984375 0.0
2705.9	0.492260742187 0.0
2705.9	0.20625 0.0
2706.0	0.517236328125 0.0
2706.0	0.262646484375 0.0
2706.1	0.301318359375 0.0
2706.1	0.240087890625 0.0
2706.1	0.19658203125 0.0
2706.1	0.475341796875 0.0
2706.2	0.3609375 0.0
2706.2	0.165161132812 0.0
2706.2	0.331127929687 0.0
2706.3	0.207861328125 0.0
2706.4	0.4125 0.0
2706.4	0.2513671875 0.0
2706.4	0.52529296875 0.0
2706.4	0.309375 0.0
2706.5	0.182080078125 0.0
2706.6	1.121484375 0.0
2706.6	0.372216796875 0.0
2706.7	0.385107421875 0.0
2706.7	0.451977539062 0.0
2706.7	0.286010742188 0.0
2706.8	0.169189453125 0.0
2706.9	0.192553710937 0.0
2706.9	0.306958007812 0.0
2706.9	0.516430664062 0.0
2706.9	1.41071777344 0.0
2707.1	0.32548828125 0.0
2707.1	0.292456054687 0.0
2707.1	0.22880859375 0.0
2707.1	0.361743164062 0.0
2707.1	0.163549804687 0.0
2707.2	0.143408203125 0.0
2707.2	0.24814453125 0.0
2707.2	0.414111328125 0.0
2707.4	0.297290039063 0.0
2707.4	0.167578125 0.0
2707.5	0.3673828125 0.0
2707.5	2.31950683594 0.0
2707.6	0.323876953125 0.0
2707.6	0.3802734375 0.0
2707.6	0.375439453125 0.0
2707.6	0.165966796875 0.0
2707.6	0.271508789062 0.0
2707.7	0.230419921875 0.0
2707.7	0.220751953125 0.0
2707.8	0.400415039062 0.0
2707.8	0.178051757812 0.0
2707.8	0.37705078125 0.0
2707.9	0.57041015625 0.0
2708.0	0.23203125 0.0
2708.0	0.253784179688 0.0
2708.0	0.48017578125 0.0
2708.1	0.282788085937 0.0
2708.2	0.230419921875 0.0
2708.3	0.361743164062 0.0
2708.3	0.91845703125 0.0
2708.4	0.518041992188 0.0
2708.4	0.329516601562 0.0
2708.5	0.242504882812 0.0
2708.6	0.291650390625 0.0
2708.6	0.23525390625 0.0
2708.6	0.20302734375 0.0
2708.7	0.374633789062 0.0
2708.7	0.33837890625 0.0
2708.7	0.339990234375 0.0
2708.8	0.327099609375 0.0
2708.8	0.278759765625 0.0
2708.9	0.217529296875 0.0
2708.9	0.139379882812 0.0
2709.1	0.298901367187 0.0
2709.1	0.39638671875 0.0
2709.2	0.60908203125 0.0
2709.3	0.278759765625 0.0
2709.3	0.306958007812 0.0
2709.3	0.665478515625 0.0
2709.4	0.63486328125 0.0
2709.4	0.37060546875 0.0
2709.4	0.459228515625 0.0
2709.4	0.265063476563 0.0
2709.4	0.1546875 0.0
2709.4	0.3158203125 0.0
2709.5	0.231225585937 0.0
2709.5	0.523681640625 0.0
2709.6	0.435864257812 0.0
2709.6	0.4189453125 0.0
2709.6	0.400415039062 0.0
2709.6	0.58330078125 0.0
2709.6	0.317431640625 0.0
2709.6	0.622778320312 0.0
2709.6	0.371411132812 0.0
2709.7	0.2126953125 0.0
2709.7	0.19658203125 0.0
2709.8	0.624389648438 0.0
2709.9	0.20302734375 0.0
2710.0	0.1546875 0.0
2710.0	0.31904296875 0.0
2710.0	0.291650390625 0.0
2710.1	0.439086914062 0.0
2710.1	0.668701171875 0.0
2710.2	0.24814453125 0.0
2710.3	0.28359375 0.0
2710.4	0.214306640625 0.0
2710.4	0.204638671875 0.0
2710.4	0.124072265625 0.0
2710.4	0.653393554687 0.0
2710.4	0.23525390625 0.0
2710.5	0.353686523437 0.0
2710.5	0.229614257812 0.0
2710.6	0.305346679688 0.0
2710.6	0.2578125 0.0
2710.6	0.675146484375 0.0
2710.7	0.52529296875 0.0
2710.8	0.8701171875 0.0
2710.9	0.364965820312 0.0
2710.9	0.240893554687 0.0
2711.0	0.475341796875 0.0
2711.1	0.710595703125 0.0
2711.1	0.07412109375 0.0
2711.2	0.204638671875 0.0
2711.2	0.4705078125 0.0
2711.2	0.33193359375 0.0
2711.3	0.169995117187 0.0
2711.3	0.436669921875 0.0
2711.4	0.1482421875 0.0
2711.4	0.317431640625 0.0
2711.4	0.220751953125 0.0
2711.4	0.33515625 0.0
2711.6	1.02158203125 0.0
2711.6	0.25458984375 0.0
2711.6	0.31259765625 0.0
2711.7	0.239282226562 0.0
2711.7	0.7734375 0.0
2711.7	0.219140625 0.0
2711.7	0.28681640625 0.0
2711.8	0.22880859375 0.0
2711.8	0.152270507812 0.0
2711.9	0.270703125 0.0
2711.9	0.5865234375 0.0
2711.9	0.538989257812 0.0
2711.9	0.198193359375 0.0
2711.9	0.2384765625 0.0
2711.9	0.171606445312 0.0
2711.9	0.208666992187 0.0
2712.0	0.174829101562 0.0
2712.0	0.172412109375 0.0
2712.0	0.270703125 0.0
2712.0	0.40283203125 0.0
2712.2	0.126489257813 0.0
2712.3	0.471313476562 0.0
2712.3	0.1611328125 0.0
2712.3	0.513208007812 0.0
2712.4	0.47373046875 0.0
2712.5	0.28037109375 0.0
2712.5	0.2513671875 0.0
2712.6	0.324682617187 0.0
