3629.3	0.806469726562 0.0
3629.3	0.825 0.0
3629.3	0.811303710937 0.0
3629.3	0.812109375 0.0
3629.3	0.812109375 0.0
3629.3	0.813720703125 0.0
3629.3	0.825 0.0
3629.3	0.907177734375 0.0
3629.3	0.779077148437 0.0
3629.3	0.8056640625 0.0
3629.3	0.812109375 0.0
3629.3	0.81533203125 0.0
3629.3	0.816137695312 0.0
3629.3	0.816943359375 0.0
3629.3	0.816943359375 0.0
3629.3	0.816943359375 0.0
3629.3	0.816943359375 0.0
3629.3	0.8185546875 0.0
3629.3	0.817749023438 0.0
3629.3	0.817749023438 0.0
3629.3	0.872534179687 0.0
3629.3	0.8185546875 0.0
3629.3	0.791162109375 0.0
3629.3	0.806469726562 0.0
3629.3	0.812915039062 0.0
3629.3	0.816943359375 0.0
3629.3	0.816943359375 0.0
3629.3	0.894287109375 0.0
3629.3	0.833862304688 0.0
3629.3	0.7798828125 0.0
3629.3	0.399609375 0.0
3629.3	0.809692382812 0.0
3629.3	0.81533203125 0.0
3629.3	0.816943359375 0.0
3629.3	0.8185546875 0.0
3629.3	0.8185546875 0.0
3629.3	0.819360351562 0.0
3629.3	0.8185546875 0.0
3629.3	0.8185546875 0.0
3629.3	0.819360351562 0.0
3629.3	0.819360351562 0.0
3629.3	0.820166015625 0.0
3629.3	0.819360351562 0.0
3629.3	0.819360351562 0.0
3629.3	0.819360351562 0.0
3629.3	0.820971679687 0.0
3629.3	0.819360351562 0.0
3629.3	0.820166015625 0.0
3629.3	0.82177734375 0.0
3629.3	0.819360351562 0.0
3629.3	0.819360351562 0.0
3629.3	0.820971679687 0.0
3629.3	0.872534179687 0.0
3629.3	0.823388671875 0.0
3629.3	0.795190429687 0.0
3629.3	0.809692382812 0.0
3629.3	0.816137695312 0.0
3629.3	0.8185546875 0.0
3629.3	0.851586914062 0.0
3629.3	0.812109375 0.0
3629.3	0.812109375 0.0
3629.3	0.817749023438 0.0
3629.3	0.8185546875 0.0
3629.3	0.820166015625 0.0
3629.3	0.82177734375 0.0
3629.3	0.820971679687 0.0
3629.3	0.820971679687 0.0
3629.3	0.82177734375 0.0
3629.3	0.823388671875 0.0
3629.3	0.82177734375 0.0
3629.3	0.820971679687 0.0
3629.3	0.82177734375 0.0
3629.3	0.82177734375 0.0
3629.3	0.82177734375 0.0
3629.3	0.820971679687 0.0
3629.3	0.822583007812 0.0
3629.3	0.823388671875 0.0
3629.3	0.820971679687 0.0
3629.3	0.869311523437 0.0
3629.3	0.839501953125 0.0
3629.3	0.793579101562 0.0
3629.3	0.809692382812 0.0
3629.3	0.816137695312 0.0
3629.3	0.853198242187 0.0
3629.3	0.86044921875 0.0
3629.3	0.803247070312 0.0
3629.3	0.804052734375 0.0
3629.3	0.813720703125 0.0
3629.3	0.8185546875 0.0
3629.3	0.82177734375 0.0
3629.3	0.822583007812 0.0
3629.3	0.822583007812 0.0
3629.3	0.82177734375 0.0
3629.3	0.823388671875 0.0
3629.3	0.823388671875 0.0
3629.3	0.82177734375 0.0
3629.3	0.824194335937 0.0
3629.3	0.822583007812 0.0
3629.3	0.823388671875 0.0
3629.3	0.823388671875 0.0
3629.3	0.822583007812 0.0
3629.3	0.825 0.0
3629.3	0.825 0.0
3629.3	0.823388671875 0.0
3629.3	0.823388671875 0.0
3629.3	0.824194335937 0.0
3629.3	1.49208984375 0.0
3629.3	2.29936523437 0.0
3629.7	2.29533691406 0.0
3630.9	2.29050292969 0.0
3631.0	2.29694824219 0.0
3631.5	2.28002929688 0.0
3631.9	2.29050292969 0.0
3632.1	2.30017089844 0.0
3632.2	2.29614257812 0.0
3632.8	2.29453125 0.0
3633.0	2.30017089844 0.0
3633.1	2.29372558594 0.0
3633.4	2.29936523437 0.0
3633.6	2.30419921875 0.0
3634.2	2.29130859375 0.0
3634.4	2.24860839844 0.0
3634.6	2.29291992187 0.0
3634.6	2.30661621094 0.0
3634.8	2.30500488281 0.0
3634.9	2.29372558594 0.0
3635.0	2.29936523437 0.0
3635.1	2.29050292969 0.0
3635.1	2.30500488281 0.0
3635.2	2.17932128906 0.0
3635.3	2.30339355469 0.0
3635.3	2.29694824219 0.0
3635.4	2.29936523437 0.0
3636.0	2.28969726563 0.0
3636.2	2.3009765625 0.0
3636.4	2.28969726563 0.0
3636.6	2.29372558594 0.0
3636.6	2.28889160156 0.0
3636.8	2.29533691406 0.0
3636.9	2.29775390625 0.0
3637.1	2.29050292969 0.0
3637.1	2.3009765625 0.0
3637.2	2.29130859375 0.0
3637.2	2.29775390625 0.0
3637.2	2.30017089844 0.0
3637.4	1.55412597656 0.0
3637.7	2.30500488281 0.0
3637.8	2.29050292969 0.0
3637.9	2.29372558594 0.0
3638.1	2.30339355469 0.0
3638.1	2.30339355469 0.0
3638.2	2.29453125 0.0
3638.7	2.29533691406 0.0
3638.8	2.29614257812 0.0
3639.4	2.30258789062 0.0
3639.5	2.28889160156 0.0
3639.6	2.30339355469 0.0
3640.3	2.02946777344 0.0
3640.5	1.18110351563 0.0
3640.6	0.896704101562 0.0
3640.6	0.760546875 0.0
3640.7	1.48806152344 0.0
3641.3	1.58312988281 0.0
3641.3	0.83466796875 0.0
3641.5	0.830639648437 0.0
3641.9	1.147265625 0.0
3642.2	1.10698242187 0.0
3642.7	0.60908203125 0.0
3642.7	0.8314453125 0.0
3642.8	0.852392578125 0.0
3643.0	1.7853515625 0.0
3643.9	1.81918945312 0.0
3644.5	1.42602539062 0.0
3644.7	1.50417480469 0.0
3644.8	1.31081542969 0.0
3644.9	1.00063476562 0.0
3645.1	0.807275390625 0.0
3645.6	1.04091796875 0.0
3645.8	1.05864257812 0.0
3645.8	1.31564941406 0.0
3646.0	0.949072265625 0.0
3646.5	1.48564453125 0.0
3646.7	1.48081054687 0.0
3646.7	1.15048828125 0.0
3646.8	1.27939453125 0.0
3647.0	1.02641601562 0.0
3647.1	1.76359863281 0.0
3647.2	1.03125 0.0
3647.9	2.03833007812 0.0
3647.9	0.93134765625 0.0
3648.1	0.580883789062 0.0
3648.1	1.64838867187 0.0
3648.1	2.09875488281 0.0
3648.1	0.8830078125 0.0
3648.3	2.12211914062 0.0
3648.8	1.45261230469 0.0
3649.2	2.06975097656 0.0
3649.3	1.17224121094 0.0
3649.4	1.49128417969 0.0
3649.4	2.30017089844 0.0
3649.4	1.04172363281 0.0
3649.5	1.27214355469 0.0
3649.9	1.0634765625 0.0
3650.5	2.27277832031 0.0
3650.6	1.34465332031 0.0
3650.6	1.31484375 0.0
3651.1	1.31000976562 0.0
3651.2	1.22783203125 0.0
3651.3	1.121484375 0.0
3651.4	0.874951171875 0.0
3651.7	1.60810546875 0.0
3651.8	1.07395019531 0.0
3651.9	1.32451171875 0.0
3651.9	2.30661621094 0.0
3652.0	1.98354492187 0.0
3652.1	0.928125 0.0
3652.7	1.02158203125 0.0
3653.2	1.54526367187 0.0
3653.4	0.95712890625 0.0
3653.5	1.56862792969 0.0
3653.6	1.61213378906 0.0
3653.9	1.16337890625 0.0
3654.1	1.24475097656 0.0
3654.3	0.565576171875 0.0
3654.4	0.965185546875 0.0
3654.7	0.951489257812 0.0
3654.8	2.15112304688 0.0
3654.8	0.897509765625 0.0
3654.8	0.926513671875 0.0
3654.9	2.16804199219 0.0
3655.0	1.79421386719 0.0
3655.2	0.88623046875 0.0
3655.9	0.82177734375 0.0
3656.6	1.21091308594 0.0
3656.7	0.939404296875 0.0
3656.9	2.30017089844 0.0
3657.1	2.30017089844 0.0
3657.1	1.80629882812 0.0
3657.3	1.22863769531 0.0
3657.7	2.11809082031 0.0
3657.7	0.738793945312 0.0
3658.2	1.53801269531 0.0
3658.4	1.14565429687 0.0
3658.4	1.61857910156 0.0
3658.5	2.24780273438 0.0
3659.3	0.98935546875 0.0
3659.5	0.584106445312 0.0
3659.6	0.83466796875 0.0
3659.7	0.97646484375 0.0
3659.9	1.48967285156 0.0
3660.0	1.44938964844 0.0
3660.3	1.095703125 0.0
3660.5	1.02077636719 0.0
3660.6	2.307421875 0.0
3660.6	1.31403808594 0.0
3660.7	0.942626953125 0.0
3661.1	1.1794921875 0.0
3661.2	0.704150390625 0.0
3661.4	1.97629394531 0.0
3661.4	0.898315429688 0.0
3661.5	1.01352539062 0.0
3661.6	1.31403808594 0.0
3661.7	1.36237792969 0.0
3662.4	1.32692871094 0.0
3662.4	0.837890625 0.0
3662.8	1.94567871094 0.0
3663.5	1.45825195312 0.0
3663.9	0.64453125 0.0
3664.1	1.14001464844 0.0
3664.3	1.25522460937 0.0
3664.6	1.12631835937 0.0
3664.7	1.41555175781 0.0
3664.8	1.79663085938 0.0
3664.9	1.6306640625 0.0
3665.0	2.30017089844 0.0
3665.3	2.29855957031 0.0
3665.5	1.18432617188 0.0
3665.5	1.50659179688 0.0
3665.7	0.874145507812 0.0
3665.8	0.797607421875 0.0
3665.8	1.0828125 0.0
3665.8	1.07797851562 0.0
3666.3	1.00224609375 0.0
3666.3	1.36479492187 0.0
3666.8	0.737182617188 0.0
3667.7	1.11987304688 0.0
3667.9	1.12631835937 0.0
3668.1	2.30419921875 0.0
3668.2	1.07797851562 0.0
3668.6	1.41071777344 0.0
3669.0	1.00224609375 0.0
3669.1	1.13356933594 0.0
3669.1	1.38332519531 0.0
3669.4	1.48725585937 0.0
3669.7	1.29389648437 0.0
3670.1	1.2375 0.0
3670.8	0.875756835937 0.0
3671.2	1.41232910156 0.0
3671.3	1.31967773437 0.0
3671.5	0.667895507812 0.0
3672.0	1.43569335937 0.0
3672.4	1.22702636719 0.0
3672.4	1.33901367187 0.0
3672.5	1.61857910156 0.0
3672.6	2.05686035156 0.0
3673.2	1.58071289062 0.0
3673.3	1.03205566406 0.0
3673.3	1.47839355469 0.0
3673.6	0.8314453125 0.0
3674.2	0.630834960937 0.0
3674.4	0.771826171875 0.0
3674.5	0.77021484375 0.0
3675.6	1.19479980469 0.0
3675.6	0.93779296875 0.0
3675.7	1.26730957031 0.0
3675.7	1.26005859375 0.0
3676.0	1.68303222656 0.0
3676.1	1.50739746094 0.0
3676.2	1.41071777344 0.0
3676.2	1.20205078125 0.0
3676.5	1.63549804688 0.0
3676.7	1.68303222656 0.0
3676.8	0.874145507812 0.0
3676.8	0.6703125 0.0
3676.9	2.18737792969 0.0
3677.0	1.03930664062 0.0
3677.4	1.02641601562 0.0
3677.4	1.89089355469 0.0
3677.5	0.95712890625 0.0
3677.7	1.99965820312 0.0
3677.8	0.92490234375 0.0
3678.3	2.27438964844 0.0
3678.5	1.78051757812 0.0
3679.0	1.19077148437 0.0
3679.3	1.05703125 0.0
3679.4	1.13840332031 0.0
3679.5	1.40668945312 0.0
3679.6	2.01254882812 0.0
3680.5	0.909594726562 0.0
3681.5	2.29533691406 0.0
3681.8	1.0763671875 0.0
3682.3	1.08039550781 0.0
3683.3	1.0634765625 0.0
3683.5	1.02319335938 0.0
3683.5	1.24958496094 0.0
3683.5	2.29614257812 0.0
3684.0	0.867700195312 0.0
3684.1	1.73540039062 0.0
3684.3	1.39943847656 0.0
3684.3	2.30500488281 0.0
3684.9	1.28503417969 0.0
3685.0	1.46630859375 0.0
3685.1	1.44294433594 0.0
3685.3	1.12390136719 0.0
3685.6	2.30258789062 0.0
3686.1	1.21494140625 0.0
3686.5	2.05847167969 0.0
3686.5	0.953100585937 0.0
3686.6	0.920068359375 0.0
3686.6	0.872534179687 0.0
3686.6	0.721069335938 0.0
3687.0	0.97646484375 0.0
3687.1	1.01030273437 0.0
3687.2	1.16579589844 0.0
3687.3	1.79663085938 0.0
3687.4	1.70397949219 0.0
3687.4	1.2181640625 0.0
3687.8	0.8958984375 0.0
3687.9	1.38493652344 0.0
3688.2	1.59360351562 0.0
3688.3	1.02319335938 0.0
3688.8	1.60568847656 0.0
3688.8	1.31484375 0.0
3689.2	1.29711914062 0.0
3689.4	1.12470703125 0.0
3690.6	1.00788574219 0.0
3691.5	1.73137207031 0.0
3691.5	0.872534179687 0.0
3691.8	1.869140625 0.0
3692.1	1.04172363281 0.0
3692.5	1.29873046875 0.0
3692.5	2.28083496094 0.0
3692.6	1.1408203125 0.0
3692.7	0.825 0.0
3692.7	2.3009765625 0.0
3693.0	0.678369140625 0.0
3693.1	1.15048828125 0.0
3693.3	1.10617675781 0.0
3694.0	2.28889160156 0.0
3694.1	1.0505859375 0.0
3694.4	1.77004394531 0.0
3694.9	1.01997070313 0.0
3694.9	0.965991210937 0.0
3694.9	1.2439453125 0.0
3694.9	1.18996582031 0.0
3695.5	1.15854492187 0.0
3695.5	0.930541992188 0.0
3696.0	0.928125 0.0
3696.0	2.01979980469 0.0
3696.3	0.797607421875 0.0
3696.6	1.80227050781 0.0
3696.7	0.832250976562 0.0
3697.0	0.978076171875 0.0
3697.3	1.56782226562 0.0
3697.4	1.47436523438 0.0
3697.5	2.30258789062 0.0
3697.8	1.15048828125 0.0
3698.1	1.13920898437 0.0
3698.2	1.714453125 0.0
3698.5	1.83771972656 0.0
3699.3	2.28889160156 0.0
3699.4	1.42119140625 0.0
3699.5	1.27456054687 0.0
3699.7	0.765380859375 0.0
3699.8	1.18996582031 0.0
3700.0	1.77729492187 0.0
3700.1	1.05541992188 0.0
3700.5	0.938598632812 0.0
3700.7	1.33256835937 0.0
3700.9	0.958740234375 0.0
3700.9	0.966796875 0.0
3701.0	0.657421875 0.0
3701.1	1.0119140625 0.0
3701.2	1.13195800781 0.0
3701.3	1.06589355469 0.0
3701.3	1.23024902344 0.0
3701.5	1.71606445312 0.0
3701.5	1.11584472656 0.0
3701.6	1.50739746094 0.0
3702.0	0.733154296875 0.0
3702.1	0.878979492187 0.0
3702.2	1.61293945312 0.0
3702.3	0.927319335937 0.0
3702.4	1.90378417969 0.0
3702.4	0.951489257812 0.0
3702.7	1.84497070312 0.0
3702.8	2.28969726563 0.0
3703.0	1.22702636719 0.0
3703.1	1.134375 0.0
3703.3	1.86591796875 0.0
3703.4	2.11970214844 0.0
3704.0	1.16740722656 0.0
3704.0	1.7853515625 0.0
3704.9	1.6693359375 0.0
3705.0	0.760546875 0.0
3705.0	1.998046875 0.0
3705.4	0.922485351562 0.0
3705.6	1.29228515625 0.0
3705.7	1.43408203125 0.0
3705.8	1.10295410156 0.0
3705.9	2.24699707031 0.0
3705.9	1.33579101562 0.0
3705.9	2.28647460937 0.0
3705.9	2.281640625 0.0
3706.1	1.32934570312 0.0
3706.8	2.29211425781 0.0
3706.8	2.29050292969 0.0
3707.1	1.01594238281 0.0
3707.8	1.3341796875 0.0
3707.9	1.27778320312 0.0
3707.9	1.05541992188 0.0
3708.4	1.40346679687 0.0
3709.2	0.67353515625 0.0
3709.3	0.870922851562 0.0
3709.4	0.89267578125 0.0
3709.4	1.21333007813 0.0
3709.6	1.08764648438 0.0
3709.7	0.990161132812 0.0
3709.8	1.29711914062 0.0
3709.8	0.85400390625 0.0
3710.0	1.05219726563 0.0
3710.1	0.866088867188 0.0
3710.2	0.871728515625 0.0
3710.5	0.835473632812 0.0
3711.4	1.10053710938 0.0
3711.5	2.28002929688 0.0
3711.6	1.340625 0.0
3712.1	1.03447265625 0.0
3712.2	1.68706054687 0.0
3712.5	1.04655761719 0.0
3712.6	1.78051757812 0.0
3712.9	1.0505859375 0.0
3713.3	0.775048828125 0.0
3713.3	1.00385742188 0.0
3713.6	1.32934570312 0.0
3713.7	1.36801757812 0.0
3713.7	0.8765625 0.0
3714.0	2.00690917969 0.0
3714.8	1.0119140625 0.0
3715.0	1.39379882812 0.0
3716.0	1.37687988281 0.0
3716.0	0.974853515625 0.0
3716.1	2.23410644531 0.0
3716.6	0.954711914062 0.0
3716.7	1.22219238281 0.0
3716.7	0.952294921875 0.0
3716.8	2.27680664062 0.0
3716.8	1.76359863281 0.0
3716.9	1.959375 0.0
3717.0	0.867700195312 0.0
3717.6	1.998046875 0.0
3717.7	1.90620117187 0.0
3717.8	1.26408691406 0.0
3718.2	1.26328125 0.0
3718.6	1.09812011719 0.0
3718.7	0.924096679687 0.0
3718.8	0.58330078125 0.0
3719.4	0.957934570312 0.0
3719.7	1.17143554687 0.0
3719.9	1.10859375 0.0
3720.0	0.833056640625 0.0
3720.0	0.832250976562 0.0
3720.1	1.069921875 0.0
3720.2	0.98935546875 0.0
3720.3	1.17868652344 0.0
3720.5	1.06025390625 0.0
3720.5	2.29050292969 0.0
3721.1	1.26650390625 0.0
3722.0	1.63952636719 0.0
3722.0	0.87978515625 0.0
3723.2	2.29936523437 0.0
3723.2	2.29614257812 0.0
3723.5	1.61696777344 0.0
3723.6	2.28969726563 0.0
3723.7	2.28486328125 0.0
3724.7	1.84174804687 0.0
3725.0	1.147265625 0.0
3725.1	1.34626464844 0.0
3725.4	1.55170898437 0.0
3725.7	0.980493164062 0.0
3726.0	1.03447265625 0.0
3726.3	0.77021484375 0.0
3726.6	1.17465820312 0.0
3726.7	1.23427734375 0.0
3726.7	1.07153320312 0.0
3727.4	0.840307617187 0.0
3727.5	1.36560058594 0.0
3728.1	0.971630859375 0.0
3728.6	2.29372558594 0.0
3728.6	1.06428222656 0.0
3728.7	1.01030273437 0.0
3728.7	0.761352539062 0.0
3728.8	1.15129394531 0.0
3728.8	2.29453125 0.0
3730.3	1.26730957031 0.0
3730.5	2.29291992187 0.0
3730.5	1.10456542969 0.0
3730.6	0.891870117187 0.0
3730.7	1.25119628906 0.0
3731.0	0.932958984375 0.0
3731.2	2.29775390625 0.0
3731.3	1.71042480469 0.0
3731.4	1.03608398438 0.0
3731.4	1.30034179687 0.0
3731.6	1.18110351563 0.0
3731.8	1.10778808594 0.0
3731.9	1.27858886719 0.0
3732.0	1.87719726562 0.0
3732.1	2.29614257812 0.0
3732.3	0.89912109375 0.0
3732.7	1.65886230469 0.0
3732.7	0.833056640625 0.0
3732.9	0.89912109375 0.0
3733.1	2.18415527344 0.0
3733.5	1.08200683594 0.0
3733.7	1.40185546875 0.0
3733.8	0.849169921875 0.0
3734.3	1.42763671875 0.0
3734.4	0.819360351562 0.0
3734.7	2.29372558594 0.0
3735.1	1.5275390625 0.0
3735.2	0.82177734375 0.0
3735.5	1.96904296875 0.0
3735.6	0.862866210937 0.0
3735.6	0.961962890625 0.0
3735.7	1.12873535156 0.0
3735.9	1.18190917969 0.0
3736.3	1.41796875 0.0
3736.4	1.41716308594 0.0
3736.6	1.90378417969 0.0
3736.8	1.36640625 0.0
3737.1	1.21494140625 0.0
3737.1	1.2890625 0.0
3737.2	0.943432617187 0.0
3737.2	1.04978027344 0.0
3737.5	2.30178222656 0.0
3737.6	0.90556640625 0.0
3737.6	1.08200683594 0.0
3737.7	1.53962402344 0.0
3738.2	0.965185546875 0.0
3739.0	1.10859375 0.0
3739.0	0.920068359375 0.0
3739.0	0.966796875 0.0
3739.5	1.03366699219 0.0
3739.8	1.12229003906 0.0
3740.0	1.23347167969 0.0
3740.5	0.651782226562 0.0
3740.5	2.28405761719 0.0
3740.6	1.49692382812 0.0
3740.7	1.93601074219 0.0
3741.1	1.0505859375 0.0
3741.2	1.21896972656 0.0
3741.4	2.11809082031 0.0
3741.4	1.740234375 0.0
3741.7	0.978076171875 0.0
3741.7	2.28889160156 0.0
3741.9	1.15693359375 0.0
3742.0	2.29050292969 0.0
3742.0	1.3599609375 0.0
3742.4	0.992578125 0.0
3742.8	2.28889160156 0.0
3742.9	1.97387695312 0.0
3743.2	1.15854492187 0.0
3743.3	1.18996582031 0.0
3743.4	1.13840332031 0.0
3743.5	1.10859375 0.0
3743.6	1.04655761719 0.0
3743.9	1.79663085938 0.0
3744.1	1.31403808594 0.0
3744.3	2.27841796875 0.0
3744.5	0.9087890625 0.0
3744.5	1.48806152344 0.0
3744.7	1.53479003906 0.0
3744.8	2.29372558594 0.0
3744.9	2.11083984375 0.0
3745.0	0.975659179687 0.0
3745.1	2.27680664062 0.0
3745.4	1.01997070313 0.0
3745.5	0.798413085937 0.0
3745.5	1.16982421875 0.0
3745.6	0.982104492187 0.0
3746.6	1.02238769531 0.0
3746.9	0.57685546875 0.0
3747.0	1.32612304687 0.0
3747.2	1.27697753906 0.0
3747.4	1.15773925781 0.0
3747.5	1.1794921875 0.0
3747.6	0.820166015625 0.0
3747.8	1.04655761719 0.0
3748.1	1.147265625 0.0
3748.3	0.698510742187 0.0
3748.5	2.2880859375 0.0
3748.6	2.28405761719 0.0
3748.7	0.965185546875 0.0
3749.6	1.08120117187 0.0
3749.6	0.878979492187 0.0
3750.0	0.9087890625 0.0
3750.9	1.17626953125 0.0
3751.6	1.61455078125 0.0
3752.0	1.01513671875 0.0
3752.0	1.0634765625 0.0
3752.1	1.198828125 0.0
3752.3	1.69833984375 0.0
3752.8	1.12470703125 0.0
3753.2	0.833056640625 0.0
3753.2	1.20607910156 0.0
3753.4	1.01594238281 0.0
3753.4	2.01335449219 0.0
3753.4	1.67255859375 0.0
3753.6	1.23427734375 0.0
3753.9	2.28325195312 0.0
3753.9	1.70317382812 0.0
3753.9	1.48483886719 0.0
3754.0	2.28728027344 0.0
3754.2	0.972436523437 0.0
3754.3	2.29694824219 0.0
3754.3	1.03286132812 0.0
3754.7	1.4888671875 0.0
3754.8	0.78310546875 0.0
3754.8	0.95712890625 0.0
3755.0	0.845947265625 0.0
3755.0	1.16982421875 0.0
3755.5	1.18996582031 0.0
3756.0	1.01352539062 0.0
3756.2	1.33981933594 0.0
3756.3	0.783911132812 0.0
3756.5	0.559130859375 0.0
3756.6	0.959545898437 0.0
3757.0	1.14484863281 0.0
3757.2	0.912817382812 0.0
3757.3	1.0828125 0.0
3757.6	1.73942871094 0.0
3757.6	1.90378417969 0.0
3757.7	1.0828125 0.0
3757.8	1.20688476562 0.0
3757.9	0.756518554687 0.0
3757.9	0.830639648437 0.0
3758.0	1.018359375 0.0
3758.1	1.01513671875 0.0
3758.2	2.29614257812 0.0
3758.2	1.89089355469 0.0
3758.4	1.30356445312 0.0
3758.4	2.28244628906 0.0
3758.5	0.928930664062 0.0
3758.6	1.50417480469 0.0
3759.5	1.73459472656 0.0
3759.5	1.16096191406 0.0
3759.5	1.37526855469 0.0
3759.6	1.06669921875 0.0
3759.6	0.590551757813 0.0
3760.3	1.07233886719 0.0
3760.3	1.89331054688 0.0
3760.3	1.09892578125 0.0
3760.6	1.044140625 0.0
3761.0	1.41313476562 0.0
3761.0	1.39621582031 0.0
3761.7	2.28083496094 0.0
3761.7	0.685620117187 0.0
3762.1	1.47194824219 0.0
3762.2	1.27375488281 0.0
3762.4	1.30114746094 0.0
3763.3	0.94423828125 0.0
3763.8	1.13759765625 0.0
3764.0	1.28181152344 0.0
3764.2	0.837890625 0.0
3764.6	0.9796875 0.0
3765.1	1.80307617187 0.0
3765.6	2.27680664062 0.0
3765.7	2.28566894531 0.0
3765.9	1.34465332031 0.0
3766.0	1.64274902344 0.0
3766.0	1.18916015625 0.0
3766.2	1.14323730469 0.0
3766.6	1.15451660156 0.0
3766.9	1.67980957031 0.0
3767.0	0.825 0.0
3767.4	1.12470703125 0.0
3767.4	2.28083496094 0.0
3767.5	1.47919921875 0.0
3767.5	2.26875 0.0
3768.0	2.28566894531 0.0
3768.0	1.27214355469 0.0
3769.0	1.02641601562 0.0
3769.3	1.91989746094 0.0
3769.7	1.86591796875 0.0
3769.7	2.28083496094 0.0
3769.8	1.018359375 0.0
3770.1	1.79985351562 0.0
3770.6	0.941015625 0.0
3770.7	0.901538085937 0.0
3770.8	1.22622070312 0.0
3771.2	0.9732421875 0.0
3771.2	1.35270996094 0.0
3771.3	0.949072265625 0.0
3771.4	0.988549804687 0.0
3771.8	0.74765625 0.0
3771.8	2.29130859375 0.0
3771.8	1.45422363281 0.0
3772.2	1.42280273437 0.0
3772.5	0.858837890625 0.0
3772.6	1.31081542969 0.0
3772.6	1.58796386719 0.0
3772.8	1.17385253906 0.0
3773.0	1.37124023437 0.0
3773.2	1.10375976562 0.0
3773.3	0.73154296875 0.0
3773.4	0.675952148437 0.0
3773.5	1.20446777344 0.0
3774.3	0.605859375 0.0
3774.4	1.24877929688 0.0
3774.4	0.869311523437 0.0
3774.6	1.15048828125 0.0
3774.6	1.22622070312 0.0
3774.8	1.1150390625 0.0
3774.9	1.06025390625 0.0
3775.4	1.03366699219 0.0
3775.5	0.86689453125 0.0
3775.5	2.12211914062 0.0
3775.6	2.27116699219 0.0
3775.7	0.64453125 0.0
3776.1	0.845947265625 0.0
3776.2	2.16723632812 0.0
3776.3	1.49853515625 0.0
3776.6	0.795190429687 0.0
3776.7	1.18754882812 0.0
3776.8	0.9796875 0.0
3776.9	2.27922363281 0.0
3777.0	1.18190917969 0.0
3777.1	0.77021484375 0.0
3777.3	1.2890625 0.0
3777.4	2.28405761719 0.0
3778.0	1.98354492187 0.0
3778.1	1.40346679687 0.0
3778.2	1.53720703125 0.0
3778.3	2.28244628906 0.0
3778.6	2.27438964844 0.0
3778.6	1.12470703125 0.0
3778.7	0.748461914062 0.0
3779.0	1.62985839844 0.0
3779.0	0.952294921875 0.0
3779.1	1.18029785156 0.0
3779.7	0.92490234375 0.0
3780.1	1.31484375 0.0
3780.1	1.62502441406 0.0
3780.2	1.25119628906 0.0
3780.2	0.64130859375 0.0
3780.6	1.96340332031 0.0
3781.2	1.03447265625 0.0
3781.5	0.980493164062 0.0
3782.2	1.97145996094 0.0
3782.3	0.903955078125 0.0
3782.3	0.68642578125 0.0
3782.3	0.95712890625 0.0
3782.7	1.80065917969 0.0
3782.8	1.13276367188 0.0
3782.9	2.28969726563 0.0
3783.2	1.5791015625 0.0
3783.3	0.871728515625 0.0
3783.5	1.92312011719 0.0
3783.5	1.10617675781 0.0
3783.8	2.2751953125 0.0
3784.2	0.916845703125 0.0
3784.2	1.28745117187 0.0
3785.1	1.02641601562 0.0
3785.2	1.15532226562 0.0
3785.6	0.883813476562 0.0
3786.9	1.0505859375 0.0
3787.0	1.72009277344 0.0
3787.0	1.00627441406 0.0
3787.3	2.28002929688 0.0
3787.5	1.14484863281 0.0
3787.6	0.846752929687 0.0
3787.6	1.09409179687 0.0
3787.7	0.646948242187 0.0
3787.7	1.24716796875 0.0
3788.4	0.640502929688 0.0
3788.4	2.12131347656 0.0
3788.6	1.044140625 0.0
3788.7	1.456640625 0.0
3789.3	0.693676757812 0.0
3789.3	1.87800292969 0.0
3789.3	0.735571289062 0.0
3789.9	1.91909179687 0.0
3790.1	1.04172363281 0.0
3791.2	0.936181640625 0.0
3791.7	1.12390136719 0.0
3792.0	1.39057617187 0.0
3792.3	1.51223144531 0.0
3792.5	1.2955078125 0.0
3792.7	1.32531738281 0.0
3792.9	0.693676757812 0.0
3793.0	1.11584472656 0.0
3793.1	1.13276367188 0.0
3793.6	0.875756835937 0.0
3794.2	1.60327148438 0.0
3795.4	2.27036132812 0.0
3795.8	1.46066894531 0.0
3796.1	1.65080566406 0.0
3796.2	1.1279296875 0.0
3796.4	0.836279296875 0.0
3796.4	1.20366210937 0.0
3796.5	0.64453125 0.0
3796.6	0.713012695312 0.0
3797.2	0.852392578125 0.0
3797.5	1.53962402344 0.0
3798.0	0.93779296875 0.0
3798.5	0.8701171875 0.0
3798.7	0.794384765625 0.0
3799.1	1.20607910156 0.0
3799.1	1.06831054688 0.0
3799.2	1.68947753906 0.0
3799.3	1.65322265625 0.0
3799.5	1.20205078125 0.0
3799.8	0.977270507812 0.0
3800.6	1.17143554687 0.0
3800.7	1.29147949219 0.0
3800.8	0.665478515625 0.0
3801.1	0.984521484375 0.0
3801.5	2.28405761719 0.0
3801.5	0.745239257812 0.0
3802.0	2.28405761719 0.0
3802.1	1.37124023437 0.0
3802.3	1.11181640625 0.0
3802.4	0.58974609375 0.0
3802.7	2.29855957031 0.0
3803.2	1.3857421875 0.0
3803.5	0.899926757812 0.0
3803.7	0.898315429688 0.0
3803.7	1.09409179687 0.0
3804.0	2.27761230469 0.0
3804.5	1.16821289062 0.0
3804.6	1.57587890625 0.0
3804.9	1.30034179687 0.0
3805.5	0.790356445312 0.0
3806.1	1.22541503906 0.0
3806.8	1.25119628906 0.0
3806.8	0.969213867187 0.0
3806.9	0.858837890625 0.0
3807.1	2.28566894531 0.0
3807.1	1.41796875 0.0
3807.1	1.27053222656 0.0
3807.4	1.32612304687 0.0
3807.9	0.874951171875 0.0
3808.0	1.75715332031 0.0
3808.1	0.980493164062 0.0
3808.7	1.28986816406 0.0
3808.7	0.621166992187 0.0
3808.8	0.949072265625 0.0
3809.0	1.18996582031 0.0
3809.0	0.858032226562 0.0
3809.0	1.02399902344 0.0
3809.4	2.0689453125 0.0
3809.6	1.86511230469 0.0
3809.7	1.25603027344 0.0
3809.7	1.456640625 0.0
3809.8	1.29470214844 0.0
3809.9	1.51142578125 0.0
3810.3	1.03527832031 0.0
3810.9	0.85078125 0.0
3811.2	1.93439941406 0.0
3811.2	2.28405761719 0.0
3811.4	1.81516113281 0.0
3811.5	2.29694824219 0.0
3811.8	0.666284179687 0.0
3812.1	2.0173828125 0.0
3812.5	2.28083496094 0.0
3812.7	0.9087890625 0.0
3813.1	1.73056640625 0.0
3813.5	1.51142578125 0.0
3813.7	1.62341308594 0.0
3814.0	0.8443359375 0.0
3814.1	1.68706054687 0.0
3814.3	2.281640625 0.0
3814.5	1.04091796875 0.0
3814.5	1.74426269531 0.0
3814.8	2.03591308594 0.0
3815.3	1.42683105469 0.0
3815.3	1.71203613281 0.0
3815.7	1.13276367188 0.0
3816.2	1.68464355469 0.0
3816.3	2.28647460937 0.0
3816.4	2.29855957031 0.0
3816.5	1.31000976562 0.0
3816.6	2.08586425781 0.0
3817.0	0.853198242187 0.0
3817.0	0.90234375 0.0
3817.1	1.18271484375 0.0
3817.4	0.863671875 0.0
3817.9	1.22299804687 0.0
3818.0	1.61857910156 0.0
3818.0	0.7927734375 0.0
3818.3	0.903149414062 0.0
3818.6	0.761352539062 0.0
3818.6	1.06589355469 0.0
3819.1	0.951489257812 0.0
3819.4	1.31484375 0.0
3819.4	2.29050292969 0.0
3819.6	1.20849609375 0.0
3819.8	1.2826171875 0.0
3819.9	1.22702636719 0.0
3820.0	1.24233398437 0.0
3820.1	2.27761230469 0.0
3820.2	0.7734375 0.0
3820.2	1.07153320312 0.0
3820.8	1.09731445312 0.0
3821.2	1.27778320312 0.0
3821.4	2.28002929688 0.0
3821.5	1.45744628906 0.0
3821.5	1.07878417969 0.0
3821.7	2.11325683594 0.0
3822.5	1.05622558594 0.0
3822.5	2.29694824219 0.0
3822.5	1.15532226562 0.0
3822.6	1.2826171875 0.0
3822.8	1.16821289062 0.0
3823.4	1.96743164062 0.0
3823.4	1.18513183594 0.0
3823.4	1.19479980469 0.0
3823.6	2.29372558594 0.0
3823.9	1.14001464844 0.0
3824.4	2.06813964844 0.0
3825.0	0.683203125 0.0
3825.1	0.819360351562 0.0
3825.4	1.06105957031 0.0
3825.7	1.069921875 0.0
3826.1	1.42038574219 0.0
3826.6	1.044140625 0.0
3826.7	1.65966796875 0.0
3827.3	1.21171875 0.0
3827.4	1.77407226562 0.0
3827.6	1.13356933594 0.0
3827.6	1.13920898437 0.0
3827.9	0.920874023437 0.0
3827.9	2.04719238281 0.0
3829.0	1.81354980469 0.0
3829.3	0.932958984375 0.0
3829.4	1.147265625 0.0
3829.6	2.02463378906 0.0
3829.7	1.66047363281 0.0
3829.8	1.00546875 0.0
3829.9	1.00144042969 0.0
3830.1	1.26247558594 0.0
3830.1	1.94809570312 0.0
3830.2	1.62502441406 0.0
3830.3	1.22863769531 0.0
3830.4	1.10778808594 0.0
3830.4	1.23427734375 0.0
3830.5	1.21171875 0.0
3831.1	1.61052246094 0.0
3831.2	1.10698242187 0.0
3831.4	1.35029296875 0.0
3831.4	1.44858398437 0.0
3832.1	1.64919433594 0.0
3832.3	0.65419921875 0.0
3832.3	1.31081542969 0.0
3832.6	2.281640625 0.0
3832.7	1.43811035156 0.0
3832.8	1.16982421875 0.0
3833.1	1.018359375 0.0
3833.5	1.24877929688 0.0
3833.6	1.06186523437 0.0
3833.8	0.816943359375 0.0
3833.8	2.07055664062 0.0
3833.8	1.83449707031 0.0
3833.9	0.787133789062 0.0
3834.0	2.28405761719 0.0
3834.5	0.724291992187 0.0
3834.6	1.00305175781 0.0
3834.6	1.08039550781 0.0
3834.9	1.15129394531 0.0
3835.4	1.46147460937 0.0
3836.3	0.961962890625 0.0
3836.4	1.03286132812 0.0
3836.4	1.0634765625 0.0
3837.2	1.21333007813 0.0
3837.4	0.922485351562 0.0
3838.4	0.978881835938 0.0
3838.6	1.35673828125 0.0
3838.7	1.25522460937 0.0
3838.8	1.06105957031 0.0
3839.3	0.98291015625 0.0
3839.4	2.28566894531 0.0
3839.7	2.29050292969 0.0
3839.8	0.61552734375 0.0
3839.9	1.00063476562 0.0
3840.1	1.78293457031 0.0
3840.4	2.28405761719 0.0
3840.5	1.95131835937 0.0
3840.7	1.50739746094 0.0
3841.2	2.28244628906 0.0
3841.4	2.29130859375 0.0
3841.6	0.852392578125 0.0
3841.6	0.804052734375 0.0
3841.6	1.276171875 0.0
3841.6	1.08120117187 0.0
3842.1	0.855615234375 0.0
3842.3	1.19399414062 0.0
3842.4	1.38332519531 0.0
3842.7	1.17062988281 0.0
3842.8	0.915234375 0.0
3843.3	0.867700195312 0.0
3843.7	2.28969726563 0.0
3844.3	1.25361328125 0.0
3844.4	2.28566894531 0.0
3844.5	2.1076171875 0.0
3844.6	2.29614257812 0.0
3844.7	1.45502929687 0.0
3844.8	1.42521972656 0.0
3845.5	1.09248046875 0.0
3845.6	1.29792480469 0.0
3846.2	1.18754882812 0.0
3846.4	1.31564941406 0.0
3846.5	1.18513183594 0.0
3846.7	1.44697265625 0.0
3847.0	0.545434570312 0.0
3864.3	0.717846679687 0.0
3871.7	1.19560546875 0.0
3873.0	0.890258789062 0.0
3915.4	0.0 0.0
3915.4	0.0 0.0
3915.4	0.0 0.0
3915.4	0.0 0.0
3915.4	0.0 0.0
3915.4	0.0 0.0
3915.4	0.0 0.0
3915.4	0.0 0.0
3915.4	0.0 0.0
3915.4	0.0 0.0
3915.4	0.0 0.0
3915.4	0.0 0.0
3915.4	0.0 0.0
3915.4	0.0024169921875 0.0
3915.4	0.0 0.0
3915.4	0.0 0.0
3915.4	0.0 0.0
3915.4	0.0 0.0
3915.4	0.0 0.0
3915.4	0.0 0.0
3915.4	0.0 0.0
3915.4	0.0 0.0
3915.4	0.0 0.0
3915.4	0.0 0.0
3915.4	0.0 0.0
3915.4	0.0 0.0
3915.4	0.0 0.0
3915.4	0.0 0.0
3915.4	0.0 0.0
3915.4	0.0 0.0
3915.4	0.0 0.0
3915.4	0.0 0.0
3915.4	0.0 0.0
3915.4	0.0 0.0
3915.4	0.0 0.0
3915.4	0.0 0.0
3915.4	0.0 0.0
3915.4	0.0 0.0
3915.4	0.0 0.0
3915.4	0.0 0.0
3915.4	0.0 0.0
3915.4	0.0 0.0
3915.4	0.0 0.0
4188.8	1.09409179687 0.0
4188.8	1.095703125 0.0
4188.8	1.09731445312 0.0
4188.8	1.09892578125 0.0
4188.8	1.1021484375 0.0
4188.8	1.09731445312 0.0
4188.8	1.09731445312 0.0
4188.8	1.09892578125 0.0
4188.8	1.09892578125 0.0
4188.8	1.09892578125 0.0
4188.8	1.09892578125 0.0
4188.8	1.09973144531 0.0
4188.8	1.09973144531 0.0
4188.8	1.09973144531 0.0
4188.8	1.09973144531 0.0
4188.8	1.09973144531 0.0
4188.8	1.10053710938 0.0
4188.8	1.1021484375 0.0
4188.8	1.09973144531 0.0
4188.8	1.09973144531 0.0
4188.8	1.10134277344 0.0
4188.8	1.09892578125 0.0
4188.8	1.10537109375 0.0
4188.8	1.09812011719 0.0
4188.8	1.09892578125 0.0
4188.8	1.09973144531 0.0
4188.8	1.10053710938 0.0
4188.8	1.10778808594 0.0
4188.8	1.09892578125 0.0
4188.8	1.09892578125 0.0
4188.8	1.09973144531 0.0
4188.8	1.10053710938 0.0
4188.8	1.10053710938 0.0
4188.8	1.09973144531 0.0
4188.8	1.10053710938 0.0
4188.8	0.550268554688 0.0
4188.8	1.10053710938 0.0
4188.8	1.10053710938 0.0
4188.8	1.10295410156 0.0
4188.8	1.1021484375 0.0
4188.8	1.09892578125 0.0
4188.8	1.09892578125 0.0
4188.8	1.09973144531 0.0
4188.8	1.09973144531 0.0
4188.8	1.10053710938 0.0
4188.8	1.10053710938 0.0
4188.8	1.10053710938 0.0
4188.8	1.10053710938 0.0
4188.8	1.09973144531 0.0
4188.8	1.10053710938 0.0
4188.8	1.10134277344 0.0
4188.8	1.10053710938 0.0
4188.8	1.09973144531 0.0
4188.8	1.09973144531 0.0
4188.8	1.09973144531 0.0
4188.8	1.10053710938 0.0
4188.8	1.10053710938 0.0
4188.8	1.10053710938 0.0
4188.8	1.10134277344 0.0
4188.8	1.10053710938 0.0
4188.8	1.10053710938 0.0
4188.8	1.10053710938 0.0
4188.8	1.10617675781 0.0
4188.8	1.09973144531 0.0
4188.8	1.09892578125 0.0
4188.8	1.09973144531 0.0
4188.8	1.09973144531 0.0
4188.8	1.10134277344 0.0
4188.8	1.1021484375 0.0
4188.8	1.09892578125 0.0
4188.8	1.09973144531 0.0
4188.8	1.09973144531 0.0
4188.8	0.550268554688 0.0
4188.8	1.10053710938 0.0
4188.8	1.09973144531 0.0
4188.8	1.10053710938 0.0
4188.8	1.10053710938 0.0
4188.8	1.10053710938 0.0
4188.8	1.10053710938 0.0
4188.8	1.10053710938 0.0
4188.8	1.10053710938 0.0
4188.8	1.10456542969 0.0
4188.8	1.09892578125 0.0
4188.8	1.09892578125 0.0
4188.8	1.09973144531 0.0
4188.8	1.10053710938 0.0
4188.8	1.10053710938 0.0
4188.8	1.1021484375 0.0
4188.8	1.09892578125 0.0
4188.8	1.09973144531 0.0
4188.8	1.09973144531 0.0
4188.8	1.10053710938 0.0
4188.8	1.10053710938 0.0
4188.8	1.10053710938 0.0
4188.8	1.10053710938 0.0
4188.8	1.09973144531 0.0
4188.8	1.10053710938 0.0
4188.8	1.10053710938 0.0
4188.8	1.10053710938 0.0
4188.8	1.09973144531 0.0
4188.8	1.09973144531 0.0
4188.8	1.10053710938 0.0
4188.8	1.1021484375 0.0
4188.8	1.10617675781 0.0
4188.8	1.09812011719 0.0
4188.8	1.10295410156 0.0
4188.8	1.10617675781 0.0
4188.8	1.09650878906 0.0
4377.0	0.982104492187 0.0
4434.7	1.17788085937 0.0
4586.6	2.28969726563 0.0
4609.7	1.91345214844 0.0
4650.0	1.01352539062 0.0
4684.7	0.0 0.0
4684.7	0.0 0.0
4684.7	0.0 0.0
4684.7	0.0 0.0
4684.7	0.0 0.0
4684.7	0.0 0.0
4684.7	0.0 0.0
4684.7	0.0 0.0
4684.7	0.0 0.0
4684.7	0.0 0.0
4684.7	0.0 0.0
4684.7	0.0 0.0
4684.7	0.0 0.0
4684.7	0.0 0.0
4684.7	0.0 0.0
4684.7	0.0 0.0
4684.7	0.0 0.0
4684.7	0.0 0.0
4684.7	0.0 0.0
4684.7	0.0 0.0
4684.7	0.0 0.0
4684.7	0.0 0.0
4684.7	0.00322265625 0.0
4684.7	0.0 0.0
4684.7	0.0 0.0
4684.7	0.0 0.0
4684.7	0.0 0.0
4684.7	0.0008056640625 0.0
4684.7	0.0024169921875 0.0
4684.7	0.0 0.0
4684.7	0.0 0.0
4684.7	0.0 0.0
4684.7	0.0 0.0
4684.7	0.0 0.0
4684.7	0.0 0.0
4684.7	0.0 0.0
4684.7	0.0 0.0
4684.7	0.0 0.0
4684.7	0.0 0.0
4684.7	0.0 0.0
4684.7	0.0008056640625 0.0
4684.7	0.0 0.0
4684.7	0.0 0.0
4684.7	0.0 0.0
4684.7	0.0 0.0
4684.7	0.0 0.0
4684.7	0.0 0.0
4684.7	0.0 0.0
4684.7	0.0 0.0
4684.7	0.0 0.0
4684.7	0.0 0.0
4693.1	1.82241210937 0.0
4693.1	1.82563476562 0.0
4693.1	1.82885742188 0.0
4693.1	1.83369140625 0.0
4693.1	1.82805175781 0.0
4693.1	1.82966308594 0.0
4693.1	1.83127441406 0.0
4693.1	1.83208007812 0.0
4693.1	1.83208007812 0.0
4693.1	1.83208007812 0.0
4693.1	1.83208007812 0.0
4693.1	1.83288574219 0.0
4693.1	1.83288574219 0.0
4693.1	1.83288574219 0.0
4693.1	1.83288574219 0.0
4693.1	1.83369140625 0.0
4693.1	1.83369140625 0.0
4693.1	1.83288574219 0.0
4693.1	1.83369140625 0.0
4693.1	1.83530273437 0.0
4693.1	1.83046875 0.0
4693.1	1.83208007812 0.0
4693.1	1.83288574219 0.0
4693.1	1.83288574219 0.0
4693.1	1.83288574219 0.0
4693.1	1.83530273437 0.0
4693.1	1.83369140625 0.0
4693.1	1.83208007812 0.0
4693.1	1.83208007812 0.0
4693.1	1.83288574219 0.0
4693.1	1.83288574219 0.0
4693.1	1.83288574219 0.0
4693.1	1.83288574219 0.0
4693.1	1.83288574219 0.0
4693.1	1.83288574219 0.0
4693.1	1.83369140625 0.0
4693.1	1.83288574219 0.0
4693.1	1.83288574219 0.0
4693.1	1.83288574219 0.0
4693.1	1.83288574219 0.0
4693.1	1.83288574219 0.0
4693.1	1.83288574219 0.0
4693.1	1.83288574219 0.0
4693.1	1.83288574219 0.0
4693.1	1.83610839844 0.0
4693.1	1.83127441406 0.0
4693.1	1.83208007812 0.0
4693.1	1.83288574219 0.0
4693.1	1.83288574219 0.0
4693.1	1.83288574219 0.0
4693.1	1.83288574219 0.0
4693.1	1.83288574219 0.0
4693.1	1.83288574219 0.0
4693.1	1.83288574219 0.0
4713.6	1.58071289062 0.0
4904.7	0.0 0.0
4904.8	0.2384765625 0.0
5200.9	2.29130859375 0.0
5202.7	1.55170898437 0.0
5232.1	1.33659667969 0.0
5285.2	0.0 0.0
5285.2	0.0 0.0
5285.2	0.0 0.0
5285.2	0.0 0.0
5285.2	0.0 0.0
5285.2	0.0 0.0
5285.2	0.0 0.0
5285.2	0.0 0.0
5285.2	0.0 0.0
5285.2	0.0 0.0
5285.2	0.0 0.0
5285.2	0.0 0.0
5285.2	0.0 0.0
5285.2	0.0 0.0
5285.2	0.0 0.0
5285.2	0.0 0.0
5285.2	0.0 0.0
5285.2	0.0 0.0
5285.2	0.0 0.0
5285.2	0.0 0.0
5285.2	0.0 0.0
5285.2	0.0 0.0
5285.2	0.0 0.0
5285.2	0.0 0.0
5285.2	0.0 0.0
5285.2	0.0 0.0
5285.2	0.0 0.0
5285.2	0.0 0.0
5285.2	0.0 0.0
5285.2	0.0 0.0
5285.2	0.0 0.0
5285.2	0.0 0.0
5285.2	0.0 0.0
5285.2	0.0 0.0
5285.2	0.0 0.0
5285.2	0.0 0.0
5285.2	0.0 0.0
5285.2	0.0 0.0
5285.2	0.0 0.0
5285.2	0.0 0.0
5285.2	0.0 0.0
5285.2	0.0 0.0
5285.2	0.0 0.0
5285.2	0.0 0.0
5285.2	0.0 0.0
5285.2	0.0 0.0
5285.2	0.0 0.0
5383.0	1.24475097656 0.0
5383.0	1.24475097656 0.0
5383.0	1.24716796875 0.0
5383.0	1.24797363281 0.0
5383.0	1.24475097656 0.0
5383.0	1.24797363281 0.0
5383.0	1.250390625 0.0
5383.0	1.24958496094 0.0
5383.0	1.25119628906 0.0
5383.0	1.25200195312 0.0
5383.0	1.25119628906 0.0
5383.0	1.25200195312 0.0
5383.0	1.25280761719 0.0
5383.0	1.25200195312 0.0
5383.0	1.25280761719 0.0
5383.0	1.25280761719 0.0
5383.0	1.25200195312 0.0
5383.0	1.25280761719 0.0
5383.0	1.25441894531 0.0
5383.0	1.2568359375 0.0
5383.0	1.24958496094 0.0
5383.0	1.25119628906 0.0
5383.0	1.25119628906 0.0
5383.0	1.25280761719 0.0
5383.0	1.25280761719 0.0
5383.0	1.25200195312 0.0
5383.0	1.25280761719 0.0
5383.0	1.25280761719 0.0
5383.0	1.25603027344 0.0
5383.0	1.25200195312 0.0
5383.0	1.25200195312 0.0
5383.0	1.25844726562 0.0
5383.0	1.250390625 0.0
5383.0	1.25119628906 0.0
5383.0	1.25119628906 0.0
5383.0	1.25280761719 0.0
5383.0	1.25200195312 0.0
5383.0	1.25200195312 0.0
5383.0	1.25280761719 0.0
5383.0	1.25925292969 0.0
5383.0	1.26569824219 0.0
5383.0	1.24475097656 0.0
5383.0	1.24797363281 0.0
5383.0	1.250390625 0.0
5383.0	1.25280761719 0.0
5383.0	1.25200195312 0.0
5383.0	1.25200195312 0.0
5383.0	1.25280761719 0.0
5383.0	1.25280761719 0.0
5383.0	1.25200195312 0.0
5383.0	1.25361328125 0.0
5383.0	1.25280761719 0.0
5383.0	1.25200195312 0.0
5383.0	1.25522460937 0.0
5419.0	0.601831054687 0.0
5448.1	1.15612792969 0.0
5515.1	0.642919921875 0.0
5539.9	0.55107421875 0.0
5540.8	0.874145507812 0.0
5555.3	0.6767578125 0.0
5559.5	0.671923828125 0.0
5589.1	0.5994140625 0.0
5608.0	0.825 0.0
5608.3	0.439892578125 0.0
5619.0	0.314208984375 0.0
5623.7	0.21591796875 0.0
5624.6	0.253784179688 0.0
5626.4	0.18046875 0.0
5628.6	0.349658203125 0.0
5629.0	0.515625 0.0
5629.1	0.1546875 0.0
5631.6	0.226391601562 0.0
5632.3	0.156298828125 0.0
5633.7	0.311791992187 0.0
5635.1	0.53818359375 0.0
5635.7	0.195776367187 0.0
5637.2	0.128100585937 0.0
5637.8	0.252978515625 0.0
5640.0	0.172412109375 0.0
5640.0	0.240087890625 0.0
5645.0	0.514013671875 0.0
5645.3	0.4189453125 0.0
5645.5	2.30500488281 0.0
5646.5	0.7669921875 0.0
5647.6	2.29694824219 0.0
5651.9	0.261840820312 0.0
5654.2	0.182080078125 0.0
5655.7	0.372216796875 0.0
5657.6	0.582495117188 0.0
5657.8	0.207861328125 0.0
5658.2	0.114404296875 0.0
5661.9	0.385107421875 0.0
5665.3	0.201416015625 0.0
5667.5	0.22236328125 0.0
5667.6	0.1546875 0.0
5669.9	0.194165039062 0.0
5672.7	0.146630859375 0.0
5673.3	0.259423828125 0.0
5675.1	0.465673828125 0.0
5676.5	0.262646484375 0.0
5677.8	0.18046875 0.0
5678.0	0.2578125 0.0
5680.7	0.19013671875 0.0
5682.8	0.167578125 0.0
5683.2	0.333544921875 0.0
5684.0	0.359326171875 0.0
5684.4	0.252978515625 0.0
5686.0	0.20625 0.0
5686.3	0.15146484375 0.0
5688.0	0.3416015625 0.0
5690.6	0.734765625 0.0
5691.4	0.29326171875 0.0
5692.0	0.33515625 0.0
5695.1	0.402026367187 0.0
5697.9	0.272314453125 0.0
5699.1	0.17724609375 0.0
5700.7	0.2126953125 0.0
5701.8	0.175634765625 0.0
5702.6	0.290844726562 0.0
5702.8	0.269091796875 0.0
5702.9	0.4705078125 0.0
5703.1	0.507568359375 0.0
5703.4	0.619555664062 0.0
5706.5	0.296484375 0.0
5708.3	0.786328125 0.0
5708.7	0.3673828125 0.0
5710.6	0.294873046875 0.0
5711.8	0.258618164062 0.0
5714.2	0.220751953125 0.0
5714.5	0.4640625 0.0
5715.1	0.155493164062 0.0
5716.7	0.17724609375 0.0
5718.2	0.825 0.0
5719.5	0.336767578125 0.0
5719.5	0.401220703125 0.0
5720.4	0.19013671875 0.0
5721.2	0.37060546875 0.0
5721.2	0.285205078125 0.0
5721.3	0.296484375 0.0
5721.4	0.619555664062 0.0
5723.3	0.13212890625 0.0
5727.4	0.249755859375 0.0
5729.5	0.15791015625 0.0
5731.1	0.18046875 0.0
5731.1	0.296484375 0.0
5731.5	0.561547851562 0.0
5733.3	0.207861328125 0.0
5733.4	0.219140625 0.0
5735.0	0.194165039062 0.0
5736.1	1.41474609375 0.0
5737.1	0.1869140625 0.0
5737.4	0.239282226562 0.0
5737.7	0.233642578125 0.0
5738.7	0.14501953125 0.0
5739.7	0.22880859375 0.0
5741.0	1.59279785156 0.0
5741.4	0.23525390625 0.0
5742.4	0.311791992187 0.0
5742.7	0.845141601562 0.0
5743.5	0.387524414062 0.0
5744.4	0.361743164062 0.0
5745.9	1.41394042969 0.0
5747.5	0.616333007812 0.0
5748.0	0.0 0.0
5748.1	0.419750976562 0.0
5749.7	0.233642578125 0.0
5750.7	0.681591796875 0.0
5751.5	0.3802734375 0.0
5752.1	0.5091796875 0.0
5753.7	0.433447265625 0.0
5754.2	0.333544921875 0.0
5754.5	0.502734375 0.0
5755.7	2.28244628906 0.0
5756.7	0.274731445312 0.0
5757.7	0.246533203125 0.0
5759.4	0.0 0.0
5759.4	0.5220703125 0.0
5760.0	0.455200195312 0.0
5760.5	0.207861328125 0.0
5760.5	0.402026367187 0.0
5760.7	0.539794921875 0.0
5762.3	0.322265625 0.0
5763.1	0.451171875 0.0
5764.2	0.103930664062 0.0
5764.4	0.324682617187 0.0
5764.7	0.373828125 0.0
5765.0	0.9796875 0.0
5766.3	0.167578125 0.0
5767.7	0.237670898438 0.0
5767.7	0.7541015625 0.0
5768.2	0.703344726562 0.0
5768.3	0.91201171875 0.0
5768.4	0.476147460937 0.0
5769.9	0.44150390625 0.0
5770.0	2.29291992187 0.0
5770.0	1.11181640625 0.0
5770.7	1.18754882812 0.0
5772.4	1.84577636719 0.0
5774.1	0.118432617187 0.0
5774.6	0.534155273438 0.0
5774.9	0.15791015625 0.0
5775.0	0.881396484375 0.0
5775.0	0.580078125 0.0
5775.1	0.0 0.0
5775.6	0.891870117187 0.0
5775.7	1.33015136719 0.0
5776.4	2.23410644531 0.0
5776.7	1.15209960938 0.0
5777.4	0.0684814453125 0.0
5778.2	0.8056640625 0.0
5778.4	0.07734375 0.0
5778.7	0.760546875 0.0
5779.3	0.0088623046875 0.0
5779.8	1.0892578125 0.0
5780.1	0.310180664062 0.0
5781.6	0.1095703125 0.0
5781.7	0.0749267578125 0.0
5783.2	0.713012695312 0.0
5784.9	0.0 0.0
5785.2	0.113598632812 0.0
5785.7	2.00529785156 0.0
5786.3	0.5671875 0.0
5787.0	0.753295898438 0.0
5788.8	0.601831054687 0.0
5788.8	1.34304199219 0.0
5790.8	0.81533203125 0.0
5791.1	1.11181640625 0.0
5791.3	1.43166503906 0.0
5792.9	1.07475585937 0.0
5793.4	0.451171875 0.0
5794.5	0.517236328125 0.0
5796.3	1.62583007812 0.0
5798.0	0.6767578125 0.0
5798.5	0.58974609375 0.0
5799.5	1.173046875 0.0
5799.6	1.00305175781 0.0
5800.3	0.40283203125 0.0
5801.3	0.665478515625 0.0
5802.3	0.18369140625 0.0
5805.6	0.6251953125 0.0
5805.8	0.0 0.0
5806.5	0.494677734375 0.0
5808.1	0.388330078125 0.0
5809.2	0.898315429688 0.0
5809.2	0.0 0.0
5809.7	0.0 0.0
5810.8	0.855615234375 0.0
5811.5	0.95390625 0.0
5812.8	0.477758789062 0.0
5812.9	0.78310546875 0.0
5814.2	2.19704589844 0.0
5814.5	0.855615234375 0.0
5815.0	0.655810546875 0.0
5815.8	1.74506835937 0.0
5816.0	0.555908203125 0.0
5816.5	2.28728027344 0.0
285.3	1.2375 0.0
23.8	0.4125 3.14853515625
61.4	0.4125 3.14853515625
65.2	0.4125 3.15095214844
25.8	0.825 3.15095214844
10.1	1.44375 3.15095214844
59.2	1.65 3.15095214844
96.9	0.0 3.1517578125
8.6	2.8875 3.1517578125
3.2	0.61875 3.15256347656
123.9	1.2375 3.15256347656
283.0	1.65 3.15256347656
142.6	3.09375 3.15256347656
108.8	3.09375 3.15256347656
122.5	0.61875 3.15336914062
75.5	1.65 3.15336914062
161.2	0.61875 3.15417480469
38.5	2.0625 3.15417480469
0.6	2.475 3.15417480469
63.6	3.09375 3.15498046875
94.4	1.85625 3.15659179687
284.6	2.0625 3.15659179687
108.8	2.475 3.15659179687
181.2	2.475 3.15659179687
64.7	1.03125 3.15739746094
60.8	0.20625 3.158203125
80.0	0.61875 3.158203125
280.2	1.85625 3.158203125
20.8	2.0625 3.158203125
77.9	2.0625 3.15900878906
16.1	2.8875 3.15900878906
43.2	0.0 3.15981445312
285.8	0.0 3.15981445312
101.2	1.03125 3.15981445312
165.8	1.65 3.15981445312
32.1	1.2375 3.16062011719
7.7	1.44375 3.16062011719
131.8	1.65 3.16062011719
64.1	1.85625 3.16062011719
193.3	0.0 3.16142578125
0.0	2.26875 3.16142578125
68.0	2.0625 3.16223144531
284.6	1.65 3.16303710937
6.8	1.03125 3.16384277344
25.1	1.2375 3.16384277344
3.2	0.0 3.1646484375
56.2	0.4125 3.1646484375
118.5	1.03125 3.16545410156
79.4	1.85625 3.16545410156
52.1	0.0 3.16625976562
141.8	2.0625 3.16625976562
123.8	2.26875 3.16625976562
10.4	2.68125 3.16625976562
217.0	2.68125 3.16625976562
284.0	1.65 3.16706542969
81.2	0.0 3.16787109375
0.0	1.03125 3.16787109375
85.2	2.68125 3.16787109375
0.0	2.8875 3.16787109375
58.4	0.0 3.16867675781
20.0	0.20625 3.16867675781
285.4	1.65 3.16867675781
125.6	2.475 3.16867675781
135.5	2.8875 3.16867675781
6.9	2.8875 3.16867675781
0.0	3.09375 3.16948242187
4.6	0.20625 3.17028808594
165.6	3.09375 3.17028808594
75.4	0.0 3.17109375
44.9	1.44375 3.17109375
141.6	3.09375 3.17109375
7.2	2.8875 3.17189941406
10.4	3.09375 3.17189941406
93.9	0.825 3.17270507812
136.0	2.8875 3.17270507812
0.0	0.20625 3.17351074219
0.0	0.20625 3.17351074219
16.6	0.20625 3.17351074219
10.0	1.85625 3.17351074219
285.8	2.26875 3.17351074219
81.8	1.2375 3.17431640625
215.1	0.825 3.17512207031
122.6	1.65 3.17512207031
84.5	1.2375 3.17592773437
8.4	0.0 3.17673339844
0.0	0.20625 3.17673339844
65.0	1.2375 3.17673339844
0.0	1.85625 3.17673339844
8.3	1.85625 3.17673339844
35.9	1.85625 3.1775390625
179.1	2.68125 3.1775390625
192.2	1.65 3.17834472656
127.3	0.825 3.17995605469
105.6	1.44375 3.18076171875
8.9	2.68125 3.18076171875
110.0	2.68125 3.18076171875
80.9	0.4125 3.18156738281
61.9	0.4125 3.18156738281
105.3	2.68125 3.18156738281
6.4	0.20625 3.18237304688
17.0	1.2375 3.18237304688
28.9	1.85625 3.18237304688
130.2	2.475 3.18237304688
164.4	2.26875 3.18317871094
67.8	2.8875 3.18317871094
108.4	0.0 3.183984375
75.9	1.44375 3.183984375
100.0	2.26875 3.183984375
13.4	1.85625 3.18479003906
128.4	2.475 3.18479003906
54.0	0.825 3.18559570312
241.4	2.0625 3.18559570312
20.9	0.61875 3.18640136719
102.0	1.03125 3.18640136719
58.8	0.20625 3.18720703125
65.4	2.475 3.18720703125
13.5	0.61875 3.18801269531
83.0	1.03125 3.18801269531
16.1	1.44375 3.18801269531
27.2	2.475 3.18801269531
71.3	2.475 3.18801269531
284.5	3.09375 3.18801269531
60.2	1.44375 3.18881835937
54.2	0.825 3.18962402344
132.0	0.20625 3.1904296875
110.2	0.4125 3.1904296875
228.2	1.03125 3.19123535156
60.7	1.2375 3.19123535156
8.9	2.26875 3.19123535156
0.0	0.61875 3.19204101562
15.6	1.2375 3.19284667969
0.0	1.2375 3.19365234375
0.0	2.475 3.19365234375
0.0	2.475 3.19365234375
0.0	2.475 3.19365234375
0.0	2.475 3.19365234375
0.0	2.475 3.19365234375
0.0	2.475 3.19365234375
0.0	2.475 3.19365234375
0.0	2.475 3.19365234375
0.0	2.475 3.19365234375
0.0	2.475 3.19365234375
0.0	2.475 3.19365234375
0.0	2.475 3.19365234375
0.0	2.475 3.19365234375
0.0	2.475 3.19365234375
0.0	2.475 3.19365234375
0.0	2.475 3.19365234375
0.0	2.475 3.19365234375
0.0	2.475 3.19365234375
0.0	2.475 3.19365234375
0.8	2.475 3.19365234375
4.4	2.475 3.19365234375
0.0	2.475 3.19365234375
0.0	2.475 3.19365234375
0.0	2.475 3.19365234375
4.9	2.475 3.19365234375
3.0	2.475 3.19365234375
0.0	2.475 3.19365234375
0.0	2.475 3.19365234375
0.0	2.475 3.19365234375
0.0	2.475 3.19365234375
0.0	2.475 3.19365234375
0.0	2.475 3.19365234375
4.1	2.475 3.19365234375
3.5	2.475 3.19365234375
0.0	2.475 3.19365234375
0.0	2.475 3.19365234375
0.0	2.475 3.19365234375
0.0	2.475 3.19365234375
0.0	2.475 3.19365234375
0.0	2.475 3.19365234375
0.0	2.475 3.19365234375
196.7	2.475 3.19365234375
192.1	1.65 3.21379394531
192.5	1.65 3.21379394531
195.9	1.65 3.21379394531
192.5	1.65 3.21379394531
191.2	1.65 3.21379394531
192.2	1.65 3.21379394531
192.6	1.65 3.21379394531
196.4	1.65 3.21379394531
191.7	1.65 3.21379394531
192.1	1.65 3.21379394531
193.1	1.65 3.21379394531
192.8	1.65 3.21379394531
192.5	1.65 3.21379394531
192.8	1.65 3.21379394531
193.0	1.65 3.21379394531
192.8	1.65 3.21379394531
199.2	1.65 3.21379394531
190.6	1.65 3.21379394531
191.2	1.65 3.21379394531
191.8	1.65 3.21379394531
192.0	1.65 3.21379394531
192.4	1.65 3.21379394531
192.7	1.65 3.21379394531
194.6	1.65 3.21379394531
193.8	1.65 3.21379394531
191.5	1.65 3.21379394531
192.1	1.65 3.21379394531
192.6	1.65 3.21379394531
192.7	1.65 3.21379394531
192.8	1.65 3.21379394531
195.7	1.65 3.21379394531
193.3	1.65 3.21379394531
191.1	1.65 3.21379394531
192.1	1.65 3.21379394531
192.5	1.65 3.21379394531
192.6	1.65 3.21379394531
192.7	1.65 3.21379394531
195.7	1.65 3.21379394531
196.1	1.65 3.21379394531
190.3	1.65 3.21379394531
191.2	1.65 3.21379394531
192.1	1.65 3.21379394531
192.5	1.65 3.21379394531
197.4	1.65 3.21379394531
190.9	1.65 3.21379394531
196.8	1.65 3.21379394531
192.9	1.65 3.21379394531
191.2	1.65 3.21379394531
190.8	1.65 3.21379394531
191.7	1.65 3.21379394531
192.2	1.65 3.21379394531
192.5	1.65 3.21379394531
192.6	1.65 3.21379394531
192.6	1.65 3.21379394531
192.6	1.65 3.21379394531
197.1	1.65 3.21379394531
192.5	1.65 3.21379394531
190.8	1.65 3.21379394531
191.9	1.65 3.21379394531
192.2	1.65 3.21379394531
192.4	1.65 3.21379394531
192.5	1.65 3.21379394531
14.4	1.65 3.21379394531
107.1	3.09375 3.21379394531
136.2	0.0 3.21459960938
64.9	1.2375 3.21459960938
14.4	2.8875 3.21459960938
96.1	3.09375 3.21459960938
9.2	2.68125 3.21540527344
44.2	0.825 3.2162109375
42.4	3.09375 3.2162109375
8.7	2.475 3.21701660156
191.2	0.825 3.21782226562
137.0	0.0 3.21862792969
123.3	0.0 3.21862792969
71.3	1.85625 3.21943359375
196.6	2.26875 3.21943359375
71.0	3.09375 3.21943359375
56.0	2.0625 3.22023925781
30.4	2.26875 3.22023925781
7.0	0.825 3.22104492187
283.3	1.03125 3.22104492187
0.0	1.44375 3.22104492187
136.9	0.61875 3.22185058594
91.7	1.65 3.22185058594
12.0	2.26875 3.22185058594
0.0	2.68125 3.22185058594
74.1	0.61875 3.22265625
153.4	0.61875 3.22265625
76.8	1.03125 3.22265625
233.0	1.65 3.22265625
28.8	1.85625 3.22265625
120.0	2.26875 3.22265625
99.6	0.61875 3.22346191406
62.4	2.475 3.22346191406
8.9	0.825 3.22426757812
82.8	3.09375 3.22426757812
11.2	0.825 3.22507324219
131.5	2.68125 3.22507324219
130.3	0.0 3.22587890625
13.2	0.61875 3.22587890625
192.9	2.26875 3.22587890625
0.0	2.475 3.22668457031
87.6	3.09375 3.22749023437
203.0	2.26875 3.22829589844
21.4	2.8875 3.22829589844
10.8	1.44375 3.2291015625
99.9	0.0 3.23071289062
117.9	0.20625 3.23071289062
183.0	1.65 3.23151855469
100.9	1.85625 3.23151855469
101.7	2.26875 3.23151855469
0.0	2.475 3.23151855469
83.7	0.4125 3.23232421875
171.6	1.65 3.23232421875
0.0	0.61875 3.23312988281
0.0	1.44375 3.23312988281
284.1	2.26875 3.23312988281
82.5	2.8875 3.23312988281
117.0	3.09375 3.23312988281
11.6	1.44375 3.23393554687
119.4	1.85625 3.23393554687
83.6	2.26875 3.23393554687
37.4	0.61875 3.23474121094
285.1	0.825 3.23474121094
108.4	1.2375 3.23474121094
79.3	1.85625 3.23474121094
0.0	2.8875 3.23474121094
19.9	2.8875 3.23474121094
20.4	0.20625 3.235546875
14.2	1.44375 3.235546875
95.0	1.85625 3.235546875
