1942.9	0.113598632812 0.0
1943.0	1.00466308594 0.0
1943.0	0.877368164062 0.0
1943.0	0.80244140625 0.0
1943.0	0.623583984375 0.0
1943.1	0.562353515625 0.0
1943.1	0.152270507812 0.0
1943.1	1.57346191406 0.0
1943.1	0.825 0.0
1943.1	0.90556640625 0.0
1943.3	1.24072265625 0.0
1943.4	0.907983398437 0.0
1943.4	0.658227539062 0.0
1943.4	0.65419921875 0.0
1943.4	0.26103515625 0.0
1943.4	0.668701171875 0.0
1943.5	0.547045898437 0.0
1943.5	1.12309570312 0.0
1943.5	0.781494140625 0.0
1943.5	0.57041015625 0.0
1943.5	1.17788085937 0.0
1943.5	0.219140625 0.0
1943.6	2.13823242187 0.0
1943.6	0.8443359375 0.0
1943.6	0.812915039062 0.0
1943.6	0.899926757812 0.0
1943.6	0.932958984375 0.0
1943.7	0.477758789062 0.0
1943.7	1.20205078125 0.0
1943.8	0.6380859375 0.0
1943.9	0.278759765625 0.0
1943.9	0.542211914063 0.0
1944.0	0.449560546875 0.0
1944.0	0.631640625 0.0
1944.0	1.53801269531 0.0
1944.0	0.553491210937 0.0
1944.0	0.06767578125 0.0
1944.0	0.825 0.0
1944.1	0.492260742187 0.0
1944.1	0.521264648437 0.0
1944.1	0.835473632812 0.0
1944.1	1.16901855469 0.0
1944.2	0.0966796875 0.0
1944.2	0.526098632813 0.0
1944.2	0.326293945312 0.0
1944.3	0.5607421875 0.0
1944.3	0.637280273437 0.0
1944.3	1.06911621094 0.0
1944.3	0.124877929688 0.0
1944.4	1.13598632812 0.0
1944.4	0.28037109375 0.0
1944.4	0.659838867187 0.0
1944.5	0.968408203125 0.0
1944.5	0.075732421875 0.0
1944.5	0.51884765625 0.0
1944.5	0.8572265625 0.0
1944.6	0.5736328125 0.0
1944.6	0.436669921875 0.0
1944.6	1.63791503906 0.0
1944.6	0.453588867187 0.0
1944.6	0.445532226562 0.0
1944.6	0.240893554687 0.0
1944.7	0.550268554688 0.0
1944.7	2.11970214844 0.0
1944.7	0.485815429687 0.0
1944.8	1.43327636719 0.0
1944.8	0.265869140625 0.0
1944.8	0.456811523437 0.0
1944.8	0.981298828125 0.0
1944.9	0.54140625 0.0
1944.9	0.498706054687 0.0
1944.9	0.669506835937 0.0
1945.0	0.894287109375 0.0
1945.0	0.20302734375 0.0
1945.0	0.359326171875 0.0
1945.0	0.13212890625 0.0
1945.1	0.57685546875 0.0
1945.2	0.40927734375 0.0
1945.2	0.309375 0.0
1945.2	2.31064453125 0.0
1945.2	0.6703125 0.0
1945.2	0.399609375 0.0
1945.2	0.124072265625 0.0
1945.2	0.372216796875 0.0
1945.3	0.57685546875 0.0
1945.3	0.479370117188 0.0
1945.3	0.941821289062 0.0
1945.3	0.810498046875 0.0
1945.4	0.6509765625 0.0
1945.4	1.18029785156 0.0
1945.4	0.2578125 0.0
1945.5	0.913623046875 0.0
1945.5	0.5220703125 0.0
1945.5	0.309375 0.0
1945.5	0.945849609375 0.0
1945.5	0.622778320312 0.0
1945.5	0.845947265625 0.0
1945.7	0.520458984375 0.0
1945.8	0.3416015625 0.0
1945.8	0.11923828125 0.0
1945.9	0.63486328125 0.0
1945.9	0.4125 0.0
1945.9	0.569604492187 0.0
1945.9	1.41071777344 0.0
1945.9	0.391552734375 0.0
1945.9	0.67353515625 0.0
1945.9	1.27456054687 0.0
1946.0	0.435864257812 0.0
1946.0	1.06508789062 0.0
1946.0	0.532543945312 0.0
1946.0	0.613916015625 0.0
1946.1	0.193359375 0.0
1946.1	1.60568847656 0.0
1946.1	0.626806640625 0.0
1946.1	0.713012695312 0.0
1946.1	0.465673828125 0.0
1946.1	0.19658203125 0.0
1946.2	1.3599609375 0.0
1946.2	0.895092773437 0.0
1946.2	0.291650390625 0.0
1946.2	1.069921875 0.0
1946.2	0.528515625 0.0
1946.2	0.588940429687 0.0
1946.4	0.249755859375 0.0
1946.4	0.474536132812 0.0
1946.4	0.397998046875 0.0
1946.5	0.9732421875 0.0
1946.5	0.726708984375 0.0
1946.5	0.111987304687 0.0
1946.5	0.609887695312 0.0
1946.6	1.25280761719 0.0
1946.7	0.514013671875 0.0
1946.7	0.708984375 0.0
1946.8	0.601831054687 0.0
1946.9	0.133740234375 0.0
1946.9	0.543017578125 0.0
1946.9	0.619555664062 0.0
1947.0	0.382690429688 0.0
1947.0	1.00869140625 0.0
1947.0	0.64130859375 0.0
1947.0	0.296484375 0.0
1947.1	0.101513671875 0.0
1947.1	0.513208007812 0.0
1947.1	0.675146484375 0.0
1947.1	0.623583984375 0.0
1947.2	0.4318359375 0.0
1947.2	0.400415039062 0.0
1947.3	0.5671875 0.0
1947.4	1.09248046875 0.0
1947.4	0.638891601562 0.0
1947.4	0.088623046875 0.0
1947.4	1.62663574219 0.0
1947.4	0.657421875 0.0
1947.4	0.794384765625 0.0
1947.5	0.9732421875 0.0
1947.5	0.590551757813 0.0
1947.5	0.248950195312 0.0
1947.6	1.97468261719 0.0
1947.6	0.37705078125 0.0
1947.6	0.381884765625 0.0
1947.6	0.982104492187 0.0
1947.6	0.474536132812 0.0
1947.7	0.494677734375 0.0
1947.7	0.605859375 0.0
1947.8	0.114404296875 0.0
1947.8	2.31145019531 0.0
1947.8	2.30983886719 0.0
1947.9	0.61875 0.0
1948.0	0.54140625 0.0
1948.0	0.271508789062 0.0
1948.0	1.0376953125 0.0
1948.0	0.635668945312 0.0
1948.0	0.44794921875 0.0
1948.0	0.56396484375 0.0
1948.1	1.55815429687 0.0
1948.1	0.63486328125 0.0
1948.1	0.65419921875 0.0
1948.1	0.837890625 0.0
1948.2	0.48662109375 0.0
1948.2	0.419750976562 0.0
1948.3	0.4640625 0.0
1948.3	0.414111328125 0.0
1948.4	1.19399414062 0.0
1948.4	0.12568359375 0.0
1948.5	0.5607421875 0.0
1948.6	0.7283203125 0.0
1948.7	0.191748046875 0.0
1948.7	1.05864257812 0.0
1948.7	0.442309570312 0.0
1948.7	1.53559570312 0.0
1948.8	0.945043945312 0.0
1948.8	2.31306152344 0.0
1948.8	0.4447265625 0.0
1948.9	0.90234375 0.0
1948.9	0.319848632812 0.0
1948.9	0.6896484375 0.0
1949.0	0.916845703125 0.0
1949.0	0.269091796875 0.0
1949.0	0.49306640625 0.0
1949.1	1.01352539062 0.0
1949.2	2.15676269531 0.0
1949.2	0.622778320312 0.0
1949.2	0.436669921875 0.0
1949.3	1.08603515625 0.0
1949.3	0.4576171875 0.0
1949.3	0.780688476562 0.0
1949.3	0.543017578125 0.0
1949.4	0.646948242187 0.0
1949.4	0.990966796875 0.0
1949.4	1.5275390625 0.0
1949.5	1.3728515625 0.0
1949.5	1.21574707031 0.0
1949.6	0.710595703125 0.0
1949.6	0.323876953125 0.0
1949.7	0.361743164062 0.0
1949.7	0.7025390625 0.0
1949.7	1.00788574219 0.0
1949.7	0.48984375 0.0
1949.8	0.932958984375 0.0
1949.8	0.52529296875 0.0
1949.8	0.334350585938 0.0
1949.8	1.19399414062 0.0
1949.9	1.06508789062 0.0
1949.9	0.642114257812 0.0
1949.9	1.84013671875 0.0
1949.9	0.474536132812 0.0
1950.0	0.13212890625 0.0
1950.0	2.23088378906 0.0
1950.1	0.775048828125 0.0
1950.1	0.37060546875 0.0
1950.1	0.4962890625 0.0
1950.2	0.309375 0.0
1950.3	0.363354492187 0.0
1950.3	0.24169921875 0.0
1950.3	0.194165039062 0.0
1950.3	0.41572265625 0.0
1950.4	0.193359375 0.0
1950.4	0.634057617187 0.0
1950.4	0.0966796875 0.0
1950.4	0.710595703125 0.0
1950.5	0.515625 0.0
1950.5	0.9216796875 0.0
1950.5	0.54462890625 0.0
1950.5	1.24475097656 0.0
1950.5	1.2568359375 0.0
1950.5	0.292456054687 0.0
1950.5	0.270703125 0.0
1950.6	1.75231933594 0.0
1950.6	1.46066894531 0.0
1950.6	2.08586425781 0.0
1950.6	0.678369140625 0.0
1950.6	0.58974609375 0.0
1950.7	1.29873046875 0.0
1950.7	0.155493164062 0.0
1950.8	0.485009765625 0.0
1950.8	0.17724609375 0.0
1950.8	1.82160644531 0.0
1950.9	0.761352539062 0.0
1950.9	0.339990234375 0.0
1950.9	0.65419921875 0.0
1950.9	0.8314453125 0.0
1951.0	0.476953125 0.0
1951.0	0.534155273438 0.0
1951.0	0.38671875 0.0
1951.2	0.617138671875 0.0
1951.2	0.510791015625 0.0
1951.2	0.575244140625 0.0
1951.2	0.671923828125 0.0
1951.3	1.63469238281 0.0
1951.3	0.760546875 0.0
1951.3	0.232836914062 0.0
1951.4	0.103125 0.0
1951.4	0.0837890625 0.0
1951.4	0.447143554688 0.0
1951.5	1.21010742187 0.0
1951.5	1.3341796875 0.0
1951.6	1.14484863281 0.0
1951.6	1.03688964844 0.0
1951.6	0.881396484375 0.0
1951.7	2.1591796875 0.0
1951.7	0.835473632812 0.0
1951.8	0.752490234375 0.0
1951.8	0.416528320312 0.0
1951.8	0.6509765625 0.0
1951.8	0.68642578125 0.0
1951.8	0.64130859375 0.0
1951.8	0.4125 0.0
1951.9	0.73798828125 0.0
1951.9	0.394775390625 0.0
1951.9	0.771826171875 0.0
1951.9	2.33078613281 0.0
1952.0	0.639697265625 0.0
1952.1	0.6123046875 0.0
1952.1	1.09812011719 0.0
1952.1	0.5671875 0.0
1952.2	0.3544921875 0.0
1952.3	0.97646484375 0.0
1952.3	0.710595703125 0.0
1952.4	0.87978515625 0.0
1952.4	0.410888671875 0.0
1952.4	1.10375976562 0.0
1952.5	0.385107421875 0.0
1952.5	1.44938964844 0.0
1952.5	0.381079101562 0.0
1952.5	1.379296875 0.0
1952.5	2.07216796875 0.0
1952.6	0.6703125 0.0
1952.7	0.0829833984375 0.0
1952.8	0.791162109375 0.0
1952.8	0.323876953125 0.0
1952.8	0.556713867187 0.0
1952.8	0.94423828125 0.0
1952.8	0.688037109375 0.0
1952.9	0.336767578125 0.0
1952.9	0.484204101562 0.0
1952.9	0.091845703125 0.0
1952.9	0.528515625 0.0
1952.9	0.758129882812 0.0
1953.0	0.608276367188 0.0
1953.0	1.51223144531 0.0
1953.0	0.655810546875 0.0
1953.1	1.16499023438 0.0
1953.1	2.32998046875 0.0
1953.1	0.507568359375 0.0
1953.1	0.5994140625 0.0
1953.1	0.817749023438 0.0
1953.1	0.497900390625 0.0
1953.1	0.636474609375 0.0
1953.1	0.758935546875 0.0
1953.2	0.453588867187 0.0
1953.2	0.71220703125 0.0
1953.2	0.459228515625 0.0
1953.3	1.02641601562 0.0
1953.3	0.305346679688 0.0
1953.4	0.7412109375 0.0
1953.4	1.05944824219 0.0
1953.4	0.451171875 0.0
1953.4	0.375439453125 0.0
1953.4	1.39702148437 0.0
1953.4	0.561547851562 0.0
1953.5	0.141796875 0.0
1953.5	0.719458007812 0.0
1953.5	0.493872070312 0.0
1953.5	0.1546875 0.0
1953.5	1.09086914062 0.0
1953.6	1.63146972656 0.0
1953.6	2.16965332031 0.0
1953.6	2.31870117187 0.0
1953.7	1.06186523437 0.0
1953.7	1.93117675781 0.0
1953.7	2.01657714844 0.0
1953.7	0.451171875 0.0
1953.8	0.4447265625 0.0
1953.8	0.539794921875 0.0
1953.9	0.48662109375 0.0
1953.9	0.291650390625 0.0
1953.9	0.417333984375 0.0
1953.9	0.116015625 0.0
1953.9	0.375439453125 0.0
1953.9	0.78955078125 0.0
1954.0	0.942626953125 0.0
1954.0	0.675952148437 0.0
1954.0	1.13195800781 0.0
1954.0	0.518041992188 0.0
1954.1	0.472119140625 0.0
1954.1	1.09086914062 0.0
1954.2	0.631640625 0.0
1954.2	0.922485351562 0.0
1954.2	1.2439453125 0.0
1954.2	0.35771484375 0.0
1954.2	0.118432617187 0.0
1954.2	0.452783203125 0.0
1954.2	0.603442382812 0.0
1954.2	0.845947265625 0.0
1954.3	1.24072265625 0.0
1954.3	0.60908203125 0.0
1954.3	0.691259765625 0.0
1954.3	0.623583984375 0.0
1954.3	0.75087890625 0.0
1954.4	0.93134765625 0.0
1954.4	1.30114746094 0.0
1954.4	0.169189453125 0.0
1954.4	0.867700195312 0.0
1954.4	2.13259277344 0.0
1954.6	0.51884765625 0.0
1954.6	0.53818359375 0.0
1954.6	0.478564453125 0.0
1954.8	1.14887695313 0.0
1954.8	0.57685546875 0.0
1954.8	0.622778320312 0.0
1954.8	0.347241210937 0.0
1954.8	0.790356445312 0.0
1954.9	0.60263671875 0.0
1954.9	0.130517578125 0.0
1954.9	0.530126953125 0.0
1954.9	0.5671875 0.0
1954.9	0.889453125 0.0
1955.0	0.859643554687 0.0
1955.0	0.762963867187 0.0
1955.0	0.420556640625 0.0
1955.1	0.465673828125 0.0
1955.1	0.96357421875 0.0
1955.1	2.31870117187 0.0
1955.2	0.809692382812 0.0
1955.2	0.77021484375 0.0
1955.2	0.4962890625 0.0
1955.2	0.2255859375 0.0
1955.3	0.530126953125 0.0
1955.4	0.6638671875 0.0
1955.4	0.59296875 0.0
1955.4	0.158715820312 0.0
1955.4	0.997412109375 0.0
1955.5	0.410888671875 0.0
1955.5	0.634057617187 0.0
1955.5	0.204638671875 0.0
1955.5	0.674340820312 0.0
1955.5	0.219946289062 0.0
1955.6	0.588940429687 0.0
1955.6	0.6123046875 0.0
1955.7	0.584106445312 0.0
1955.7	0.464868164062 0.0
1955.9	1.10295410156 0.0
1955.9	1.01755371094 0.0
1956.0	0.385107421875 0.0
1956.0	1.04655761719 0.0
1956.0	0.518041992188 0.0
1956.0	0.5865234375 0.0
1956.0	0.197387695312 0.0
1956.1	0.732348632812 0.0
1956.1	0.648559570312 0.0
1956.2	0.849975585938 0.0
1956.3	0.384301757812 0.0
1956.4	0.671118164062 0.0
1956.4	0.61552734375 0.0
1956.4	0.484204101562 0.0
1956.4	0.749267578125 0.0
1956.4	0.281176757813 0.0
1956.4	0.48017578125 0.0
1956.5	1.01594238281 0.0
1956.5	0.427001953125 0.0
1956.5	0.219946289062 0.0
1956.6	2.32434082031 0.0
1956.6	0.79599609375 0.0
1956.6	0.390747070312 0.0
1956.6	0.760546875 0.0
1956.7	0.58330078125 0.0
1956.7	0.46083984375 0.0
1956.8	0.997412109375 0.0
1956.8	0.63486328125 0.0
1956.8	1.2375 0.0
1956.9	2.09150390625 0.0
1956.9	0.343212890625 0.0
1956.9	0.313403320312 0.0
1956.9	0.287622070312 0.0
1956.9	0.465673828125 0.0
1956.9	2.32434082031 0.0
1956.9	0.55107421875 0.0
1957.1	0.443115234375 0.0
1957.2	0.46083984375 0.0
1957.2	0.71865234375 0.0
1957.2	0.596997070312 0.0
1957.2	0.562353515625 0.0
1957.2	0.95390625 0.0
1957.2	0.278759765625 0.0
1957.3	0.229614257812 0.0
1957.4	0.472119140625 0.0
1957.4	0.1546875 0.0
1957.4	0.67998046875 0.0
1957.4	0.95390625 0.0
1957.5	1.27697753906 0.0
1957.5	2.08103027344 0.0
1957.5	0.80244140625 0.0
1957.6	0.891870117187 0.0
1957.6	0.245727539062 0.0
1957.6	0.472924804687 0.0
1957.6	0.762158203125 0.0
1957.7	1.5146484375 0.0
1957.7	1.12309570312 0.0
1957.7	0.924096679687 0.0
1957.7	0.184497070312 0.0
1957.8	1.73217773438 0.0
1957.9	1.34304199219 0.0
1957.9	1.21171875 0.0
1957.9	0.310180664062 0.0
1957.9	0.768603515625 0.0
1957.9	0.684814453125 0.0
1958.0	0.220751953125 0.0
1958.0	0.45439453125 0.0
1958.1	1.12309570312 0.0
1958.1	0.903149414062 0.0
1958.1	0.375439453125 0.0
1958.1	2.32434082031 0.0
1958.2	0.638891601562 0.0
1958.2	0.420556640625 0.0
1958.3	0.103125 0.0
1958.3	0.348046875 0.0
1958.3	1.32451171875 0.0
1958.4	0.375439453125 0.0
1958.4	0.59296875 0.0
1958.4	0.500317382812 0.0
1958.4	1.56137695312 0.0
1958.5	1.30678710937 0.0
1958.5	0.413305664062 0.0
1958.5	0.485009765625 0.0
1958.5	0.657421875 0.0
1958.6	0.7798828125 0.0
1958.6	0.207861328125 0.0
1958.6	0.60908203125 0.0
1958.6	0.5349609375 0.0
1958.7	0.262646484375 0.0
1958.7	0.34482421875 0.0
1958.7	0.708984375 0.0
1958.8	0.740405273437 0.0
1958.8	0.492260742187 0.0
1958.8	0.1546875 0.0
1958.8	0.92490234375 0.0
1958.8	0.59619140625 0.0
1958.8	0.520458984375 0.0
1958.9	0.778271484375 0.0
1958.9	1.48725585937 0.0
1958.9	0.771020507812 0.0
1958.9	1.21091308594 0.0
1959.1	0.450366210937 0.0
1959.1	0.554296875 0.0
1959.1	0.33837890625 0.0
1959.1	0.127294921875 0.0
1959.1	0.193359375 0.0
1959.2	0.523681640625 0.0
1959.2	0.182080078125 0.0
1959.2	0.399609375 0.0
1959.3	1.08603515625 0.0
1959.3	0.538989257812 0.0
1959.3	0.813720703125 0.0
1959.3	0.7734375 0.0
1959.4	0.863671875 0.0
1959.4	0.432641601562 0.0
1959.4	0.519653320312 0.0
1959.4	0.626806640625 0.0
1959.4	0.737182617188 0.0
1959.4	0.553491210937 0.0
1959.5	0.399609375 0.0
1959.5	0.866088867188 0.0
1959.6	0.355297851562 0.0
1959.6	0.607470703125 0.0
1959.7	1.59763183594 0.0
1959.7	1.31806640625 0.0
1959.7	0.791162109375 0.0
1959.7	0.825 0.0
1959.7	0.4962890625 0.0
1959.8	0.270703125 0.0
1959.8	1.98999023438 0.0
1959.8	0.6703125 0.0
1959.8	0.555908203125 0.0
1959.8	0.590551757813 0.0
1959.9	0.233642578125 0.0
1959.9	0.554296875 0.0
1959.9	0.414111328125 0.0
1959.9	0.59296875 0.0
1960.0	0.07734375 0.0
1960.0	0.691259765625 0.0
1960.0	0.642919921875 0.0
1960.0	0.794384765625 0.0
1960.1	1.07072753906 0.0
1960.1	0.707373046875 0.0
1960.1	1.1666015625 0.0
1960.1	0.49951171875 0.0
1960.1	0.95712890625 0.0
1960.1	0.883813476562 0.0
1960.2	0.3544921875 0.0
1960.2	0.915234375 0.0
1960.3	2.31708984375 0.0
1960.3	0.145825195312 0.0
1960.3	0.69287109375 0.0
1960.3	0.38349609375 0.0
1960.3	0.762158203125 0.0
1960.4	0.862866210937 0.0
1960.4	2.04880371094 0.0
1960.4	0.13212890625 0.0
1960.5	0.587329101562 0.0
1960.6	0.998217773437 0.0
1960.6	0.439892578125 0.0
1960.6	0.943432617187 0.0
1960.6	0.67998046875 0.0
1960.7	0.762963867187 0.0
1960.7	0.304541015625 0.0
1960.9	0.746850585937 0.0
1960.9	1.02319335938 0.0
1961.0	0.524487304687 0.0
1961.0	0.700927734375 0.0
1961.0	0.474536132812 0.0
1961.0	0.678369140625 0.0
1961.0	0.820971679687 0.0
1961.0	0.203833007812 0.0
1961.1	0.356103515625 0.0
1961.1	1.38090820312 0.0
1961.1	0.167578125 0.0
1961.2	1.2826171875 0.0
1961.2	0.807275390625 0.0
1961.2	0.681591796875 0.0
1961.2	2.01174316406 0.0
1961.2	0.414916992188 0.0
1961.3	0.983715820312 0.0
1961.3	0.2771484375 0.0
1961.3	0.56396484375 0.0
1961.3	0.465673828125 0.0
1961.4	1.51948242187 0.0
1961.4	0.309375 0.0
1961.4	0.256201171875 0.0
1961.4	0.62841796875 0.0
1961.4	0.568798828125 0.0
1961.4	1.04736328125 0.0
1961.5	1.11342773437 0.0
1961.5	0.416528320312 0.0
1961.5	1.90700683594 0.0
1961.5	0.564770507812 0.0
1961.5	0.845947265625 0.0
1961.6	0.8830078125 0.0
1961.6	2.24216308594 0.0
1961.7	0.34482421875 0.0
1961.7	0.362548828125 0.0
1961.7	0.336767578125 0.0
1961.8	0.594580078125 0.0
1961.8	0.502734375 0.0
1961.8	0.67353515625 0.0
1961.9	0.911206054687 0.0
1961.9	0.721875 0.0
1961.9	0.680786132812 0.0
1961.9	0.420556640625 0.0
1962.0	1.0634765625 0.0
1962.0	0.323876953125 0.0
1962.1	1.09892578125 0.0
1962.1	0.738793945312 0.0
1962.1	0.567993164062 0.0
1962.2	0.700927734375 0.0
1962.3	0.5349609375 0.0
1962.3	0.43505859375 0.0
1962.4	0.39638671875 0.0
1962.4	0.497094726562 0.0
1962.4	0.427001953125 0.0
1962.5	0.488232421875 0.0
1962.5	0.400415039062 0.0
1962.5	0.296484375 0.0
1962.6	0.922485351562 0.0
1962.7	0.89912109375 0.0
1962.8	0.146630859375 0.0
1962.8	0.688842773438 0.0
1962.8	0.399609375 0.0
1962.8	0.681591796875 0.0
1962.8	0.708984375 0.0
1962.8	0.309375 0.0
1962.8	0.5349609375 0.0
1962.8	0.389135742187 0.0
1962.9	0.178051757812 0.0
1962.9	0.414111328125 0.0
1963.0	0.333544921875 0.0
1963.0	0.91845703125 0.0
1963.0	0.39638671875 0.0
1963.0	0.751684570312 0.0
1963.0	0.390747070312 0.0
1963.2	0.801635742188 0.0
1963.2	0.657421875 0.0
1963.2	0.577661132812 0.0
1963.4	0.195776367187 0.0
1963.4	0.736376953125 0.0
1963.4	0.584912109375 0.0
1963.4	0.983715820312 0.0
1963.5	0.7283203125 0.0
1963.5	0.941015625 0.0
1963.5	1.27456054687 0.0
1963.6	1.24152832031 0.0
1963.6	0.755712890625 0.0
1963.6	1.27939453125 0.0
1963.6	0.364965820312 0.0
1963.6	0.975659179687 0.0
1963.7	0.8765625 0.0
1963.7	0.202221679687 0.0
1963.8	1.36237792969 0.0
1963.9	0.144213867187 0.0
1963.9	2.32434082031 0.0
1963.9	0.941015625 0.0
1964.0	0.587329101562 0.0
1964.0	0.752490234375 0.0
1964.0	0.73154296875 0.0
1964.0	0.623583984375 0.0
1964.1	0.701733398437 0.0
1964.1	0.43828125 0.0
1964.1	2.31547851562 0.0
1964.2	0.550268554688 0.0
1964.2	1.90942382812 0.0
1964.2	2.32756347656 0.0
1964.3	1.38735351562 0.0
1964.3	0.550268554688 0.0
1964.3	0.439086914062 0.0
1964.3	1.03366699219 0.0
1964.4	0.732348632812 0.0
1964.4	0.12568359375 0.0
1964.4	1.09086914062 0.0
1964.4	0.236865234375 0.0
1964.5	0.43505859375 0.0
1964.5	0.44794921875 0.0
1964.6	0.623583984375 0.0
1964.6	2.30581054688 0.0
1964.6	0.74443359375 0.0
1964.6	0.11923828125 0.0
1964.6	0.7283203125 0.0
1964.6	1.90620117187 0.0
1964.6	0.74443359375 0.0
1964.6	1.01674804687 0.0
1964.7	0.64130859375 0.0
1964.7	1.04736328125 0.0
1964.7	0.535766601562 0.0
1964.8	0.79921875 0.0
1964.8	0.159521484375 0.0
1964.8	0.748461914062 0.0
1964.8	1.95534667969 0.0
1964.8	0.43828125 0.0
1964.9	0.59619140625 0.0
1964.9	0.746044921875 0.0
1964.9	0.610693359375 0.0
1964.9	1.02802734375 0.0
1964.9	0.60908203125 0.0
1965.0	1.04736328125 0.0
1965.0	0.620361328125 0.0
1965.1	0.813720703125 0.0
1965.1	1.18996582031 0.0
1965.1	0.232836914062 0.0
1965.2	0.801635742188 0.0
1965.3	0.08056640625 0.0
1965.3	0.425390625 0.0
1965.3	0.524487304687 0.0
1965.3	0.178857421875 0.0
1965.4	1.07233886719 0.0
1965.4	0.609887695312 0.0
1965.5	0.7734375 0.0
1965.5	0.978076171875 0.0
1965.5	0.446337890625 0.0
1965.5	1.31887207031 0.0
1965.5	0.74765625 0.0
1965.5	0.07734375 0.0
1965.5	0.816943359375 0.0
1965.5	0.449560546875 0.0
1965.5	0.417333984375 0.0
1965.6	0.664672851562 0.0
1965.6	0.436669921875 0.0
1965.8	1.134375 0.0
1965.9	0.514013671875 0.0
1965.9	1.01674804687 0.0
1965.9	0.3416015625 0.0
1966.0	0.739599609375 0.0
1966.0	0.327099609375 0.0
1966.0	1.47436523438 0.0
1966.1	0.7412109375 0.0
1966.1	0.8185546875 0.0
1966.2	2.31467285156 0.0
1966.2	0.414916992188 0.0
1966.3	0.65419921875 0.0
1966.3	0.862060546875 0.0
1966.3	0.133740234375 0.0
1966.3	0.565576171875 0.0
1966.3	0.3673828125 0.0
1966.3	0.6638671875 0.0
1966.4	1.22702636719 0.0
1966.4	1.01030273437 0.0
1966.4	0.3287109375 0.0
1966.4	0.1611328125 0.0
1966.4	1.276171875 0.0
1966.5	0.580078125 0.0
1966.5	1.30598144531 0.0
1966.5	0.40927734375 0.0
1966.5	0.204638671875 0.0
1966.5	0.659033203125 0.0
1966.6	0.75732421875 0.0
1966.6	0.501123046875 0.0
1966.6	0.211083984375 0.0
1966.6	0.564770507812 0.0
1966.6	0.657421875 0.0
1966.6	0.64453125 0.0
1966.7	0.983715820312 0.0
1966.7	0.767797851562 0.0
1966.7	0.810498046875 0.0
1966.7	1.09086914062 0.0
1966.8	1.37204589844 0.0
1966.8	0.4318359375 0.0
1966.8	0.656616210938 0.0
1966.8	0.6767578125 0.0
1966.8	0.27392578125 0.0
1966.9	0.736376953125 0.0
1966.9	0.665478515625 0.0
1966.9	0.5478515625 0.0
1967.0	0.165966796875 0.0
1967.0	0.315014648437 0.0
1967.1	0.62197265625 0.0
1967.1	0.607470703125 0.0
1967.1	0.601831054687 0.0
1967.1	0.384301757812 0.0
1967.1	0.182080078125 0.0
1967.2	0.42216796875 0.0
1967.2	0.105541992187 0.0
1967.2	0.613110351562 0.0
1967.3	0.756518554687 0.0
1967.3	0.329516601562 0.0
1967.3	0.173217773438 0.0
1967.3	1.45744628906 0.0
1967.5	1.81677246094 0.0
1967.5	0.800830078125 0.0
1967.6	1.07797851562 0.0
1967.6	0.256201171875 0.0
1967.6	0.23203125 0.0
1967.6	0.10634765625 0.0
1967.7	0.765380859375 0.0
1967.7	0.71865234375 0.0
1967.7	0.245727539062 0.0
1967.8	0.959545898437 0.0
1967.8	0.70576171875 0.0
1967.8	1.53720703125 0.0
1967.8	1.40346679687 0.0
1967.8	0.796801757812 0.0
1967.9	2.31225585938 0.0
1967.9	0.06767578125 0.0
1968.0	0.529321289062 0.0
1968.1	0.783911132812 0.0
1968.1	0.95068359375 0.0
1968.1	0.32548828125 0.0
1968.1	0.43505859375 0.0
1968.2	0.7025390625 0.0
1968.2	0.48017578125 0.0
1968.2	0.124072265625 0.0
1968.2	0.352880859375 0.0
1968.2	1.16982421875 0.0
1968.2	0.419750976562 0.0
1968.3	0.36416015625 0.0
1968.3	0.39638671875 0.0
1968.3	0.464868164062 0.0
1968.3	0.4576171875 0.0
1968.4	0.762158203125 0.0
1968.4	0.646948242187 0.0
1968.4	0.590551757813 0.0
1968.4	0.140185546875 0.0
1968.5	0.240893554687 0.0
1968.5	0.523681640625 0.0
1968.5	0.373022460937 0.0
1968.5	2.31708984375 0.0
1968.6	0.323071289062 0.0
1968.6	1.03125 0.0
1968.7	0.771826171875 0.0
1968.7	0.4318359375 0.0
1968.8	0.61875 0.0
1968.9	0.738793945312 0.0
1968.9	1.23508300781 0.0
1968.9	1.65563964844 0.0
1968.9	0.80244140625 0.0
1969.0	0.648559570312 0.0
1969.0	2.32272949219 0.0
1969.0	0.474536132812 0.0
1969.0	0.42216796875 0.0
1969.0	0.349658203125 0.0
1969.0	0.440698242187 0.0
1969.0	0.746850585937 0.0
1969.0	1.07797851562 0.0
1969.1	1.01674804687 0.0
1969.1	0.642919921875 0.0
1969.1	0.623583984375 0.0
1969.2	0.461645507812 0.0
1969.2	0.45439453125 0.0
1969.2	1.73298339844 0.0
1969.2	0.161938476562 0.0
1969.2	0.361743164062 0.0
1969.3	0.489038085937 0.0
1969.3	0.425390625 0.0
1969.4	0.376245117187 0.0
1969.4	2.30983886719 0.0
1969.4	0.554296875 0.0
1969.4	0.427807617187 0.0
1969.4	0.414111328125 0.0
1969.4	1.47678222656 0.0
1969.5	0.216723632812 0.0
1969.5	0.8830078125 0.0
1969.6	0.7025390625 0.0
1969.6	2.31708984375 0.0
1969.6	0.915234375 0.0
1969.6	1.11665039063 0.0
1969.7	0.279565429687 0.0
1969.8	0.3802734375 0.0
1969.9	0.84111328125 0.0
1969.9	0.5091796875 0.0
1969.9	0.823388671875 0.0
1969.9	1.98918457031 0.0
1969.9	1.1859375 0.0
1970.0	0.67998046875 0.0
1970.0	0.652587890625 0.0
1970.0	0.17080078125 0.0
1970.0	0.678369140625 0.0
1970.0	0.0837890625 0.0
1970.1	0.27392578125 0.0
1970.1	0.657421875 0.0
1970.1	0.958740234375 0.0
1970.1	0.179663085937 0.0
1970.1	0.322265625 0.0
1970.2	0.569604492187 0.0
1970.2	0.607470703125 0.0
1970.2	0.623583984375 0.0
1970.3	0.460034179687 0.0
1970.3	0.9796875 0.0
1970.3	0.397998046875 0.0
1970.4	0.4962890625 0.0
1970.4	0.667895507812 0.0
1970.4	1.88686523437 0.0
1970.4	1.60246582031 0.0
1970.4	0.46728515625 0.0
1970.6	2.32595214844 0.0
1970.6	0.812109375 0.0
1970.7	1.65402832031 0.0
1970.7	0.37060546875 0.0
1970.8	0.5671875 0.0
1970.8	0.526904296875 0.0
1970.8	0.103125 0.0
1970.8	0.26103515625 0.0
1970.8	0.414111328125 0.0
1970.8	0.323876953125 0.0
1970.9	0.571215820312 0.0
1970.9	0.609887695312 0.0
1970.9	0.775854492187 0.0
1970.9	0.708178710937 0.0
1970.9	0.595385742187 0.0
1971.0	0.578466796875 0.0
1971.0	0.752490234375 0.0
1971.1	0.75087890625 0.0
1971.1	1.00224609375 0.0
1971.1	1.66853027344 0.0
1971.1	1.55654296875 0.0
1971.4	0.28359375 0.0
1971.4	0.6380859375 0.0
1971.4	0.86044921875 0.0
1971.5	1.80791015625 0.0
1971.5	1.2181640625 0.0
1971.6	0.494677734375 0.0
1971.6	0.657421875 0.0
1971.6	0.528515625 0.0
1971.6	0.684008789062 0.0
1971.7	0.791162109375 0.0
1971.7	1.29792480469 0.0
1971.7	0.633251953125 0.0
1971.7	0.9216796875 0.0
1971.8	1.51787109375 0.0
1971.8	1.36237792969 0.0
1971.9	0.591357421875 0.0
1971.9	0.419750976562 0.0
1971.9	2.31628417969 0.0
1971.9	1.09892578125 0.0
1972.0	1.11826171875 0.0
1972.0	0.614721679688 0.0
1972.0	0.485009765625 0.0
1972.0	1.33579101562 0.0
1972.1	0.801635742188 0.0
1972.1	0.762158203125 0.0
1972.2	0.812109375 0.0
1972.2	0.461645507812 0.0
1972.3	1.6951171875 0.0
1972.3	1.17626953125 0.0
1972.3	0.23203125 0.0
1972.3	0.12890625 0.0
1972.3	0.242504882812 0.0
1972.4	0.591357421875 0.0
1972.4	0.427001953125 0.0
1972.4	0.522875976562 0.0
1972.4	0.630029296875 0.0
1972.4	0.743627929687 0.0
1972.5	0.719458007812 0.0
1972.5	0.13857421875 0.0
1972.5	0.45439453125 0.0
1972.6	0.621166992187 0.0
1972.6	0.855615234375 0.0
1972.6	0.373828125 0.0
1972.7	0.15791015625 0.0
1972.7	1.07556152344 0.0
1972.7	0.0862060546875 0.0
1972.8	0.627612304687 0.0
1972.8	0.475341796875 0.0
1972.8	0.507568359375 0.0
1972.9	1.63952636719 0.0
1972.9	0.391552734375 0.0
1973.0	0.110375976562 0.0
1973.0	0.418139648437 0.0
1973.0	0.704150390625 0.0
1973.0	0.410888671875 0.0
1973.1	0.916845703125 0.0
1973.1	0.11923828125 0.0
1973.2	0.404443359375 0.0
1973.2	0.743627929687 0.0
1973.2	0.540600585937 0.0
1973.2	0.729931640625 0.0
1973.2	0.754907226562 0.0
1973.2	0.33837890625 0.0
1973.3	1.16901855469 0.0
1973.3	0.688037109375 0.0
1973.3	0.443920898437 0.0
1973.4	0.0781494140625 0.0
1973.4	0.131323242187 0.0
1973.4	0.562353515625 0.0
1973.5	1.405078125 0.0
1973.5	1.37043457031 0.0
1973.5	0.5865234375 0.0
1973.5	0.79599609375 0.0
1973.6	0.883813476562 0.0
1973.7	0.090234375 0.0
1973.7	0.779077148437 0.0
1973.7	0.581689453125 0.0
1973.7	0.682397460937 0.0
1973.7	0.133740234375 0.0
1973.7	0.127294921875 0.0
1973.7	0.13857421875 0.0
1973.8	0.617138671875 0.0
1973.9	0.269091796875 0.0
1973.9	0.20625 0.0
1973.9	0.661450195312 0.0
1973.9	0.279565429687 0.0
1974.0	0.50595703125 0.0
1974.1	1.50095214844 0.0
1974.1	0.517236328125 0.0
1974.1	0.4125 0.0
1974.1	1.02641601562 0.0
1974.1	0.269091796875 0.0
1974.1	0.733154296875 0.0
1974.1	0.49951171875 0.0
1974.2	0.714624023437 0.0
1974.2	0.4640625 0.0
1974.2	0.638891601562 0.0
1974.3	2.31950683594 0.0
1974.3	0.86689453125 0.0
1974.3	0.749267578125 0.0
1974.3	0.100708007812 0.0
1974.4	0.999829101562 0.0
1974.4	0.674340820312 0.0
1974.4	0.425390625 0.0
1974.4	0.630029296875 0.0
1974.4	1.18754882812 0.0
1974.5	0.236865234375 0.0
1974.6	0.4189453125 0.0
1974.6	1.02561035156 0.0
1974.7	0.559936523438 0.0
1974.7	1.43408203125 0.0
1974.7	0.59619140625 0.0
1974.7	0.60263671875 0.0
1974.7	0.522875976562 0.0
1974.7	0.738793945312 0.0
1974.8	0.442309570312 0.0
1974.8	0.378662109375 0.0
1974.8	0.97646484375 0.0
1975.0	0.890258789062 0.0
1975.0	1.19641113281 0.0
1975.0	0.28359375 0.0
1975.0	1.37607421875 0.0
1975.1	0.1740234375 0.0
1975.1	1.06428222656 0.0
1975.1	0.652587890625 0.0
1975.1	0.926513671875 0.0
1975.2	0.430224609375 0.0
1975.2	0.37705078125 0.0
1975.2	0.445532226562 0.0
1975.2	1.15532226562 0.0
1975.3	0.672729492188 0.0
1975.3	0.42861328125 0.0
1975.4	0.569604492187 0.0
1975.4	0.126489257813 0.0
1975.4	0.528515625 0.0
1975.5	0.5736328125 0.0
1975.5	0.838696289062 0.0
1975.5	0.134545898438 0.0
1975.6	0.60263671875 0.0
1975.6	0.631640625 0.0
1975.6	0.708984375 0.0
1975.6	0.768603515625 0.0
1975.6	0.322265625 0.0
1975.6	0.47373046875 0.0
1975.6	0.46728515625 0.0
1975.6	0.9861328125 0.0
1975.7	2.31547851562 0.0
1975.7	0.356103515625 0.0
1975.7	0.9796875 0.0
1975.8	0.207861328125 0.0
1975.8	1.14484863281 0.0
1975.8	0.604248046875 0.0
1975.9	0.245727539062 0.0
1975.9	0.575244140625 0.0
1975.9	0.33515625 0.0
1975.9	0.123266601562 0.0
1975.9	0.736376953125 0.0
1976.0	0.297290039063 0.0
1976.0	0.265063476563 0.0
1976.0	1.00788574219 0.0
1976.0	0.782299804687 0.0
1976.1	0.691259765625 0.0
1976.1	0.595385742187 0.0
1976.1	0.8314453125 0.0
1976.1	0.71865234375 0.0
1976.1	0.158715820312 0.0
1976.1	0.846752929687 0.0
1976.3	0.729125976562 0.0
1976.3	1.31645507812 0.0
1976.3	0.356909179687 0.0
1976.4	1.09328613281 0.0
1976.4	0.287622070312 0.0
1976.4	0.4447265625 0.0
1976.4	0.60908203125 0.0
1976.4	0.579272460937 0.0
1976.5	0.132934570312 0.0
1976.5	0.261840820312 0.0
1976.6	0.140185546875 0.0
1976.6	0.91845703125 0.0
1976.6	0.5349609375 0.0
1976.6	0.890258789062 0.0
1976.7	0.146630859375 0.0
1976.7	0.326293945312 0.0
1976.7	0.851586914062 0.0
1976.7	0.345629882812 0.0
1976.7	0.329516601562 0.0
1976.8	0.368188476562 0.0
1976.8	0.832250976562 0.0
1976.8	0.0708984375 0.0
1976.9	0.416528320312 0.0
1976.9	0.524487304687 0.0
1976.9	0.14501953125 0.0
1976.9	0.849169921875 0.0
1976.9	0.476953125 0.0
1976.9	0.721875 0.0
1977.0	1.67175292969 0.0
1977.0	0.713818359375 0.0
1977.0	0.990161132812 0.0
1977.1	0.4189453125 0.0
1977.1	0.532543945312 0.0
1977.1	0.682397460937 0.0
1977.2	0.98935546875 0.0
1977.2	0.630834960937 0.0
1977.2	0.111987304687 0.0
1977.2	0.80888671875 0.0
1977.3	0.08056640625 0.0
1977.3	0.353686523437 0.0
1977.3	0.613916015625 0.0
1977.4	0.420556640625 0.0
1977.4	0.40927734375 0.0
1977.5	1.25361328125 0.0
1977.5	0.309375 0.0
1977.5	0.48984375 0.0
1977.5	0.429418945312 0.0
1977.5	0.735571289062 0.0
1977.6	1.57185058594 0.0
1977.6	0.691259765625 0.0
1977.6	0.851586914062 0.0
1977.6	2.31789550781 0.0
1977.7	1.23266601562 0.0
1977.7	0.697705078125 0.0
1977.8	0.42861328125 0.0
1977.8	1.08200683594 0.0
1977.8	0.105541992187 0.0
1977.8	0.453588867187 0.0
1977.8	0.91845703125 0.0
1977.9	0.568798828125 0.0
1978.0	0.708178710937 0.0
1978.0	0.400415039062 0.0
1978.0	0.427807617187 0.0
1978.0	1.92150878906 0.0
1978.1	1.37124023437 0.0
1978.2	1.26569824219 0.0
1978.2	0.1353515625 0.0
1978.2	0.928125 0.0
1978.2	0.819360351562 0.0
1978.4	2.31547851562 0.0
1978.4	0.18046875 0.0
1978.5	1.42119140625 0.0
1978.5	0.836279296875 0.0
1978.6	0.51240234375 0.0
1978.6	0.5091796875 0.0
1978.7	1.11342773437 0.0
1978.8	0.883813476562 0.0
1978.9	0.8056640625 0.0
1979.0	1.40427246094 0.0
1979.1	0.326293945312 0.0
1979.1	0.72509765625 0.0
1979.1	0.346435546875 0.0
1979.2	0.675146484375 0.0
1979.2	0.93134765625 0.0
1979.2	1.17385253906 0.0
1979.2	0.463256835938 0.0
1979.2	1.05380859375 0.0
1979.3	0.874951171875 0.0
1979.3	1.11745605469 0.0
1979.4	1.38815917969 0.0
1979.4	0.49306640625 0.0
1979.4	0.5671875 0.0
1979.5	0.645336914062 0.0
1979.6	0.64775390625 0.0
1979.6	0.413305664062 0.0
1979.6	1.00869140625 0.0
1979.7	0.83466796875 0.0
1979.7	0.8958984375 0.0
1979.7	0.072509765625 0.0
1979.7	0.45439453125 0.0
1979.7	0.116015625 0.0
1979.8	1.17546386719 0.0
1979.8	0.46728515625 0.0
1979.9	2.06169433594 0.0
1979.9	0.265869140625 0.0
1979.9	0.3287109375 0.0
1979.9	0.420556640625 0.0
1980.0	0.584106445312 0.0
1980.0	0.679174804687 0.0
1980.0	0.807275390625 0.0
1980.0	0.672729492188 0.0
1980.0	0.33515625 0.0
1980.1	1.41877441406 0.0
1980.1	0.797607421875 0.0
1980.3	0.645336914062 0.0
1980.3	0.754907226562 0.0
1980.3	0.3931640625 0.0
1980.3	0.439086914062 0.0
1980.3	0.439086914062 0.0
1980.4	0.896704101562 0.0
1980.4	0.9474609375 0.0
1980.4	1.32692871094 0.0
1980.4	0.59619140625 0.0
1980.4	0.642919921875 0.0
1980.5	0.69931640625 0.0
1980.6	0.227197265625 0.0
1980.7	0.42861328125 0.0
1980.7	0.696899414062 0.0
1980.8	1.13679199219 0.0
1980.8	0.33515625 0.0
1980.9	0.504345703125 0.0
1980.9	0.178857421875 0.0
1981.0	0.15791015625 0.0
1981.0	0.749267578125 0.0
1981.0	1.88928222656 0.0
1981.1	1.20769042969 0.0
1981.1	0.713012695312 0.0
1981.2	0.107153320312 0.0
1981.2	0.797607421875 0.0
1981.2	1.19157714844 0.0
1981.3	0.83466796875 0.0
1981.4	0.333544921875 0.0
1981.4	0.974853515625 0.0
1981.4	0.5994140625 0.0
1981.5	1.20769042969 0.0
1981.5	0.468090820312 0.0
1981.5	0.41572265625 0.0
1981.5	0.714624023437 0.0
1981.5	1.00788574219 0.0
1981.6	2.06572265625 0.0
1981.6	1.11342773437 0.0
1981.6	1.14484863281 0.0
1981.7	0.511596679688 0.0
1981.7	0.926513671875 0.0
1981.7	0.387524414062 0.0
1981.7	0.57041015625 0.0
1981.7	0.4318359375 0.0
1981.8	1.18190917969 0.0
1981.8	1.03286132812 0.0
1981.8	0.223168945312 0.0
1981.9	0.568798828125 0.0
1981.9	0.53173828125 0.0
1981.9	0.52529296875 0.0
1981.9	0.526904296875 0.0
1981.9	0.5349609375 0.0
1982.0	0.532543945312 0.0
1982.1	0.709790039062 0.0
1982.1	1.4115234375 0.0
1982.1	0.83466796875 0.0
1982.1	1.18513183594 0.0
1982.2	0.664672851562 0.0
1982.2	0.874145507812 0.0
1982.2	0.337573242187 0.0
1982.2	0.482592773437 0.0
1982.3	0.94423828125 0.0
1982.3	0.095068359375 0.0
1982.3	1.10053710938 0.0
1982.3	0.476147460937 0.0
1982.3	0.085400390625 0.0
1982.4	1.27697753906 0.0
1982.4	0.621166992187 0.0
1982.4	0.336767578125 0.0
1982.5	1.2375 0.0
1982.5	0.223168945312 0.0
1982.5	0.7025390625 0.0
1982.5	2.3267578125 0.0
1982.6	0.984521484375 0.0
1982.6	0.593774414062 0.0
1982.6	0.519653320312 0.0
1982.6	0.567993164062 0.0
1982.7	0.31904296875 0.0
1982.7	1.23911132812 0.0
1982.7	0.61875 0.0
1982.7	0.42861328125 0.0
1982.7	0.42216796875 0.0
1982.7	0.967602539062 0.0
1982.8	0.477758789062 0.0
1982.8	0.451171875 0.0
1982.9	0.420556640625 0.0
1982.9	1.21171875 0.0
1983.0	0.306958007812 0.0
1983.1	0.7283203125 0.0
1983.1	0.642114257812 0.0
1983.1	1.21252441406 0.0
1983.1	0.726708984375 0.0
1983.1	0.912817382812 0.0
1983.2	0.36416015625 0.0
1983.2	0.775854492187 0.0
1983.2	0.207055664062 0.0
1983.3	0.124877929688 0.0
1983.3	0.265869140625 0.0
1983.3	1.62744140625 0.0
1983.3	0.118432617187 0.0
1983.3	0.1998046875 0.0
1983.3	1.56782226562 0.0
1983.3	0.920068359375 0.0
1983.3	0.502734375 0.0
1983.4	0.320654296875 0.0
1983.4	0.810498046875 0.0
1983.4	1.10053710938 0.0
1983.5	0.314208984375 0.0
1983.5	0.633251953125 0.0
1983.5	0.813720703125 0.0
1983.5	1.198828125 0.0
1983.5	1.09892578125 0.0
1983.6	1.585546875 0.0
1983.6	0.580078125 0.0
1983.6	0.708178710937 0.0
1983.6	1.19963378906 0.0
1983.6	0.672729492188 0.0
1983.7	0.668701171875 0.0
1983.7	0.807275390625 0.0
1983.7	0.48662109375 0.0
1983.8	0.240087890625 0.0
1983.8	1.24958496094 0.0
1983.8	0.515625 0.0
1983.9	0.45439453125 0.0
1983.9	0.32548828125 0.0
1983.9	0.445532226562 0.0
1984.0	0.572827148437 0.0
1984.0	0.584106445312 0.0
1984.0	0.733959960937 0.0
1984.0	0.410083007812 0.0
1984.2	1.03366699219 0.0
1984.3	2.31628417969 0.0
1984.3	0.098291015625 0.0
1984.3	0.456005859375 0.0
1984.4	0.294873046875 0.0
1984.4	0.630029296875 0.0
1984.4	1.09409179687 0.0
1984.4	0.542211914063 0.0
1984.5	0.53818359375 0.0
1984.5	0.42216796875 0.0
1984.5	0.279565429687 0.0
1984.6	0.823388671875 0.0
1984.6	0.59619140625 0.0
1984.6	0.393969726562 0.0
1984.6	0.497094726562 0.0
1984.7	0.175634765625 0.0
1984.7	0.807275390625 0.0
1984.8	0.2384765625 0.0
1984.8	0.588940429687 0.0
1984.9	0.322265625 0.0
1984.9	1.869140625 0.0
1984.9	0.675146484375 0.0
1984.9	0.463256835938 0.0
1985.0	1.09006347656 0.0
1985.0	0.626806640625 0.0
1985.0	0.742822265625 0.0
1985.0	0.294873046875 0.0
1985.0	0.955517578125 0.0
1985.1	0.736376953125 0.0
1985.1	1.39138183594 0.0
1985.1	0.688037109375 0.0
1985.1	0.861254882812 0.0
1985.1	0.168383789062 0.0
1985.1	0.117626953125 0.0
1985.1	0.260229492187 0.0
1985.1	0.323876953125 0.0
1985.2	0.794384765625 0.0
1985.2	0.77021484375 0.0
1985.2	0.35126953125 0.0
1985.3	0.666284179687 0.0
1985.3	1.33740234375 0.0
1985.3	0.725903320312 0.0
1985.4	0.77666015625 0.0
1985.5	0.559936523438 0.0
1985.5	0.37060546875 0.0
1985.5	0.82822265625 0.0
1985.6	1.16337890625 0.0
1985.6	0.5220703125 0.0
1985.6	0.417333984375 0.0
1985.7	0.941015625 0.0
1985.7	1.17143554687 0.0
1985.7	0.67353515625 0.0
1985.7	0.729931640625 0.0
1985.8	0.719458007812 0.0
1985.8	0.956323242187 0.0
1985.8	0.66708984375 0.0
1985.8	2.10439453125 0.0
1985.8	0.87333984375 0.0
1985.9	1.0119140625 0.0
1985.9	0.436669921875 0.0
1985.9	1.23588867187 0.0
1985.9	1.24636230469 0.0
1985.9	0.681591796875 0.0
1985.9	0.348046875 0.0
1985.9	0.298901367187 0.0
1986.0	0.20625 0.0
1986.0	0.42216796875 0.0
1986.0	1.301953125 0.0
1986.0	0.825805664062 0.0
1986.0	0.54462890625 0.0
1986.0	0.340795898437 0.0
1986.1	0.468090820312 0.0
1986.2	0.54140625 0.0
1986.2	0.537377929687 0.0
1986.2	0.725903320312 0.0
1986.3	0.327099609375 0.0
1986.3	0.717041015625 0.0
1986.3	0.236865234375 0.0
1986.3	0.84111328125 0.0
1986.4	0.622778320312 0.0
1986.4	1.24072265625 0.0
1986.4	0.35771484375 0.0
1986.4	0.780688476562 0.0
1986.5	0.820971679687 0.0
1986.5	0.629223632812 0.0
1986.5	2.31870117187 0.0
1986.5	0.609887695312 0.0
1986.5	0.33515625 0.0
1986.6	0.92490234375 0.0
1986.6	0.17080078125 0.0
1986.7	0.3416015625 0.0
1986.8	0.695288085937 0.0
1986.9	0.169995117187 0.0
1986.9	1.28583984375 0.0
1987.0	1.25603027344 0.0
1987.0	2.31547851562 0.0
1987.1	0.75087890625 0.0
1987.1	0.348046875 0.0
1987.3	0.488232421875 0.0
1987.3	2.32353515625 0.0
1987.3	0.624389648438 0.0
1987.3	0.838696289062 0.0
1987.3	0.287622070312 0.0
1987.3	0.790356445312 0.0
1987.4	0.323876953125 0.0
1987.4	0.691259765625 0.0
1987.4	0.780688476562 0.0
1987.5	0.797607421875 0.0
1987.5	0.150659179688 0.0
1987.6	0.688037109375 0.0
1987.7	1.06025390625 0.0
1987.7	0.878173828125 0.0
1987.7	1.10375976562 0.0
1987.7	0.806469726562 0.0
1987.8	0.80888671875 0.0
1987.9	1.50256347656 0.0
1987.9	0.666284179687 0.0
1987.9	0.518041992188 0.0
1988.0	0.363354492187 0.0
1988.0	0.487426757812 0.0
1988.1	0.810498046875 0.0
1988.1	2.3138671875 0.0
1988.2	2.31064453125 0.0
1988.3	1.14807128906 0.0
1988.3	0.758935546875 0.0
1988.3	0.787939453125 0.0
1988.3	0.56396484375 0.0
1988.3	2.06652832031 0.0
1988.3	0.46728515625 0.0
1988.4	0.853198242187 0.0
1988.5	0.3029296875 0.0
1988.5	0.526904296875 0.0
1988.6	0.294873046875 0.0
1988.6	1.51303710937 0.0
1988.6	0.100708007812 0.0
1988.6	0.368994140625 0.0
1988.7	0.417333984375 0.0
1988.7	0.407666015625 0.0
1988.7	1.25361328125 0.0
1988.7	0.368188476562 0.0
1988.7	1.54204101562 0.0
1988.8	0.333544921875 0.0
1988.8	0.156298828125 0.0
1988.8	0.153076171875 0.0
1988.8	0.515625 0.0
1988.8	0.608276367188 0.0
1988.9	1.24233398437 0.0
1989.0	0.498706054687 0.0
1989.0	0.609887695312 0.0
1989.1	0.568798828125 0.0
1989.1	0.492260742187 0.0
1989.1	0.72509765625 0.0
1989.1	0.0829833984375 0.0
1989.1	1.62421875 0.0
1989.1	0.472119140625 0.0
1989.2	0.838696289062 0.0
1989.2	0.219140625 0.0
1989.2	0.18369140625 0.0
1989.3	1.42602539062 0.0
1989.3	0.87333984375 0.0
1989.3	0.679174804687 0.0
1989.3	0.0749267578125 0.0
1989.3	1.12873535156 0.0
1989.4	0.845947265625 0.0
1989.4	0.610693359375 0.0
1989.4	0.169995117187 0.0
1989.4	0.703344726562 0.0
1989.5	0.34482421875 0.0
1989.5	0.781494140625 0.0
1989.5	0.107153320312 0.0
1989.6	0.987744140625 0.0
1989.6	0.59296875 0.0
1989.7	0.477758789062 0.0
1989.7	1.06669921875 0.0
1989.8	0.424584960937 0.0
1989.8	1.21010742187 0.0
1989.8	1.069921875 0.0
1989.8	0.651782226562 0.0
1989.8	0.127294921875 0.0
1989.8	0.52529296875 0.0
1990.0	0.139379882812 0.0
1990.0	0.642919921875 0.0
1990.1	1.76440429688 0.0
1990.1	0.556713867187 0.0
1990.1	0.680786132812 0.0
1990.2	1.16176757812 0.0
1990.2	0.28359375 0.0
1990.2	0.7154296875 0.0
1990.2	1.327734375 0.0
1990.2	0.104736328125 0.0
1990.3	0.5994140625 0.0
1990.3	0.07412109375 0.0
1990.3	0.472119140625 0.0
1990.3	1.82160644531 0.0
1990.3	0.201416015625 0.0
1990.3	0.543823242188 0.0
1990.4	0.223168945312 0.0
1990.4	0.683203125 0.0
1990.4	0.4833984375 0.0
1990.5	0.51884765625 0.0
1990.5	1.11906738281 0.0
1990.5	0.582495117188 0.0
1990.5	1.03286132812 0.0
1990.6	0.97001953125 0.0
1990.6	1.11665039063 0.0
1990.6	0.494677734375 0.0
1990.6	1.2052734375 0.0
1990.7	0.36416015625 0.0
1990.7	0.6703125 0.0
1990.8	0.195776367187 0.0
1990.9	1.30114746094 0.0
1990.9	0.664672851562 0.0
1990.9	0.59619140625 0.0
1990.9	0.804052734375 0.0
1990.9	0.2126953125 0.0
1991.2	0.878173828125 0.0
1991.2	0.9345703125 0.0
1991.2	0.22880859375 0.0
1991.2	1.35593261719 0.0
1991.3	0.61875 0.0
1991.3	0.6638671875 0.0
1991.3	0.5349609375 0.0
1991.3	0.210278320312 0.0
1991.4	0.839501953125 0.0
1991.4	0.941015625 0.0
1991.4	1.04252929687 0.0
1991.4	0.61875 0.0
1991.4	0.5220703125 0.0
1991.5	0.833862304688 0.0
1991.5	0.590551757813 0.0
1991.5	1.03366699219 0.0
1991.5	0.761352539062 0.0
1991.6	0.2578125 0.0
1991.6	0.136962890625 0.0
1991.6	0.286010742188 0.0
1991.7	2.00046386719 0.0
1991.8	0.84111328125 0.0
1991.8	0.400415039062 0.0
1991.8	0.27392578125 0.0
1991.9	0.624389648438 0.0
1991.9	0.619555664062 0.0
1992.0	0.502734375 0.0
1992.0	0.211083984375 0.0
1992.0	1.01433105469 0.0
1992.0	0.361743164062 0.0
1992.0	1.12309570312 0.0
1992.1	0.610693359375 0.0
1992.1	0.559130859375 0.0
1992.1	0.464868164062 0.0
1992.1	1.49934082031 0.0
1992.1	0.551879882812 0.0
1992.1	0.613916015625 0.0
1992.2	0.717041015625 0.0
1992.2	0.74765625 0.0
1992.2	0.736376953125 0.0
1992.3	0.15146484375 0.0
1992.3	0.359326171875 0.0
1992.3	0.837890625 0.0
1992.4	0.725903320312 0.0
1992.5	0.0926513671875 0.0
1992.5	0.4705078125 0.0
1992.5	0.595385742187 0.0
1992.6	1.4373046875 0.0
1992.6	0.787133789062 0.0
1992.6	0.36416015625 0.0
1992.7	0.265063476563 0.0
1992.7	0.39638671875 0.0
1992.8	0.550268554688 0.0
1992.8	0.281982421875 0.0
1992.9	0.281982421875 0.0
1992.9	0.935375976562 0.0
1993.0	0.120043945312 0.0
1993.0	0.534155273438 0.0
1993.0	0.50595703125 0.0
1993.0	0.296484375 0.0
1993.0	0.91201171875 0.0
1993.1	0.63486328125 0.0
1993.2	0.690454101562 0.0
1993.2	0.578466796875 0.0
1993.3	0.972436523437 0.0
1993.3	0.4640625 0.0
1993.4	0.0749267578125 0.0
1993.5	0.3029296875 0.0
1993.5	0.406860351562 0.0
1993.5	0.18369140625 0.0
1993.5	0.56396484375 0.0
1993.6	0.800024414062 0.0
1993.6	0.697705078125 0.0
1993.6	0.2578125 0.0
1993.6	0.07412109375 0.0
1993.7	0.4640625 0.0
1993.7	1.13518066406 0.0
1993.8	0.572021484375 0.0
1993.9	1.47114257812 0.0
1994.0	1.60971679687 0.0
1994.0	0.7412109375 0.0
1994.0	0.404443359375 0.0
1994.0	2.04558105469 0.0
1994.0	1.10778808594 0.0
1994.0	0.983715820312 0.0
1994.0	0.7025390625 0.0
1994.1	1.57104492188 0.0
1994.1	0.185302734375 0.0
1994.1	0.459228515625 0.0
1994.2	0.103125 0.0
1994.3	0.350463867188 0.0
1994.3	0.8572265625 0.0
1994.3	0.520458984375 0.0
1994.3	0.617138671875 0.0
1994.4	0.521264648437 0.0
1994.4	0.406860351562 0.0
1994.5	0.679174804687 0.0
1994.5	0.35771484375 0.0
1994.6	0.562353515625 0.0
1994.6	0.4189453125 0.0
1994.6	0.116015625 0.0
1994.6	1.28986816406 0.0
1994.6	0.942626953125 0.0
1994.6	0.0797607421875 0.0
1994.7	0.42861328125 0.0
1994.7	0.414111328125 0.0
1994.7	0.95390625 0.0
1994.7	0.236865234375 0.0
1994.7	0.835473632812 0.0
1994.8	1.14968261719 0.0
1994.8	0.304541015625 0.0
1994.8	0.117626953125 0.0
1994.8	0.514013671875 0.0
1994.8	1.13195800781 0.0
1994.9	0.088623046875 0.0
1995.0	0.4125 0.0
1995.0	0.410083007812 0.0
1995.0	0.648559570312 0.0
1995.1	0.2642578125 0.0
1995.1	0.528515625 0.0
1995.1	0.1611328125 0.0
1995.1	1.47275390625 0.0
1995.1	0.949877929687 0.0
1995.1	1.45341796875 0.0
1995.1	1.20366210937 0.0
1995.1	0.9796875 0.0
1995.2	0.613110351562 0.0
1995.2	0.259423828125 0.0
1995.3	0.791162109375 0.0
1995.3	0.584912109375 0.0
1995.3	0.684814453125 0.0
1995.4	0.6251953125 0.0
1995.4	1.09892578125 0.0
1995.5	0.635668945312 0.0
1995.5	0.58974609375 0.0
1995.5	0.505151367187 0.0
1995.6	0.3029296875 0.0
1995.6	0.443115234375 0.0
1995.6	0.629223632812 0.0
1995.7	1.44697265625 0.0
1995.7	0.671118164062 0.0
1995.8	1.17143554687 0.0
1995.8	0.526904296875 0.0
1995.8	0.695288085937 0.0
1995.9	0.451977539062 0.0
1996.0	0.33515625 0.0
1996.1	0.848364257812 0.0
1996.2	0.303735351562 0.0
1996.2	0.517236328125 0.0
1996.3	0.507568359375 0.0
1996.3	0.374633789062 0.0
1996.3	0.234448242187 0.0
1996.3	0.619555664062 0.0
1996.4	1.22138671875 0.0
1996.4	1.98515625 0.0
1996.5	0.64130859375 0.0
1996.6	0.167578125 0.0
1996.6	0.24814453125 0.0
1996.7	0.33515625 0.0
1996.8	0.530932617187 0.0
1996.8	1.06267089844 0.0
1996.8	0.502734375 0.0
1996.8	0.716235351562 0.0
1996.8	0.387524414062 0.0
1996.8	0.552685546875 0.0
1996.8	0.581689453125 0.0
1996.9	0.604248046875 0.0
1996.9	0.33837890625 0.0
1996.9	1.16901855469 0.0
1996.9	0.172412109375 0.0
1997.0	0.28037109375 0.0
1997.0	0.439892578125 0.0
1997.1	1.23830566406 0.0
1997.1	0.607470703125 0.0
1997.2	0.765380859375 0.0
1997.3	1.17546386719 0.0
1997.3	0.713818359375 0.0
1997.3	0.48984375 0.0
1997.3	0.09345703125 0.0
1997.3	1.51384277344 0.0
1997.4	0.898315429688 0.0
1997.4	0.390747070312 0.0
1997.5	0.335961914062 0.0
1997.5	0.1546875 0.0
1997.5	0.414111328125 0.0
1997.5	0.52529296875 0.0
1997.6	1.56782226562 0.0
1997.6	1.25361328125 0.0
1997.7	1.09248046875 0.0
1997.7	0.090234375 0.0
1997.8	0.469702148437 0.0
1997.8	1.30114746094 0.0
1997.8	0.475341796875 0.0
1997.9	0.420556640625 0.0
1997.9	0.4576171875 0.0
1997.9	0.4447265625 0.0
1997.9	0.762963867187 0.0
1998.0	0.652587890625 0.0
1998.1	0.309375 0.0
1998.1	1.97951660156 0.0
1998.1	0.76376953125 0.0
1998.2	0.5349609375 0.0
1998.2	0.526098632813 0.0
1998.2	0.67353515625 0.0
1998.2	0.4640625 0.0
1998.3	0.229614257812 0.0
1998.3	0.793579101562 0.0
1998.4	0.229614257812 0.0
1998.4	0.684814453125 0.0
1998.4	1.78374023437 0.0
1998.5	0.7541015625 0.0
1998.5	0.136157226562 0.0
1998.5	2.22927246094 0.0
1998.6	0.08701171875 0.0
1998.6	0.758935546875 0.0
1998.6	1.06025390625 0.0
1998.6	1.16982421875 0.0
1998.7	0.413305664062 0.0
1998.7	0.66064453125 0.0
1998.7	1.05864257812 0.0
1998.7	0.269091796875 0.0
1998.8	0.569604492187 0.0
1998.8	1.23588867187 0.0
1998.8	0.766186523437 0.0
1998.8	0.42216796875 0.0
1998.9	0.16435546875 0.0
1998.9	1.3470703125 0.0
1999.0	0.546240234375 0.0
1999.0	0.517236328125 0.0
1999.0	1.340625 0.0
1999.0	0.335961914062 0.0
1999.1	0.646142578125 0.0
1999.1	0.66708984375 0.0
1999.1	0.75732421875 0.0
1999.1	1.19721679688 0.0
1999.1	1.49289550781 0.0
1999.2	0.44150390625 0.0
1999.2	2.32434082031 0.0
1999.2	1.47919921875 0.0
1999.3	0.872534179687 0.0
1999.3	0.240893554687 0.0
1999.4	0.507568359375 0.0
1999.4	0.659838867187 0.0
1999.4	0.49951171875 0.0
1999.6	0.09990234375 0.0
1999.6	0.43828125 0.0
1999.7	0.745239257812 0.0
1999.7	1.32290039062 0.0
1999.7	0.233642578125 0.0
1999.7	0.24814453125 0.0
1999.7	0.62197265625 0.0
1999.8	0.60908203125 0.0
1999.8	0.87978515625 0.0
1999.8	0.294873046875 0.0
1999.9	0.366577148438 0.0
2000.0	0.371411132812 0.0
2000.0	0.6123046875 0.0
2000.0	0.60908203125 0.0
2000.2	1.78132324219 0.0
2000.3	0.564770507812 0.0
2000.4	2.11164550781 0.0
2000.5	1.85705566406 0.0
2000.5	2.30661621094 0.0
2000.5	0.506762695312 0.0
2000.6	0.55751953125 0.0
2000.6	0.580883789062 0.0
2000.6	0.592163085938 0.0
2000.7	0.27392578125 0.0
2000.7	0.812109375 0.0
2000.7	0.980493164062 0.0
2000.7	0.5865234375 0.0
2000.7	0.684814453125 0.0
2000.7	0.81533203125 0.0
2000.8	2.2751953125 0.0
2000.8	0.708178710937 0.0
2000.8	0.820166015625 0.0
2000.8	0.313403320312 0.0
2000.8	1.327734375 0.0
2000.8	0.153076171875 0.0
2001.0	0.425390625 0.0
2001.0	0.534155273438 0.0
2001.0	0.859643554687 0.0
2001.0	0.101513671875 0.0
2001.0	0.298095703125 0.0
2001.0	1.2697265625 0.0
2001.1	1.1150390625 0.0
2001.1	0.359326171875 0.0
2001.1	2.32595214844 0.0
2001.1	1.28020019531 0.0
2001.2	0.49951171875 0.0
2001.2	0.710595703125 0.0
2001.2	0.61552734375 0.0
2001.3	0.7025390625 0.0
2001.4	0.520458984375 0.0
2001.4	0.352880859375 0.0
2001.5	0.228002929687 0.0
2001.5	0.532543945312 0.0
2001.6	0.44150390625 0.0
2001.6	1.46066894531 0.0
2001.6	0.640502929688 0.0
2001.6	0.352880859375 0.0
2001.7	1.1859375 0.0
2001.7	0.327099609375 0.0
2001.8	1.36721191406 0.0
2001.9	1.04333496094 0.0
2001.9	0.584912109375 0.0
2001.9	0.397998046875 0.0
2001.9	0.266674804687 0.0
2002.0	1.05783691406 0.0
2002.0	0.532543945312 0.0
2002.1	1.05139160156 0.0
2002.1	0.855615234375 0.0
2002.1	0.9861328125 0.0
2002.2	0.836279296875 0.0
2002.2	0.359326171875 0.0
2002.2	0.36416015625 0.0
2002.2	1.11906738281 0.0
2002.2	1.57507324219 0.0
2002.3	0.528515625 0.0
2002.3	0.530932617187 0.0
2002.4	0.626806640625 0.0
2002.4	1.01513671875 0.0
2002.4	0.874951171875 0.0
2002.4	0.31904296875 0.0
2002.5	0.677563476562 0.0
2002.5	0.452783203125 0.0
2002.5	0.228002929687 0.0
2002.5	0.800024414062 0.0
2002.5	0.568798828125 0.0
2002.6	0.502734375 0.0
2002.6	0.609887695312 0.0
2002.6	0.567993164062 0.0
2002.6	0.61875 0.0
2002.6	1.28583984375 0.0
2002.7	1.17062988281 0.0
2002.7	0.97001953125 0.0
2002.7	1.08764648438 0.0
2002.8	0.68642578125 0.0
2002.8	0.356909179687 0.0
2002.8	0.33193359375 0.0
2002.9	0.786328125 0.0
2003.0	0.38671875 0.0
2003.0	0.39638671875 0.0
2003.0	0.465673828125 0.0
2003.0	0.601831054687 0.0
2003.0	0.446337890625 0.0
2003.0	0.99580078125 0.0
2003.1	0.22236328125 0.0
2003.1	0.10634765625 0.0
2003.1	0.298095703125 0.0
2003.1	0.880590820312 0.0
2003.1	0.677563476562 0.0
2003.2	0.49306640625 0.0
2003.2	0.595385742187 0.0
2003.2	0.40283203125 0.0
2003.3	0.34482421875 0.0
2003.3	0.652587890625 0.0
2003.3	0.201416015625 0.0
2003.3	0.350463867188 0.0
2003.4	0.1353515625 0.0
2003.4	0.581689453125 0.0
2003.4	0.561547851562 0.0
2003.4	0.833056640625 0.0
2003.5	0.968408203125 0.0
2003.5	0.826611328125 0.0
2003.5	0.67353515625 0.0
2003.5	1.39621582031 0.0
2003.6	0.492260742187 0.0
2003.6	0.64130859375 0.0
2003.7	1.38010253906 0.0
2003.8	0.639697265625 0.0
2003.8	0.652587890625 0.0
2003.8	0.852392578125 0.0
2003.8	1.430859375 0.0
2003.8	0.875756835937 0.0
2003.8	1.03205566406 0.0
2003.9	0.260229492187 0.0
2003.9	0.227197265625 0.0
2003.9	1.23508300781 0.0
2003.9	0.530126953125 0.0
2003.9	0.8701171875 0.0
2004.0	0.240087890625 0.0
2004.0	0.4576171875 0.0
2004.0	0.5349609375 0.0
2004.1	0.5736328125 0.0
2004.1	0.614721679688 0.0
2004.1	0.7154296875 0.0
2004.1	1.05783691406 0.0
2004.1	0.5349609375 0.0
2004.1	0.484204101562 0.0
2004.1	0.93779296875 0.0
2004.2	1.17626953125 0.0
2004.2	0.863671875 0.0
2004.2	0.242504882812 0.0
2004.2	0.49306640625 0.0
2004.3	0.33193359375 0.0
2004.3	0.35126953125 0.0
2004.4	0.621166992187 0.0
2004.4	0.3544921875 0.0
2004.4	1.03447265625 0.0
2004.4	0.683203125 0.0
2004.4	1.52351074219 0.0
2004.5	0.140185546875 0.0
2004.5	2.30661621094 0.0
2004.6	0.974047851562 0.0
2004.6	0.675146484375 0.0
2004.6	1.0828125 0.0
2004.6	1.21655273438 0.0
2004.6	0.234448242187 0.0
2004.6	0.305346679688 0.0
2004.7	0.36416015625 0.0
2004.7	0.5671875 0.0
2004.8	0.169189453125 0.0
2004.8	0.304541015625 0.0
2004.9	0.88623046875 0.0
2004.9	0.725903320312 0.0
2004.9	0.896704101562 0.0
2004.9	1.20769042969 0.0
2004.9	0.577661132812 0.0
2004.9	0.524487304687 0.0
2005.0	0.495483398438 0.0
2005.0	0.837084960937 0.0
2005.0	1.89089355469 0.0
2005.0	0.271508789062 0.0
2005.1	0.381884765625 0.0
2005.1	1.07153320312 0.0
2005.1	1.13679199219 0.0
2005.1	0.52529296875 0.0
2005.1	0.555102539062 0.0
2005.1	1.86027832031 0.0
2005.2	1.08522949219 0.0
2005.2	0.334350585938 0.0
2005.2	1.36318359375 0.0
2005.2	0.3802734375 0.0
2005.2	1.49692382812 0.0
2005.2	0.18046875 0.0
2005.3	0.949072265625 0.0
2005.3	0.543017578125 0.0
2005.3	0.153076171875 0.0
2005.3	0.374633789062 0.0
2005.4	0.18369140625 0.0
2005.4	0.862060546875 0.0
2005.4	0.974853515625 0.0
2005.4	1.11826171875 0.0
2005.5	0.253784179688 0.0
2005.5	0.229614257812 0.0
2005.5	0.93779296875 0.0
2005.6	0.7154296875 0.0
2005.6	0.65419921875 0.0
2005.6	1.2310546875 0.0
2005.6	0.481787109375 0.0
2005.7	0.13212890625 0.0
2005.7	1.12954101562 0.0
2005.7	0.609887695312 0.0
2005.7	0.7734375 0.0
2005.7	0.916845703125 0.0
2005.7	0.451171875 0.0
2005.8	0.123266601562 0.0
2005.8	0.69931640625 0.0
2005.9	0.322265625 0.0
2005.9	0.302124023438 0.0
2005.9	0.198193359375 0.0
2005.9	1.0828125 0.0
2005.9	0.500317382812 0.0
2006.0	0.404443359375 0.0
2006.0	0.577661132812 0.0
2006.0	1.95534667969 0.0
2006.0	0.13212890625 0.0
2006.1	0.574438476563 0.0
2006.1	0.127294921875 0.0
2006.3	0.746044921875 0.0
2006.3	0.75732421875 0.0
2006.4	0.878979492187 0.0
2006.4	0.721875 0.0
2006.5	0.853198242187 0.0
2006.5	0.78310546875 0.0
2006.5	1.11826171875 0.0
2006.6	1.07153320312 0.0
2006.7	1.09328613281 0.0
2006.7	0.717041015625 0.0
2006.7	0.951489257812 0.0
2006.8	0.621166992187 0.0
2006.8	0.24814453125 0.0
2006.8	0.808081054687 0.0
2006.8	1.1150390625 0.0
2006.9	0.493872070312 0.0
2006.9	0.865283203125 0.0
2006.9	1.42360839844 0.0
2006.9	0.604248046875 0.0
2007.0	0.480981445312 0.0
2007.0	0.23525390625 0.0
2007.1	0.601025390625 0.0
2007.1	0.7025390625 0.0
2007.1	0.269897460938 0.0
2007.3	0.778271484375 0.0
2007.3	0.59619140625 0.0
2007.3	0.863671875 0.0
2007.3	0.943432617187 0.0
2007.4	0.271508789062 0.0
2007.4	0.64775390625 0.0
2007.4	0.393969726562 0.0
2007.5	0.306958007812 0.0
2007.5	0.953100585937 0.0
2007.5	1.27133789062 0.0
2007.5	0.882202148438 0.0
2007.7	1.70961914062 0.0
2007.7	0.356103515625 0.0
2007.7	0.838696289062 0.0
2007.7	0.794384765625 0.0
2007.7	1.13195800781 0.0
2007.8	0.623583984375 0.0
2007.8	2.31547851562 0.0
2007.9	0.706567382812 0.0
2008.0	0.445532226562 0.0
2008.3	2.31225585938 0.0
2008.4	0.414111328125 0.0
2008.4	0.680786132812 0.0
2008.4	0.823388671875 0.0
2008.4	1.41313476562 0.0
2008.4	0.09345703125 0.0
2008.5	0.546240234375 0.0
2008.5	1.2375 0.0
2008.5	0.616333007812 0.0
2008.5	0.558325195313 0.0
2008.5	0.111181640625 0.0
2008.5	0.4962890625 0.0
2008.5	0.60263671875 0.0
2008.6	0.317431640625 0.0
2008.6	1.21574707031 0.0
2008.7	0.62197265625 0.0
2008.7	0.887841796875 0.0
2008.7	1.72573242187 0.0
2008.7	2.32192382813 0.0
2008.8	0.6380859375 0.0
2008.8	0.31904296875 0.0
2008.8	1.02399902344 0.0
2008.9	0.2384765625 0.0
2008.9	0.858032226562 0.0
2009.0	1.36479492187 0.0
2009.0	0.695288085937 0.0
2009.1	0.574438476563 0.0
2009.1	1.37446289062 0.0
2009.1	0.594580078125 0.0
2009.1	0.4189453125 0.0
2009.2	0.778271484375 0.0
2009.2	0.827416992187 0.0
2009.2	0.7927734375 0.0
2009.2	0.639697265625 0.0
2009.3	0.4125 0.0
2009.3	0.459228515625 0.0
2009.3	0.23525390625 0.0
2009.3	1.0376953125 0.0
2009.4	0.397192382812 0.0
2009.4	1.54123535156 0.0
2009.4	0.54462890625 0.0
2009.5	2.31306152344 0.0
2009.5	1.45905761719 0.0
2009.5	2.32272949219 0.0
2009.5	0.142602539063 0.0
2009.5	0.432641601562 0.0
2009.5	1.84899902344 0.0
2009.6	0.60263671875 0.0
2009.6	0.629223632812 0.0
2009.6	1.12309570312 0.0
2009.7	0.59296875 0.0
2009.7	0.4576171875 0.0
2009.8	0.742822265625 0.0
2009.8	0.58330078125 0.0
2009.8	0.224780273437 0.0
2009.8	0.536572265625 0.0
2009.8	0.348046875 0.0
2009.8	0.990966796875 0.0
2009.8	0.29970703125 0.0
2009.8	0.896704101562 0.0
2009.8	0.833056640625 0.0
2009.8	0.986938476562 0.0
2009.8	0.375439453125 0.0
2009.8	0.983715820312 0.0
2009.9	1.19157714844 0.0
2009.9	1.12067871094 0.0
2009.9	0.329516601562 0.0
2009.9	0.597802734375 0.0
2010.0	0.442309570312 0.0
2010.0	1.04494628906 0.0
2010.0	0.563159179687 0.0
2010.0	0.286010742188 0.0
2010.1	1.98273925781 0.0
2010.2	0.152270507812 0.0
2010.2	0.1998046875 0.0
2010.3	0.488232421875 0.0
2010.3	0.730737304687 0.0
2010.3	0.69609375 0.0
2010.4	0.23525390625 0.0
2010.4	1.24475097656 0.0
2010.4	0.169189453125 0.0
2010.4	0.863671875 0.0
2010.5	1.02238769531 0.0
2010.5	0.687231445312 0.0
2010.5	0.52529296875 0.0
2010.6	0.756518554687 0.0
2010.7	1.09328613281 0.0
2010.7	0.5865234375 0.0
2010.8	0.149047851562 0.0
2010.8	1.02963867187 0.0
2010.8	2.31950683594 0.0
2010.8	0.57685546875 0.0
2010.9	1.81435546875 0.0
2011.0	0.107153320312 0.0
2011.0	0.326293945312 0.0
2011.0	0.075732421875 0.0
2011.0	0.4576171875 0.0
2011.1	0.658227539062 0.0
2011.1	0.127294921875 0.0
2011.1	0.63486328125 0.0
2011.1	1.05783691406 0.0
2011.1	0.5671875 0.0
2011.2	0.416528320312 0.0
2011.2	0.754907226562 0.0
2011.2	0.136962890625 0.0
2011.2	0.0966796875 0.0
2011.3	0.552685546875 0.0
2011.3	0.936181640625 0.0
2011.3	0.900732421875 0.0
2011.4	1.06025390625 0.0
2011.4	0.374633789062 0.0
2011.5	0.108764648438 0.0
2011.5	0.932958984375 0.0
2011.5	0.320654296875 0.0
2011.6	0.75087890625 0.0
2011.7	0.95712890625 0.0
2011.7	1.88122558594 0.0
2011.7	0.272314453125 0.0
2011.7	0.9861328125 0.0
2011.7	1.06267089844 0.0
2011.8	0.93779296875 0.0
2011.8	1.08764648438 0.0
2011.9	0.565576171875 0.0
2011.9	0.46728515625 0.0
2011.9	0.587329101562 0.0
2011.9	0.600219726562 0.0
2012.0	0.456005859375 0.0
2012.0	1.13115234375 0.0
2012.0	0.439086914062 0.0
2012.1	0.8830078125 0.0
2012.1	0.804858398437 0.0
2012.1	0.435864257812 0.0
2012.1	0.440698242187 0.0
2012.1	0.64130859375 0.0
2012.2	0.657421875 0.0
2012.2	1.7982421875 0.0
2012.2	0.58974609375 0.0
2012.3	0.901538085937 0.0
2012.3	0.649365234375 0.0
2012.3	0.713818359375 0.0
2012.3	1.56862792969 0.0
2012.3	2.31950683594 0.0
2012.4	0.5994140625 0.0
2012.4	0.269091796875 0.0
2012.4	1.20446777344 0.0
2012.5	0.31904296875 0.0
2012.5	0.748461914062 0.0
2012.6	1.10859375 0.0
2012.6	0.32548828125 0.0
2012.6	0.492260742187 0.0
2012.7	0.665478515625 0.0
2012.7	0.672729492188 0.0
2012.7	0.5994140625 0.0
2012.8	0.451171875 0.0
2012.8	0.18046875 0.0
2012.8	0.590551757813 0.0
2012.8	1.30759277344 0.0
2012.8	0.513208007812 0.0
2012.8	0.453588867187 0.0
2012.9	0.4962890625 0.0
2012.9	0.33193359375 0.0
2012.9	0.468090820312 0.0
2012.9	0.812915039062 0.0
2012.9	1.99321289062 0.0
2013.0	0.306958007812 0.0
2013.0	0.89267578125 0.0
2013.1	1.38171386719 0.0
2013.1	0.793579101562 0.0
2013.1	0.207861328125 0.0
2013.2	0.833056640625 0.0
2013.2	1.72412109375 0.0
2013.2	0.458422851562 0.0
2013.2	0.1546875 0.0
2013.3	0.6703125 0.0
2013.3	0.762963867187 0.0
2013.3	1.5662109375 0.0
2013.3	1.15129394531 0.0
2013.3	0.652587890625 0.0
2013.4	0.296484375 0.0
2013.4	0.920068359375 0.0
2013.4	0.961962890625 0.0
2013.4	0.124072265625 0.0
2013.5	0.540600585937 0.0
2013.5	0.082177734375 0.0
2013.5	0.797607421875 0.0
2013.5	0.124072265625 0.0
2013.5	1.23508300781 0.0
2013.6	1.12631835937 0.0
2013.6	1.173046875 0.0
2013.6	0.140185546875 0.0
2013.6	0.26748046875 0.0
2013.6	0.31904296875 0.0
2013.6	0.399609375 0.0
2013.6	0.721875 0.0
2013.6	0.317431640625 0.0
2013.7	1.04252929687 0.0
2013.7	0.4833984375 0.0
2013.7	0.55107421875 0.0
2013.8	1.86027832031 0.0
2013.9	0.433447265625 0.0
2013.9	0.694482421875 0.0
2013.9	0.3673828125 0.0
2014.0	1.21655273438 0.0
2014.1	0.5865234375 0.0
2014.1	0.576049804688 0.0
2014.2	0.61552734375 0.0
2014.2	0.925708007812 0.0
2014.3	0.639697265625 0.0
2014.3	1.79985351562 0.0
2014.3	0.4125 0.0
2014.4	0.13212890625 0.0
2014.4	0.845947265625 0.0
2014.5	0.87333984375 0.0
2014.5	1.29953613281 0.0
2014.5	1.3341796875 0.0
2014.6	1.29147949219 0.0
2014.6	0.82822265625 0.0
2014.6	0.608276367188 0.0
2014.7	2.31628417969 0.0
2014.8	0.4447265625 0.0
2014.8	1.1859375 0.0
2014.8	0.290844726562 0.0
2014.8	1.13679199219 0.0
2014.9	0.559130859375 0.0
2014.9	0.59296875 0.0
2014.9	0.903955078125 0.0
2015.0	0.294873046875 0.0
2015.0	0.91201171875 0.0
2015.0	0.777465820312 0.0
2015.0	0.650170898437 0.0
2015.1	0.475341796875 0.0
2015.2	0.329516601562 0.0
2015.2	1.52109375 0.0
2015.3	0.95390625 0.0
2015.3	1.10698242187 0.0
2015.3	0.563159179687 0.0
2015.3	0.6703125 0.0
2015.4	0.820971679687 0.0
2015.4	0.786328125 0.0
2015.4	0.516430664062 0.0
2015.5	1.55251464844 0.0
2015.5	0.965991210937 0.0
2015.5	0.683203125 0.0
2015.6	1.58071289062 0.0
2015.6	0.678369140625 0.0
2015.6	0.229614257812 0.0
2015.6	0.156298828125 0.0
2015.6	0.476953125 0.0
2015.7	1.39379882812 0.0
2015.7	0.2513671875 0.0
2015.7	0.348852539062 0.0
2015.7	0.703344726562 0.0
2015.8	0.2255859375 0.0
2015.8	0.883813476562 0.0
2015.8	1.32451171875 0.0
2015.8	0.616333007812 0.0
2015.9	2.11486816406 0.0
2015.9	0.966796875 0.0
2016.0	0.292456054687 0.0
2016.0	0.733154296875 0.0
2016.1	0.920068359375 0.0
2016.1	0.365771484375 0.0
2016.1	0.530932617187 0.0
2016.1	0.736376953125 0.0
2016.1	0.469702148437 0.0
2016.2	0.595385742187 0.0
2016.2	0.64775390625 0.0
2016.3	0.49306640625 0.0
2016.3	0.659033203125 0.0
2016.4	2.31467285156 0.0
2016.4	0.911206054687 0.0
2016.4	0.371411132812 0.0
2016.4	0.737182617188 0.0
2016.4	1.38251953125 0.0
2016.4	0.449560546875 0.0
2016.5	0.373022460937 0.0
2016.5	0.236059570312 0.0
2016.5	0.407666015625 0.0
2016.5	0.38671875 0.0
2016.5	0.1740234375 0.0
2016.6	0.624389648438 0.0
2016.6	0.511596679688 0.0
2016.6	0.519653320312 0.0
2016.6	1.09892578125 0.0
2016.6	0.75732421875 0.0
2016.6	0.385913085937 0.0
2016.7	0.62841796875 0.0
2016.7	1.05864257812 0.0
2016.7	0.638891601562 0.0
2016.7	0.935375976562 0.0
2016.7	0.104736328125 0.0
2016.8	0.577661132812 0.0
2016.8	0.315014648437 0.0
2016.8	0.613110351562 0.0
2016.8	0.823388671875 0.0
2016.8	0.6896484375 0.0
2016.8	0.871728515625 0.0
2016.9	0.529321289062 0.0
2016.9	1.01674804687 0.0
2016.9	0.554296875 0.0
2017.0	1.30437011719 0.0
2017.0	1.01594238281 0.0
2017.0	0.425390625 0.0
2017.0	0.60908203125 0.0
2017.0	0.833056640625 0.0
2017.1	0.7798828125 0.0
2017.1	0.285205078125 0.0
2017.1	0.650170898437 0.0
2017.2	0.661450195312 0.0
2017.2	1.1408203125 0.0
2017.3	0.546240234375 0.0
2017.3	0.0966796875 0.0
2017.3	0.443920898437 0.0
2017.3	0.936181640625 0.0
2017.4	0.501123046875 0.0
2017.4	1.10053710938 0.0
2017.4	1.82160644531 0.0
2017.7	0.562353515625 0.0
2017.7	1.04494628906 0.0
2017.7	1.08361816406 0.0
2017.8	1.79985351562 0.0
2017.8	2.30661621094 0.0
2017.8	0.72509765625 0.0
2017.8	0.538989257812 0.0
2017.9	0.913623046875 0.0
2017.9	0.7025390625 0.0
2017.9	0.629223632812 0.0
2018.0	1.85625 0.0
2018.0	0.640502929688 0.0
2018.0	0.452783203125 0.0
2018.1	1.20366210937 0.0
2018.1	1.01271972656 0.0
2018.1	0.243310546875 0.0
2018.2	0.59296875 0.0
2018.2	0.559936523438 0.0
2018.2	1.1021484375 0.0
2018.2	0.35126953125 0.0
2018.2	0.6251953125 0.0
2018.3	0.476953125 0.0
2018.3	0.20302734375 0.0
2018.4	0.67353515625 0.0
2018.4	0.252978515625 0.0
2018.4	0.394775390625 0.0
2018.4	0.181274414062 0.0
2018.5	0.21591796875 0.0
2018.5	0.277954101562 0.0
2018.5	0.559936523438 0.0
2018.5	0.626000976562 0.0
2018.5	0.442309570312 0.0
2018.6	0.193359375 0.0
2018.6	0.157104492188 0.0
2018.7	0.562353515625 0.0
2018.7	0.507568359375 0.0
2018.7	0.85400390625 0.0
2018.7	0.951489257812 0.0
2018.7	0.78310546875 0.0
2018.7	1.00466308594 0.0
2018.8	0.631640625 0.0
2018.9	1.00144042969 0.0
2018.9	0.61552734375 0.0
2018.9	0.955517578125 0.0
2019.0	0.403637695312 0.0
2019.0	1.06669921875 0.0
2019.1	0.40283203125 0.0
2019.2	0.35126953125 0.0
2019.2	1.41958007812 0.0
2019.3	0.301318359375 0.0
2019.3	0.179663085937 0.0
2019.3	0.636474609375 0.0
2019.4	0.717041015625 0.0
2019.4	0.088623046875 0.0
2019.4	0.391552734375 0.0
2019.4	0.655004882812 0.0
2019.5	1.51948242187 0.0
2019.5	0.887036132812 0.0
2019.5	0.185302734375 0.0
2019.5	1.10537109375 0.0
2019.5	1.15935058594 0.0
2019.6	1.42602539062 0.0
2019.6	0.58330078125 0.0
2019.6	0.7154296875 0.0
2019.7	1.00708007812 0.0
2019.7	1.24152832031 0.0
2019.7	0.518041992188 0.0
2019.9	0.61875 0.0
2020.0	0.203833007812 0.0
2020.0	0.307763671875 0.0
2020.0	0.594580078125 0.0
2020.0	0.64453125 0.0
2020.2	0.123266601562 0.0
2020.2	0.379467773437 0.0
2020.2	0.538989257812 0.0
2020.3	0.706567382812 0.0
2020.3	0.95390625 0.0
2020.3	0.221557617188 0.0
2020.3	0.229614257812 0.0
2020.3	0.12890625 0.0
2020.4	0.485009765625 0.0
2020.4	0.468090820312 0.0
2020.5	0.95390625 0.0
2020.5	0.4189453125 0.0
2020.6	0.495483398438 0.0
2020.6	0.530126953125 0.0
2020.6	1.04494628906 0.0
2020.7	0.619555664062 0.0
2020.7	0.3802734375 0.0
2020.7	0.22880859375 0.0
2020.8	0.344018554687 0.0
2020.8	0.837890625 0.0
2020.9	0.90556640625 0.0
2020.9	0.250561523437 0.0
2020.9	0.555102539062 0.0
2021.1	2.31870117187 0.0
2021.1	1.15290527344 0.0
2021.2	0.611499023437 0.0
2021.2	0.767797851562 0.0
2021.2	1.33579101562 0.0
2021.2	0.578466796875 0.0
2021.3	0.729125976562 0.0
2021.3	2.01577148438 0.0
2021.3	0.3802734375 0.0
2021.5	0.524487304687 0.0
2021.5	0.492260742187 0.0
2021.5	0.508374023437 0.0
2021.5	0.35126953125 0.0
2021.6	0.5220703125 0.0
2021.6	1.11262207031 0.0
2021.6	0.917651367187 0.0
2021.7	1.03930664062 0.0
2021.7	0.61875 0.0
2021.7	0.63486328125 0.0
2021.8	1.12712402344 0.0
2021.8	0.43828125 0.0
2021.8	0.703344726562 0.0
2021.8	0.394775390625 0.0
2021.9	0.461645507812 0.0
2021.9	1.33015136719 0.0
2022.0	0.07412109375 0.0
2022.0	0.485815429687 0.0
2022.0	0.26748046875 0.0
2022.0	0.623583984375 0.0
2022.1	0.26103515625 0.0
2022.1	0.124877929688 0.0
2022.1	0.530126953125 0.0
2022.1	2.04235839844 0.0
2022.1	1.16821289062 0.0
2022.2	0.410083007812 0.0
2022.2	0.869311523437 0.0
2022.2	0.574438476563 0.0
2022.2	0.972436523437 0.0
2022.2	0.311791992187 0.0
2022.3	0.627612304687 0.0
2022.3	0.455200195312 0.0
2022.3	1.20688476562 0.0
2022.4	1.73942871094 0.0
2022.5	0.999829101562 0.0
2022.5	0.54140625 0.0
2022.5	0.606665039063 0.0
2022.6	0.485815429687 0.0
2022.6	0.456005859375 0.0
2022.6	0.833862304688 0.0
2022.8	0.442309570312 0.0
2022.8	1.40749511719 0.0
2022.9	0.314208984375 0.0
2022.9	0.7412109375 0.0
2023.0	0.575244140625 0.0
2023.0	0.234448242187 0.0
2023.0	0.639697265625 0.0
2023.1	0.43505859375 0.0
2023.2	0.403637695312 0.0
2023.2	0.507568359375 0.0
2023.3	0.653393554687 0.0
2023.3	1.07878417969 0.0
2023.3	1.894921875 0.0
2023.3	0.382690429688 0.0
2023.4	0.468896484375 0.0
2023.4	0.452783203125 0.0
2023.4	0.646948242187 0.0
2023.5	1.39621582031 0.0
2023.5	0.459228515625 0.0
2023.5	0.141796875 0.0
2023.5	0.697705078125 0.0
2023.5	0.56396484375 0.0
2023.5	0.339184570312 0.0
2023.6	0.143408203125 0.0
2023.6	0.433447265625 0.0
2023.6	1.47678222656 0.0
2023.6	0.378662109375 0.0
2023.7	0.652587890625 0.0
2023.8	0.56396484375 0.0
2023.8	0.890258789062 0.0
2023.8	0.874951171875 0.0
2023.9	0.37060546875 0.0
2023.9	0.561547851562 0.0
2023.9	0.584106445312 0.0
2023.9	0.864477539062 0.0
2024.1	1.27697753906 0.0
2024.1	0.176440429687 0.0
2024.3	0.900732421875 0.0
2024.3	0.146630859375 0.0
2024.3	0.330322265625 0.0
2024.4	0.779077148437 0.0
2024.4	0.381079101562 0.0
2024.4	0.758129882812 0.0
2024.4	0.6703125 0.0
2024.5	1.25441894531 0.0
2024.6	0.226391601562 0.0
2024.6	0.451171875 0.0
2024.6	0.307763671875 0.0
2024.6	0.887036132812 0.0
2024.7	0.413305664062 0.0
2024.7	0.986938476562 0.0
2024.7	0.907177734375 0.0
2024.8	0.184497070312 0.0
2024.8	0.4705078125 0.0
2024.8	0.671118164062 0.0
2024.9	1.36398925781 0.0
2024.9	1.56540527344 0.0
2024.9	0.384301757812 0.0
2024.9	0.323071289062 0.0
2025.1	0.182080078125 0.0
2025.1	1.33176269531 0.0
2025.1	0.674340820312 0.0
2025.2	0.990161132812 0.0
2025.2	1.01997070313 0.0
2025.2	1.12470703125 0.0
2025.3	0.6509765625 0.0
2025.3	0.490649414062 0.0
2025.3	1.22299804687 0.0
2025.3	0.2384765625 0.0
2025.3	0.96357421875 0.0
2025.4	0.270703125 0.0
2025.4	0.2578125 0.0
2025.4	0.373828125 0.0
2025.4	0.137768554687 0.0
2025.4	0.322265625 0.0
2025.4	0.558325195313 0.0
2025.5	0.373828125 0.0
2025.5	0.69931640625 0.0
2025.6	0.43505859375 0.0
2025.6	0.210278320312 0.0
2025.6	0.7025390625 0.0
2025.6	0.47373046875 0.0
2025.7	0.526904296875 0.0
2025.7	0.07734375 0.0
2025.7	1.24716796875 0.0
2025.7	0.742016601562 0.0
2025.8	0.136962890625 0.0
2025.9	0.653393554687 0.0
2025.9	0.198193359375 0.0
2025.9	0.563159179687 0.0
2026.0	1.57023925781 0.0
2026.0	0.272314453125 0.0
2026.0	0.425390625 0.0
2026.0	0.688842773438 0.0
2026.1	1.08361816406 0.0
2026.2	0.069287109375 0.0
2026.2	0.375439453125 0.0
2026.2	0.6638671875 0.0
2026.2	0.453588867187 0.0
2026.3	0.79921875 0.0
2026.3	0.289233398438 0.0
2026.4	1.09650878906 0.0
2026.4	0.835473632812 0.0
2026.4	0.413305664062 0.0
2026.5	1.45261230469 0.0
2026.6	0.474536132812 0.0
2026.6	0.6509765625 0.0
2026.6	0.24814453125 0.0
2026.6	1.37204589844 0.0
2026.6	1.37526855469 0.0
2026.6	0.066064453125 0.0
2026.6	0.421362304687 0.0
2026.7	0.59619140625 0.0
2026.7	0.84755859375 0.0
2026.7	0.971630859375 0.0
2026.7	0.57685546875 0.0
2026.8	0.3416015625 0.0
2026.8	0.790356445312 0.0
2026.8	0.726708984375 0.0
2026.8	1.26328125 0.0
2026.9	1.58876953125 0.0
2026.9	0.758935546875 0.0
2027.0	0.891870117187 0.0
2027.0	0.07734375 0.0
2027.0	2.22443847656 0.0
2027.0	0.559130859375 0.0
2027.0	0.1869140625 0.0
2027.0	0.142602539063 0.0
2027.1	0.4125 0.0
2027.1	1.03447265625 0.0
2027.1	0.270703125 0.0
2027.1	0.248950195312 0.0
2027.1	0.446337890625 0.0
2027.1	0.090234375 0.0
2027.1	0.266674804687 0.0
2027.2	0.330322265625 0.0
2027.2	0.51240234375 0.0
2027.3	0.5478515625 0.0
2027.3	0.281176757813 0.0
2027.3	0.169189453125 0.0
2027.3	0.621166992187 0.0
2027.4	2.31950683594 0.0
2027.4	0.591357421875 0.0
2027.4	0.8443359375 0.0
2027.5	0.733154296875 0.0
2027.5	0.436669921875 0.0
2027.5	0.345629882812 0.0
2027.5	1.51384277344 0.0
2027.5	0.994189453125 0.0
2027.6	0.23203125 0.0
2027.6	0.136962890625 0.0
2027.6	1.13356933594 0.0
2027.7	0.793579101562 0.0
2027.7	0.672729492188 0.0
2027.7	0.812109375 0.0
2027.8	0.810498046875 0.0
2027.8	0.503540039062 0.0
2027.9	0.142602539063 0.0
2027.9	1.36318359375 0.0
2027.9	0.403637695312 0.0
2028.0	0.651782226562 0.0
2028.0	0.7734375 0.0
2028.0	0.136157226562 0.0
2028.1	1.24313964844 0.0
2028.1	1.30114746094 0.0
2028.1	0.838696289062 0.0
2028.1	0.786328125 0.0
2028.2	0.623583984375 0.0
2028.2	0.503540039062 0.0
2028.2	0.168383789062 0.0
2028.3	0.285205078125 0.0
2028.3	0.708984375 0.0
2028.3	1.40991210938 0.0
2028.3	0.145825195312 0.0
2028.3	0.863671875 0.0
2028.3	2.32434082031 0.0
2028.4	0.11279296875 0.0
2028.4	0.553491210937 0.0
2028.4	0.64130859375 0.0
2028.5	0.327099609375 0.0
2028.5	2.08022460938 0.0
2028.5	0.680786132812 0.0
2028.5	0.344018554687 0.0
2028.5	0.5607421875 0.0
2028.5	0.23203125 0.0
2028.5	0.816943359375 0.0
2028.6	0.623583984375 0.0
2028.6	0.681591796875 0.0
2028.7	2.23813476562 0.0
2028.8	0.385913085937 0.0
2028.9	0.726708984375 0.0
2028.9	0.975659179687 0.0
2028.9	0.262646484375 0.0
2028.9	0.86689453125 0.0
2028.9	0.659033203125 0.0
2029.0	0.84755859375 0.0
2029.0	0.491455078125 0.0
2029.0	2.31950683594 0.0
2029.0	0.48017578125 0.0
2029.0	0.4576171875 0.0
2029.0	0.374633789062 0.0
2029.0	0.887841796875 0.0
2029.2	0.442309570312 0.0
2029.2	0.833862304688 0.0
2029.2	0.57041015625 0.0
2029.4	0.969213867187 0.0
2029.4	0.580883789062 0.0
2029.4	0.107958984375 0.0
2029.5	0.517236328125 0.0
2029.5	0.6509765625 0.0
2029.5	0.6380859375 0.0
2029.6	0.89267578125 0.0
2029.6	0.611499023437 0.0
2029.6	0.474536132812 0.0
2029.7	0.417333984375 0.0
2029.7	1.05380859375 0.0
2029.7	0.32548828125 0.0
2029.7	0.201416015625 0.0
2029.8	0.314208984375 0.0
2029.8	0.475341796875 0.0
2029.8	0.421362304687 0.0
2029.8	0.77021484375 0.0
2029.9	0.419750976562 0.0
2029.9	1.15773925781 0.0
2029.9	0.682397460937 0.0
2029.9	0.67353515625 0.0
2029.9	0.559936523438 0.0
2030.0	1.00546875 0.0
2030.0	0.422973632812 0.0
2030.0	0.884619140625 0.0
2030.0	0.5478515625 0.0
2030.0	0.48984375 0.0
2030.0	0.538989257812 0.0
2030.1	0.51240234375 0.0
2030.1	0.742822265625 0.0
2030.1	1.71848144531 0.0
2030.1	0.87333984375 0.0
2030.1	0.872534179687 0.0
2030.1	0.620361328125 0.0
2030.1	1.08039550781 0.0
2030.2	0.298095703125 0.0
2030.3	0.9087890625 0.0
2030.3	0.67998046875 0.0
2030.3	1.79018554687 0.0
2030.3	0.853198242187 0.0
2030.4	0.521264648437 0.0
2030.4	0.592163085938 0.0
2030.4	0.5349609375 0.0
2030.5	0.593774414062 0.0
2030.5	0.555908203125 0.0
2030.5	0.825 0.0
2030.5	0.30615234375 0.0
2030.5	0.810498046875 0.0
2030.6	0.253784179688 0.0
2030.6	0.530126953125 0.0
2030.6	1.10375976562 0.0
2030.6	1.11423339844 0.0
2030.6	0.425390625 0.0
2030.7	0.675146484375 0.0
2030.7	0.549462890625 0.0
2030.7	1.12390136719 0.0
2030.7	0.427001953125 0.0
2030.7	0.768603515625 0.0
2030.8	0.152270507812 0.0
2030.8	0.563159179687 0.0
2030.8	0.733154296875 0.0
2030.9	0.571215820312 0.0
2030.9	0.161938476562 0.0
2030.9	0.890258789062 0.0
2030.9	0.58974609375 0.0
2030.9	0.54462890625 0.0
2030.9	0.769409179688 0.0
2031.0	0.54140625 0.0
2031.0	0.462451171875 0.0
2031.0	0.29326171875 0.0
2031.0	1.96179199219 0.0
2031.0	0.2900390625 0.0
2031.0	0.468090820312 0.0
2031.1	0.620361328125 0.0
2031.1	0.172412109375 0.0
2031.1	0.376245117187 0.0
2031.2	0.629223632812 0.0
2031.2	0.946655273438 0.0
2031.2	0.2578125 0.0
2031.3	0.516430664062 0.0
2031.3	0.7412109375 0.0
2031.3	0.767797851562 0.0
2031.3	0.4640625 0.0
2031.3	1.21896972656 0.0
2031.3	0.9732421875 0.0
2031.4	1.93681640625 0.0
2031.4	0.68642578125 0.0
2031.5	0.662255859375 0.0
2031.5	1.80146484375 0.0
2031.6	0.508374023437 0.0
2031.6	1.134375 0.0
2031.6	1.04252929687 0.0
2031.7	1.45422363281 0.0
2031.7	0.368994140625 0.0
2031.7	0.316625976562 0.0
2031.7	0.6896484375 0.0
2031.7	0.143408203125 0.0
2031.8	0.825 0.0
2031.8	0.185302734375 0.0
2031.8	0.679174804687 0.0
2031.8	0.416528320312 0.0
2031.9	0.938598632812 0.0
2031.9	0.753295898438 0.0
2031.9	0.709790039062 0.0
2031.9	0.130517578125 0.0
2031.9	0.388330078125 0.0
2032.0	0.425390625 0.0
2032.0	0.42216796875 0.0
2032.0	0.664672851562 0.0
2032.0	2.32756347656 0.0
2032.0	0.494677734375 0.0
2032.0	0.313403320312 0.0
2032.0	0.244921875 0.0
2032.1	0.84111328125 0.0
2032.1	0.816943359375 0.0
2032.1	1.65161132812 0.0
2032.1	1.23508300781 0.0
2032.1	1.19399414062 0.0
2032.1	0.223974609375 0.0
2032.1	1.41394042969 0.0
2032.2	0.285205078125 0.0
2032.2	0.627612304687 0.0
2032.2	0.664672851562 0.0
2032.2	0.769409179688 0.0
2032.2	0.939404296875 0.0
2032.2	0.075732421875 0.0
2032.2	0.687231445312 0.0
2032.3	0.539794921875 0.0
2032.3	0.44150390625 0.0
2032.3	0.60908203125 0.0
2032.4	0.298095703125 0.0
2032.4	0.588134765625 0.0
2032.4	0.891064453125 0.0
2032.4	1.01997070313 0.0
2032.5	0.478564453125 0.0
2032.6	1.16821289062 0.0
2032.6	1.14484863281 0.0
2032.6	0.73798828125 0.0
2032.7	0.662255859375 0.0
2032.7	0.536572265625 0.0
2032.7	0.826611328125 0.0
2032.7	0.638891601562 0.0
2032.7	0.497094726562 0.0
2032.7	0.978881835938 0.0
2032.7	0.835473632812 0.0
2032.7	0.582495117188 0.0
2032.8	0.497900390625 0.0
2032.8	1.25441894531 0.0
2032.8	0.75087890625 0.0
2033.0	1.121484375 0.0
2033.0	0.535766601562 0.0
2033.0	0.178857421875 0.0
2033.0	0.497094726562 0.0
2033.0	0.20625 0.0
2033.1	0.43828125 0.0
2033.1	0.33515625 0.0
2033.2	0.804052734375 0.0
2033.2	0.211083984375 0.0
2033.2	0.327099609375 0.0
2033.2	0.42216796875 0.0
2033.2	1.52673339844 0.0
2033.3	0.62841796875 0.0
2033.3	0.252978515625 0.0
2033.4	1.04655761719 0.0
2033.4	0.4833984375 0.0
2033.4	2.33078613281 0.0
2033.5	1.52915039062 0.0
2033.5	0.33837890625 0.0
2033.5	0.353686523437 0.0
2033.6	0.468090820312 0.0
2033.6	0.435864257812 0.0
2033.7	1.1537109375 0.0
2033.7	0.592163085938 0.0
2033.8	1.82321777344 0.0
2033.8	0.42216796875 0.0
2033.8	0.24814453125 0.0
2033.8	0.591357421875 0.0
2033.8	0.48984375 0.0
2033.9	0.870922851562 0.0
2033.9	1.16418457031 0.0
2033.9	0.4705078125 0.0
2034.0	0.784716796875 0.0
2034.0	1.57104492188 0.0
2034.0	1.28020019531 0.0
2034.2	0.09345703125 0.0
2034.2	0.476953125 0.0
2034.2	0.626806640625 0.0
2034.2	0.564770507812 0.0
2034.2	0.720263671875 0.0
2034.2	0.476953125 0.0
2034.3	0.479370117188 0.0
2034.4	1.51223144531 0.0
2034.4	0.072509765625 0.0
2034.4	0.724291992187 0.0
2034.4	0.738793945312 0.0
2034.5	0.116015625 0.0
2034.5	0.519653320312 0.0
2034.5	1.10698242187 0.0
2034.6	0.701733398437 0.0
2034.7	0.29970703125 0.0
2034.7	0.77666015625 0.0
2034.8	0.941821289062 0.0
2034.8	0.985327148437 0.0
2034.8	0.964379882812 0.0
2034.9	0.80888671875 0.0
2034.9	0.637280273437 0.0
2034.9	0.194970703125 0.0
2034.9	0.17724609375 0.0
2035.0	0.595385742187 0.0
2035.0	0.74765625 0.0
2035.1	0.9732421875 0.0
2035.1	0.888647460937 0.0
2035.1	0.636474609375 0.0
2035.2	0.795190429687 0.0
2035.2	0.348046875 0.0
2035.3	0.569604492187 0.0
2035.3	0.461645507812 0.0
2035.3	0.44794921875 0.0
2035.3	0.349658203125 0.0
2035.3	0.34482421875 0.0
2035.3	0.0845947265625 0.0
2035.3	0.925708007812 0.0
2035.3	0.57041015625 0.0
2035.4	0.246533203125 0.0
2035.4	0.090234375 0.0
2035.4	0.309375 0.0
2035.4	0.423779296875 0.0
2035.4	1.19802246094 0.0
2035.4	0.307763671875 0.0
2035.4	0.349658203125 0.0
2035.5	0.903955078125 0.0
2035.5	1.17062988281 0.0
2035.5	0.8958984375 0.0
2035.5	0.4318359375 0.0
2035.6	0.40927734375 0.0
2035.6	2.30903320312 0.0
2035.6	0.956323242187 0.0
2035.7	0.915234375 0.0
2035.7	0.646142578125 0.0
2035.7	0.69609375 0.0
2035.7	0.3029296875 0.0
2035.8	0.639697265625 0.0
2035.8	0.895092773437 0.0
2035.9	1.02158203125 0.0
2035.9	0.704150390625 0.0
2035.9	1.53640136719 0.0
2035.9	0.519653320312 0.0
2036.0	0.8765625 0.0
2036.0	0.4125 0.0
2036.0	0.697705078125 0.0
2036.1	1.07797851562 0.0
2036.1	0.17080078125 0.0
2036.2	1.78696289062 0.0
2036.2	1.41877441406 0.0
2036.2	0.414111328125 0.0
2036.2	0.5865234375 0.0
2036.2	0.401220703125 0.0
2036.3	0.158715820312 0.0
2036.3	1.31645507812 0.0
2036.3	1.36640625 0.0
2036.4	0.6767578125 0.0
2036.4	0.3416015625 0.0
2036.4	0.446337890625 0.0
2036.4	2.31225585938 0.0
2036.4	0.5091796875 0.0
2036.5	0.15146484375 0.0
2036.5	0.2642578125 0.0
2036.5	0.64775390625 0.0
2036.6	0.543017578125 0.0
2036.6	1.16499023438 0.0
2036.7	0.646142578125 0.0
2036.7	0.46083984375 0.0
2036.9	1.03850097656 0.0
2036.9	0.4318359375 0.0
2037.0	1.78293457031 0.0
2037.0	1.00627441406 0.0
2037.0	1.03850097656 0.0
2037.1	0.4576171875 0.0
2037.1	1.03205566406 0.0
2037.1	0.208666992187 0.0
2037.1	0.729931640625 0.0
2037.1	0.286010742188 0.0
2037.2	0.4833984375 0.0
2037.2	1.50014648437 0.0
2037.2	2.25424804687 0.0
2037.3	1.00869140625 0.0
2037.3	1.08684082031 0.0
2037.3	1.11020507812 0.0
2037.4	0.75087890625 0.0
2037.4	0.623583984375 0.0
2037.5	0.129711914062 0.0
2037.5	0.07734375 0.0
2037.5	0.516430664062 0.0
2037.5	0.764575195312 0.0
2037.6	0.631640625 0.0
2037.6	0.23525390625 0.0
2037.6	0.53173828125 0.0
2037.6	1.15290527344 0.0
2037.6	0.745239257812 0.0
2037.6	0.623583984375 0.0
2037.6	0.653393554687 0.0
2037.7	0.4060546875 0.0
2037.7	1.24233398437 0.0
2037.7	0.0708984375 0.0
2037.9	0.550268554688 0.0
2037.9	1.05219726563 0.0
2037.9	0.549462890625 0.0
2037.9	0.694482421875 0.0
2037.9	0.141796875 0.0
2037.9	0.916040039062 0.0
2038.0	0.11279296875 0.0
2038.0	0.605053710937 0.0
2038.1	1.28020019531 0.0
2038.1	0.95712890625 0.0
2038.2	0.680786132812 0.0
2038.2	2.15756835937 0.0
2038.2	0.549462890625 0.0
2038.2	1.12873535156 0.0
2038.2	1.02319335938 0.0
2038.2	0.169995117187 0.0
2038.3	0.233642578125 0.0
2038.3	0.381884765625 0.0
2038.3	1.47033691406 0.0
2038.4	1.06105957031 0.0
2038.4	0.69287109375 0.0
2038.4	2.31306152344 0.0
2038.5	0.659033203125 0.0
2038.5	0.817749023438 0.0
2038.6	1.48645019531 0.0
2038.6	0.126489257813 0.0
2038.6	0.548657226562 0.0
2038.7	0.113598632812 0.0
2038.8	2.32272949219 0.0
2038.8	0.582495117188 0.0
2038.9	0.640502929688 0.0
2038.9	0.4962890625 0.0
2038.9	0.678369140625 0.0
2038.9	0.60908203125 0.0
2039.0	0.928930664062 0.0
2039.0	0.810498046875 0.0
2039.0	0.810498046875 0.0
2039.0	0.08701171875 0.0
2039.0	0.103125 0.0
2039.0	0.756518554687 0.0
2039.1	0.678369140625 0.0
2039.1	0.665478515625 0.0
2039.1	0.49306640625 0.0
2039.2	0.639697265625 0.0
2039.3	0.41572265625 0.0
2039.3	0.941821289062 0.0
2039.3	1.59521484375 0.0
2039.3	0.823388671875 0.0
2039.5	2.32272949219 0.0
2039.5	1.36237792969 0.0
2039.5	0.69931640625 0.0
2039.6	0.165966796875 0.0
2039.6	0.554296875 0.0
2039.6	0.57685546875 0.0
2039.7	0.397998046875 0.0
2039.7	0.182080078125 0.0
2039.7	0.713818359375 0.0
2039.7	0.359326171875 0.0
2039.7	0.554296875 0.0
2039.7	0.427807617187 0.0
2039.8	0.144213867187 0.0
2039.8	0.319848632812 0.0
2039.8	0.501123046875 0.0
2039.9	2.25424804687 0.0
2039.9	0.326293945312 0.0
2040.0	0.862060546875 0.0
2040.1	0.510791015625 0.0
2040.1	0.603442382812 0.0
2040.1	0.613110351562 0.0
2040.1	0.1998046875 0.0
2040.2	0.601025390625 0.0
2040.2	1.02158203125 0.0
2040.2	0.387524414062 0.0
2040.2	1.25925292969 0.0
2040.3	0.540600585937 0.0
2040.3	0.678369140625 0.0
2040.4	0.3673828125 0.0
2040.4	0.539794921875 0.0
2040.4	0.167578125 0.0
2040.4	0.750073242187 0.0
2040.4	0.327099609375 0.0
2040.5	0.436669921875 0.0
2040.5	0.4833984375 0.0
2040.5	0.631640625 0.0
2040.6	0.61875 0.0
2040.6	2.32756347656 0.0
2040.6	0.734765625 0.0
2040.6	0.445532226562 0.0
2040.7	0.3673828125 0.0
2040.7	0.66064453125 0.0
2040.7	0.681591796875 0.0
2040.7	0.507568359375 0.0
2040.7	0.962768554688 0.0
2040.8	0.44150390625 0.0
2040.8	0.655810546875 0.0
2040.9	0.543017578125 0.0
2040.9	0.642114257812 0.0
2041.1	1.1794921875 0.0
2041.1	0.6251953125 0.0
2041.1	0.8701171875 0.0
2041.2	0.788745117187 0.0
2041.2	0.423779296875 0.0
2041.2	0.603442382812 0.0
2041.3	0.597802734375 0.0
2041.3	0.223974609375 0.0
2041.3	1.48161621094 0.0
2041.3	1.21091308594 0.0
2041.3	0.717846679687 0.0
2041.3	0.432641601562 0.0
2041.4	0.337573242187 0.0
2041.4	0.89912109375 0.0
2041.4	1.7080078125 0.0
2041.4	0.143408203125 0.0
2041.5	1.23830566406 0.0
2041.5	1.12470703125 0.0
2041.5	0.427001953125 0.0
2041.5	0.333544921875 0.0
2041.5	0.547045898437 0.0
2041.5	0.368188476562 0.0
2041.5	0.600219726562 0.0
2041.5	0.990161132812 0.0
2041.6	0.374633789062 0.0
2041.7	1.04978027344 0.0
2041.7	0.3029296875 0.0
2041.7	0.371411132812 0.0
2041.8	0.6509765625 0.0
2041.8	1.69995117188 0.0
2041.8	1.09409179687 0.0
2041.8	0.836279296875 0.0
2041.9	0.7025390625 0.0
2041.9	0.691259765625 0.0
2041.9	0.418139648437 0.0
2041.9	1.05703125 0.0
2042.0	0.191748046875 0.0
2042.0	0.507568359375 0.0
2042.1	0.066064453125 0.0
2042.1	0.140185546875 0.0
2042.2	0.217529296875 0.0
2042.2	0.17080078125 0.0
2042.3	1.52351074219 0.0
2042.3	0.420556640625 0.0
2042.3	0.449560546875 0.0
2042.4	1.58071289062 0.0
2042.4	0.451171875 0.0
2042.4	0.86689453125 0.0
2042.4	0.617138671875 0.0
2042.5	0.67353515625 0.0
2042.5	0.868505859375 0.0
2042.5	0.564770507812 0.0
2042.5	1.45825195312 0.0
2042.5	0.631640625 0.0
2042.6	1.79904785156 0.0
2042.6	1.134375 0.0
2042.6	0.215112304687 0.0
2042.6	1.29953613281 0.0
2042.6	0.478564453125 0.0
2042.7	1.10698242187 0.0
2042.7	0.713012695312 0.0
2042.8	0.527709960938 0.0
2042.8	0.84755859375 0.0
2042.9	0.20625 0.0
2042.9	0.903955078125 0.0
2042.9	0.861254882812 0.0
2042.9	0.3416015625 0.0
2043.0	0.466479492187 0.0
2043.0	0.555908203125 0.0
2043.0	0.887036132812 0.0
2043.0	0.195776367187 0.0
2043.2	0.849975585938 0.0
2043.2	0.613110351562 0.0
2043.3	0.898315429688 0.0
2043.3	0.306958007812 0.0
2043.3	0.5220703125 0.0
2043.3	0.836279296875 0.0
2043.3	0.48017578125 0.0
2043.4	0.0862060546875 0.0
2043.5	0.867700195312 0.0
2043.5	0.165966796875 0.0
2043.5	0.5607421875 0.0
2043.5	0.381079101562 0.0
2043.5	0.0837890625 0.0
2043.6	0.3931640625 0.0
2043.6	0.71220703125 0.0
2043.6	0.442309570312 0.0
2043.6	1.3986328125 0.0
2043.6	0.19013671875 0.0
2043.6	0.476953125 0.0
2043.7	0.269091796875 0.0
2043.7	0.48017578125 0.0
2043.7	1.22219238281 0.0
2043.7	0.266674804687 0.0
2043.7	2.14145507812 0.0
2043.7	0.940209960937 0.0
2043.8	0.476147460937 0.0
2043.8	0.331127929687 0.0
2043.8	0.2771484375 0.0
2043.8	1.508203125 0.0
2043.9	0.835473632812 0.0
2043.9	0.587329101562 0.0
2043.9	0.29970703125 0.0
2044.0	0.11279296875 0.0
2044.0	1.02722167969 0.0
2044.0	1.27214355469 0.0
2044.0	0.61552734375 0.0
2044.0	1.97307128906 0.0
2044.0	0.366577148438 0.0
2044.1	0.425390625 0.0
2044.1	0.865283203125 0.0
2044.1	0.836279296875 0.0
2044.2	1.15612792969 0.0
2044.2	0.28681640625 0.0
2044.3	1.06267089844 0.0
2044.3	0.399609375 0.0
2044.3	0.333544921875 0.0
2044.4	0.294873046875 0.0
2044.5	0.688037109375 0.0
2044.5	0.58330078125 0.0
2044.5	0.366577148438 0.0
2044.6	0.5736328125 0.0
2044.6	1.23991699219 0.0
2044.6	0.74443359375 0.0
2044.6	1.11181640625 0.0
2044.6	0.90556640625 0.0
2044.6	0.315014648437 0.0
2044.6	2.32353515625 0.0
2044.7	1.73942871094 0.0
2044.8	0.6896484375 0.0
2044.8	0.710595703125 0.0
2044.8	0.90556640625 0.0
2044.9	0.479370117188 0.0
2044.9	0.604248046875 0.0
2044.9	0.54140625 0.0
2044.9	0.623583984375 0.0
2044.9	0.55107421875 0.0
2044.9	0.77021484375 0.0
2045.0	1.23991699219 0.0
2045.0	0.51884765625 0.0
2045.0	0.688037109375 0.0
2045.0	0.655810546875 0.0
2045.0	0.482592773437 0.0
2045.0	0.984521484375 0.0
2045.1	0.501123046875 0.0
2045.3	0.631640625 0.0
2045.3	0.30615234375 0.0
2045.4	0.265063476563 0.0
2045.4	0.967602539062 0.0
2045.4	0.95712890625 0.0
2045.5	1.10859375 0.0
2045.5	0.974853515625 0.0
2045.5	0.466479492187 0.0
2045.5	0.4125 0.0
2045.5	1.73459472656 0.0
2045.5	0.4576171875 0.0
2045.6	0.630029296875 0.0
2045.7	0.14501953125 0.0
2045.7	0.322265625 0.0
