4404.2	1.41313476562 0.0
4404.2	0.207055664062 0.0
4404.3	1.018359375 0.0
4404.3	0.564770507812 0.0
4404.3	0.926513671875 0.0
4404.3	0.332739257812 0.0
4404.4	0.0515625 0.0
4404.4	0.7541015625 0.0
4404.4	1.23830566406 0.0
4404.4	0.429418945312 0.0
4404.5	0.80888671875 0.0
4404.5	1.50417480469 0.0
4404.5	0.265869140625 0.0
4404.5	0.0523681640625 0.0
4404.5	1.08684082031 0.0
4404.5	1.50336914062 0.0
4404.6	0.18046875 0.0
4404.6	1.20769042969 0.0
4404.6	1.33176269531 0.0
4404.6	0.93779296875 0.0
4404.6	0.810498046875 0.0
4404.7	0.750073242187 0.0
4404.8	0.072509765625 0.0
4404.8	0.717041015625 0.0
4404.8	0.830639648437 0.0
4404.8	0.761352539062 0.0
4404.9	1.49692382812 0.0
4404.9	1.00708007812 0.0
4405.0	1.43408203125 0.0
4405.1	0.941821289062 0.0
4405.1	1.26650390625 0.0
4405.1	0.152270507812 0.0
4405.2	1.50256347656 0.0
4405.3	0.532543945312 0.0
4405.4	1.0505859375 0.0
4405.4	1.5017578125 0.0
4405.5	1.08764648438 0.0
4405.5	0.0491455078125 0.0
4405.6	0.232836914062 0.0
4405.7	1.50739746094 0.0
4405.7	1.00385742188 0.0
4405.7	0.475341796875 0.0
4405.8	0.546240234375 0.0
4405.9	1.49853515625 0.0
4406.0	0.576049804688 0.0
4406.0	1.49934082031 0.0
4406.2	0.811303710937 0.0
4406.2	1.18190917969 0.0
4406.2	0.046728515625 0.0
4406.3	0.605859375 0.0
4406.3	0.61552734375 0.0
4406.4	1.21333007813 0.0
4406.4	0.42216796875 0.0
4406.5	1.49611816406 0.0
4406.6	0.750073242187 0.0
4406.7	0.92490234375 0.0
4406.8	0.87978515625 0.0
4406.9	0.103125 0.0
4406.9	1.46872558594 0.0
4406.9	0.636474609375 0.0
4407.0	1.50095214844 0.0
4407.1	1.49934082031 0.0
4407.1	1.50578613281 0.0
4407.1	1.50981445312 0.0
4407.1	0.867700195312 0.0
4407.3	1.06669921875 0.0
4407.4	0.653393554687 0.0
4407.5	1.3921875 0.0
4407.5	1.49289550781 0.0
4407.6	1.00708007812 0.0
4407.6	1.50739746094 0.0
4407.7	1.22219238281 0.0
4407.7	1.15773925781 0.0
4407.7	1.29792480469 0.0
4407.8	1.50014648437 0.0
4407.8	0.659838867187 0.0
4407.8	0.952294921875 0.0
4407.9	1.50659179688 0.0
4407.9	1.23588867187 0.0
4407.9	0.949877929687 0.0
4408.0	1.50417480469 0.0
4408.1	0.9345703125 0.0
4408.2	1.04333496094 0.0
4408.2	0.60263671875 0.0
4408.3	0.1482421875 0.0
4408.3	1.50498046875 0.0
4408.3	0.194970703125 0.0
4408.3	0.69609375 0.0
4408.4	0.771020507812 0.0
4408.4	1.43569335937 0.0
4408.4	1.508203125 0.0
4408.5	0.800024414062 0.0
4408.5	0.74765625 0.0
4408.6	1.22541503906 0.0
4408.6	1.4953125 0.0
4408.7	1.21171875 0.0
4408.8	1.09973144531 0.0
4408.8	1.50900878906 0.0
4408.8	0.381079101562 0.0
4408.9	1.50900878906 0.0
4409.0	1.49934082031 0.0
4409.1	1.1021484375 0.0
4409.1	1.44616699219 0.0
4409.1	0.47373046875 0.0
4409.1	0.489038085937 0.0
4409.2	1.27294921875 0.0
4409.3	1.47355957031 0.0
4409.3	1.00949707031 0.0
4409.3	0.69931640625 0.0
4409.4	1.37446289062 0.0
4409.4	1.50336914062 0.0
4409.5	0.748461914062 0.0
4409.5	1.47436523438 0.0
4409.5	0.66708984375 0.0
4409.5	0.540600585937 0.0
4409.6	1.49934082031 0.0
4409.6	0.994189453125 0.0
4409.6	1.49853515625 0.0
4409.7	0.749267578125 0.0
4409.8	1.49692382812 0.0
4409.8	1.50659179688 0.0
4409.8	1.50498046875 0.0
4409.8	0.775048828125 0.0
4409.9	0.528515625 0.0
4409.9	0.563159179687 0.0
4409.9	0.825 0.0
4409.9	0.925708007812 0.0
4410.0	1.198828125 0.0
4410.0	1.50256347656 0.0
4410.0	1.50578613281 0.0
4410.3	1.2826171875 0.0
4410.3	1.2890625 0.0
4410.3	1.00949707031 0.0
4410.3	1.14484863281 0.0
4410.4	0.056396484375 0.0
4410.4	0.93779296875 0.0
4410.5	1.50014648437 0.0
4410.6	0.0 0.0
4410.6	0.856420898437 0.0
4410.8	1.50014648437 0.0
4410.9	0.993383789062 0.0
4411.1	1.49853515625 0.0
4411.2	1.5017578125 0.0
4411.2	1.14645996094 0.0
4411.2	1.25522460937 0.0
4411.3	0.24169921875 0.0
4411.3	0.848364257812 0.0
4411.3	0.582495117188 0.0
4411.4	1.50336914062 0.0
4411.5	1.30034179687 0.0
4411.5	1.48161621094 0.0
4411.6	1.50900878906 0.0
4411.6	1.5017578125 0.0
4411.8	1.30678710937 0.0
4411.8	0.575244140625 0.0
4411.9	1.31323242188 0.0
4412.0	0.627612304687 0.0
4412.1	0.9474609375 0.0
4412.1	1.22944335938 0.0
4412.1	0.274731445312 0.0
4412.1	0.800024414062 0.0
4412.2	1.22299804687 0.0
4412.4	1.50578613281 0.0
4412.4	1.49611816406 0.0
4412.4	1.50578613281 0.0
4412.4	0.972436523437 0.0
4412.4	1.49853515625 0.0
4412.4	0.8958984375 0.0
4412.5	1.35754394531 0.0
4412.6	1.50498046875 0.0
4412.7	1.09892578125 0.0
4412.7	1.07958984375 0.0
4412.7	0.637280273437 0.0
4412.7	0.059619140625 0.0
4412.7	1.08039550781 0.0
4412.8	1.47275390625 0.0
4412.8	0.613916015625 0.0
4412.8	0.949877929687 0.0
4412.8	0.833056640625 0.0
4412.9	0.237670898438 0.0
4412.9	0.678369140625 0.0
4413.0	1.50417480469 0.0
4413.0	0.594580078125 0.0
4413.1	0.887841796875 0.0
4413.2	1.508203125 0.0
4413.3	1.50417480469 0.0
4413.3	0.540600585937 0.0
4413.4	0.755712890625 0.0
4413.5	0.6767578125 0.0
4413.5	1.45341796875 0.0
4413.5	0.343212890625 0.0
4413.6	1.49772949219 0.0
4413.6	1.18271484375 0.0
4413.7	1.06267089844 0.0
4413.7	0.0 0.0
4413.9	1.50659179688 0.0
4413.9	1.19560546875 0.0
4414.0	1.5017578125 0.0
4414.0	0.565576171875 0.0
4414.0	1.49934082031 0.0
4414.0	1.50900878906 0.0
4414.1	0.113598632812 0.0
4414.3	1.50014648437 0.0
4414.3	1.50498046875 0.0
4414.3	1.45583496094 0.0
4414.3	0.734765625 0.0
4414.4	0.714624023437 0.0
4414.4	0.66708984375 0.0
4414.5	1.19721679688 0.0
4414.6	1.50336914062 0.0
4414.6	0.758935546875 0.0
4414.6	1.16176757812 0.0
4414.7	0.53173828125 0.0
4414.7	1.47275390625 0.0
4414.8	1.32854003906 0.0
4414.8	1.48322753906 0.0
4414.9	1.49853515625 0.0
4414.9	0.732348632812 0.0
4415.0	1.07958984375 0.0
4415.0	0.945849609375 0.0
4415.0	1.28100585938 0.0
4415.0	0.920068359375 0.0
4415.1	1.508203125 0.0
4415.2	0.0451171875 0.0
4415.3	1.20769042969 0.0
4415.3	1.50659179688 0.0
4415.4	1.01110839844 0.0
4415.4	0.0515625 0.0
4415.5	0.182080078125 0.0
4415.6	0.12890625 0.0
4415.6	1.50659179688 0.0
4415.7	0.726708984375 0.0
4415.7	1.49772949219 0.0
4415.7	1.50256347656 0.0
4415.8	1.00385742188 0.0
4415.8	0.788745117187 0.0
4415.8	0.136962890625 0.0
4415.8	0.943432617187 0.0
4415.8	0.66708984375 0.0
4416.0	0.736376953125 0.0
4416.2	0.610693359375 0.0
4416.2	1.02561035156 0.0
4416.2	0.632446289062 0.0
4416.2	1.43488769531 0.0
4416.2	1.50659179688 0.0
4416.3	1.23266601562 0.0
4416.4	1.34304199219 0.0
4416.4	0.85078125 0.0
4416.4	1.31564941406 0.0
4416.7	0.379467773437 0.0
4416.8	1.38332519531 0.0
4416.8	0.521264648437 0.0
4416.8	1.10778808594 0.0
4416.8	1.41796875 0.0
4416.8	1.1021484375 0.0
4416.9	0.97001953125 0.0
4416.9	1.01997070313 0.0
4416.9	0.751684570312 0.0
4417.0	0.485009765625 0.0
4417.0	1.49611816406 0.0
4417.1	1.50659179688 0.0
4417.1	0.587329101562 0.0
4417.1	1.0892578125 0.0
4417.1	1.5017578125 0.0
4417.2	0.798413085937 0.0
4417.2	0.697705078125 0.0
4417.2	0.494677734375 0.0
4417.2	1.5017578125 0.0
4417.3	0.758935546875 0.0
4417.3	1.50336914062 0.0
4417.3	1.04736328125 0.0
4417.5	1.11020507812 0.0
4417.5	0.485009765625 0.0
4417.7	0.075732421875 0.0
4417.7	0.722680664062 0.0
4417.7	1.36721191406 0.0
4417.7	0.24169921875 0.0
4417.8	0.698510742187 0.0
4417.8	1.46228027344 0.0
4417.8	1.49934082031 0.0
4417.8	0.0668701171875 0.0
4417.8	1.16176757812 0.0
4417.9	1.08684082031 0.0
4417.9	1.09248046875 0.0
4418.0	0.832250976562 0.0
4418.1	1.508203125 0.0
4418.1	1.5017578125 0.0
4418.2	0.951489257812 0.0
4418.2	0.8314453125 0.0
4418.3	1.50417480469 0.0
4418.3	1.49611816406 0.0
4418.3	1.50498046875 0.0
4418.4	1.49772949219 0.0
4418.4	0.837890625 0.0
4418.4	0.684008789062 0.0
4418.6	0.656616210938 0.0
4418.6	0.0708984375 0.0
4418.7	0.9087890625 0.0
4418.7	1.49853515625 0.0
4418.7	1.50014648437 0.0
4418.7	1.40588378906 0.0
4418.8	1.50659179688 0.0
4418.8	1.04494628906 0.0
4418.8	0.800024414062 0.0
4418.9	0.116015625 0.0
4418.9	1.5017578125 0.0
4419.0	0.722680664062 0.0
4419.1	1.50417480469 0.0
4419.1	0.0926513671875 0.0
4419.1	0.0 0.0
4419.2	0.942626953125 0.0
4419.2	0.940209960937 0.0
4419.3	1.49692382812 0.0
4419.3	0.530126953125 0.0
4419.3	1.48403320312 0.0
4419.4	0.506762695312 0.0
4419.4	1.50900878906 0.0
4419.5	0.0475341796875 0.0
4419.6	1.49772949219 0.0
4419.6	1.50256347656 0.0
4419.6	0.322265625 0.0
4419.6	1.5017578125 0.0
4419.7	1.49853515625 0.0
4419.7	1.50417480469 0.0
4419.7	0.15146484375 0.0
4420.0	1.49611816406 0.0
4420.0	0.556713867187 0.0
4420.0	1.1666015625 0.0
4420.1	0.800830078125 0.0
4420.2	0.116015625 0.0
4420.3	0.675146484375 0.0
4420.3	1.50417480469 0.0
4420.5	1.40024414062 0.0
4420.5	0.091845703125 0.0
4420.5	0.062841796875 0.0
4420.5	0.524487304687 0.0
4420.6	0.567993164062 0.0
4420.6	0.943432617187 0.0
4420.6	1.508203125 0.0
4420.6	1.42924804687 0.0
4420.7	1.2052734375 0.0
4420.7	0.848364257812 0.0
4420.7	1.16499023438 0.0
4420.7	1.50014648437 0.0
4420.8	1.24797363281 0.0
4420.8	1.42763671875 0.0
4420.9	1.50336914062 0.0
4420.9	1.49934082031 0.0
4421.0	1.50498046875 0.0
4421.0	0.1546875 0.0
4421.0	0.9345703125 0.0
4421.0	1.50498046875 0.0
4421.0	0.302124023438 0.0
4421.2	1.20205078125 0.0
4421.2	0.956323242187 0.0
4421.2	0.67998046875 0.0
4421.2	1.23186035156 0.0
4421.3	1.50095214844 0.0
4421.3	1.49611816406 0.0
4421.3	0.0604248046875 0.0
4421.4	1.50417480469 0.0
4421.4	0.826611328125 0.0
4421.4	0.926513671875 0.0
4421.4	0.978076171875 0.0
4421.5	1.50417480469 0.0
4421.5	1.50498046875 0.0
4421.6	0.664672851562 0.0
4421.6	0.0451171875 0.0
4421.7	0.5478515625 0.0
4421.7	1.34223632812 0.0
4421.7	0.55751953125 0.0
4421.8	0.86689453125 0.0
4421.8	0.990966796875 0.0
4421.9	1.50739746094 0.0
4421.9	1.50256347656 0.0
4421.9	1.30678710937 0.0
4421.9	0.529321289062 0.0
4422.0	0.929736328125 0.0
4422.1	1.5017578125 0.0
4422.1	0.261840820312 0.0
4422.1	0.064453125 0.0
4422.2	0.48984375 0.0
4422.4	1.508203125 0.0
4422.5	0.419750976562 0.0
4422.7	1.50659179688 0.0
4422.8	0.9087890625 0.0
4422.8	1.36640625 0.0
4422.9	1.5017578125 0.0
4422.9	0.315014648437 0.0
4423.0	0.684008789062 0.0
4423.0	0.368994140625 0.0
4423.0	1.121484375 0.0
4423.0	0.916845703125 0.0
4423.1	0.970825195312 0.0
4423.1	1.01271972656 0.0
4423.2	0.935375976562 0.0
4423.2	0.920874023437 0.0
4423.2	1.41635742187 0.0
4423.3	1.49934082031 0.0
4423.4	1.50336914062 0.0
4423.5	0.74443359375 0.0
4423.5	0.9216796875 0.0
4423.5	0.8701171875 0.0
4423.6	0.89912109375 0.0
4423.7	0.167578125 0.0
4423.7	0.595385742187 0.0
4423.7	0.653393554687 0.0
4423.8	0.313403320312 0.0
4423.9	1.50578613281 0.0
4423.9	0.78955078125 0.0
4424.0	0.165161132812 0.0
4424.3	1.49289550781 0.0
4424.5	1.2439453125 0.0
4424.6	0.10634765625 0.0
4424.6	1.50336914062 0.0
4424.7	1.01674804687 0.0
4424.7	0.607470703125 0.0
4424.9	0.095068359375 0.0
4424.9	0.916845703125 0.0
4424.9	0.810498046875 0.0
4425.0	1.50095214844 0.0
4425.2	1.49853515625 0.0
4425.2	1.44938964844 0.0
4425.3	0.913623046875 0.0
4425.5	0.191748046875 0.0
4425.5	1.16418457031 0.0
4425.6	0.85400390625 0.0
4425.6	0.2642578125 0.0
4425.7	1.38332519531 0.0
4425.7	1.15773925781 0.0
4425.8	1.50739746094 0.0
4426.2	0.758129882812 0.0
4426.2	1.134375 0.0
4426.2	0.309375 0.0
4426.2	1.49772949219 0.0
4426.2	1.27375488281 0.0
4426.2	0.117626953125 0.0
4426.3	0.887841796875 0.0
4426.3	1.31162109375 0.0
4426.4	0.881396484375 0.0
4426.4	0.8701171875 0.0
4426.4	0.8314453125 0.0
4426.4	0.372216796875 0.0
4426.4	0.12568359375 0.0
4426.5	0.7734375 0.0
4426.5	0.765380859375 0.0
4426.7	0.972436523437 0.0
4426.7	0.477758789062 0.0
4426.8	0.365771484375 0.0
4426.8	0.233642578125 0.0
4426.9	0.726708984375 0.0
4427.0	1.44777832031 0.0
4427.1	0.74765625 0.0
4427.2	0.4576171875 0.0
4427.3	1.33740234375 0.0
4427.3	0.252978515625 0.0
4427.4	1.50336914062 0.0
4427.4	1.24636230469 0.0
4427.6	1.50900878906 0.0
4427.6	1.50336914062 0.0
4427.6	0.577661132812 0.0
4427.7	0.114404296875 0.0
4427.7	1.50256347656 0.0
4427.7	1.31000976562 0.0
4427.8	0.67353515625 0.0
4427.8	1.50900878906 0.0
4427.8	0.875756835937 0.0
4427.9	1.50739746094 0.0
4427.9	0.95068359375 0.0
4427.9	0.35771484375 0.0
4427.9	0.708984375 0.0
4428.0	1.5017578125 0.0
4428.0	0.655810546875 0.0
4428.0	0.579272460937 0.0
4428.0	0.616333007812 0.0
4428.1	0.072509765625 0.0
4428.2	1.50498046875 0.0
4428.2	1.50659179688 0.0
4428.3	1.49611816406 0.0
4428.3	1.17143554687 0.0
4428.4	1.0828125 0.0
4428.4	0.21591796875 0.0
4428.4	0.232836914062 0.0
4428.5	0.885424804687 0.0
4428.5	0.781494140625 0.0
4428.5	1.508203125 0.0
4428.6	1.50578613281 0.0
4428.6	0.3609375 0.0
4428.6	0.912817382812 0.0
4428.7	0.0572021484375 0.0
4428.7	1.4953125 0.0
4428.7	1.13598632812 0.0
4428.9	0.7927734375 0.0
4428.9	0.69287109375 0.0
4429.2	0.667895507812 0.0
4429.2	0.059619140625 0.0
4429.2	0.20302734375 0.0
4429.3	1.508203125 0.0
4429.4	1.49370117187 0.0
4429.5	1.50256347656 0.0
4429.5	1.50256347656 0.0
4429.5	1.1150390625 0.0
4429.5	1.49611816406 0.0
4429.6	1.19399414062 0.0
4429.6	1.50014648437 0.0
4429.7	0.78955078125 0.0
4429.7	1.49853515625 0.0
4429.7	0.691259765625 0.0
4429.8	1.06025390625 0.0
4429.8	0.693676757812 0.0
4429.8	1.19963378906 0.0
4429.9	1.50336914062 0.0
4430.0	0.588940429687 0.0
4430.0	0.646948242187 0.0
4430.0	0.376245117187 0.0
4430.0	0.577661132812 0.0
4430.0	0.88623046875 0.0
4430.1	1.50336914062 0.0
4430.2	0.584912109375 0.0
4430.2	1.26247558594 0.0
4430.3	1.50498046875 0.0
4430.3	1.50498046875 0.0
4430.3	0.15791015625 0.0
4430.4	1.49611816406 0.0
4430.5	1.1794921875 0.0
4430.7	1.49853515625 0.0
4430.7	0.3673828125 0.0
4430.8	1.43408203125 0.0
4430.8	0.953100585937 0.0
4430.8	0.63486328125 0.0
4430.9	1.49934082031 0.0
4430.9	1.49772949219 0.0
4431.0	1.50256347656 0.0
4431.2	0.462451171875 0.0
4431.4	0.891064453125 0.0
4431.7	1.18996582031 0.0
4431.7	1.49934082031 0.0
4431.9	1.29631347656 0.0
4432.0	1.38654785156 0.0
4432.0	1.50336914062 0.0
4432.1	1.5017578125 0.0
4432.2	0.723486328125 0.0
4432.2	1.48564453125 0.0
4432.3	1.50659179688 0.0
4432.3	1.50900878906 0.0
4432.5	0.748461914062 0.0
4432.5	0.6703125 0.0
4432.5	0.722680664062 0.0
4432.6	0.671118164062 0.0
4432.6	0.53173828125 0.0
4432.6	0.497900390625 0.0
4432.6	0.820971679687 0.0
4432.7	0.756518554687 0.0
4432.7	0.7669921875 0.0
4432.8	1.50014648437 0.0
4432.8	1.50014648437 0.0
4432.8	1.22863769531 0.0
4432.8	1.49289550781 0.0
4432.9	0.701733398437 0.0
4432.9	0.890258789062 0.0
4432.9	1.3212890625 0.0
4432.9	0.735571289062 0.0
4433.0	0.58974609375 0.0
4433.2	1.50417480469 0.0
4433.5	0.236059570312 0.0
4433.5	0.906372070312 0.0
4433.5	0.153076171875 0.0
4433.6	0.874951171875 0.0
4433.6	1.095703125 0.0
4433.7	0.0523681640625 0.0
4433.9	1.30437011719 0.0
4433.9	1.49934082031 0.0
4433.9	1.50014648437 0.0
4434.2	0.964379882812 0.0
4434.2	1.05219726563 0.0
4434.2	1.50900878906 0.0
4434.2	1.29792480469 0.0
4434.2	1.33579101562 0.0
4434.2	0.668701171875 0.0
4434.2	1.37526855469 0.0
4434.3	1.50014648437 0.0
4434.4	1.25925292969 0.0
4434.4	0.159521484375 0.0
4434.5	0.478564453125 0.0
4434.5	1.0828125 0.0
4434.5	1.22058105469 0.0
4434.5	1.07797851562 0.0
4434.6	1.50578613281 0.0
4434.6	1.31162109375 0.0
4434.6	0.709790039062 0.0
4434.8	0.561547851562 0.0
4434.8	0.643725585937 0.0
4434.8	1.50014648437 0.0
4434.9	1.4953125 0.0
4434.9	0.688842773438 0.0
4435.0	1.49934082031 0.0
4435.0	1.18835449219 0.0
4435.1	0.946655273438 0.0
4435.1	1.12390136719 0.0
4435.1	1.45825195312 0.0
4435.2	1.50095214844 0.0
4435.2	1.05783691406 0.0
4435.2	0.3416015625 0.0
4435.2	0.9732421875 0.0
4435.2	1.28100585938 0.0
4435.4	1.49934082031 0.0
4435.4	0.8701171875 0.0
4435.4	1.508203125 0.0
4435.5	0.86044921875 0.0
4435.5	0.446337890625 0.0
4435.5	0.259423828125 0.0
4435.6	1.50739746094 0.0
4435.6	0.604248046875 0.0
4435.7	0.588134765625 0.0
4435.7	0.575244140625 0.0
4435.8	0.939404296875 0.0
4435.9	0.772631835937 0.0
4436.0	1.22622070312 0.0
4436.0	1.50659179688 0.0
4436.0	1.2310546875 0.0
4436.0	0.46728515625 0.0
4436.0	1.50578613281 0.0
4436.1	1.24716796875 0.0
4436.1	0.564770507812 0.0
4436.2	0.643725585937 0.0
4436.2	1.43649902344 0.0
4436.3	1.069921875 0.0
4436.3	1.508203125 0.0
4436.3	1.31162109375 0.0
4436.4	0.991772460937 0.0
4436.4	1.44133300781 0.0
4436.5	0.972436523437 0.0
4436.5	0.8314453125 0.0
4436.5	1.49692382812 0.0
4436.9	0.968408203125 0.0
4436.9	0.049951171875 0.0
4436.9	0.884619140625 0.0
4436.9	0.7283203125 0.0
4436.9	0.439892578125 0.0
4437.0	1.07717285156 0.0
4437.0	1.50417480469 0.0
4437.0	1.50014648437 0.0
4437.1	0.59296875 0.0
4437.1	0.26748046875 0.0
4437.1	0.56396484375 0.0
4437.1	0.92490234375 0.0
4437.1	1.49772949219 0.0
4437.2	1.03286132812 0.0
4437.2	1.15048828125 0.0
4437.2	0.671118164062 0.0
4437.2	1.508203125 0.0
4437.2	0.729931640625 0.0
4437.3	1.08361816406 0.0
4437.3	0.897509765625 0.0
4437.3	0.848364257812 0.0
4437.3	1.21333007813 0.0
4437.4	0.909594726562 0.0
4437.5	0.852392578125 0.0
4437.5	0.301318359375 0.0
4437.6	1.50739746094 0.0
4437.6	0.638891601562 0.0
4437.6	1.23347167969 0.0
4437.7	0.754907226562 0.0
4437.8	0.651782226562 0.0
4437.9	1.49692382812 0.0
4437.9	1.29147949219 0.0
4438.0	1.23266601562 0.0
4438.0	0.845141601562 0.0
4438.1	0.50595703125 0.0
4438.1	0.742016601562 0.0
4438.1	1.00788574219 0.0
4438.2	1.38332519531 0.0
4438.2	0.678369140625 0.0
4438.3	0.116015625 0.0
4438.3	1.02802734375 0.0
4438.3	1.49611816406 0.0
4438.4	0.803247070312 0.0
4438.5	0.76376953125 0.0
4438.5	0.733959960937 0.0
4438.6	0.7283203125 0.0
4438.6	0.90234375 0.0
4438.6	1.04333496094 0.0
4438.6	1.07556152344 0.0
4438.7	0.413305664062 0.0
4438.8	0.843530273437 0.0
4439.1	1.50739746094 0.0
4439.2	1.49450683594 0.0
4439.2	1.50659179688 0.0
4439.2	0.266674804687 0.0
4439.3	1.5017578125 0.0
4439.3	1.301953125 0.0
4439.3	1.1794921875 0.0
4439.4	0.175634765625 0.0
4439.5	1.42683105469 0.0
4439.5	1.50900878906 0.0
4439.5	1.45744628906 0.0
4439.6	1.36318359375 0.0
4439.6	0.48984375 0.0
4439.6	1.3212890625 0.0
4439.7	0.692065429687 0.0
4439.7	0.6638671875 0.0
4439.7	1.50498046875 0.0
4439.7	0.6767578125 0.0
4439.7	1.05139160156 0.0
4439.8	0.585717773437 0.0
4439.8	1.18513183594 0.0
4439.8	1.49772949219 0.0
4439.8	1.50336914062 0.0
4439.8	1.10053710938 0.0
4439.9	1.20285644531 0.0
4439.9	0.645336914062 0.0
4440.0	1.48967285156 0.0
4440.1	1.50256347656 0.0
4440.2	0.9603515625 0.0
4440.2	1.49772949219 0.0
4440.2	0.655810546875 0.0
4440.2	1.45986328125 0.0
4440.2	1.50498046875 0.0
4440.2	0.710595703125 0.0
4440.3	1.50336914062 0.0
4440.4	1.07475585937 0.0
4440.4	0.57685546875 0.0
4440.5	1.147265625 0.0
4440.6	0.7541015625 0.0
4440.7	1.09892578125 0.0
4440.7	0.945043945312 0.0
4440.7	1.06428222656 0.0
4440.8	0.523681640625 0.0
4440.8	0.5865234375 0.0
4440.9	0.988549804687 0.0
4440.9	1.147265625 0.0
4441.0	1.50095214844 0.0
4441.0	1.14807128906 0.0
4441.0	0.590551757813 0.0
4441.0	1.50417480469 0.0
4441.0	0.85400390625 0.0
4441.1	0.874145507812 0.0
4441.1	0.968408203125 0.0
4441.1	1.20607910156 0.0
4441.1	0.974047851562 0.0
4441.2	0.623583984375 0.0
4441.2	0.609887695312 0.0
4441.3	0.786328125 0.0
4441.3	1.2052734375 0.0
4441.3	0.500317382812 0.0
4441.4	0.819360351562 0.0
4441.4	0.26748046875 0.0
4441.5	0.941015625 0.0
4441.6	0.33193359375 0.0
4441.6	0.327905273437 0.0
4441.7	1.03608398438 0.0
4441.8	0.0 0.0
4441.9	0.9345703125 0.0
4441.9	0.356909179687 0.0
4441.9	1.1279296875 0.0
4442.0	1.26650390625 0.0
4442.0	0.889453125 0.0
4442.2	0.198193359375 0.0
4442.3	1.02077636719 0.0
4442.4	1.50336914062 0.0
4442.5	1.50256347656 0.0
4442.6	0.538989257812 0.0
4442.8	0.098291015625 0.0
4442.8	0.841918945312 0.0
4442.8	1.198828125 0.0
4443.0	0.588940429687 0.0
4443.2	1.07556152344 0.0
4443.2	0.062841796875 0.0
4443.2	1.42521972656 0.0
4443.3	1.49934082031 0.0
4443.3	1.508203125 0.0
4443.3	1.09489746094 0.0
4443.5	1.50256347656 0.0
4443.5	1.50014648437 0.0
4443.5	0.394775390625 0.0
4443.6	1.29792480469 0.0
4443.6	0.123266601562 0.0
4443.6	0.491455078125 0.0
4443.6	0.620361328125 0.0
4443.6	0.440698242187 0.0
4443.7	1.0828125 0.0
4443.7	0.652587890625 0.0
4443.8	0.610693359375 0.0
4443.8	0.571215820312 0.0
4443.8	0.721875 0.0
4443.9	0.0813720703125 0.0
4443.9	0.639697265625 0.0
4444.1	0.514013671875 0.0
4444.2	1.50417480469 0.0
4444.2	1.50256347656 0.0
4444.3	1.47033691406 0.0
4444.3	1.508203125 0.0
4444.4	0.90234375 0.0
4444.4	0.06767578125 0.0
4444.5	1.49611816406 0.0
4444.5	0.855615234375 0.0
4444.6	1.50256347656 0.0
4444.6	1.15693359375 0.0
4444.6	0.634057617187 0.0
4444.7	0.816943359375 0.0
4444.8	0.567993164062 0.0
4444.8	0.729931640625 0.0
4444.8	0.9603515625 0.0
4444.9	1.50014648437 0.0
4444.9	0.04833984375 0.0
4445.0	0.16435546875 0.0
4445.1	0.0 0.0
4445.2	0.056396484375 0.0
4445.4	1.06025390625 0.0
4445.4	1.06669921875 0.0
4445.5	0.903149414062 0.0
4445.5	0.416528320312 0.0
4445.5	1.19641113281 0.0
4445.6	0.8830078125 0.0
4445.6	1.07153320312 0.0
4445.6	0.095068359375 0.0
4445.7	0.661450195312 0.0
4445.7	1.50095214844 0.0
4445.7	0.50595703125 0.0
4445.7	1.03205566406 0.0
4445.8	0.056396484375 0.0
4445.8	0.86044921875 0.0
4445.9	1.5017578125 0.0
4445.9	0.95068359375 0.0
4445.9	0.72509765625 0.0
4445.9	1.01352539062 0.0
4446.1	1.50256347656 0.0
4446.1	0.48984375 0.0
4446.1	1.37768554688 0.0
4446.1	0.448754882812 0.0
4446.3	1.16821289062 0.0
4446.3	0.494677734375 0.0
4446.4	0.42861328125 0.0
4446.4	1.40024414062 0.0
4446.5	0.049951171875 0.0
4446.6	0.941015625 0.0
4446.6	0.04833984375 0.0
4446.6	0.751684570312 0.0
4446.7	1.49934082031 0.0
4446.7	0.790356445312 0.0
4446.7	0.85078125 0.0
4446.7	0.502734375 0.0
4446.7	0.355297851562 0.0
4446.8	1.49047851562 0.0
4446.9	0.66708984375 0.0
4447.0	0.884619140625 0.0
4447.0	0.978881835938 0.0
4447.0	1.49128417969 0.0
4447.0	0.839501953125 0.0
4447.0	1.4953125 0.0
4447.1	0.791162109375 0.0
4447.4	0.642919921875 0.0
4447.4	0.518041992188 0.0
4447.5	0.796801757812 0.0
4447.6	0.062841796875 0.0
4447.7	1.044140625 0.0
4447.7	0.513208007812 0.0
4447.7	1.06105957031 0.0
4447.8	1.11665039063 0.0
4447.8	0.514013671875 0.0
4448.0	1.40749511719 0.0
4448.1	1.0763671875 0.0
4448.1	0.735571289062 0.0
4448.1	1.50659179688 0.0
4448.1	0.707373046875 0.0
4448.1	0.748461914062 0.0
4448.2	0.1095703125 0.0
4448.2	0.690454101562 0.0
4448.2	1.13356933594 0.0
4448.3	0.923291015625 0.0
4448.3	1.07878417969 0.0
4448.4	1.47678222656 0.0
4448.5	0.990966796875 0.0
4448.5	1.4953125 0.0
4448.5	0.08701171875 0.0
4448.5	1.20043945312 0.0
4448.6	1.49772949219 0.0
4448.6	0.181274414062 0.0
4448.6	1.42683105469 0.0
4448.6	1.50014648437 0.0
4448.6	1.49450683594 0.0
4448.7	0.446337890625 0.0
4448.7	1.49611816406 0.0
4448.7	0.749267578125 0.0
4448.7	0.90234375 0.0
4448.9	0.710595703125 0.0
4448.9	0.546240234375 0.0
4448.9	1.50014648437 0.0
4449.0	0.63486328125 0.0
4449.0	0.965185546875 0.0
4449.1	1.50739746094 0.0
4449.1	0.704956054688 0.0
4449.1	0.419750976562 0.0
4449.1	1.01594238281 0.0
4449.1	1.08764648438 0.0
4449.2	1.49934082031 0.0
4449.2	0.954711914062 0.0
4449.3	0.97001953125 0.0
4449.3	1.27214355469 0.0
4449.4	0.808081054687 0.0
4449.4	1.50256347656 0.0
4449.4	1.15209960938 0.0
4449.5	0.61875 0.0
4449.6	1.05461425781 0.0
4449.6	0.68642578125 0.0
4449.6	0.919262695312 0.0
4449.7	1.49853515625 0.0
4449.7	0.12890625 0.0
4449.7	0.755712890625 0.0
4449.7	0.884619140625 0.0
4449.9	1.50498046875 0.0
4449.9	0.11279296875 0.0
4449.9	0.542211914063 0.0
4449.9	0.974853515625 0.0
4450.1	1.50095214844 0.0
4450.1	0.90556640625 0.0
4450.2	0.84111328125 0.0
4450.2	1.50095214844 0.0
4450.2	0.452783203125 0.0
4450.2	1.02963867187 0.0
4450.4	0.316625976562 0.0
4450.5	1.45341796875 0.0
4450.5	1.50498046875 0.0
4450.6	1.28422851562 0.0
4450.6	1.10456542969 0.0
4450.6	0.562353515625 0.0
4450.7	1.11584472656 0.0
4450.7	1.49692382812 0.0
4450.7	0.349658203125 0.0
4450.9	1.50498046875 0.0
4450.9	1.49853515625 0.0
4450.9	0.191748046875 0.0
4450.9	1.50900878906 0.0
4450.9	0.645336914062 0.0
4450.9	1.28745117187 0.0
4451.0	0.504345703125 0.0
4451.0	1.05300292969 0.0
4451.1	1.50659179688 0.0
4451.1	0.806469726562 0.0
4451.2	0.958740234375 0.0
4451.2	0.907177734375 0.0
4451.2	1.5017578125 0.0
4451.3	0.912817382812 0.0
4451.4	1.134375 0.0
4451.4	0.7927734375 0.0
4451.4	1.49692382812 0.0
4451.5	0.104736328125 0.0
4451.6	0.309375 0.0
4451.6	1.01271972656 0.0
4451.8	0.407666015625 0.0
4452.0	1.50256347656 0.0
4452.0	1.50578613281 0.0
4452.1	0.758935546875 0.0
4452.1	0.862866210937 0.0
4452.1	1.31081542969 0.0
4452.1	0.912817382812 0.0
4452.2	1.4953125 0.0
4452.2	1.0376953125 0.0
4452.2	0.808081054687 0.0
4452.3	1.3083984375 0.0
4452.3	1.4953125 0.0
4452.3	0.603442382812 0.0
4452.4	1.49611816406 0.0
4452.4	1.49772949219 0.0
4452.5	1.09248046875 0.0
4452.5	1.40668945312 0.0
4452.5	1.50336914062 0.0
4452.5	0.633251953125 0.0
4452.6	1.508203125 0.0
4452.6	1.095703125 0.0
4452.6	0.23525390625 0.0
4452.8	0.20302734375 0.0
4452.9	0.837890625 0.0
4452.9	0.534155273438 0.0
4453.0	0.124877929688 0.0
4453.0	0.795190429687 0.0
4453.1	1.50256347656 0.0
4453.1	1.50095214844 0.0
4453.1	0.9796875 0.0
4453.1	0.507568359375 0.0
4453.2	1.50417480469 0.0
4453.2	1.46147460937 0.0
4453.2	1.14565429687 0.0
4453.6	0.64130859375 0.0
4453.6	0.946655273438 0.0
4453.9	1.50900878906 0.0
4454.0	1.11262207031 0.0
4454.1	1.4953125 0.0
4454.1	0.49951171875 0.0
4454.2	0.216723632812 0.0
4454.2	1.50095214844 0.0
4454.3	0.15791015625 0.0
4454.3	0.914428710938 0.0
4454.3	1.50659179688 0.0
4454.4	0.20625 0.0
4454.4	1.49611816406 0.0
4454.6	0.18369140625 0.0
4454.6	1.29631347656 0.0
4454.7	1.40668945312 0.0
4454.7	1.2955078125 0.0
4454.9	1.50578613281 0.0
4454.9	0.688842773438 0.0
4454.9	0.258618164062 0.0
4455.0	0.4125 0.0
4455.0	1.34868164062 0.0
4455.2	1.405078125 0.0
4455.3	1.50578613281 0.0
4455.4	1.50659179688 0.0
4455.5	0.053173828125 0.0
4455.5	1.43488769531 0.0
4455.5	0.61552734375 0.0
4455.6	0.803247070312 0.0
4455.7	0.494677734375 0.0
4455.9	1.4953125 0.0
4456.1	1.50900878906 0.0
4456.2	0.487426757812 0.0
4456.2	0.423779296875 0.0
4456.3	1.50578613281 0.0
4456.3	0.423779296875 0.0
4456.3	0.59296875 0.0
4456.4	0.761352539062 0.0
4456.4	1.49853515625 0.0
4456.4	0.729931640625 0.0
4456.4	0.44794921875 0.0
4456.4	0.59619140625 0.0
4456.5	1.49853515625 0.0
4456.5	1.49934082031 0.0
4456.6	0.18369140625 0.0
4456.6	0.21591796875 0.0
4456.7	0.614721679688 0.0
4456.7	1.45502929687 0.0
4456.8	0.690454101562 0.0
4456.8	0.4640625 0.0
4456.9	1.50256347656 0.0
4456.9	0.397998046875 0.0
4456.9	1.15693359375 0.0
4456.9	0.072509765625 0.0
4457.0	0.05478515625 0.0
4457.0	0.601025390625 0.0
4457.0	1.134375 0.0
4457.1	1.50900878906 0.0
4457.1	1.28422851562 0.0
4457.2	1.05622558594 0.0
4457.2	0.938598632812 0.0
4457.3	0.66064453125 0.0
4457.3	0.678369140625 0.0
4457.3	1.24797363281 0.0
4457.3	1.19157714844 0.0
4457.3	1.0828125 0.0
4457.4	1.49772949219 0.0
4457.5	1.49934082031 0.0
4457.6	0.451977539062 0.0
4457.6	0.666284179687 0.0
4457.7	1.50659179688 0.0
4457.7	1.49772949219 0.0
4457.8	0.881396484375 0.0
4457.9	0.867700195312 0.0
4457.9	1.34465332031 0.0
4458.0	1.50336914062 0.0
4458.0	1.28342285156 0.0
4458.1	1.50095214844 0.0
4458.1	1.01997070313 0.0
4458.2	1.46953125 0.0
4458.2	1.508203125 0.0
4458.2	0.900732421875 0.0
4458.3	0.748461914062 0.0
4458.4	1.06669921875 0.0
4458.6	0.0515625 0.0
4458.7	1.121484375 0.0
4458.8	1.48806152344 0.0
4458.8	1.508203125 0.0
4458.9	1.50900878906 0.0
4458.9	1.00385742188 0.0
4458.9	1.06669921875 0.0
4459.0	1.2697265625 0.0
4459.0	0.774243164062 0.0
4459.1	1.05139160156 0.0
4459.2	1.09409179687 0.0
4459.3	1.50659179688 0.0
4459.3	0.74765625 0.0
4459.4	1.22299804687 0.0
4459.4	1.5017578125 0.0
4459.5	0.961157226562 0.0
4459.5	0.996606445312 0.0
4459.5	0.695288085937 0.0
4459.5	0.4576171875 0.0
4459.5	1.20930175781 0.0
4459.6	1.01594238281 0.0
4459.6	0.634057617187 0.0
4459.7	0.700927734375 0.0
4459.7	0.734765625 0.0
4459.8	1.07556152344 0.0
4459.8	1.50014648437 0.0
4459.9	1.49934082031 0.0
4460.0	0.806469726562 0.0
4460.0	1.508203125 0.0
4460.0	0.915234375 0.0
4460.1	1.22944335938 0.0
4460.1	1.01755371094 0.0
4460.2	1.43972167969 0.0
4460.2	0.464868164062 0.0
4460.3	1.14243164062 0.0
4460.5	1.50014648437 0.0
4460.5	1.50014648437 0.0
4460.6	1.28745117187 0.0
4460.6	0.0 0.0
4460.7	1.18190917969 0.0
4461.0	1.49611816406 0.0
4461.0	0.577661132812 0.0
4461.0	1.03125 0.0
4461.0	0.0 0.0
4461.1	0.130517578125 0.0
4461.2	1.42683105469 0.0
4461.2	0.653393554687 0.0
4461.3	1.50417480469 0.0
4461.4	0.706567382812 0.0
4461.4	1.50417480469 0.0
4461.5	1.44052734375 0.0
4461.5	1.50336914062 0.0
4461.5	1.49611816406 0.0
4461.5	0.758129882812 0.0
4461.5	1.08361816406 0.0
4461.6	1.07395019531 0.0
4461.6	0.272314453125 0.0
4461.7	1.12873535156 0.0
4461.7	1.4953125 0.0
4461.7	1.50336914062 0.0
4461.7	0.82177734375 0.0
4461.7	1.50336914062 0.0
4461.8	1.02802734375 0.0
4461.8	1.00949707031 0.0
4461.8	1.50256347656 0.0
4461.8	0.80244140625 0.0
4461.9	1.25603027344 0.0
4461.9	0.141796875 0.0
4462.0	0.783911132812 0.0
4462.2	0.0829833984375 0.0
4462.2	1.07153320312 0.0
4462.2	0.046728515625 0.0
4462.3	0.490649414062 0.0
4462.3	1.4953125 0.0
4462.4	0.64130859375 0.0
4462.4	0.84111328125 0.0
4462.7	1.50095214844 0.0
4462.7	0.89912109375 0.0
4462.7	1.50014648437 0.0
4462.7	0.9345703125 0.0
4462.8	0.591357421875 0.0
4462.8	1.50659179688 0.0
4462.9	1.15935058594 0.0
4462.9	0.60908203125 0.0
4462.9	0.87978515625 0.0
4463.0	0.727514648437 0.0
4463.1	0.961157226562 0.0
4463.1	0.893481445312 0.0
4463.1	0.514013671875 0.0
4463.2	1.50095214844 0.0
4463.3	0.51884765625 0.0
4463.3	1.37446289062 0.0
4463.3	0.348046875 0.0
4463.3	1.50578613281 0.0
4463.3	1.32934570312 0.0
4463.4	0.0515625 0.0
4463.4	1.23991699219 0.0
4463.4	0.69287109375 0.0
4463.5	0.706567382812 0.0
4463.5	0.642919921875 0.0
4463.5	0.848364257812 0.0
4463.6	1.24233398437 0.0
4463.6	1.16579589844 0.0
4463.6	1.49934082031 0.0
4463.6	0.791162109375 0.0
4463.6	1.25119628906 0.0
4463.7	1.50336914062 0.0
4463.7	0.472924804687 0.0
4463.8	1.50417480469 0.0
4463.8	0.60263671875 0.0
4463.9	0.520458984375 0.0
4464.0	1.50014648437 0.0
4464.0	0.7541015625 0.0
4464.1	1.50095214844 0.0
4464.1	1.22299804687 0.0
4464.2	1.49611816406 0.0
4464.3	0.04833984375 0.0
4464.4	0.968408203125 0.0
4464.5	1.09006347656 0.0
4464.6	0.248950195312 0.0
4464.6	1.33498535156 0.0
4464.6	0.1095703125 0.0
4464.7	0.5994140625 0.0
4464.7	0.323071289062 0.0
4464.7	0.42861328125 0.0
4464.7	1.50417480469 0.0
4464.7	1.50498046875 0.0
4464.7	1.50498046875 0.0
4464.8	0.974047851562 0.0
4464.8	1.5017578125 0.0
4464.8	1.32934570312 0.0
4464.9	1.43166503906 0.0
4465.0	0.452783203125 0.0
4465.0	0.978076171875 0.0
4465.0	1.2375 0.0
4465.1	0.73798828125 0.0
4465.2	0.508374023437 0.0
4465.2	0.4640625 0.0
4465.3	1.0763671875 0.0
4465.4	1.50578613281 0.0
4465.4	1.25522460937 0.0
4465.5	0.681591796875 0.0
4465.6	0.216723632812 0.0
4465.6	0.640502929688 0.0
4465.7	0.751684570312 0.0
4465.7	0.9087890625 0.0
4465.7	0.782299804687 0.0
4465.8	1.05300292969 0.0
4465.8	1.38654785156 0.0
4465.8	1.50014648437 0.0
4465.8	0.111181640625 0.0
4465.8	0.584912109375 0.0
4465.9	0.107153320312 0.0
4465.9	1.36157226562 0.0
4465.9	1.49934082031 0.0
4466.0	0.952294921875 0.0
4466.0	0.968408203125 0.0
4466.0	0.4125 0.0
4466.0	0.80244140625 0.0
4466.1	1.50659179688 0.0
4466.1	1.50336914062 0.0
4466.2	0.817749023438 0.0
4466.3	0.52529296875 0.0
4466.3	1.35109863281 0.0
4466.4	1.50336914062 0.0
4466.5	0.310986328125 0.0
4466.6	0.046728515625 0.0
4466.6	1.5017578125 0.0
4466.7	1.49853515625 0.0
4466.7	0.95712890625 0.0
4466.8	0.967602539062 0.0
4466.8	1.50095214844 0.0
4466.9	0.2513671875 0.0
4466.9	1.508203125 0.0
4467.0	0.708984375 0.0
4467.0	1.49772949219 0.0
4467.0	1.49692382812 0.0
4467.2	1.5017578125 0.0
4467.3	0.6638671875 0.0
4467.3	1.17143554687 0.0
4467.3	1.49611816406 0.0
4467.4	1.21574707031 0.0
4467.4	1.30759277344 0.0
4467.4	1.18916015625 0.0
4467.5	1.14565429687 0.0
4467.5	1.48161621094 0.0
4467.7	0.603442382812 0.0
4467.8	1.5017578125 0.0
4467.8	0.7154296875 0.0
4467.8	1.50336914062 0.0
4467.9	1.2052734375 0.0
4467.9	0.443115234375 0.0
4467.9	0.92490234375 0.0
4467.9	0.7927734375 0.0
4468.1	1.50256347656 0.0
4468.1	0.2126953125 0.0
4468.1	0.103930664062 0.0
4468.1	1.50336914062 0.0
4468.2	1.50256347656 0.0
4468.4	0.07734375 0.0
4468.4	0.620361328125 0.0
4468.4	0.974853515625 0.0
4468.5	0.501123046875 0.0
4468.6	0.25458984375 0.0
4468.6	1.50739746094 0.0
4468.7	0.2771484375 0.0
4468.7	0.461645507812 0.0
4468.8	0.46083984375 0.0
4468.9	0.734765625 0.0
4468.9	1.095703125 0.0
4468.9	1.42924804687 0.0
4469.0	1.08442382813 0.0
4469.0	0.11923828125 0.0
4469.1	1.23186035156 0.0
4469.1	0.049951171875 0.0
4469.1	1.50014648437 0.0
4469.3	0.913623046875 0.0
4469.3	0.631640625 0.0
4469.4	0.84755859375 0.0
4469.4	0.748461914062 0.0
4469.4	0.101513671875 0.0
4469.4	0.96357421875 0.0
4469.4	0.406860351562 0.0
4469.4	0.783911132812 0.0
4469.4	1.50256347656 0.0
4469.5	1.50256347656 0.0
4469.5	0.049951171875 0.0
4469.5	1.26489257812 0.0
4469.6	0.29326171875 0.0
4469.6	0.981298828125 0.0
4469.6	1.1923828125 0.0
4469.7	0.8830078125 0.0
4469.7	0.95390625 0.0
4469.7	0.5220703125 0.0
4469.9	0.494677734375 0.0
4470.1	0.713012695312 0.0
4470.1	0.803247070312 0.0
4470.1	1.50014648437 0.0
4470.2	1.27133789062 0.0
4470.2	1.09006347656 0.0
4470.2	0.397998046875 0.0
4470.2	0.502734375 0.0
4470.3	1.50498046875 0.0
4470.3	1.15451660156 0.0
4470.4	1.00063476562 0.0
4470.4	0.697705078125 0.0
4470.5	0.8830078125 0.0
4470.6	0.825805664062 0.0
4470.6	0.740405273437 0.0
4470.7	0.916040039062 0.0
4470.8	0.704150390625 0.0
4470.9	0.677563476562 0.0
4471.0	1.03125 0.0
4471.0	1.50417480469 0.0
4471.0	1.5017578125 0.0
4471.0	1.03125 0.0
4471.0	1.08200683594 0.0
4471.0	0.767797851562 0.0
4471.1	0.3416015625 0.0
4471.1	1.50014648437 0.0
4471.1	1.5017578125 0.0
4471.1	0.627612304687 0.0
4471.1	0.700122070312 0.0
4471.3	1.508203125 0.0
4471.3	0.663061523437 0.0
4471.4	0.6703125 0.0
4471.4	0.855615234375 0.0
4471.4	1.11826171875 0.0
4471.4	1.49853515625 0.0
4471.5	0.0555908203125 0.0
4471.6	1.50336914062 0.0
4471.6	0.748461914062 0.0
4471.6	0.738793945312 0.0
4471.6	1.5017578125 0.0
4471.6	1.50739746094 0.0
4471.6	1.508203125 0.0
4471.7	0.889453125 0.0
4471.8	1.04494628906 0.0
4471.8	0.0652587890625 0.0
4471.8	0.73798828125 0.0
4471.8	1.50659179688 0.0
4471.9	1.08684082031 0.0
4471.9	1.49611816406 0.0
4471.9	1.50659179688 0.0
4472.0	1.16901855469 0.0
4472.0	0.784716796875 0.0
4472.0	1.50659179688 0.0
4472.1	0.99580078125 0.0
4472.2	1.09248046875 0.0
4472.4	0.580883789062 0.0
4472.4	1.5017578125 0.0
4472.5	1.00224609375 0.0
4472.5	0.072509765625 0.0
4472.5	1.430859375 0.0
4472.6	1.22944335938 0.0
4472.6	0.275537109375 0.0
4472.7	1.50900878906 0.0
4472.8	0.252978515625 0.0
4472.8	1.508203125 0.0
4472.8	0.814526367187 0.0
4472.8	0.733154296875 0.0
4472.9	0.091845703125 0.0
4472.9	1.09086914062 0.0
4473.0	1.29147949219 0.0
4473.0	0.645336914062 0.0
4473.1	0.64453125 0.0
4473.2	1.12309570312 0.0
4473.2	1.1537109375 0.0
4473.2	1.0634765625 0.0
4473.2	0.994189453125 0.0
4473.2	0.675952148437 0.0
4473.3	0.696899414062 0.0
4473.3	0.19658203125 0.0
4473.4	0.972436523437 0.0
4473.4	0.0 0.0
4473.4	0.385107421875 0.0
4473.4	0.610693359375 0.0
4473.5	0.587329101562 0.0
4473.6	0.753295898438 0.0
4473.6	1.50578613281 0.0
4473.6	1.508203125 0.0
4473.7	0.23525390625 0.0
4473.7	0.520458984375 0.0
4473.8	0.536572265625 0.0
4473.8	0.278759765625 0.0
4473.8	1.04011230469 0.0
4473.9	0.572021484375 0.0
4473.9	1.49853515625 0.0
4474.0	1.02319335938 0.0
4474.0	1.49208984375 0.0
4474.1	0.21591796875 0.0
4474.1	1.50095214844 0.0
4474.1	0.219140625 0.0
4474.1	0.631640625 0.0
4474.2	0.609887695312 0.0
4474.3	1.25925292969 0.0
4474.5	1.50014648437 0.0
4474.5	1.07072753906 0.0
4474.5	0.514013671875 0.0
4474.5	1.49692382812 0.0
4474.5	1.508203125 0.0
4474.6	0.97646484375 0.0
4474.7	0.657421875 0.0
4474.7	1.50659179688 0.0
4474.7	0.6896484375 0.0
4474.8	1.09892578125 0.0
4474.8	1.1794921875 0.0
4474.9	1.50739746094 0.0
4474.9	1.49772949219 0.0
4475.0	0.812915039062 0.0
4475.1	1.05944824219 0.0
4475.1	1.49692382812 0.0
4475.2	0.514013671875 0.0
4475.3	1.50659179688 0.0
4475.4	0.646948242187 0.0
4475.4	1.48081054687 0.0
4475.4	1.4953125 0.0
4475.4	1.49853515625 0.0
4475.4	0.571215820312 0.0
4475.5	1.50336914062 0.0
4475.7	0.390747070312 0.0
4475.7	0.762158203125 0.0
4475.8	1.14645996094 0.0
4475.8	1.36157226562 0.0
4475.9	0.601025390625 0.0
4475.9	1.50498046875 0.0
4475.9	1.50417480469 0.0
4475.9	1.50014648437 0.0
4476.0	1.50014648437 0.0
4476.0	0.0668701171875 0.0
4476.1	1.24958496094 0.0
4476.1	0.811303710937 0.0
4476.1	0.920874023437 0.0
4476.1	0.909594726562 0.0
4476.3	0.80888671875 0.0
4476.4	0.571215820312 0.0
4476.6	0.633251953125 0.0
4476.7	1.50095214844 0.0
4476.8	0.326293945312 0.0
4476.8	1.22058105469 0.0
4476.9	1.49853515625 0.0
4476.9	0.639697265625 0.0
4477.1	1.50256347656 0.0
4477.1	0.85078125 0.0
4477.2	0.8443359375 0.0
4477.3	1.49853515625 0.0
4477.4	0.8443359375 0.0
4477.6	1.12551269531 0.0
4477.6	1.50498046875 0.0
4477.7	1.06267089844 0.0
4477.7	1.26650390625 0.0
4477.7	1.50256347656 0.0
4477.7	1.50095214844 0.0
4477.7	1.44536132812 0.0
4477.7	0.3673828125 0.0
4477.9	0.494677734375 0.0
4477.9	1.49611816406 0.0
4478.0	1.49853515625 0.0
4478.1	1.50900878906 0.0
4478.1	1.44294433594 0.0
4478.1	1.50014648437 0.0
4478.2	1.50739746094 0.0
4478.2	1.50417480469 0.0
4478.4	1.49772949219 0.0
4478.4	1.43408203125 0.0
4478.5	0.919262695312 0.0
4478.6	1.01674804687 0.0
4478.6	1.508203125 0.0
4478.8	0.6896484375 0.0
4478.8	1.31000976562 0.0
4478.9	1.50336914062 0.0
4478.9	0.43505859375 0.0
4478.9	0.72509765625 0.0
4478.9	0.0459228515625 0.0
4478.9	1.49853515625 0.0
4479.0	0.311791992187 0.0
4479.1	0.990161132812 0.0
4479.1	0.51884765625 0.0
4479.1	1.10295410156 0.0
4479.2	0.85400390625 0.0
4479.2	1.02238769531 0.0
4479.3	1.50014648437 0.0
4479.3	1.353515625 0.0
4479.5	1.14243164062 0.0
4479.6	0.779077148437 0.0
4479.6	1.31162109375 0.0
4479.8	1.25844726562 0.0
4479.8	1.49934082031 0.0
4479.8	0.0580078125 0.0
4479.8	0.804052734375 0.0
4479.9	1.08845214844 0.0
4479.9	0.771826171875 0.0
4480.0	0.863671875 0.0
4480.1	1.50014648437 0.0
4480.1	0.327099609375 0.0
4480.1	0.84755859375 0.0
4480.1	0.962768554688 0.0
4480.2	1.49934082031 0.0
4480.3	1.49047851562 0.0
4480.4	0.76376953125 0.0
4480.4	0.48662109375 0.0
4480.4	1.00385742188 0.0
4480.4	0.752490234375 0.0
4480.5	1.28422851562 0.0
4480.5	1.17465820312 0.0
4480.5	0.11923828125 0.0
4480.6	0.801635742188 0.0
4480.6	0.870922851562 0.0
4480.7	0.614721679688 0.0
4480.7	1.50336914062 0.0
4480.8	1.00788574219 0.0
4480.8	1.30517578125 0.0
4480.8	1.49692382812 0.0
4480.8	1.50256347656 0.0
4480.9	1.15854492187 0.0
4480.9	1.50336914062 0.0
4480.9	0.0668701171875 0.0
4481.0	1.49370117187 0.0
4481.0	0.755712890625 0.0
4481.0	1.508203125 0.0
4481.2	1.18996582031 0.0
4481.2	1.4953125 0.0
4481.2	1.00224609375 0.0
4481.4	0.729931640625 0.0
4481.4	1.20849609375 0.0
4481.4	1.43569335937 0.0
4481.5	0.124072265625 0.0
4481.5	1.10698242187 0.0
4481.6	0.874145507812 0.0
4481.7	0.800024414062 0.0
4481.7	1.11665039063 0.0
4481.8	1.50014648437 0.0
4481.8	1.49934082031 0.0
4481.9	0.472924804687 0.0
4481.9	0.941015625 0.0
4481.9	1.50256347656 0.0
4482.0	0.838696289062 0.0
4482.0	1.5017578125 0.0
4482.2	0.4833984375 0.0
4482.2	1.50498046875 0.0
4482.2	1.49692382812 0.0
4482.2	1.37124023437 0.0
4482.3	0.0451171875 0.0
4482.4	1.05300292969 0.0
4482.6	0.733154296875 0.0
4482.7	1.50336914062 0.0
4482.7	0.049951171875 0.0
4482.8	1.25441894531 0.0
4482.8	0.981298828125 0.0
4482.8	1.13034667969 0.0
4482.9	1.50014648437 0.0
4482.9	0.67998046875 0.0
4483.0	1.5017578125 0.0
4483.0	1.50336914062 0.0
4483.0	0.1482421875 0.0
4483.1	0.613916015625 0.0
4483.1	1.30598144531 0.0
4483.2	0.983715820312 0.0
4483.3	1.42360839844 0.0
4483.3	0.522875976562 0.0
4483.4	1.33740234375 0.0
4483.4	0.064453125 0.0
4483.6	0.8185546875 0.0
4483.8	1.13195800781 0.0
4483.9	0.466479492187 0.0
4483.9	1.50095214844 0.0
4483.9	0.5994140625 0.0
4483.9	0.117626953125 0.0
4484.1	1.13920898437 0.0
4484.1	0.775048828125 0.0
4484.1	1.50578613281 0.0
4484.2	0.846752929687 0.0
4484.3	0.914428710938 0.0
4484.3	0.820166015625 0.0
4484.6	1.13518066406 0.0
4484.6	0.962768554688 0.0
4484.7	0.54140625 0.0
4484.7	1.04897460937 0.0
4484.7	1.50014648437 0.0
4484.7	0.65419921875 0.0
4484.8	0.771020507812 0.0
4484.8	0.422973632812 0.0
4484.8	0.317431640625 0.0
4484.8	0.8314453125 0.0
4484.8	0.788745117187 0.0
4485.0	0.588134765625 0.0
4485.0	0.11279296875 0.0
4485.0	1.03205566406 0.0
4485.1	0.63486328125 0.0
4485.1	1.25603027344 0.0
4485.1	0.42216796875 0.0
4485.1	1.27697753906 0.0
4485.1	1.13115234375 0.0
4485.2	0.0475341796875 0.0
4485.2	0.808081054687 0.0
4485.3	0.05478515625 0.0
4485.4	1.14001464844 0.0
4485.6	0.729125976562 0.0
4485.7	0.53818359375 0.0
4485.7	0.852392578125 0.0
4485.8	0.06123046875 0.0
4485.8	1.50578613281 0.0
4485.8	0.448754882812 0.0
4485.9	0.73154296875 0.0
4485.9	0.682397460937 0.0
4485.9	0.986938476562 0.0
4486.1	0.827416992187 0.0
4486.2	0.675146484375 0.0
4486.2	1.10053710938 0.0
4486.2	0.868505859375 0.0
4486.3	1.39943847656 0.0
4486.3	1.508203125 0.0
4486.4	0.984521484375 0.0
4486.4	1.508203125 0.0
4486.4	1.50014648437 0.0
4486.5	0.613110351562 0.0
4486.6	1.40266113281 0.0
4486.6	1.46066894531 0.0
4486.7	1.49853515625 0.0
4486.7	1.12067871094 0.0
4486.7	0.191748046875 0.0
4486.8	1.50417480469 0.0
4486.8	1.49772949219 0.0
4486.8	0.25458984375 0.0
4486.8	0.762158203125 0.0
4486.9	1.49853515625 0.0
4487.0	0.0515625 0.0
4487.1	1.21333007813 0.0
4487.1	1.29147949219 0.0
4487.1	0.61875 0.0
4487.1	0.74765625 0.0
4487.1	1.49934082031 0.0
4487.1	0.059619140625 0.0
4487.2	1.40346679687 0.0
4487.2	1.50014648437 0.0
4487.2	0.940209960937 0.0
4487.3	1.508203125 0.0
4487.4	0.532543945312 0.0
4487.5	0.837084960937 0.0
4487.5	0.952294921875 0.0
4487.7	0.056396484375 0.0
4487.7	0.0588134765625 0.0
4487.7	1.31484375 0.0
4487.8	0.185302734375 0.0
4487.9	0.649365234375 0.0
4488.0	0.897509765625 0.0
4488.0	0.691259765625 0.0
4488.0	1.50739746094 0.0
4488.1	0.0572021484375 0.0
4488.1	1.22299804687 0.0
4488.3	1.18271484375 0.0
4488.4	0.668701171875 0.0
4488.4	1.44213867188 0.0
4488.4	1.50014648437 0.0
4488.4	1.14565429687 0.0
4488.4	0.150659179688 0.0
4488.4	1.49853515625 0.0
4488.4	1.26086425781 0.0
4488.5	1.09409179687 0.0
4488.5	1.49611816406 0.0
4488.9	1.01594238281 0.0
4488.9	1.27053222656 0.0
4489.0	0.23525390625 0.0
4489.0	1.09892578125 0.0
4489.1	0.478564453125 0.0
4489.2	0.798413085937 0.0
4489.2	1.19077148437 0.0
4489.3	0.1740234375 0.0
4489.3	1.49934082031 0.0
4489.4	1.50659179688 0.0
4489.5	1.18996582031 0.0
4489.5	0.932958984375 0.0
4489.6	1.49934082031 0.0
4489.8	1.50498046875 0.0
4489.8	1.31564941406 0.0
4489.9	0.4125 0.0
4489.9	0.77021484375 0.0
4489.9	0.984521484375 0.0
4489.9	1.49692382812 0.0
4489.9	1.50014648437 0.0
4490.0	1.16499023438 0.0
4490.0	0.0515625 0.0
4490.0	0.368188476562 0.0
4490.1	0.5220703125 0.0
4490.2	1.49692382812 0.0
4490.2	0.0942626953125 0.0
4490.3	1.14887695313 0.0
4490.3	0.95390625 0.0
4490.3	1.49692382812 0.0
4490.4	1.28664550781 0.0
4490.5	1.508203125 0.0
4490.5	0.86689453125 0.0
4490.6	0.515625 0.0
4490.7	1.50417480469 0.0
4490.7	1.50578613281 0.0
4490.8	0.114404296875 0.0
4490.8	1.49611816406 0.0
4490.9	1.49934082031 0.0
4490.9	0.4125 0.0
4491.0	0.679174804687 0.0
4491.0	0.786328125 0.0
4491.1	1.12229003906 0.0
4491.2	1.26408691406 0.0
4491.2	0.949072265625 0.0
4491.3	0.436669921875 0.0
4491.4	0.4576171875 0.0
4491.4	1.00949707031 0.0
4491.5	0.666284179687 0.0
4491.5	0.668701171875 0.0
4491.6	1.33740234375 0.0
4491.6	0.861254882812 0.0
4491.6	1.50498046875 0.0
4491.7	0.721875 0.0
4491.8	0.542211914063 0.0
4491.8	1.17788085937 0.0
4491.9	1.02641601562 0.0
4491.9	1.17546386719 0.0
4492.0	0.530126953125 0.0
4492.0	1.50739746094 0.0
4492.1	1.50659179688 0.0
4492.1	1.39460449219 0.0
4492.1	1.50095214844 0.0
4492.2	1.5017578125 0.0
4492.2	0.23525390625 0.0
4492.2	1.35593261719 0.0
4492.2	1.10859375 0.0
4492.2	1.49934082031 0.0
4492.3	0.984521484375 0.0
4492.3	1.50256347656 0.0
4492.3	1.50336914062 0.0
4492.4	1.50336914062 0.0
4492.4	1.31000976562 0.0
4492.4	0.139379882812 0.0
4492.5	1.2310546875 0.0
4492.6	0.066064453125 0.0
4492.6	1.27214355469 0.0
4492.6	0.12890625 0.0
4492.7	1.50498046875 0.0
4492.7	1.50095214844 0.0
4492.8	0.433447265625 0.0
4492.8	1.50095214844 0.0
4492.9	1.11020507812 0.0
4492.9	0.870922851562 0.0
4493.0	0.887841796875 0.0
4493.0	1.49853515625 0.0
4493.0	0.191748046875 0.0
4493.0	1.49450683594 0.0
4493.1	1.40346679687 0.0
4493.1	1.22541503906 0.0
4493.2	1.42844238281 0.0
4493.2	0.89267578125 0.0
4493.3	0.683203125 0.0
4493.4	0.890258789062 0.0
4493.4	0.324682617187 0.0
4493.4	1.24716796875 0.0
4493.5	1.28745117187 0.0
4493.5	1.5017578125 0.0
4493.5	0.343212890625 0.0
4493.5	0.696899414062 0.0
4493.5	0.683203125 0.0
4493.6	1.49611816406 0.0
4493.6	1.48483886719 0.0
4493.7	0.823388671875 0.0
4493.7	1.31081542969 0.0
4493.8	0.064453125 0.0
4493.8	0.913623046875 0.0
4493.8	0.720263671875 0.0
4493.8	1.5017578125 0.0
4493.8	0.59296875 0.0
4493.8	1.5017578125 0.0
4493.9	0.798413085937 0.0
4493.9	1.301953125 0.0
4494.0	0.1224609375 0.0
4494.0	1.50417480469 0.0
4494.2	0.4705078125 0.0
4494.3	1.0828125 0.0
4494.3	1.19157714844 0.0
4494.4	1.17626953125 0.0
4494.5	1.50900878906 0.0
4494.5	0.568798828125 0.0
4494.6	0.468090820312 0.0
4494.7	1.5017578125 0.0
4494.8	1.49853515625 0.0
4494.8	0.901538085937 0.0
4495.0	0.082177734375 0.0
4495.0	0.98291015625 0.0
4495.1	1.01352539062 0.0
4495.2	0.0459228515625 0.0
4495.2	0.90234375 0.0
4495.3	1.50739746094 0.0
4495.4	0.504345703125 0.0
4495.6	0.858032226562 0.0
4495.6	1.39299316406 0.0
4495.6	0.5478515625 0.0
4495.7	0.846752929687 0.0
4495.7	0.639697265625 0.0
4495.8	1.30920410156 0.0
4495.8	1.50739746094 0.0
4495.9	0.86689453125 0.0
4495.9	0.090234375 0.0
4495.9	0.939404296875 0.0
4495.9	1.49370117187 0.0
4495.9	0.923291015625 0.0
4495.9	1.24716796875 0.0
4496.0	0.771020507812 0.0
4496.0	1.50578613281 0.0
4496.1	0.678369140625 0.0
4496.1	0.472119140625 0.0
4496.1	0.719458007812 0.0
4496.2	1.18674316406 0.0
4496.2	1.49370117187 0.0
4496.2	1.5017578125 0.0
4496.3	1.50256347656 0.0
4496.3	0.982104492187 0.0
4496.3	0.974853515625 0.0
4496.4	1.50578613281 0.0
4496.5	0.68642578125 0.0
4496.6	1.04816894531 0.0
4496.6	0.900732421875 0.0
4496.7	1.508203125 0.0
4496.8	1.10778808594 0.0
4496.8	1.02641601562 0.0
4496.9	0.475341796875 0.0
4497.0	0.714624023437 0.0
4497.0	1.49450683594 0.0
4497.1	0.640502929688 0.0
4497.2	0.088623046875 0.0
4497.3	1.5017578125 0.0
4497.3	0.0 0.0
4497.3	0.909594726562 0.0
4497.4	0.623583984375 0.0
4497.5	1.50256347656 0.0
4497.5	1.19560546875 0.0
4497.5	0.2513671875 0.0
4497.5	1.04978027344 0.0
4497.6	0.981298828125 0.0
4497.7	0.940209960937 0.0
4497.9	1.30678710937 0.0
4497.9	0.51240234375 0.0
4498.0	1.21655273438 0.0
4498.0	1.49853515625 0.0
4498.1	1.49853515625 0.0
4498.1	0.0 0.0
4498.1	1.48645019531 0.0
4498.2	1.50095214844 0.0
4498.2	1.50336914062 0.0
4498.2	0.78310546875 0.0
4498.2	1.50417480469 0.0
4498.3	0.93134765625 0.0
4498.4	1.12390136719 0.0
4498.4	1.30356445312 0.0
4498.5	0.3609375 0.0
4498.6	1.50014648437 0.0
4498.6	1.23991699219 0.0
4498.7	1.32451171875 0.0
4498.7	0.037060546875 0.0
4498.7	0.265063476563 0.0
4498.8	1.12954101562 0.0
4498.8	1.50739746094 0.0
4498.9	1.46791992187 0.0
4498.9	1.04897460937 0.0
4498.9	1.40588378906 0.0
4499.0	0.0749267578125 0.0
4499.0	1.49772949219 0.0
4499.1	1.10859375 0.0
4499.1	1.50578613281 0.0
4499.3	0.684008789062 0.0
4499.3	0.539794921875 0.0
4499.4	0.575244140625 0.0
4499.4	1.00869140625 0.0
4499.4	1.49772949219 0.0
4499.5	1.50256347656 0.0
4499.7	1.49934082031 0.0
4499.8	1.4244140625 0.0
4499.8	0.0 0.0
4499.8	1.3470703125 0.0
4499.9	0.0 0.0
4500.0	0.758129882812 0.0
4500.0	0.752490234375 0.0
4500.1	0.862060546875 0.0
4500.2	1.48564453125 0.0
4500.2	0.0555908203125 0.0
4500.2	1.5017578125 0.0
4500.3	0.107958984375 0.0
4500.4	0.729931640625 0.0
4500.4	0.2771484375 0.0
4500.5	1.0119140625 0.0
4500.5	0.968408203125 0.0
4500.6	1.45502929687 0.0
4500.6	1.50659179688 0.0
4500.6	0.742016601562 0.0
4500.8	0.626000976562 0.0
4500.8	0.8056640625 0.0
4500.9	0.978881835938 0.0
4500.9	0.631640625 0.0
4500.9	0.51240234375 0.0
4501.0	1.50095214844 0.0
4501.0	0.813720703125 0.0
4501.1	1.05864257812 0.0
4501.1	0.581689453125 0.0
4501.1	1.49611816406 0.0
4501.1	0.986938476562 0.0
4501.2	1.45825195312 0.0
4501.2	0.961962890625 0.0
4501.3	1.49934082031 0.0
4501.3	1.50095214844 0.0
4501.4	1.26247558594 0.0
4501.5	0.742016601562 0.0
4501.5	0.91201171875 0.0
4501.6	0.716235351562 0.0
4501.7	0.661450195312 0.0
4501.7	0.791162109375 0.0
4501.8	1.5017578125 0.0
4501.9	0.667895507812 0.0
4502.0	0.116015625 0.0
4502.0	1.49611816406 0.0
4502.0	0.523681640625 0.0
4502.2	0.9474609375 0.0
4502.2	0.949072265625 0.0
4502.2	0.929736328125 0.0
4502.2	1.50256347656 0.0
4502.2	0.58330078125 0.0
4502.4	0.737182617188 0.0
4502.4	0.656616210938 0.0
4502.5	1.25119628906 0.0
4502.5	1.43972167969 0.0
4502.7	0.301318359375 0.0
4502.8	1.50659179688 0.0
4502.9	0.51240234375 0.0
4503.0	0.54140625 0.0
4503.1	1.35915527344 0.0
4503.1	0.596997070312 0.0
4503.2	1.11745605469 0.0
4503.2	0.461645507812 0.0
4503.2	1.50659179688 0.0
4503.3	1.50095214844 0.0
4503.4	0.9216796875 0.0
4503.4	0.526098632813 0.0
4503.4	1.49772949219 0.0
4503.4	0.103125 0.0
4503.5	1.49934082031 0.0
4503.5	1.50095214844 0.0
4503.6	1.50659179688 0.0
4503.7	1.40991210938 0.0
4503.7	0.575244140625 0.0
4503.9	1.44455566406 0.0
4504.1	1.45180664062 0.0
4504.1	1.49934082031 0.0
4504.1	0.4447265625 0.0
4504.1	0.587329101562 0.0
4504.1	0.207055664062 0.0
4504.1	0.0604248046875 0.0
4504.1	1.5017578125 0.0
4504.2	0.5865234375 0.0
4504.2	1.49772949219 0.0
4504.2	1.13195800781 0.0
4504.3	1.38896484375 0.0
4504.3	0.298095703125 0.0
4504.3	0.539794921875 0.0
4504.3	1.508203125 0.0
4504.4	0.536572265625 0.0
4504.4	1.33256835937 0.0
4504.5	0.57685546875 0.0
4504.5	0.948266601562 0.0
4504.5	0.75732421875 0.0
4504.7	0.098291015625 0.0
4504.8	1.0376953125 0.0
4504.9	0.784716796875 0.0
4504.9	0.786328125 0.0
4505.0	1.069921875 0.0
4505.1	1.13598632812 0.0
4505.1	0.8958984375 0.0
4505.1	0.85400390625 0.0
4505.2	1.16901855469 0.0
4505.3	0.24169921875 0.0
4505.3	1.49772949219 0.0
4505.3	0.9861328125 0.0
4505.4	0.745239257812 0.0
4505.4	0.455200195312 0.0
4505.5	1.5017578125 0.0
4505.5	0.750073242187 0.0
4505.5	0.0459228515625 0.0
4505.6	0.0475341796875 0.0
4505.6	1.0634765625 0.0
4505.6	0.722680664062 0.0
4505.6	0.788745117187 0.0
4505.7	1.38735351562 0.0
4505.7	1.14565429687 0.0
4505.7	1.17143554687 0.0
4505.8	0.69931640625 0.0
4505.8	0.554296875 0.0
4505.8	1.04172363281 0.0
4505.9	0.798413085937 0.0
4506.0	0.588134765625 0.0
4506.0	0.895092773437 0.0
4506.1	0.984521484375 0.0
4506.1	0.476953125 0.0
4506.1	1.31887207031 0.0
4506.2	0.81533203125 0.0
4506.2	0.0491455078125 0.0
4506.3	1.04897460937 0.0
4506.3	1.13920898437 0.0
4506.4	0.700122070312 0.0
4506.5	0.997412109375 0.0
4506.5	0.056396484375 0.0
4506.5	0.71865234375 0.0
4506.5	0.64453125 0.0
4506.5	0.672729492188 0.0
4506.5	1.50336914062 0.0
4506.5	0.4318359375 0.0
4506.6	1.17868652344 0.0
4506.6	0.966796875 0.0
4506.6	0.74443359375 0.0
4506.6	1.16015625 0.0
4506.8	1.49289550781 0.0
4506.8	1.50336914062 0.0
4506.8	1.18271484375 0.0
4506.9	0.76376953125 0.0
4506.9	1.50578613281 0.0
4506.9	0.0837890625 0.0
4507.0	0.96357421875 0.0
4507.1	0.661450195312 0.0
4507.1	0.760546875 0.0
4507.1	1.50095214844 0.0
4507.1	0.165966796875 0.0
4507.1	0.74765625 0.0
4507.1	1.340625 0.0
4507.3	1.50256347656 0.0
4507.3	1.11987304688 0.0
4507.4	1.24716796875 0.0
4507.4	1.50659179688 0.0
4507.4	0.863671875 0.0
4507.5	0.869311523437 0.0
4507.5	0.965185546875 0.0
4507.6	0.667895507812 0.0
4507.8	0.320654296875 0.0
4507.8	1.00949707031 0.0
4507.9	0.971630859375 0.0
4508.0	1.5017578125 0.0
4508.0	0.0 0.0
4508.0	1.20366210937 0.0
4508.0	1.49772949219 0.0
4508.0	0.874951171875 0.0
4508.1	0.780688476562 0.0
4508.1	1.49934082031 0.0
4508.1	0.833862304688 0.0
4508.2	0.727514648437 0.0
4508.3	0.846752929687 0.0
4508.3	0.86044921875 0.0
4508.4	0.968408203125 0.0
4508.4	0.0 0.0
4508.4	1.22863769531 0.0
4508.4	1.50659179688 0.0
4508.4	0.66708984375 0.0
4508.4	1.18352050781 0.0
4508.4	1.50417480469 0.0
4508.4	1.50900878906 0.0
4508.4	1.21333007813 0.0
4508.5	0.64453125 0.0
4508.5	0.274731445312 0.0
4508.5	1.49853515625 0.0
4508.5	0.659838867187 0.0
4508.6	1.508203125 0.0
4508.6	0.127294921875 0.0
4508.7	0.6896484375 0.0
4508.8	1.50014648437 0.0
4508.8	1.5017578125 0.0
4508.8	0.760546875 0.0
4509.0	0.555102539062 0.0
4509.1	0.798413085937 0.0
4509.1	0.0 0.0
4509.2	0.556713867187 0.0
4509.2	1.50256347656 0.0
4509.3	0.504345703125 0.0
4509.4	1.20124511719 0.0
4509.4	0.523681640625 0.0
4509.5	0.091845703125 0.0
4509.5	1.4953125 0.0
4509.5	0.771020507812 0.0
4509.5	0.066064453125 0.0
4509.6	0.35126953125 0.0
4509.7	0.742016601562 0.0
4509.8	0.86689453125 0.0
4509.9	1.04494628906 0.0
4510.0	1.50095214844 0.0
4510.0	1.18110351563 0.0
4510.1	1.34384765625 0.0
4510.2	1.508203125 0.0
4510.2	0.503540039062 0.0
4510.3	1.49934082031 0.0
4510.3	1.27858886719 0.0
4510.3	1.33176269531 0.0
4510.4	1.42763671875 0.0
4510.4	0.825 0.0
4510.4	0.786328125 0.0
4510.5	0.372216796875 0.0
4510.5	1.23991699219 0.0
4510.5	0.714624023437 0.0
4510.5	1.41394042969 0.0
4510.6	0.742822265625 0.0
4510.7	0.242504882812 0.0
4510.7	1.50095214844 0.0
4510.8	1.46469726562 0.0
4510.8	1.49772949219 0.0
4510.8	0.7412109375 0.0
4511.0	0.580078125 0.0
4511.0	0.232836914062 0.0
4511.0	0.809692382812 0.0
4511.1	1.49934082031 0.0
4511.1	0.67353515625 0.0
4511.2	0.188525390625 0.0
4511.2	1.04575195312 0.0
4511.3	1.50739746094 0.0
4511.4	0.50595703125 0.0
4511.4	0.633251953125 0.0
4511.5	0.572827148437 0.0
4511.5	1.45261230469 0.0
4511.6	0.72509765625 0.0
4511.7	1.49692382812 0.0
4511.7	1.13115234375 0.0
4511.7	1.36479492187 0.0
4511.7	0.465673828125 0.0
4511.7	0.61875 0.0
4511.9	0.7412109375 0.0
4511.9	0.1482421875 0.0
4511.9	0.416528320312 0.0
4511.9	0.867700195312 0.0
4511.9	0.523681640625 0.0
4511.9	1.0892578125 0.0
4512.0	1.49370117187 0.0
4512.1	1.05219726563 0.0
4512.1	1.50095214844 0.0
4512.1	0.760546875 0.0
4512.1	1.38171386719 0.0
4512.2	1.49611816406 0.0
4512.3	0.160327148437 0.0
4512.3	0.58974609375 0.0
4512.3	1.49772949219 0.0
4512.4	1.2052734375 0.0
4512.4	1.34223632812 0.0
4512.5	0.643725585937 0.0
4512.5	0.737182617188 0.0
4512.5	1.50498046875 0.0
4512.7	0.887036132812 0.0
4512.7	1.50014648437 0.0
4512.8	1.49772949219 0.0
4512.8	1.12309570312 0.0
4513.2	0.617138671875 0.0
4513.3	0.684814453125 0.0
4513.3	0.9345703125 0.0
4513.3	0.107153320312 0.0
4513.4	1.508203125 0.0
4513.4	1.06831054688 0.0
4513.5	1.40266113281 0.0
4513.5	0.723486328125 0.0
4513.6	0.813720703125 0.0
4513.6	0.4640625 0.0
4513.6	1.50014648437 0.0
4513.6	0.8443359375 0.0
4513.7	1.5017578125 0.0
4513.8	0.3158203125 0.0
4513.8	0.787133789062 0.0
4513.9	1.00708007812 0.0
4514.0	0.951489257812 0.0
4514.0	1.09973144531 0.0
4514.0	0.252172851562 0.0
4514.0	0.171606445312 0.0
4514.1	1.5017578125 0.0
4514.2	0.8701171875 0.0
4514.2	0.104736328125 0.0
4514.3	0.970825195312 0.0
4514.4	0.734765625 0.0
4514.5	1.06911621094 0.0
4514.5	0.613110351562 0.0
4514.5	0.968408203125 0.0
4514.6	1.20285644531 0.0
4514.6	1.49370117187 0.0
4514.7	1.4953125 0.0
4514.8	1.50659179688 0.0
4514.8	0.890258789062 0.0
4514.8	0.574438476563 0.0
4514.9	0.849169921875 0.0
4514.9	0.91201171875 0.0
4514.9	1.5017578125 0.0
4515.0	0.817749023438 0.0
4515.1	0.515625 0.0
4515.1	0.20625 0.0
4515.1	0.833862304688 0.0
4515.2	0.746850585937 0.0
4515.2	1.508203125 0.0
4515.4	1.5017578125 0.0
4515.4	1.50014648437 0.0
4515.4	1.50095214844 0.0
4515.5	0.78310546875 0.0
4515.5	0.410888671875 0.0
4515.5	1.49853515625 0.0
4515.5	1.10537109375 0.0
4515.5	1.3470703125 0.0
4515.5	0.59619140625 0.0
4515.6	0.775854492187 0.0
4515.6	0.17724609375 0.0
4515.6	0.2513671875 0.0
4515.7	0.593774414062 0.0
4515.7	0.845947265625 0.0
4515.8	1.49692382812 0.0
4515.8	0.064453125 0.0
4515.9	0.761352539062 0.0
4515.9	1.2826171875 0.0
4516.0	0.580883789062 0.0
4516.0	1.49370117187 0.0
4516.1	1.5017578125 0.0
4516.1	0.503540039062 0.0
4516.1	1.21735839844 0.0
4516.2	1.50659179688 0.0
4516.4	0.1224609375 0.0
4516.4	0.916845703125 0.0
4516.5	1.50256347656 0.0
4516.5	1.50336914062 0.0
4516.5	1.25764160156 0.0
4516.6	1.03125 0.0
4516.6	1.49611816406 0.0
4516.7	1.50900878906 0.0
4516.7	0.28359375 0.0
4516.7	1.01352539062 0.0
4516.7	1.50578613281 0.0
4516.7	1.2181640625 0.0
4516.8	0.837890625 0.0
4516.9	0.31259765625 0.0
4517.1	0.668701171875 0.0
4517.2	1.49853515625 0.0
4517.2	1.23186035156 0.0
4517.2	0.442309570312 0.0
4517.2	1.16015625 0.0
4517.3	1.13920898437 0.0
4517.3	1.508203125 0.0
4517.3	1.4953125 0.0
4517.3	0.845947265625 0.0
4517.5	0.864477539062 0.0
4517.5	0.919262695312 0.0
4517.6	0.539794921875 0.0
4517.6	1.33659667969 0.0
4517.6	0.15146484375 0.0
4517.7	1.22863769531 0.0
4517.7	0.657421875 0.0
4517.7	1.49934082031 0.0
4517.8	1.50014648437 0.0
4517.8	1.50498046875 0.0
4517.8	0.62841796875 0.0
4517.8	0.407666015625 0.0
4517.8	0.796801757812 0.0
4517.8	0.708178710937 0.0
4517.9	0.046728515625 0.0
4517.9	0.958740234375 0.0
4518.0	1.121484375 0.0
4518.0	1.50095214844 0.0
4518.1	0.903955078125 0.0
4518.2	0.57041015625 0.0
4518.2	1.50336914062 0.0
4518.3	1.49692382812 0.0
4518.3	1.50014648437 0.0
4518.3	0.825 0.0
4518.3	0.413305664062 0.0
4518.3	0.693676757812 0.0
4518.4	1.50498046875 0.0
4518.5	0.999829101562 0.0
4518.6	1.49934082031 0.0
4518.6	0.0708984375 0.0
4518.6	0.778271484375 0.0
4518.6	0.729931640625 0.0
4518.8	0.863671875 0.0
4518.9	1.09167480469 0.0
4518.9	0.691259765625 0.0
4519.0	1.12631835937 0.0
4519.0	1.50095214844 0.0
4519.0	1.16499023438 0.0
4519.1	1.48403320312 0.0
4519.1	1.50578613281 0.0
4519.1	0.458422851562 0.0
4519.1	0.743627929687 0.0
4519.2	0.848364257812 0.0
4519.2	1.33579101562 0.0
4519.3	1.50014648437 0.0
4519.3	1.508203125 0.0
4519.3	1.18674316406 0.0
4519.3	1.50014648437 0.0
4519.5	1.5017578125 0.0
4519.5	1.41796875 0.0
4519.6	1.48725585937 0.0
4519.7	1.224609375 0.0
4519.8	1.46872558594 0.0
4519.8	0.178857421875 0.0
4519.9	0.80888671875 0.0
4520.0	1.50578613281 0.0
4520.0	1.21574707031 0.0
4520.0	1.49853515625 0.0
4520.2	0.893481445312 0.0
4520.3	0.0942626953125 0.0
4520.4	0.992578125 0.0
4520.4	0.55107421875 0.0
4520.4	1.50417480469 0.0
4520.4	1.21735839844 0.0
4520.4	0.853198242187 0.0
4520.4	1.44455566406 0.0
4520.6	0.729125976562 0.0
4520.6	0.439892578125 0.0
4520.7	1.50256347656 0.0
4520.8	0.291650390625 0.0
4520.8	0.0 0.0
4520.8	0.243310546875 0.0
4520.8	1.50014648437 0.0
4521.1	0.746044921875 0.0
4521.2	1.24072265625 0.0
4521.3	0.059619140625 0.0
4521.3	0.10634765625 0.0
4521.3	1.121484375 0.0
4521.3	1.5017578125 0.0
4521.4	0.748461914062 0.0
4521.5	1.06025390625 0.0
4521.7	1.16257324219 0.0
4521.7	1.134375 0.0
4522.2	1.50014648437 0.0
4522.2	0.36416015625 0.0
4522.2	0.958740234375 0.0
4522.2	1.26328125 0.0
4522.2	1.42683105469 0.0
4522.3	0.5736328125 0.0
4522.4	0.829833984375 0.0
4522.4	0.722680664062 0.0
4522.4	1.5017578125 0.0
4522.4	0.5736328125 0.0
4522.5	0.89267578125 0.0
4522.5	1.50014648437 0.0
4522.5	0.167578125 0.0
4522.6	0.992578125 0.0
4522.6	0.571215820312 0.0
4522.6	1.50498046875 0.0
4522.7	1.16418457031 0.0
4522.7	1.19479980469 0.0
4522.8	1.50336914062 0.0
4522.8	0.939404296875 0.0
4522.8	0.755712890625 0.0
4522.9	0.9603515625 0.0
4522.9	0.964379882812 0.0
4523.0	0.870922851562 0.0
4523.0	0.758129882812 0.0
4523.1	0.8958984375 0.0
4523.1	1.50578613281 0.0
4523.1	1.0119140625 0.0
4523.4	1.27133789062 0.0
4523.5	1.50336914062 0.0
4523.5	1.00144042969 0.0
4523.5	1.508203125 0.0
4523.6	1.49772949219 0.0
4523.7	1.50336914062 0.0
4523.8	1.22863769531 0.0
4523.8	1.06025390625 0.0
4523.8	1.02561035156 0.0
4523.8	1.49772949219 0.0
4523.9	0.353686523437 0.0
4524.0	1.50256347656 0.0
4524.0	0.841918945312 0.0
4524.1	0.8701171875 0.0
4524.2	0.468090820312 0.0
4524.2	1.0892578125 0.0
4524.3	0.143408203125 0.0
4524.4	1.095703125 0.0
4524.4	1.40668945312 0.0
4524.4	0.768603515625 0.0
4524.5	1.08522949219 0.0
4524.6	0.903149414062 0.0
4524.7	1.5017578125 0.0
4524.8	1.50900878906 0.0
4524.8	1.50417480469 0.0
4525.0	1.340625 0.0
4525.0	1.508203125 0.0
4525.1	0.64130859375 0.0
4525.1	0.677563476562 0.0
4525.1	0.774243164062 0.0
4525.2	1.50659179688 0.0
4525.3	1.32612304687 0.0
4525.4	0.808081054687 0.0
4525.4	0.15146484375 0.0
4525.4	1.276171875 0.0
4525.4	1.49853515625 0.0
4525.5	1.28583984375 0.0
4525.5	1.34304199219 0.0
4525.5	1.01352539062 0.0
4525.6	1.50256347656 0.0
4525.6	1.49853515625 0.0
4525.6	0.046728515625 0.0
4525.6	0.0620361328125 0.0
4525.7	0.8572265625 0.0
4525.7	0.7927734375 0.0
4525.8	1.27294921875 0.0
4525.8	0.0604248046875 0.0
4525.9	1.43005371094 0.0
4525.9	0.739599609375 0.0
4526.0	0.451171875 0.0
4526.0	1.28503417969 0.0
4526.0	0.607470703125 0.0
4526.0	1.0828125 0.0
4526.2	0.870922851562 0.0
4526.2	0.687231445312 0.0
4526.3	0.719458007812 0.0
4526.3	1.22541503906 0.0
4526.4	0.3544921875 0.0
4526.4	0.8443359375 0.0
4526.5	0.620361328125 0.0
4526.6	1.29147949219 0.0
4526.8	1.0376953125 0.0
4527.0	0.536572265625 0.0
4527.0	0.0491455078125 0.0
4527.0	1.49450683594 0.0
4527.0	0.37060546875 0.0
4527.1	1.20607910156 0.0
4527.2	0.94423828125 0.0
4527.2	1.28422851562 0.0
4527.2	0.069287109375 0.0
4527.3	0.156298828125 0.0
4527.3	1.50095214844 0.0
4527.5	0.439086914062 0.0
4527.6	0.758935546875 0.0
4527.6	0.229614257812 0.0
4527.7	0.1482421875 0.0
4527.7	1.0828125 0.0
4528.0	1.50417480469 0.0
4528.0	1.50095214844 0.0
4528.0	1.50014648437 0.0
4528.1	0.3673828125 0.0
4528.1	1.38010253906 0.0
4528.2	1.49853515625 0.0
4528.3	0.858837890625 0.0
4528.3	0.887841796875 0.0
4528.3	1.40668945312 0.0
4528.3	0.7798828125 0.0
4528.4	0.526904296875 0.0
4528.4	1.00869140625 0.0
4528.4	1.50578613281 0.0
4528.5	0.64130859375 0.0
4528.6	0.46083984375 0.0
4528.6	1.05380859375 0.0
4528.6	1.34465332031 0.0
4528.6	1.49934082031 0.0
4528.6	1.508203125 0.0
4528.7	1.49934082031 0.0
4528.8	1.33901367187 0.0
4528.8	0.46728515625 0.0
4528.8	1.50417480469 0.0
4528.8	0.9216796875 0.0
4528.9	1.31000976562 0.0
4528.9	0.056396484375 0.0
4529.0	0.7025390625 0.0
4529.1	1.38896484375 0.0
4529.1	0.6703125 0.0
4529.1	1.26650390625 0.0
4529.1	0.829028320312 0.0
4529.2	0.546240234375 0.0
4529.2	0.777465820312 0.0
4529.2	1.50256347656 0.0
4529.2	0.0 0.0
4529.3	0.046728515625 0.0
4529.4	0.460034179687 0.0
4529.6	1.49853515625 0.0
4529.6	0.606665039063 0.0
4529.8	0.437475585937 0.0
4529.8	0.864477539062 0.0
4529.8	1.20849609375 0.0
4529.8	1.31081542969 0.0
4529.9	1.26408691406 0.0
4529.9	1.50256347656 0.0
4529.9	1.09328613281 0.0
4530.0	0.373828125 0.0
4530.1	1.50578613281 0.0
4530.1	0.327099609375 0.0
4530.2	0.40927734375 0.0
4530.2	1.2375 0.0
4530.2	1.49692382812 0.0
4530.4	0.38671875 0.0
4530.4	1.46550292969 0.0
4530.5	0.546240234375 0.0
4530.5	1.48645019531 0.0
4530.5	0.854809570312 0.0
4530.5	1.13115234375 0.0
4530.6	1.04252929687 0.0
4530.6	0.758935546875 0.0
4530.6	1.508203125 0.0
4530.6	1.38251953125 0.0
4530.7	1.13034667969 0.0
4530.8	0.698510742187 0.0
4530.9	0.19658203125 0.0
4530.9	1.0892578125 0.0
4530.9	1.24636230469 0.0
4530.9	0.680786132812 0.0
4531.0	1.49692382812 0.0
4531.0	0.66064453125 0.0
4531.1	0.73154296875 0.0
4531.1	0.679174804687 0.0
4531.2	1.22622070312 0.0
4531.2	0.336767578125 0.0
4531.2	0.449560546875 0.0
4531.2	0.812109375 0.0
4531.3	1.42199707031 0.0
4531.3	0.3673828125 0.0
4531.4	0.309375 0.0
4531.4	1.02883300781 0.0
4531.4	0.758129882812 0.0
4531.4	1.50014648437 0.0
4531.6	0.687231445312 0.0
4531.6	0.29970703125 0.0
4531.6	0.643725585937 0.0
4531.6	0.966796875 0.0
4531.6	1.50095214844 0.0
4531.7	0.893481445312 0.0
4531.8	0.043505859375 0.0
4531.8	1.49772949219 0.0
4531.8	1.17788085937 0.0
4531.9	1.06750488281 0.0
4532.1	0.928125 0.0
4532.2	0.0684814453125 0.0
4532.2	0.0717041015625 0.0
4532.4	1.06186523437 0.0
4532.5	1.04252929687 0.0
4532.5	1.50095214844 0.0
4532.5	1.37687988281 0.0
4532.5	1.49692382812 0.0
4532.6	1.03205566406 0.0
4532.6	0.598608398438 0.0
4532.7	0.968408203125 0.0
4532.8	1.50014648437 0.0
4532.8	1.06589355469 0.0
4532.8	1.4953125 0.0
4532.9	0.838696289062 0.0
4532.9	1.27778320312 0.0
4533.0	1.33820800781 0.0
4533.0	0.381884765625 0.0
4533.0	1.15532226562 0.0
4533.0	0.365771484375 0.0
4533.0	1.11181640625 0.0
4533.0	1.07314453125 0.0
4533.1	1.35593261719 0.0
4533.1	0.784716796875 0.0
4533.1	0.775854492187 0.0
4533.1	0.309375 0.0
4533.1	1.30437011719 0.0
4533.2	1.17546386719 0.0
4533.2	1.14565429687 0.0
4533.3	0.9345703125 0.0
4533.3	1.00144042969 0.0
4533.5	1.22299804687 0.0
4533.5	1.50659179688 0.0
4533.6	0.646142578125 0.0
4533.7	0.88623046875 0.0
4533.7	0.0 0.0
4533.8	0.826611328125 0.0
4533.8	0.427807617187 0.0
4533.8	1.50578613281 0.0
4533.9	0.588134765625 0.0
4534.0	1.50095214844 0.0
4534.1	0.775854492187 0.0
4534.1	0.0588134765625 0.0
4534.3	1.50659179688 0.0
4534.3	0.359326171875 0.0
4534.3	0.723486328125 0.0
4534.4	1.29309082031 0.0
4534.4	0.8185546875 0.0
4534.4	0.849975585938 0.0
4534.5	0.911206054687 0.0
4534.5	0.60908203125 0.0
4534.5	0.49306640625 0.0
4534.6	1.50256347656 0.0
4534.6	1.46791992187 0.0
4534.7	1.50659179688 0.0
4534.7	0.477758789062 0.0
4534.8	0.520458984375 0.0
4534.8	1.508203125 0.0
4534.9	0.539794921875 0.0
4534.9	0.713818359375 0.0
4534.9	1.50498046875 0.0
4535.0	0.0781494140625 0.0
4535.0	0.110375976562 0.0
4535.1	0.0 0.0
4535.1	0.3416015625 0.0
4535.2	0.69609375 0.0
4535.2	0.343212890625 0.0
4535.4	0.504345703125 0.0
4535.5	0.0966796875 0.0
4535.5	1.50095214844 0.0
4535.6	0.691259765625 0.0
4535.6	0.903149414062 0.0
4535.7	0.871728515625 0.0
4535.7	0.1482421875 0.0
4535.7	1.50336914062 0.0
4535.7	0.54140625 0.0
4535.9	0.116821289062 0.0
4535.9	1.044140625 0.0
4535.9	1.49853515625 0.0
4536.2	0.87978515625 0.0
4536.3	1.50417480469 0.0
4536.3	0.971630859375 0.0
4536.4	1.23427734375 0.0
4536.4	1.01997070313 0.0
4536.5	0.974853515625 0.0
4536.5	1.24636230469 0.0
4536.5	0.92490234375 0.0
4536.5	0.956323242187 0.0
4536.5	1.12631835937 0.0
4536.5	1.16579589844 0.0
4536.7	1.50336914062 0.0
4536.7	0.75087890625 0.0
4536.8	0.515625 0.0
4536.8	0.28681640625 0.0
4537.1	0.352880859375 0.0
4537.1	0.2771484375 0.0
4537.1	1.5017578125 0.0
4537.1	1.4244140625 0.0
4537.1	0.827416992187 0.0
4537.2	1.43569335937 0.0
4537.2	0.9345703125 0.0
4537.2	0.683203125 0.0
4537.2	0.261840820312 0.0
4537.2	0.8572265625 0.0
4537.3	1.49772949219 0.0
4537.3	0.752490234375 0.0
4537.3	0.06123046875 0.0
4537.4	0.6638671875 0.0
4537.5	0.889453125 0.0
4537.5	1.44938964844 0.0
4537.5	0.664672851562 0.0
4537.5	0.73154296875 0.0
4537.6	0.929736328125 0.0
4537.6	1.49934082031 0.0
4537.7	1.50336914062 0.0
4537.7	1.50095214844 0.0
4537.7	0.678369140625 0.0
4537.8	1.49772949219 0.0
4537.8	0.348046875 0.0
4537.8	0.986938476562 0.0
4537.8	1.42683105469 0.0
4537.8	1.14887695313 0.0
4537.9	1.2697265625 0.0
4537.9	1.21494140625 0.0
4537.9	1.04333496094 0.0
4537.9	0.552685546875 0.0
4538.0	0.4833984375 0.0
4538.1	1.50498046875 0.0
4538.1	0.991772460937 0.0
4538.2	1.50256347656 0.0
4538.2	0.749267578125 0.0
4538.3	0.839501953125 0.0
4538.3	0.172412109375 0.0
4538.3	1.50095214844 0.0
4538.4	0.935375976562 0.0
4538.4	0.410083007812 0.0
4538.4	0.49306640625 0.0
4538.6	0.554296875 0.0
4538.6	1.14807128906 0.0
4538.7	0.50595703125 0.0
4538.7	1.03125 0.0
4538.7	0.556713867187 0.0
4538.8	1.17788085937 0.0
4538.8	0.682397460937 0.0
4538.8	1.2181640625 0.0
4538.9	1.25441894531 0.0
4538.9	0.399609375 0.0
4538.9	1.0763671875 0.0
4538.9	0.768603515625 0.0
4539.0	0.062841796875 0.0
4539.2	0.777465820312 0.0
4539.2	0.503540039062 0.0
4539.3	0.909594726562 0.0
4539.4	1.5017578125 0.0
4539.5	1.15209960938 0.0
4539.5	0.754907226562 0.0
4539.5	1.35190429687 0.0
4539.5	1.50659179688 0.0
4539.6	0.932958984375 0.0
4539.7	1.49692382812 0.0
4539.8	1.15854492187 0.0
4539.8	0.80244140625 0.0
4539.9	1.15048828125 0.0
4540.0	1.14645996094 0.0
4540.1	1.50336914062 0.0
4540.2	0.373828125 0.0
4540.2	1.06025390625 0.0
4540.2	1.05461425781 0.0
4540.2	0.90556640625 0.0
4540.4	0.787133789062 0.0
4540.5	0.0265869140625 0.0
4540.5	1.10295410156 0.0
4540.5	1.508203125 0.0
4540.5	0.591357421875 0.0
4540.6	1.508203125 0.0
4540.6	1.18996582031 0.0
4540.8	0.856420898437 0.0
4540.8	0.0966796875 0.0
4540.8	0.95712890625 0.0
4540.9	0.607470703125 0.0
4541.0	1.43005371094 0.0
4541.1	1.50256347656 0.0
4541.1	0.609887695312 0.0
4541.1	1.41716308594 0.0
4541.2	0.809692382812 0.0
4541.2	0.713818359375 0.0
4541.2	1.12551269531 0.0
4541.2	0.694482421875 0.0
4541.2	1.50256347656 0.0
4541.3	0.526904296875 0.0
4541.3	1.21252441406 0.0
4541.3	0.912817382812 0.0
4541.4	1.49692382812 0.0
4541.5	0.0862060546875 0.0
4541.5	0.717041015625 0.0
4541.5	1.276171875 0.0
4541.6	1.06750488281 0.0
4541.7	1.50739746094 0.0
4541.8	0.838696289062 0.0
4541.8	0.764575195312 0.0
4541.8	0.630834960937 0.0
4541.9	0.0555908203125 0.0
4541.9	1.49772949219 0.0
4541.9	1.11181640625 0.0
4542.0	0.732348632812 0.0
4542.0	1.1794921875 0.0
4542.0	0.82822265625 0.0
4542.1	1.095703125 0.0
4542.1	1.49611816406 0.0
4542.1	1.50256347656 0.0
4542.5	1.50498046875 0.0
4542.6	0.73798828125 0.0
4542.6	1.49450683594 0.0
4542.6	1.35432128906 0.0
4542.6	0.98291015625 0.0
4542.7	1.50417480469 0.0
4542.8	1.50578613281 0.0
4542.8	1.50336914062 0.0
4542.8	0.5736328125 0.0
4542.8	0.0717041015625 0.0
4542.9	0.554296875 0.0
4542.9	0.1869140625 0.0
4543.0	1.49934082031 0.0
4543.0	0.64453125 0.0
4543.1	1.13598632812 0.0
4543.1	0.784716796875 0.0
4543.2	0.90556640625 0.0
4543.3	1.00224609375 0.0
4543.3	0.813720703125 0.0
4543.4	0.526098632813 0.0
4543.4	1.5017578125 0.0
4543.4	1.11262207031 0.0
4543.5	1.14968261719 0.0
4543.5	1.04816894531 0.0
4543.6	1.00788574219 0.0
4543.8	1.50014648437 0.0
4543.8	1.50578613281 0.0
4543.8	0.827416992187 0.0
4543.9	1.37526855469 0.0
4544.0	0.639697265625 0.0
4544.0	0.8830078125 0.0
4544.0	1.49934082031 0.0
4544.1	0.835473632812 0.0
4544.2	0.7734375 0.0
4544.4	1.50578613281 0.0
4544.5	0.807275390625 0.0
4544.5	1.38654785156 0.0
4544.6	0.046728515625 0.0
4544.7	0.83466796875 0.0
4544.7	0.397998046875 0.0
4544.8	0.484204101562 0.0
4544.9	1.01271972656 0.0
4544.9	0.08701171875 0.0
4544.9	1.0763671875 0.0
4544.9	1.5017578125 0.0
4544.9	1.50498046875 0.0
4544.9	0.0837890625 0.0
4545.0	1.13195800781 0.0
4545.0	0.849169921875 0.0
4545.2	0.587329101562 0.0
4545.2	1.27294921875 0.0
4545.2	0.05478515625 0.0
4545.3	0.307763671875 0.0
4545.4	0.167578125 0.0
4545.4	1.44938964844 0.0
4545.4	1.50578613281 0.0
4545.5	1.11181640625 0.0
4545.6	1.508203125 0.0
4545.6	1.34304199219 0.0
4545.6	1.00466308594 0.0
4545.6	0.874145507812 0.0
4545.6	0.639697265625 0.0
4545.7	0.825 0.0
4545.7	0.825 0.0
4545.7	1.5017578125 0.0
4545.7	0.0 0.0
4545.7	1.21010742187 0.0
4545.9	0.0652587890625 0.0
4545.9	1.03608398438 0.0
4546.0	1.02319335938 0.0
4546.0	0.7541015625 0.0
4546.1	1.50014648437 0.0
4546.2	0.4640625 0.0
4546.2	1.40830078125 0.0
4546.3	0.44794921875 0.0
4546.3	1.00305175781 0.0
4546.4	0.79921875 0.0
4546.4	0.98291015625 0.0
4546.4	0.75087890625 0.0
4546.5	0.812109375 0.0
4546.5	1.29953613281 0.0
4546.5	0.722680664062 0.0
4546.6	0.727514648437 0.0
4546.6	0.116015625 0.0
4546.6	0.42216796875 0.0
4546.7	1.23186035156 0.0
4546.7	0.794384765625 0.0
4546.8	0.636474609375 0.0
4546.8	1.25603027344 0.0
4547.0	1.03608398438 0.0
4547.0	0.869311523437 0.0
4547.0	1.3083984375 0.0
4547.1	1.1537109375 0.0
4547.2	0.727514648437 0.0
4547.2	1.49772949219 0.0
4547.2	0.925708007812 0.0
4547.2	0.204638671875 0.0
4547.3	0.118432617187 0.0
4547.4	1.50336914062 0.0
4547.5	0.80244140625 0.0
4547.5	1.49934082031 0.0
4547.6	1.49934082031 0.0
4547.7	1.4953125 0.0
4547.7	1.0119140625 0.0
4547.8	1.43005371094 0.0
4547.9	1.50256347656 0.0
4547.9	0.332739257812 0.0
4548.0	1.05380859375 0.0
4548.1	0.623583984375 0.0
4548.1	1.14323730469 0.0
4548.2	1.50256347656 0.0
4548.4	1.49611816406 0.0
4548.4	0.603442382812 0.0
4548.5	1.50336914062 0.0
4548.5	1.49611816406 0.0
4548.5	1.49934082031 0.0
4548.6	1.06186523437 0.0
4548.6	0.0 0.0
4548.6	1.49853515625 0.0
4548.7	0.3416015625 0.0
4548.7	1.5017578125 0.0
4548.7	0.717846679687 0.0
4548.8	1.21010742187 0.0
4548.9	0.777465820312 0.0
4549.0	0.528515625 0.0
4549.1	0.401220703125 0.0
4549.1	1.50417480469 0.0
4549.1	1.50417480469 0.0
4549.1	0.756518554687 0.0
4549.1	0.435864257812 0.0
4549.1	0.982104492187 0.0
4549.3	0.240087890625 0.0
4549.4	1.50256347656 0.0
4549.4	1.50014648437 0.0
4549.4	0.46083984375 0.0
4549.5	0.143408203125 0.0
4549.6	0.914428710938 0.0
4549.6	1.50014648437 0.0
4549.8	1.49934082031 0.0
4549.8	0.4962890625 0.0
4549.8	0.44150390625 0.0
4549.9	1.50900878906 0.0
4549.9	1.06750488281 0.0
4549.9	0.139379882812 0.0
4550.4	0.064453125 0.0
4550.4	0.584106445312 0.0
4550.5	1.42683105469 0.0
4550.5	1.49853515625 0.0
4550.6	1.07717285156 0.0
4550.6	0.782299804687 0.0
4550.7	0.94423828125 0.0
4550.7	1.28825683594 0.0
4550.9	1.49772949219 0.0
4550.9	0.046728515625 0.0
4550.9	1.1408203125 0.0
4551.0	1.36882324219 0.0
4551.0	1.21896972656 0.0
4551.0	0.550268554688 0.0
4551.0	1.49772949219 0.0
4551.0	0.0515625 0.0
4551.1	1.48322753906 0.0
4551.1	1.41635742187 0.0
4551.1	1.3921875 0.0
4551.1	0.952294921875 0.0
4551.2	0.153076171875 0.0
4551.3	0.114404296875 0.0
4551.4	1.508203125 0.0
4551.5	1.50578613281 0.0
4551.7	0.890258789062 0.0
4551.8	1.198828125 0.0
4551.8	0.233642578125 0.0
4551.9	1.34868164062 0.0
4552.0	0.0475341796875 0.0
4552.1	1.50417480469 0.0
4552.1	0.45439453125 0.0
4552.2	0.874951171875 0.0
4552.4	0.04833984375 0.0
4552.4	1.11423339844 0.0
4552.4	1.07072753906 0.0
4552.5	1.02077636719 0.0
4552.6	0.09345703125 0.0
4552.7	1.34384765625 0.0
4552.7	1.18190917969 0.0
4552.7	0.425390625 0.0
4552.8	0.595385742187 0.0
4552.8	1.49450683594 0.0
4552.8	0.851586914062 0.0
4552.8	1.49934082031 0.0
4552.8	0.559936523438 0.0
4552.8	0.925708007812 0.0
4552.9	0.734765625 0.0
4552.9	1.49853515625 0.0
4553.0	1.46147460937 0.0
4553.0	1.30437011719 0.0
4553.0	0.27392578125 0.0
4553.1	0.73154296875 0.0
4553.2	1.50739746094 0.0
4553.2	0.688842773438 0.0
4553.2	0.046728515625 0.0
4553.2	0.929736328125 0.0
4553.3	1.33176269531 0.0
4553.3	1.10456542969 0.0
4553.3	1.50659179688 0.0
4553.3	1.49934082031 0.0
4553.5	1.49450683594 0.0
4553.6	1.00788574219 0.0
4553.7	0.333544921875 0.0
4553.8	0.043505859375 0.0
4553.9	1.13034667969 0.0
4553.9	1.16015625 0.0
4553.9	1.508203125 0.0
4554.0	0.982104492187 0.0
4554.0	0.9474609375 0.0
4554.0	0.5736328125 0.0
4554.0	1.5017578125 0.0
4554.1	1.0376953125 0.0
4554.2	1.50014648437 0.0
4554.2	0.739599609375 0.0
4554.5	0.597802734375 0.0
4554.5	0.243310546875 0.0
4554.6	1.49934082031 0.0
4554.6	1.50659179688 0.0
4554.7	1.50336914062 0.0
4554.7	0.10634765625 0.0
4554.8	0.495483398438 0.0
4554.8	0.913623046875 0.0
4554.9	1.50417480469 0.0
4554.9	0.488232421875 0.0
4555.0	0.775048828125 0.0
4555.0	1.50417480469 0.0
4555.2	1.49853515625 0.0
4555.2	1.5017578125 0.0
4555.2	0.708984375 0.0
4555.3	1.04655761719 0.0
4555.3	1.50095214844 0.0
4555.3	0.620361328125 0.0
4555.4	0.57685546875 0.0
4555.4	1.20446777344 0.0
4555.5	0.05478515625 0.0
4555.6	1.26005859375 0.0
4555.7	0.900732421875 0.0
4555.7	1.14968261719 0.0
4555.8	1.50256347656 0.0
4555.8	1.42038574219 0.0
4555.9	0.046728515625 0.0
4556.0	1.49853515625 0.0
4556.1	0.124072265625 0.0
4556.1	1.09409179687 0.0
4556.2	0.62197265625 0.0
4556.2	1.49692382812 0.0
4556.3	1.50014648437 0.0
4556.3	0.578466796875 0.0
4556.3	1.49611816406 0.0
4556.4	0.12568359375 0.0
4556.6	1.0828125 0.0
4556.6	0.490649414062 0.0
4556.7	0.62841796875 0.0
4556.7	0.829833984375 0.0
4556.8	1.456640625 0.0
4556.8	0.721875 0.0
4556.8	1.50095214844 0.0
4556.9	0.9603515625 0.0
4557.0	1.49289550781 0.0
4557.1	1.03366699219 0.0
4557.1	0.651782226562 0.0
4557.1	0.09345703125 0.0
4557.2	0.622778320312 0.0
4557.2	0.8314453125 0.0
4557.3	1.15773925781 0.0
4557.3	0.729931640625 0.0
4557.3	1.42280273437 0.0
4557.3	0.523681640625 0.0
4557.4	0.613916015625 0.0
4557.4	1.40991210938 0.0
4557.4	1.07153320312 0.0
4557.4	0.681591796875 0.0
4557.4	1.27697753906 0.0
4557.4	1.49772949219 0.0
4557.4	1.50014648437 0.0
4557.4	0.610693359375 0.0
4557.5	0.890258789062 0.0
4557.5	1.50659179688 0.0
4557.5	1.42038574219 0.0
4557.6	0.142602539063 0.0
4557.6	1.16096191406 0.0
