0
0
0
0
0
0
0
0
0
0
0
0
0
0
0
0
0
0
0
0
0
0
0
0
0
0
0
0
0
0
0
0
0
0
0
0
0
0
0
0
0
0
1
0
1
0
0
0
0
0
0
1
0
0
0
0
0
0
1
0
0
0
0
0
0
0
0
0
0
0
0
0
0
1
0
0
0
0
0
0
1
0
0
0
0
0
0
0
0
0
0
0
0
0
0
0
0
0
0
1
0
0
0
0
0
0
0
0
0
0
0
0
0
0
0
0
0
1
0
0
0
0
0
0
0
0
0
0
0
0
0
0
0
0
0
0
0
0
0
0
0
0
0
0
0
0
0
0
0
0
1
0
0
1
0
1
0
0
0
1
0
0
0
0
0
0
0
0
0
0
0
0
0
0
0
0
0
0
0
0
0
0
0
0
0
0
0
0
0
0
0
0
0
0
0
0
0
0
1
0
0
0
0
0
0
0
0
0
0
0
0
0
0
0
0
0
0
0
0
0
0
0
0
0
0
0
0
0
0
0
0
0
0
0
0
0
1
0
0
0
0
0
0
0
0
0
0
0
1
0
0
0
0
0
0
0
0
0
0
0
0
0
0
0
0
0
0
0
0
0
0
0
0
0
0
0
0
0
0
0
0
0
0
0
0
0
0
0
0
1
0
0
0
0
0
0
0
0
0
0
0
0
0
1
0
1
0
0
0
1
1
1
0
0
0
0
0
0
2
0
0
0
0
0
0
0
1
0
0
0
1
0
0
0
0
0
0
0
1
0
0
0
0
0
0
0
1
2
1
0
1
0
2
1
1
0
0
0
0
0
0
0
0
1
0
2
0
2
0
1
0
1
0
1
1
0
1
0
0
1
1
0
1
1
0
0
1
0
0
0
0
0
0
0
0
1
1
0
2
0
0
0
0
1
1
0
0
2
2
1
1
1
1
0
2
2
0
0
1
1
1
2
0
3
3
3
2
0
1
1
2
2
0
1
4
1
2
0
2
2
0
2
0
1
2
1
2
0
2
1
1
5
3
3
1
0
1
0
0
3
3
3
2
1
5
2
3
2
2
2
4
1
3
5
3
0
4
8
3
3
1
2
2
5
4
1
3
4
1
2
3
4
6
0
4
8
4
6
7
7
7
1
5
1
3
5
5
5
7
7
4
8
7
10
4
4
8
11
5
3
9
6
3
11
7
7
3
12
9
5
10
7
5
10
8
8
9
10
12
8
18
17
9
6
9
10
14
12
9
13
15
10
8
6
15
10
16
22
10
9
10
12
20
13
11
13
19
13
17
15
15
24
16
16
9
14
14
12
19
18
20
18
23
21
26
23
22
13
22
25
26
23
28
15
20
25
17
21
23
26
38
23
27
30
27
26
34
33
30
26
30
29
23
31
31
38
39
42
46
42
34
32
42
37
37
35
64
45
39
54
41
48
48
52
51
43
58
42
67
53
48
44
47
49
48
45
60
47
59
74
73
77
70
62
59
72
81
98
85
85
65
86
73
66
97
87
101
88
83
100
99
98
84
72
107
98
111
120
96
113
108
116
124
114
119
133
118
115
125
118
129
112
119
143
164
131
139
161
166
173
169
172
185
175
194
191
167
169
177
193
200
210
245
219
187
183
204
206
225
202
209
230
258
232
231
251
248
231
242
300
279
259
269
268
277
282
270
316
296
293
320
353
335
333
329
351
333
379
357
400
376
355
389
373
401
393
413
387
417
384
427
426
436
456
445
413
454
468
502
457
512
506
497
503
490
578
561
569
571
518
590
619
606
609
601
618
633
663
659
635
650
676
710
650
689
729
711
744
719
741
759
769
764
785
782
796
872
766
804
828
866
852
902
911
951
892
876
997
927
906
952
988
996
1000
992
1013
1023
1053
1094
1065
1008
1064
1088
1073
1115
1151
1184
1146
1210
1205
1255
1155
1231
1198
1283
1266
1185
1254
1275
1241
1292
1284
1294
1367
1273
1341
1451
1375
1343
1328
1430
1460
1410
1406
1438
1431
1534
1463
1497
1503
1489
1544
1507
1600
1519
1542
1590
1609
1596
1596
1681
1599
1641
1627
1634
1645
1631
1640
1717
1675
1633
1659
1640
1703
1715
1669
1683
1707
1812
1742
1746
1743
1759
1698
1783
1758
1760
1782
1775
1810
1833
1704
1748
1854
1764
1779
1812
1770
1863
1775
1823
1788
1856
1802
1839
1784
1809
1919
1845
1898
1843
1892
1803
1826
1843
1868
1959
1854
1885
1851
1946
1874
1804
1924
1856
1816
1895
1778
1890
1919
1850
1878
1829
1878
1892
1833
1804
1831
1812
1913
1879
1733
1778
1870
1835
1859
1820
1813
1835
1864
1794
1813
1865
1879
1845
1797
1858
1833
1902
1794
1794
1824
1794
1771
1765
1863
1821
1807
1802
1832
1800
1849
1800
1847
1790
1758
1825
1835
1770
1784
1870
1843
1798
1774
1779
1795
1771
1852
1848
1746
1741
1741
1792
1811
1874
1825
1777
1794
1808
1854
1754
1802
1839
1796
1874
1813
1850
1875
1799
1816
1904
1824
1874
1815
1858
1825
1856
1828
1822
1800
1881
1783
1815
1737
1869
1837
1835
1860
1842
1918
1871
1907
1856
1776
1906
1923
1827
1846
1911
1843
1927
1856
1817
1872
1886
1847
1927
1919
1910
1984
1889
1932
1897
1976
1935
1944
1862
1942
1965
1985
1911
1905
1951
2060
1947
1976
2067
1978
1990
1933
2039
1963
2003
2091
1976
2036
1979
2041
1999
2049
2067
1938
2027
2058
2042
2042
2027
2035
2087
2107
2105
2019
2106
2073
2023
2130
2092
2032
2082
2027
2083
2131
2083
2044
2077
2024
2207
2095
2168
2127
2162
2118
2200
2161
2195
2192
2201
2163
2201
2159
2131
2231
2111
2167
2219
2289
2262
2296
2302
2338
2273
2252
2242
2241
2299
2282
2275
2293
2281
2252
2349
2397
2373
2379
2366
2396
2296
2284
2342
2357
2405
2425
2364
2367
2364
2409
2362
2486
2347
2388
2424
2378
2495
2453
2556
2413
2464
2516
2449
2525
2465
2451
2520
2536
2468
2499
2567
2688
2508
2529
2547
2542
2524
2604
2601
2545
2533
2657
2649
2500
2545
2578
2612
2593
2614
2702
2660
2646
2568
2595
2636
2647
2705
2638
2693
2711
2738
2614
2680
2743
2689
2698
2615
2678
2720
2760
2789
2628
2755
2810
2826
2770
2748
2779
2732
2684
2824
2716
2831
2751
2843
2702
2754
2854
2769
2682
2792
2857
2844
2808
2748
2670
2670
2840
2732
2815
2772
2827
2851
2728
2785
2764
2856
2701
2911
2873
2788
2831
2746
2766
2785
2854
2916
2838
2780
2792
2722
2777
2802
2789
2848
2753
2758
2824
2755
2856
2777
2851
2824
2754
2849
2825
2876
2698
2722
2756
2835
2736
2791
2756
2667
2683
2800
2799
2730
2779
2748
2716
2804
2777
2731
2741
2786
2665
2699
2763
2651
2898
2651
2710
2752
2685
2680
2728
2700
2740
2609
2741
2724
2761
2671
2710
2667
2666
2744
2751
2756
2660
2587
2666
2746
2638
2676
2660
2592
2713
2673
2646
2594
2639
2645
2607
2631
2700
2660
2576
2674
2682
2667
2657
2555
2695
2551
2603
2690
2629
2604
2514
2579
2575
2575
2574
2697
2509
2655
2480
2578
2535
2559
2637
2486
2535
2590
2524
2642
2676
2622
2609
2565
2517
2498
2519
2613
2526
2548
2537
2614
2553
2485
2655
2538
2619
2510
2497
2490
2531
2473
2519
2558
2456
2532
2562
2482
2546
2443
2422
2551
2500
2580
2497
2527
2607
2477
2414
2593
2474
2495
2557
2464
2606
2427
2495
2426
2506
2520
2461
2431
2407
2440
2442
2476
2506
2487
2536
2436
2416
2462
2451
2376
2499
2380
2490
2485
2358
2367
2391
2513
2433
2436
2476
2329
2359
2442
2414
2457
2420
2420
2398
2456
2500
2442
2350
2371
2388
2448
2373
2422
2353
2471
2492
2366
2383
2413
2329
2293
2294
2380
2323
2295
2420
2388
2379
2317
2407
2375
2368
2321
2399
2424
2331
2349
2351
2415
2360
2443
2314
2434
2355
2403
2337
2268
2384
2346
2321
2416
2324
2322
2319
2334
2347
2328
2305
2334
2392
2243
2394
2421
2335
2218
2333
2291
2307
2382
2224
2268
2308
2288
2385
2356
2293
2282
2303
2353
2295
2375
2395
2367
2229
2281
2312
2261
2248
2254
2234
2249
2283
2380
2328
2221
2286
2230
2296
2268
2298
2331
2271
2242
2244
2253
2305
2286
2293
2278
2299
2258
2236
2308
2300
2244
2287
2170
2218
2372
2277
2268
2298
2286
2134
2252
2221
2232
2329
2235
2197
2124
2272
2220
2222
2198
2239
2242
2218
2177
2212
2223
2173
2335
2188
2114
2194
2271
2147
2140
2223
2168
2220
2109
2239
2193
2211
2161
2206
2216
2230
2258
2152
2229
2208
2222
2177
2238
2218
2239
2228
2130
2112
2217
2169
2182
2219
2215
2167
2211
2251
2137
2132
2183
2235
2193
2132
2105
2249
2227
2169
2127
2136
2178
2161
2201
2200
2252
2059
2243
2133
2103
2127
2216
2175
2123
2088
2155
2147
2156
2160
2113
2140
2153
2142
2162
2105
2163
2046
2132
2121
2054
2073
2194
2164
2157
2115
2203
2132
2137
2165
2146
2119
2101
2196
2135
2129
2150
2158
2158
2203
2100
2081
2147
2127
2151
2107
2142
2168
2156
2135
2135
2043
2146
2153
2011
2141
2154
2159
2115
2119
2114
2089
2126
2143
2189
2192
2160
2068
2091
2054
2141
2099
2120
2133
2125
2102
2082
2153
2114
2229
2156
1974
2088
2209
2090
2163
2133
2140
2167
2142
2092
2077
2131
2099
2179
2068
2100
2049
2137
2097
2127
2125
2117
2075
2077
2151
2134
2100
2033
2076
2088
2019
2137
2062
2247
2180
2162
2119
2093
2158
2139
2075
2010
2072
2063
2068
2055
2115
2017
2125
2118
2051
2118
2118
2147
2138
2069
2055
2039
2024
2068
2097
2024
2036
2031
2037
2046
1983
2101
2063
2060
2013
2050
1957
2019
1971
2057
2083
2007
2047
1973
2008
1986
2030
2082
1992
2080
2085
2025
1989
2104
1991
1993
2004
2074
2051
1986
2064
2001
1997
2040
2070
1995
2012
2022
1974
2069
2066
1950
2030
2027
1981
1962
1950
2022
1925
2008
1997
2000
1963
2014
1899
1908
1976
1957
1990
1960
2009
1994
2008
2065
1968
2006
2095
1948
2006
2003
2002
1959
2012
2031
1962
1882
2055
1907
1915
2018
1934
1961
1948
2001
1917
2020
2044
2013
1929
1992
1971
1961
1989
1865
2007
2013
1950
1937
2018
1990
1942
2025
2014
2033
1994
1956
1964
1981
2021
1958
1889
1979
1883
2019
1881
1959
1956
1963
1852
1948
1969
1998
1969
1980
1964
1986
1970
1966
1968
2046
1950
2015
1957
1894
1912
1932
1883
1896
1925
1978
1971
1913
1935
1985
2013
2011
1946
1886
1969
1952
1919
2016
1967
1952
1901
1897
1941
1890
1975
2022
1938
1820
1914
1883
1912
1960
1941
1912
1999
1906
1985
1892
1929
1895
1847
1937
1965
1934
1941
1942
1883
1928
1921
1946
1961
1988
1924
1930
1903
1939
1880
1895
1944
1944
1930
1960
1850
1976
1929
1937
2035
1932
1880
1951
1935
1933
1915
1928
1921
1824
1963
1914
1864
1963
1888
1915
1909
1875
1988
1892
1929
1904
1898
1939
1850
1902
1952
1893
1979
1928
1843
1955
1871
1899
1834
1834
1867
1942
1801
1938
1909
1971
1878
1905
1868
1877
1917
1874
1855
1881
1888
1902
1781
1901
1910
1892
1920
1954
1831
1864
1876
1892
1870
1900
1880
1893
1823
1894
1814
1818
1853
1947
1812
1855
1959
1893
1861
1828
1863
1857
1879
1882
1937
1862
1864
1787
1919
1872
1802
1870
1818
1890
1952
1868
1941
1860
1952
1899
1893
1898
1911
1801
1871
1868
1860
1841
1796
1807
1795
1866
1869
1810
1922
1908
1846
1801
1842
1825
1845
1921
1910
1799
1896
1795
1844
1855
1801
1833
1879
1851
1881
1907
1840
1854
1946
1913
1900
1923
1763
1830
1855
1824
1853
1871
1823
1838
1831
1883
1903
1942
1842
1860
1944
1844
1838
1880
1916
1887
1827
1843
1835
1887
1841
1769
1893
1865
1825
1905
1932
1911
1954
1794
1825
1841
1851
1804
1864
1825
1833
1814
1905
1814
1839
1838
1839
1875
1847
1816
1872
1938
1863
1855
1901
1859
1835
1773
1847
1865
1831
1838
1900
1819
1757
1806
1840
1899
1789
1895
1794
1845
1860
1840
1891
1862
1891
1809
1856
1821
1829
1757
1792
1790
1843
1826
1841
1785
1929
1834
1836
1807
1835
1842
1851
1799
1818
1883
1874
1854
1781
1803
1834
1879
1917
1792
1817
1810
1794
1810
1901
1765
1786
1812
1771
1868
1771
1769
1858
1823
1903
1806
1840
1849
1807
1813
1842
1801
1722
1879
1862
1789
1879
1810
1758
1879
1818
1789
1822
1828
1796
1801
1829
1827
1792
1851
1772
1883
1855
1808
1768
1828
1875
1777
1804
1773
1865
1824
1806
1799
1742
1799
1660
1815
1843
1854
1805
1803
1843
1754
1809
1757
1790
1771
1876
1809
1750
1840
1802
1862
1741
1799
1838
1812
1826
1867
1808
1806
1850
1828
1828
1797
1857
1790
1795
1809
1755
1776
1795
1814
1753
1810
1817
1806
1891
1796
1778
1776
1774
1815
1719
1880
1827
1776
1818
1822
1781
1770
1798
1781
1747
1719
1770
1815
1818
1845
1761
1832
1802
1771
1746
1834
1816
1809
1848
1807
1745
1862
1818
1806
1832
1878
1760
1778
1772
1729
1748
1849
1807
1744
1831
1801
1841
1873
1880
1735
1779
1772
1809
1784
1794
1770
1725
1792
1718
1794
1812
1795
1795
1830
1733
1769
1828
1794
1861
1760
1812
1798
1792
1779
1816
1804
1788
1743
1750
1714
1821
1772
1683
1774
1764
1752
1767
1773
1778
1820
1833
1766
1744
1894
1770
1770
1759
1811
1793
1820
1771
1800
1707
1826
1716
1781
1704
1808
1794
1785
1853
1804
1739
1792
1683
1803
1803
1769
1728
1766
1786
1793
1783
1744
1775
1785
1771
1773
1763
1804
1786
1805
1785
1882
1817
1739
1692
1818
1739
1838
1783
1801
1848
1780
1731
1772
1719
1754
1810
1765
1839
1711
1749
1737
1699
1741
1746
1800
1872
1808
1786
1721
1792
1728
1800
1763
1758
1778
1778
1748
1794
1753
1834
1819
1734
1706
1731
1787
1737
1765
1799
1782
1800
1692
1797
1790
1717
1685
1700
1775
1726
1734
1736
1797
1803
1678
1701
1729
1742
1799
1765
1755
1746
1761
1740
1790
1742
1794
1751
1756
1767
1699
1775
1751
1785
1731
1809
1762
1818
1788
1710
1797
1754
1785
1712
1732
1761
1788
1737
1769
1744
1782
1784
1713
1736
1803
1693
1721
1740
1742
1803
1746
1701
1754
1806
1815
1742
1708
1777
1747
1716
1739
1757
1796
1709
1686
1671
1744
1822
1792
1740
1756
1768
1753
1695
1785
1784
1648
1749
1810
1703
1801
1754
1798
1776
1710
1730
1685
1826
1809
1684
1752
1708
1739
1768
1712
1745
1761
1746
1760
1788
1765
1788
1737
1737
1821
1732
1725
1716
1762
1690
1690
1761
1737
1824
1808
1764
1757
1764
1725
1724
1712
1758
1789
1703
1709
1748
1739
1772
1734
1683
1698
1699
1712
1792
1764
1823
1698
1718
1680
1773
1804
1812
1804
1715
1764
1782
1798
1700
1757
1789
1700
1753
1773
1670
1736
1820
1754
1690
1761
1681
1744
1827
1721
1785
1698
1703
1781
1746
1721
1782
1745
1809
1761
1757
1819
1725
1767
1724
1679
1739
1703
1727
1678
1764
1743
1692
1756
1734
1718
1768
1800
1753
1736
1734
1732
1661
1774
1716
1774
1768
1740
1822
1727
1822
1739
1748
1794
1745
1754
1814
1696
1741
1788
1803
1752
1746
1774
1741
1745
1799
1732
1698
1769
1760
1739
1785
1766
1801
1788
1815
1782
1754
1746
1792
1748
1702
1700
1766
1692
1746
1760
1654
1754
1769
1753
1803
1827
1646
1766
1664
1715
1817
1790
1699
1706
1739
1780
1759
1722
1705
1762
1729
1687
1736
1756
1721
1713
1771
1765
1719
1694
1793
1709
1770
1801
1656
1760
1711
1657
1713
1718
1766
1761
1698
1766
1784
1730
1684
1749
1747
1720
1844
1718
1759
1823
1739
1825
1786
1727
1761
1798
1806
1718
1733
1804
1750
1836
1781
1774
1754
1746
1722
1779
1712
1804
1778
1712
1756
1772
1732
1702
1785
1711
1738
1779
1739
1759
1748
1716
1771
1717
1745
1780
1808
1770
1752
1780
1759
1762
1724
1745
1790
1743
1775
1735
1798
1793
1760
1662
1800
1797
1721
1821
1726
1685
1745
1747
1678
1741
1734
1751
1733
1750
1644
1788
1756
1714
1839
1805
1737
1745
1800
1856
1739
1682
1728
1754
1742
1764
1751
1663
1686
1706
1716
1719
1786
1743
1722
1754
1753
1793
1730
1774
1684
1701
1758
1684
1817
1728
1766
1761
1747
1815
1709
1840
1672
1787
1717
1735
1773
1774
1709
1801
1824
1770
1759
1693
1759
1761
1714
1771
1730
1771
1778
1814
1742
1720
1687
1732
1696
1770
1783
1786
1739
1691
1739
1753
1791
1748
1736
1697
1727
1728
1805
1763
1716
1725
1712
1713
1747
1800
1735
1728
1678
1676
1745
1737
1754
1737
1773
1689
1727
1787
1798
1738
1677
1732
1691
1740
1699
1683
1700
1656
1795
1740
1768
1720
1737
1757
1752
1809
1728
1733
1709
1644
1776
1758
1787
1677
1781
1719
1678
1706
1760
1705
1745
1715
1800
1711
1727
1747
1734
1698
1818
1737
1781
1774
1740
1726
1658
1695
1762
1599
1740
1682
1647
1755
1719
1724
1731
1750
1745
1729
1727
1710
1727
1689
1661
1694
1683
1707
1728
1765
1760
1696
1700
1734
1781
1774
1737
1668
1743
1695
1760
1747
1749
1646
1749
1698
1679
1752
1601
1748
1674
1724
1774
1691
1703
1729
1745
1718
1782
1756
1705
1714
1731
1707
1737
1765
1765
1714
1635
1719
1714
1679
1698
1767
1689
1702
1727
1797
1690
1724
1708
1615
1809
1757
1683
1698
1702
1730
1774
1719
1734
1761
1670
1715
1747
1736
1720
1723
1728
1779
1806
1758
1730
1684
1697
1689
1737
1743
1753
1714
1759
1661
1699
1744
1728
1723
1673
1718
1646
1680
1720
1737
1652
1704
1759
1678
1752
1692
1617
1764
1647
1672
1715
1759
1751
1781
1654
1782
1791
1717
1727
1714
1731
1730
1763
1805
1726
1708
1771
1695
1749
1683
1772
1776
1631
1773
1738
1675
1773
1728
1664
1795
1739
1669
1700
1703
1732
1658
1786
1792
1700
1616
1684
1691
1641
1746
1699
1743
1737
1757
1742
1788
1669
1683
1682
1703
1683
1727
1688
1825
1753
1738
1716
1750
1718
1726
1681
1683
1689
1681
1752
1747
1739
1714
1697
1729
1610
1721
1773
1711
1701
1782
1682
1774
1747
1788
1766
1731
1752
1775
1708
1749
1698
1662
1707
1700
1678
1664
1768
1700
1689
1700
1737
1698
1732
1745
1719
1730
1695
1718
1764
1714
1699
1694
1757
1711
1744
1753
1745
1718
1785
1740
1671
1755
1657
1692
1739
1703
1797
1703
1686
1749
1723
1710
1709
1778
1727
1731
1712
1722
1677
1764
1786
1722
1784
1738
1689
1741
1767
1644
1672
1717
1723
1668
1746
1706
1702
1682
1794
1681
1709
1706
1766
1751
1748
1706
1723
1758
1682
1760
1678
1725
1715
1737
1732
1747
1820
1717
1732
1695
1695
1802
1793
1757
1739
1761
1764
1695
1796
1731
1721
1675
1692
1728
1703
1669
1718
1686
1810
1678
1807
1676
1696
1706
1736
1806
1717
1702
1724
1722
1757
1756
1782
1729
1713
1743
1755
1692
1713
1632
1782
1747
1718
1798
1774
1783
1722
1758
1699
1681
1712
1732
1786
1660
1756
1738
1781
1700
1746
1776
1701
1719
1728
1759
1676
1759
1699
1739
1738
1724
1789
1732
1674
1750
1788
1775
1782
1674
1782
1744
1769
1761
1707
1714
1766
1738
1725
1750
1675
1706
1734
1735
1779
1774
1745
1731
1777
1725
1671
1708
1674
1686
1778
1814
1689
1739
1709
1713
1668
1629
1734
1749
1711
1776
1799
1731
1785
1726
1756
1699
1764
1702
1757
1829
1744
1783
1804
1783
1755
1609
1661
1706
1708
1757
1772
1747
1712
1755
1697
1743
1712
1746
1770
1804
1746
1748
1781
1757
1724
1735
1762
1780
1714
1695
1722
1693
1858
1714
1748
1743
1756
1762
1701
1736
1730
1694
1754
1804
1739
1701
1696
1756
1863
1676
1663
1862
1760
1721
1776
1700
1742
1752
1732
1726
1732
1803
1771
1801
1725
1746
1790
1745
1763
1755
1721
1690
1766
1741
1724
1716
1738
1779
1741
1848
1715
1733
1755
1766
1815
1710
1766
1805
1790
1753
1700
1745
1794
1809
1689
1694
1740
1720
1736
1733
1742
1740
1746
1741
1744
1772
1735
1816
1739
1736
1708
1781
1756
1751
1692
1725
1719
1765
1722
1752
1736
1661
1745
1772
1728
1749
1761
1770
1694
1840
1717
1748
1741
1847
1803
1767
1799
1703
1745
1699
1781
1782
1799
1764
1774
1822
1729
1812
1789
1794
1773
1795
1790
1748
1750
1777
1807
1716
1767
1763
1774
1740
1679
1746
1784
1764
1758
1773
1765
1765
1795
1813
1749
1774
1837
1785
1769
1762
1846
1705
1711
1724
1770
1781
1707
1773
1789
1796
1770
1733
1721
1753
1715
1787
1779
1728
1856
1779
1802
1775
1757
1808
1763
1755
1758
1761
1833
1841
1755
1731
1805
1786
1768
1791
1774
1786
1785
1789
1743
1850
1784
1769
1760
1779
1813
1732
1751
1732
1708
1730
1752
1854
1743
1780
1822
1752
1741
1736
1772
1792
1745
1749
1825
1801
1775
1757
1729
1805
1774
1744
1690
1803
1815
1701
1740
1725
1787
1781
1833
1828
1809
1731
1758
1767
1786
1807
1768
1789
1836
1774
1786
1718
1837
1837
1803
1757
1764
1687
1708
1774
1837
1740
1739
1816
1761
1754
1789
1829
1802
1741
1697
1760
1809
1735
1753
1798
1725
1751
1804
1633
1695
1797
1754
1826
1786
1845
1814
1762
1768
1832
1746
1805
1761
1820
1740
1766
1852
1791
1863
1799
1818
1769
1795
1803
1768
1770
1725
1896
1793
1849
1847
1769
1821
1769
1826
1843
1753
1812
1841
1782
1785
1820
1752
1699
1815
1694
1882
1715
1781
1725
1814
1754
1724
1722
1844
1768
1764
1840
1790
1785
1884
1763
1759
1736
1742
1764
1779
1807
1801
1777
1710
1732
1830
1792
1764
1798
1806
1781
1813
1778
1724
1746
1768
1820
1771
1745
1825
1784
1823
1754
1818
1749
1865
1754
1764
1816
1850
1861
1810
1807
1731
1737
1776
1777
1764
1738
1767
1771
1786
1817
1815
1815
1830
1774
1745
1790
1845
1738
1868
1710
1814
1794
1768
1829
1744
1887
1829
1828
1732
1827
1828
1713
1770
1839
1843
1768
1799
1793
1822
1859
1717
1761
1840
1821
1798
1805
1839
1785
1865
1757
1825
1794
1776
1867
1892
1745
1790
1869
1726
1833
1869
1834
1681
1897
1703
1790
1797
1857
1794
1834
1793
1765
1803
1799
1888
1873
1785
1835
1769
1830
1788
1860
1751
1843
1775
1831
1795
1854
1781
1833
1794
1801
1828
1886
1894
1823
1811
1813
1724
1804
1820
1840
1891
1719
1841
1854
1833
1825
1880
1852
1841
1829
1846
1830
1879
1842
1849
1834
1849
1842
1834
1781
1844
1781
1791
1829
1850
1819
1786
1822
1849
1751
1789
1782
1823
1788
1851
1848
1803
1804
1745
1823
1807
1838
1792
1758
1917
1836
1822
1831
1773
1833
1809
1886
1818
1855
1797
1774
1806
1815
1812
1797
1852
1893
1768
1832
1829
1798
1777
1884
1830
1798
1738
1819
1915
1772
1870
1859
1855
1854
1837
1803
1861
1798
1750
1802
1780
1809
1778
1828
1807
1852
1804
1763
1811
1825
1905
1821
1869
1852
1799
1871
1815
1839
1822
1841
1781
1819
1794
1827
1772
1821
1890
1942
1843
1788
1743
1930
1941
1844
1773
1870
1782
1897
1819
1845
1910
1894
1853
1852
1868
1822
1861
1785
1795
1835
1781
1767
1803
1910
1802
1829
1852
1860
1875
1887
1872
1839
1780
1886
1880
1829
1826
1750
1881
1766
1799
1872
1777
1877
1869
1775
1832
1875
1796
1885
1797
1859
1806
1831
1885
1841
1871
1861
1917
1820
1840
1837
1914
1891
1869
1817
1832
1801
1921
1885
1861
1947
1807
1809
1862
1793
1808
1817
1816
1849
1833
1842
1838
1853
1847
1821
1869
1887
1825
1942
1778
1834
1850
1811
1852
1822
1897
1806
1880
1811
1831
1894
1843
1864
1823
1861
1911
1813
1867
1806
1860
1927
1859
1879
1857
1897
1900
1905
1870
1786
1817
1812
1842
1841
1805
1824
1861
1821
1874
1878
1827
1798
1865
1769
1915
1860
1883
1869
1857
1890
1857
1936
1869
1926
1903
1879
1961
1932
1870
1902
1907
1859
1877
1793
1923
1894
1873
1860
1884
1792
1972
1853
1870
1848
1923
1817
1876
1903
1945
1898
1825
1833
1914
1864
1844
1895
1907
1853
1897
1885
1930
1926
1997
1930
1862
1861
1858
1824
1868
1935
1892
1872
1936
1905
1942
1936
1890
1900
1910
1906
1929
1987
1886
1943
1952
1917
1920
1923
1881
1870
1899
1818
1820
1888
1882
1943
1946
1963
1829
1843
1919
1849
1884
1956
1924
1915
2011
1894
1932
1895
1841
1923
1837
1905
1961
1831
1879
1930
1917
1876
1873
1932
1895
1905
1939
1956
1791
1946
1970
1926
1907
1931
1878
1834
1871
1911
1914
1927
1900
1862
1928
1926
1901
1940
1993
1882
1971
1934
1946
1951
1921
1833
1884
2013
1970
1916
2014
1901
1920
1985
1836
1869
1921
1994
1964
1953
1933
1905
1931
2003
1930
1947
1905
1874
1934
1976
1900
1864
1865
1981
1888
1872
1917
1912
1945
1926
1993
1940
1849
1962
1910
1901
1966
1896
1844
1916
1832
1827
1981
1953
1898
2003
1908
1957
1989
1923
2028
1908
1872
1876
1920
1890
1962
1910
1910
2046
1938
1914
1879
1937
2002
1901
1817
1909
1890
1968
2013
1978
2010
1910
1894
1913
1934
1963
1946
2005
1973
2011
2010
1955
1922
1892
2029
2007
1904
1959
1970
1886
1891
1994
2003
1970
1984
1962
1997
2020
1955
2061
2026
1934
1951
1959
2083
1954
1976
1955
1979
2013
1907
1981
1983
1949
1934
2015
1916
1984
1899
1975
1884
1977
1978
1941
1989
1896
1942
1999
1969
2044
1929
1914
1929
1905
1936
1981
2019
1992
1966
2022
1892
2019
1953
1989
1920
1998
1931
1971
1978
1897
1943
1916
1934
1928
1946
1950
1930
1975
2043
2075
1999
2001
2043
1998
2042
1931
2017
1967
2086
1979
1972
2073
2029
2025
2027
2019
2088
2014
1985
1917
2012
2007
1956
2013
2001
2040
1984
2010
2000
1998
1982
1970
2049
2102
1996
1993
2098
2007
2035
2009
2071
1970
2019
2032
1910
2059
2006
1989
1975
2080
1981
1882
2038
2188
2040
2061
2016
2020
2083
2000
2035
2058
2051
2003
2086
2082
2017
2108
2032
2165
2057
2023
2086
2044
2054
1932
2073
2046
2017
1950
2057
2068
2056
2022
2008
2109
2009
2032
2094
2123
2123
2056
2048
2100
2057
2061
2134
2076
2026
2068
2036
2097
2064
2033
2002
2060
2045
2065
1981
2070
2070
2112
2075
2022
2121
2114
2039
2067
2091
2160
2060
2136
2072
2140
2085
2069
2124
2135
2047
2074
2063
2052
2045
1999
2066
2139
2191
2057
2107
2019
2041
2097
2164
2097
2175
2015
2135
2106
2076
2124
2127
2169
1993
2175
2101
2221
2119
2097
2088
2164
2159
2047
2127
2121
2139
2096
2130
2142
2147
2126
2101
2117
2130
2116
2201
2107
2103
2156
2058
2167
2182
2182
2101
2129
2156
2096
2126
2122
2170
2208
2071
2131
2145
2230
2129
2125
2158
2204
2179
2039
2176
2076
2054
2207
2175
2085
2126
2153
2205
2208
2097
2173
2215
2109
2197
2147
2202
2184
2123
2160
2220
2118
2113
2167
2101
2122
2144
2082
2178
2219
2138
2144
2241
2121
2153
2077
2143
2133
2151
2202
2279
2157
2187
2277
2051
2178
2125
2206
2177
2098
2189
2133
2160
2057
2224
2210
2237
2168
2165
2228
2187
2178
2169
2200
2132
2154
2288
2121
2154
2141
2167
2169
2246
2238
2195
2211
2165
2210
2215
2157
2200
2263
2186
2198
2196
2178
2144
2204
2237
2206
2274
2159
2183
2108
2212
2182
2191
2210
2167
2200
2162
2122
2257
2207
2170
2207
2203
2143
2163
2247
2213
2243
2180
2111
2272
2189
2253
2130
2211
2206
2223
2184
2188
2218
2160
2271
2205
2136
2198
2274
2225
2178
2221
2260
2225
2161
2150
2215
2193
2184
2216
2185
2170
2152
2218
2224
2157
2184
2216
2233
2209
2264
2197
2124
2273
2228
2267
2150
2236
2218
2139
2260
2206
2228
2198
2139
2180
2134
2148
2220
2244
2262
2190
2289
2156
2224
2218
2184
2286
2239
2206
2198
2207
2261
2253
2135
2185
2191
2220
2204
2272
2276
2169
2287
2164
2196
2141
2231
2212
2180
2224
2244
2227
2192
2300
2371
2310
2187
2214
2278
2187
2252
2223
2272
2152
2236
2146
2185
2265
2247
2185
2217
2231
2209
2209
2253
2143
2246
2221
2267
2242
2295
2198
2119
2178
2187
2243
2281
2333
2197
2279
2212
2198
2282
2267
2283
2181
2201
2278
2168
2289
2221
2174
2221
2273
2268
2263
2258
2309
2261
2268
2231
2224
2222
2210
2185
2194
2241
2332
2215
2232
2334
2251
2226
2300
2333
2331
2314
2168
2273
2275
2244
2260
2231
2321
2264
2247
2197
2202
2269
2267
2274
2307
2284
2211
2183
2249
2198
2221
2243
2308
2262
2222
2229
2295
2136
2197
2235
2381
2247
2252
2245
2261
2261
2241
2230
2152
2213
2301
2216
2329
2337
2156
2206
2196
2329
2271
2280
2214
2134
2300
2237
2221
2187
2309
2310
2327
2321
2285
2301
2273
2288
2168
2292
2234
2220
2246
2197
2234
2226
2269
2324
2233
2213
2197
2299
2154
2151
2271
2253
2191
2306
2229
2235
2237
2231
2281
2239
2246
2190
2199
2093
2256
2177
2218
2203
2147
2250
2267
2256
2276
2223
2274
2203
2313
2167
2250
2077
2184
2216
2170
2200
2178
2160
2237
2186
2197
2155
2184
2143
2195
2188
2309
2126
2198
2197
2213
2215
2209
2095
2166
2115
2171
2128
2172
2166
2247
2209
2103
2240
2160
2130
2230
2255
2121
2218
2289
2235
2224
2139
2168
2175
2154
2201
2125
2110
2219
2173
2160
2130
2135
2134
2113
2107
2060
2103
2202
2178
2108
2167
2157
2084
2043
2246
2139
2056
2096
2099
2181
2108
2146
2096
2128
2173
2164
2078
2142
2045
2104
2142
2133
2100
2116
2100
2089
2058
2153
2159
2003
2099
2127
2056
2130
2074
1943
2181
2120
2090
2041
2024
2087
2075
2030
2121
2073
2169
2113
2043
2054
2045
1984
2095
2177
2024
2128
2066
2046
2037
2010
1993
2004
1997
2032
2071
1964
1998
2004
1939
1971
2042
2121
1950
2052
1961
2050
2072
1954
1991
2025
1900
1980
1942
2048
1970
2040
2016
2032
2001
2105
1938
2000
2045
1959
1936
1939
1939
2064
1978
1900
1911
2007
2048
1916
1974
1938
1939
1956
1844
1979
1927
1937
1915
2022
1951
1894
1870
1885
1895
1863
1877
1972
1910
1970
1850
1974
1828
1846
1919
1893
1972
1861
1831
1932
1824
1868
1854
1807
1892
1764
1861
1913
1791
1956
1809
1832
1852
1788
1873
1796
1777
1870
1785
1834
1781
1871
1839
1841
1858
1858
1807
1817
1799
1818
1765
1818
1931
1815
1793
1789
1863
1836
1703
1765
1817
1832
1819
1808
1770
1744
1834
1775
1809
1802
1751
1796
1773
1725
1721
1760
1756
1693
1768
1686
1777
1817
1726
1720
1720
1761
1720
1700
1650
1728
1789
1749
1750
1702
1619
1713
1717
1731
1684
1692
1691
1685
1712
1794
1696
1723
1704
1715
1758
1695
1761
1723
1649
1578
1680
1679
1692
1681
1724
1623
1673
1643
1656
1746
1694
1635
1703
1612
1699
1692
1675
1603
1656
1656
1661
1627
1681
1659
1696
1652
1651
1633
1660
1615
1688
1642
1637
1638
1595
1539
1578
1646
1586
1633
1564
1565
1606
1569
1550
1548
1623
1597
1636
1623
1585
1606
1596
1540
1619
1607
1652
1609
1585
1599
1569
1575
1626
1628
1610
1644
1532
1557
1615
1583
1587
1611
1619
1581
1567
1524
1560
1558
1542
1621
1560
1603
1573
1594
1508
1530
1696
1538
1568
1616
1489
1537
1561
1542
1530
1542
1584
1569
1566
1619
1577
1523
1544
1556
1569
1594
1594
1531
1458
1522
1516
1486
1582
1549
1570
1545
1513
1508
1550
1535
1520
1598
1495
1451
1533
1532
1542
1556
1488
1435
1496
1514
1470
1493
1483
1555
1476
1488
1514
1517
1488
1511
1558
1474
1479
1483
1519
1552
1459
1528
1534
1554
1498
1576
1533
1512
1500
1504
1455
1522
1536
1473
1541
1467
1512
1513
1459
1605
1404
1481
1530
1498
1508
1468
1506
1529
1469
1437
1501
1474
1523
1514
1455
1490
1454
1494
1505
1509
1489
1492
1468
1556
1449
1479
1479
1477
1431
1544
1514
1506
1410
1462
1467
1510
1482
1462
1535
1496
1538
1537
1456
1500
1440
1518
1466
1438
1432
1534
1488
1450
1452
1429
1429
1483
1515
1482
1478
1493
1471
1461
1502
1421
1433
1533
1456
1453
1467
1461
1474
1463
1473
1525
1406
1453
1385
1460
1443
1444
1330
1474
1450
1454
1457
1480
1415
1549
1439
1506
1466
1399
1453
1507
1480
1419
1462
1485
1462
1469
1344
1453
1478
1485
1445
1415
1430
1499
1398
1475
1490
1403
1499
1478
1348
1409
1434
1425
1430
1439
1476
1506
1492
1428
1485
1499
1397
1342
1478
1481
1400
1400
1444
1471
1437
1461
1432
1484
1426
1416
1418
1464
1442
1475
1424
1454
1440
1422
1472
1414
1425
1412
1498
1474
1437
1407
1459
1448
1475
1415
1393
1461
1412
1453
1393
1457
1461
1463
1409
1427
1456
1401
1476
1392
1425
1379
1404
1491
1405
1422
1399
1491
1420
1423
1387
1389
1417
1475
1405
1401
1396
1438
1391
1371
1348
1351
1473
1379
1420
1458
1439
1411
1392
1377
1391
1369
1366
1360
1442
1393
1458
1403
1355
1436
1489
1364
1459
1389
1395
1433
1450
1371
1372
1417
1317
1415
1453
1408
1329
1466
1420
1359
1410
1369
1420
1382
1417
1393
1414
1421
1416
1382
1413
1399
1443
1424
1425
1456
1363
1365
1369
1400
1396
1422
1430
1441
1422
1434
1411
1402
1432
1406
1334
1331
1418
1408
1393
1335
1417
1374
1351
1381
1476
1426
1444
1372
1408
1327
1334
1444
1346
1410
1324
1412
1359
1387
1417
1404
1369
1413
1430
1411
1405
1404
1379
1372
1322
1422
1356
1425
1327
1351
1329
1422
1361
1388
1371
1349
1356
1376
1371
1379
1318
1348
1345
1289
1375
1378
1339
1338
1347
1307
1365
1366
1355
1419
1352
1335
1402
1367
1319
1356
1358
1352
1353
1357
1408
1326
1325
1327
1375
1348
1347
1319
1344
1342
1273
1344
1373
1294
1329
1386
1303
1261
1292
1349
1327
1317
1365
1312
1329
1334
1356
1295
1317
1245
1314
1397
1285
1306
1404
1347
1314
1360
1299
1328
1314
1315
1324
1354
1265
1301
1328
1271
1345
1265
1294
1334
1283
1334
1267
1312
1296
1310
1295
1237
1292
1260
1315
1236
1265
1243
1301
1302
1294
1344
1251
1216
1316
1311
1307
1243
1275
1257
1348
1214
1273
1180
1240
1241
1204
1185
1331
1217
1246
1229
1206
1212
1275
1237
1185
1224
1245
1253
1226
1209
1238
1207
1206
1248
1184
1209
1240
1273
1256
1199
1210
1217
1247
1298
1263
1217
1220
1249
1171
1171
1170
1150
1210
1116
1177
1245
1198
1214
1209
1117
1089
1114
1123
1141
1188
1172
1171
1190
1152
1208
1161
1177
1236
1137
1117
1188
1205
1177
1146
1145
1151
1144
1191
1104
1153
1095
1130
1114
1129
1161
1122
1142
1155
1089
1154
1024
1140
1059
1153
1146
1099
1085
1129
1150
1064
1143
1166
1115
1121
1124
1143
1104
1094
1121
1122
1117
1114
1079
1091
1087
1098
1037
1119
1041
1057
1143
1079
1067
1051
1083
967
1077
1050
1082
1076
1050
1073
1057
1102
1011
1039
1128
1058
1034
1023
1028
1070
1059
1057
1068
1055
1069
1035
1041
1014
1074
1054
1008
1021
1025
967
1033
1058
1032
1008
1027
995
1039
1053
1063
1028
990
1020
1074
1055
1026
990
1041
974
1020
979
1040
1049
975
1014
1038
1017
1044
1052
980
974
976
1017
1028
1023
1018
1011
979
1033
991
980
998
1123
1026
1062
1063
1036
1054
1033
1020
988
1001
1110
1008
1027
1052
986
1022
1077
1035
1010
1013
1056
1027
1023
1012
1060
1015
1022
1089
1078
1043
1030
1040
1142
1032
1025
1060
1012
1094
1098
1005
1063
1061
1053
1033
1096
1087
1079
1112
1041
1115
1078
1105
1096
1081
1089
1112
1131
1062
1095
1156
1163
1114
1158
1147
1073
1074
1148
1133
1143
1184
1194
1133
1138
1200
1158
1238
1164
1169
1173
1166
1193
1241
1190
1218
1211
1256
1288
1184
1279
1343
1243
1287
1312
1250
1341
1255
1283
1289
1317
1316
1334
1353
1348
1334
1340
1342
1371
1397
1350
1457
1397
1419
1383
1468
1478
1410
1386
1430
1559
1540
1503
1508
1583
1501
1513
1560
1540
1588
1544
1604
1579
1636
1637
1608
1647
1645
1585
1641
1598
1643
1689
1706
1667
1725
1726
1751
1766
1782
1822
1749
1712
1789
1830
1831
1863
1801
1855
1870
1881
1888
1925
1967
1951
1995
2001
1945
2055
1945
2001
2064
2061
2063
2016
2029
2094
2069
2089
2183
2168
2106
2222
2164
2267
2294
2206
2262
2237
2302
2365
2391
2374
2430
2446
2478
2479
2422
2522
2422
2523
2443
2626
2544
2578
2474
2639
2588
2540
2704
2644
2625
2688
2760
2712
2804
2760
2834
2882
2853
2883
2883
2931
2870
2932
3012
3003
2998
3120
2958
3021
3144
3139
3108
3176
3153
3189
3208
3305
3229
3286
3341
3277
3365
3371
3371
3383
3444
3481
3502
3537
3535
3444
3672
3559
3515
3615
3778
3712
3710
3706
3808
3603
3706
3711
3678
3900
3817
3924
3672
3850
3822
3989
3966
4074
3971
3972
4041
4204
4053
4073
4136
4165
4104
4168
4212
4290
4315
4393
4374
4338
4329
4234
4413
4450
4353
4330
4481
4399
4486
4432
4572
4456
4444
4677
4607
4496
4729
4585
4627
4672
4761
4826
4862
4763
4809
4872
4850
4844
4862
4918
4959
4873
5037
4979
4928
4978
5024
5153
5120
5167
5147
5090
5090
5143
4987
5152
5158
5219
5385
5280
5240
5362
5295
5305
5366
5349
5299
5387
5330
5463
5274
5408
5457
5401
5421
5508
5623
5447
5335
5424
5454
5563
5640
5457
5552
5647
5530
5613
5572
5664
5542
5451
5695
5673
5783
5722
5760
5683
5625
5658
5632
5825
5760
5721
5757
5605
5808
5765
5635
6027
5833
5791
5765
5969
5797
5923
5730
5850
5823
5825
5869
6031
5905
5722
5802
5885
5871
5841
5877
5854
5853
5875
5962
5771
5823
5836
5921
5703
5901
5763
5827
5856
5846
5757
5790
5935
5771
5807
5715
5766
5701
5814
5643
5878
5886
5765
5766
5668
5759
5660
5669
5841
5635
5769
5645
5709
5742
5659
5760
5587
5581
5602
5542
5510
5621
5622
5647
5406
5411
5579
5586
5531
5368
5606
5479
5429
5453
5593
5456
5538
5415
5484
5351
5377
5275
5317
5264
5214
5193
5232
5289
5269
5262
5123
5209
5225
5174
5193
5028
4991
5157
5077
4997
4999
4939
4963
4884
4946
4880
4869
4857
4883
4884
4819
4724
4798
4774
4735
4731
4722
4615
4585
4625
4445
4553
4549
4545
4520
4407
4537
4488
4325
4331
4344
4518
4290
4445
4280
4256
4271
4242
4214
4246
4205
4121
4162
4232
4080
4062
3979
3913
3952
4050
3930
3921
3851
3875
3925
3890
3781
3624
3574
3648
3670
3644
3620
3707
3646
3573
3478
3551
3435
3516
3454
3387
3386
3536
3431
3362
3265
3375
3172
3236
3231
3244
3198
3048
3161
3070
3109
3080
2929
3101
2921
2998
2987
2907
2922
2974
2830
2840
2762
2701
2866
2643
2720
2713
2719
2644
2644
2592
2569
2578
2521
2531
2478
2542
2462
2291
2436
2294
2349
2373
2343
2290
2255
2271
2191
2208
2193
2195
2159
2094
2160
2101
2108
2065
2051
2068
2057
2008
1931
1888
1943
1933
1864
1911
1898
1864
1859
1778
1850
1805
1740
1719
1749
1657
1781
1659
1680
1667
1625
1563
1546
1644
1563
1539
1531
1573
1539
1535
1460
1486
1420
1413
1363
1370
1345
1383
1295
1345
1316
1253
1316
1277
1283
1265
1270
1221
1188
1237
1203
1191
1110
1081
1105
1108
1097
1138
1068
1086
1057
1061
1052
1032
993
1025
990
1027
1016
931
922
942
925
974
925
915
865
847
895
868
904
841
833
806
830
773
782
788
730
799
777
733
800
754
757
681
709
721
695
737
749
661
664
654
634
692
603
616
634
620
612
634
602
619
596
586
597
563
575
565
614
564
558
550
536
573
536
519
547
529
501
540
505
526
474
493
501
488
436
461
466
472
444
480
475
415
470
479
405
421
440
464
390
414
406
378
383
432
428
420
381
402
390
367
392
374
409
371
414
371
382
378
397
380
384
375
384
336
355
362
388
381
369
339
361
370
345
335
373
350
349
369
333
357
361
336
356
336
359
352
379
373
330
372
387
352
361
332
371
372
321
366
367
354
351
384
373
354
353
372
371
335
353
347
360
399
401
341
341
395
385
394
370
355
358
376
398
404
400
368
415
370
408
423
405
373
382
380
399
429
391
410
422
422
424
440
419
437
448
459
439
441
441
455
448
441
494
466
467
487
471
476
470
494
465
517
472
513
519
501
507
506
550
557
530
538
549
569
534
571
590
562
541
588
577
600
568
599
621
629
632
587
614
596
616
605
639
635
694
698
637
658
680
683
701
673
711
729
706
739
772
763
785
784
715
784
775
800
825
833
807
811
824
824
834
814
843
870
845
875
900
977
936
898
944
922
957
959
949
995
953
1006
1039
1099
1101
1091
1000
996
1088
1109
1119
1126
1050
1035
1133
1151
1130
1168
1115
1182
1156
1187
1191
1189
1213
1210
1188
1277
1349
1340
1279
1320
1277
1359
1345
1304
1344
1318
1356
1443
1522
1461
1456
1537
1475
1476
1533
1442
1624
1515
1583
1568
1535
1596
1608
1558
1681
1649
1695
1698
1669
1730
1724
1778
1716
1725
1780
1781
1814
1813
1864
1771
1880
1910
1974
1914
1891
1931
1942
1929
1970
1988
2021
2092
2072
2042
2063
2062
2137
2099
2147
2172
2208
2112
2240
2180
2236
2184
2206
2270
2233
2288
2366
2411
2428
2316
2404
2379
2513
2472
2445
2488
2469
2488
2473
2547
2668
2601
2664
2761
2764
2710
2736
2728
2749
2814
2831
2765
2871
2858
2785
2903
2860
2909
2971
2901
2944
3063
2969
2992
3004
3045
3062
3069
3087
3141
3108
3149
3216
3162
3184
3261
3396
3332
3234
3294
3261
3307
3431
3347
3470
3492
3442
3467
3472
3513
3389
3447
3442
3454
3603
3633
3603
3463
3582
3608
3693
3678
3752
3743
3680
3749
3854
3704
3816
3800
3749
3937
3942
3888
3906
3953
3941
4000
4053
3955
3881
3926
3992
3981
4019
4045
4125
4013
4131
4109
4128
4198
4233
4160
4170
4342
4263
4219
4246
4287
4391
4242
4392
4263
4239
4253
4449
4415
4420
4390
4468
4333
4478
4316
4435
4448
4469
4524
4545
4369
4564
4574
4440
4519
4518
4580
4622
4528
4555
4703
4716
4700
4622
4625
4670
4624
4672
4639
4529
4591
4712
4792
4659
4755
4678
4715
4726
4691
4741
4735
4799
4648
4601
4693
4830
4812
4716
4789
4722
4660
4688
4726
4829
4840
4766
4684
4931
4777
4887
4782
4788
4876
4904
4717
4750
4746
4863
4742
4690
4685
4853
4767
4878
4571
4828
4727
4879
4825
4788
4845
4712
4847
4680
4781
4833
4788
4792
4828
4626
4690
4899
4732
4808
4728
4744
4694
4729
4709
4706
4652
4666
4586
4765
4787
4576
4616
4551
4666
4691
4613
4643
4544
4609
4668
4611
4643
4456
4615
4473
4594
4514
4557
4388
4435
4439
4551
4466
4511
4376
4435
4487
4433
4332
4375
4358
4332
4296
4403
4179
4252
4133
4348
4191
4123
4258
4184
4281
4081
4178
4189
4264
4067
4138
4255
4103
4053
3992
3998
3955
4047
3999
4001
4014
3961
4004
3902
3919
3930
3826
3800
3825
3930
3820
3737
3750
3869
3705
3720
3675
3715
3703
3608
3619
3552
3615
3595
3580
3439
3511
3454
3539
3415
3506
3474
3495
3381
3314
3348
3353
3396
3267
3233
3337
3262
3269
3298
3160
3128
3190
3212
3056
3092
3087
3093
3030
2966
3111
2989
2971
3081
2998
2944
2943
2800
2877
2857
2777
2889
2811
2815
2798
2854
2772
2650
2732
2653
2614
2521
2559
2607
2599
2513
2548
2558
2557
2462
2459
2313
2427
2320
2462
2329
2376
2354
2234
2193
2278
2271
2324
2231
2179
2186
2167
2106
2108
2118
2190
2164
2103
2065
2054
2014
2100
1975
2031
1853
1914
1920
1941
1874
1913
1794
1892
1852
1731
1771
1783
1766
1799
1700
1738
1717
1699
1648
1625
1647
1657
1615
1540
1586
1511
1546
1520
1526
1477
1453
1451
1434
1453
1362
1443
1409
1370
1379
1331
1329
1311
1285
1322
1258
1206
1230
1264
1287
1242
1212
1206
1204
1174
1197
1147
1169
1146
1176
1101
1046
1111
1070
1078
1011
996
1060
1007
1027
975
978
981
955
951
949
865
949
881
898
882
901
907
847
845
874
855
820
831
796
790
773
769
797
745
741
722
762
716
729
725
717
678
653
665
644
665
636
692
584
618
602
591
590
562
593
595
591
564
542
541
576
529
573
569
531
528
496
480
522
501
440
463
452
486
456
482
409
459
423
393
425
396
420
448
418
380
400
379
351
410
399
379
404
345
343
352
375
350
346
347
358
345
339
357
305
296
285
300
315
301
314
258
301
256
268
235
278
286
266
275
294
247
246
260
277
261
249
229
241
239
241
229
216
205
206
198
237
207
213
208
211
206
198
217
209
192
160
189
186
184
166
180
196
179
173
158
179
165
194
167
157
146
159
130
163
143
147
154
146
145
143
152
139
155
134
124
128
118
131
135
133
144
137
138
117
134
118
136
96
117
127
113
125
127
118
112
108
110
117
109
115
102
100
104
95
108
112
103
81
91
98
114
95
103
82
98
89
97
83
91
96
95
95
80
103
88
94
94
85
89
82
82
91
95
77
84
85
73
76
85
75
83
69
75
61
79
68
72
60
80
67
72
85
72
66
69
84
73
68
62
59
61
69
68
61
60
56
96
70
65
82
73
64
77
61
49
63
69
64
68
61
74
59
55
71
70
45
65
68
72
60
55
72
68
62
55
61
59
52
64
54
61
59
45
49
64
57
76
56
58
50
62
51
58
56
55
43
64
65
46
56
58
67
1070
1004
1086
1110
1089
1116
1086
1096
1027
1004
1098
1093
1101
1048
1091
1090
1127
1052
1091
1060
1130
1067
1068
993
1029
1069
1020
1084
1043
1072
1066
1057
1052
1036
1039
1044
1082
1025
1049
1020
1015
1038
966
1003
1051
1010
1069
1066
999
1026
1006
1024
1063
1004
1057
1016
988
996
1058
1035
1056
1049
1053
1058
987
927
949
991
956
1029
976
1018
1007
984
980
988
994
1009
1017
1016
994
985
1026
1080
981
1000
1005
1035
1083
984
969
996
960
1043
981
983
989
990
1026
1022
1067
972
966
994
1019
978
991
996
1057
993
966
1028
1017
1005
936
982
956
976
1010
959
936
958
1003
993
940
948
982
478
