0
0
0
0
0
0
0
0
0
0
0
0
0
0
0
0
0
0
0
0
0
0
0
0
0
0
0
0
0
0
0
0
0
0
0
0
0
0
0
0
0
0
0
0
0
0
0
0
0
0
0
0
0
0
0
0
0
0
0
0
0
0
0
0
0
0
0
0
0
0
0
0
0
0
0
0
0
0
0
0
0
0
0
0
0
0
0
0
0
0
0
0
0
0
0
0
0
0
0
0
0
0
0
0
0
0
0
0
0
0
0
0
0
0
0
0
0
0
0
0
0
0
0
0
0
0
0
0
0
0
0
0
0
0
0
0
0
0
0
0
0
0
0
0
0
0
0
0
0
0
0
0
0
0
0
0
0
0
0
0
0
0
0
0
0
0
0
0
0
0
0
0
0
0
0
0
0
0
0
0
0
0
0
0
0
0
0
0
0
0
0
0
0
0
0
0
0
0
0
0
0
0
0
0
0
0
0
0
0
0
0
0
0
0
0
0
0
0
0
0
0
0
0
0
0
0
0
0
0
0
0
0
0
0
0
0
0
0
0
0
0
0
0
0
0
0
0
0
0
0
0
0
0
0
0
0
0
0
0
0
0
0
0
0
0
0
0
0
0
0
0
0
0
0
0
0
0
0
0
0
0
0
0
0
0
0
0
0
0
0
0
0
0
0
0
0
0
0
0
0
0
0
0
0
0
0
0
0
0
0
0
0
0
0
0
0
0
0
0
0
0
0
0
0
0
0
0
0
0
0
0
0
0
0
0
0
0
0
0
0
0
0
0
0
0
0
0
0
0
0
0
0
0
1
0
0
0
0
0
0
1
0
0
0
0
0
0
0
0
0
0
0
0
0
0
0
0
0
0
0
0
0
0
0
1
0
0
0
0
0
0
0
0
0
0
0
0
0
0
0
0
0
1
0
0
0
0
0
0
0
0
0
0
0
0
0
0
0
0
0
0
0
0
0
0
0
0
0
0
0
1
0
0
0
1
1
0
1
0
0
1
0
0
0
0
0
0
0
0
0
0
0
0
0
0
0
0
0
0
0
0
0
1
0
0
0
0
0
0
0
0
0
1
0
0
1
0
1
0
0
0
0
0
0
0
0
0
0
0
0
1
0
1
0
0
0
0
0
1
0
0
0
0
0
2
0
1
0
1
0
0
1
0
0
0
0
0
0
0
0
1
1
0
1
1
1
0
0
0
0
1
1
0
0
0
1
0
0
0
2
0
1
0
1
1
1
0
1
1
1
1
1
1
1
1
1
0
0
1
1
1
1
0
2
3
1
1
1
1
0
0
2
1
1
2
0
4
1
1
2
0
3
2
0
1
0
2
2
0
2
1
2
1
1
0
0
0
0
1
3
2
2
1
2
2
2
0
0
3
2
3
0
1
1
3
1
1
3
3
0
0
2
0
2
3
2
2
2
4
2
4
2
2
2
2
3
3
2
0
4
2
0
3
2
1
3
3
5
3
2
0
5
6
4
3
5
3
4
4
6
7
3
5
6
0
6
5
6
4
6
5
4
2
3
4
10
4
5
3
5
9
5
6
2
3
4
5
7
7
5
3
1
6
6
1
6
8
6
1
5
11
7
2
6
10
4
13
3
5
6
8
6
7
9
7
7
6
10
12
7
7
5
10
3
9
8
9
16
2
9
9
11
9
10
8
8
9
6
10
13
15
5
14
9
13
12
13
9
10
10
19
12
8
7
16
14
9
15
12
11
4
14
8
19
3
16
11
9
17
12
15
9
10
13
7
15
13
12
13
21
15
19
12
10
12
11
19
18
13
11
19
13
16
17
20
13
16
15
18
14
17
17
18
17
20
16
23
25
19
19
12
21
15
17
22
26
17
23
16
20
28
19
13
15
20
30
19
21
24
22
21
22
33
22
21
16
34
26
29
23
29
23
36
26
25
31
36
23
30
42
21
29
29
31
22
29
37
31
29
37
31
33
29
22
32
20
38
28
37
31
39
32
37
27
32
30
30
38
34
28
35
37
35
36
39
40
30
28
47
31
38
36
39
36
45
44
42
43
35
47
35
43
37
38
49
46
41
36
40
44
36
40
43
39
36
40
41
41
52
37
42
48
39
49
41
43
43
51
38
43
60
44
53
49
54
43
47
41
46
42
45
63
54
55
53
48
48
36
54
60
41
58
51
53
40
66
45
70
48
52
51
49
57
40
51
58
52
48
46
47
60
59
43
51
50
45
40
68
53
55
54
56
61
42
63
54
52
45
46
48
42
46
66
70
49
56
63
49
51
54
64
60
49
45
61
52
62
62
65
51
49
39
49
52
57
54
51
53
72
61
58
45
65
49
47
53
45
47
43
55
56
60
52
52
45
47
60
55
52
55
46
52
51
61
50
46
52
55
68
58
58
60
61
52
40
62
51
60
43
64
51
60
58
53
47
47
51
62
62
54
59
53
77
69
50
61
48
50
49
62
62
59
61
63
45
42
51
68
69
49
52
45
60
67
52
49
48
45
55
38
47
52
57
57
58
51
55
54
52
61
71
53
52
74
55
52
54
53
53
55
51
61
54
53
58
51
62
57
55
61
53
46
63
73
69
44
52
56
59
42
52
62
50
63
61
63
48
47
56
61
55
68
51
65
59
75
66
56
52
60
68
71
74
62
52
69
62
64
74
62
62
68
57
65
85
61
70
60
71
55
67
57
66
57
72
69
48
68
64
75
68
60
66
65
61
69
71
69
81
67
63
65
61
81
77
68
60
73
60
64
54
63
84
79
77
62
64
71
74
74
59
68
63
86
69
81
80
82
76
81
60
68
68
68
70
85
73
49
81
71
64
75
77
80
62
57
67
80
71
67
69
89
65
87
91
66
77
71
81
78
77
67
71
63
100
67
68
71
78
66
97
72
82
75
78
81
65
76
59
74
78
74
79
79
71
50
57
43
86
71
86
70
80
83
51
95
66
74
72
75
83
89
88
64
76
66
85
75
75
93
81
71
85
82
80
68
73
72
78
73
79
80
87
66
73
68
83
81
72
75
94
92
72
92
62
67
71
81
73
68
72
83
74
76
83
70
77
63
84
94
82
71
67
78
58
87
78
62
82
63
62
88
71
72
62
76
59
92
69
73
83
60
58
84
75
84
75
79
73
63
83
73
70
74
65
74
78
65
73
82
71
64
68
66
55
77
63
75
47
85
63
67
61
65
67
79
63
81
82
78
79
87
68
66
63
69
60
64
78
87
62
59
70
64
65
79
61
82
72
64
68
74
62
72
65
77
73
87
74
75
69
78
87
78
66
67
60
64
75
74
70
53
60
59
58
51
56
75
65
58
52
70
70
64
73
66
62
70
61
72
62
74
65
66
60
57
59
59
68
56
68
73
63
56
72
72
75
71
68
62
73
67
75
67
81
67
65
67
61
53
57
67
68
67
73
64
74
58
65
63
75
61
55
71
45
79
77
62
70
65
75
72
80
70
68
62
65
50
62
57
65
64
70
55
74
63
58
73
72
48
45
61
58
76
80
70
76
55
72
80
61
72
67
86
60
67
53
63
55
38
73
62
63
66
44
71
45
64
67
61
54
67
54
66
76
64
61
55
73
55
61
64
66
57
62
50
55
63
59
63
69
69
67
55
68
69
75
76
52
60
47
66
59
52
68
58
67
67
70
52
69
67
54
46
56
72
75
46
67
69
57
48
55
61
54
62
57
62
67
67
46
69
58
42
76
75
61
65
57
57
67
58
71
63
54
58
54
48
62
70
57
72
61
57
68
57
58
66
53
62
56
76
50
46
53
69
65
65
75
54
68
59
55
49
69
65
63
90
63
52
51
63
46
57
55
53
61
62
68
54
60
65
54
62
43
63
56
59
53
65
51
54
38
59
57
54
55
60
59
58
77
64
68
62
48
71
63
53
61
45
53
65
54
51
50
57
58
49
47
62
72
59
74
76
66
59
52
64
50
64
58
56
61
63
60
60
63
56
58
61
51
54
63
71
69
62
66
63
47
63
62
60
63
58
62
55
48
56
57
74
78
52
57
67
63
52
58
51
61
58
70
79
55
65
55
49
54
51
59
49
56
72
66
61
69
49
51
62
44
53
55
62
59
53
58
67
71
60
60
70
59
62
55
55
47
39
60
56
71
47
62
50
58
44
62
65
49
58
50
44
43
59
46
55
63
64
54
53
50
60
66
56
48
51
47
60
49
47
50
52
53
47
44
49
57
48
52
64
53
62
57
63
57
46
47
41
55
61
52
60
52
45
57
49
62
57
57
64
43
50
52
42
63
51
55
66
52
71
67
60
55
61
59
51
50
61
41
62
61
48
50
55
66
61
48
46
54
62
53
46
51
64
53
56
60
64
50
55
69
47
60
52
64
73
65
61
56
62
54
51
65
44
43
65
35
55
51
47
60
53
53
47
66
63
40
46
48
53
58
57
52
55
44
52
57
65
50
52
67
47
58
46
57
35
44
54
51
55
44
47
54
61
47
42
48
58
51
38
48
55
56
49
60
55
57
53
58
54
48
52
63
57
63
50
55
51
46
51
55
63
58
57
54
58
59
55
50
54
57
48
53
55
75
63
51
37
52
49
56
47
50
59
45
51
49
55
48
56
65
54
51
51
54
52
56
54
48
52
39
52
59
50
63
56
57
45
50
46
49
60
56
56
52
57
45
66
43
59
63
54
52
60
51
58
41
60
45
47
47
45
58
56
58
43
48
61
54
42
52
48
52
53
60
52
45
45
59
53
55
46
59
50
52
55
46
42
61
56
51
51
72
54
66
53
44
45
43
52
59
65
56
56
50
40
58
42
51
66
45
47
57
57
56
57
47
56
49
48
41
40
53
60
48
65
49
50
51
61
49
48
54
43
55
52
39
62
54
47
49
60
62
48
58
55
62
54
57
52
52
42
40
53
51
61
53
47
58
46
52
51
56
46
58
58
43
49
57
55
50
39
39
55
49
51
49
52
59
50
36
47
49
46
66
51
52
53
61
46
54
51
58
60
53
49
33
41
52
53
50
47
44
48
54
60
41
55
51
54
59
52
59
42
45
50
56
46
43
48
41
51
49
48
51
51
41
52
53
41
48
52
52
63
40
50
51
41
45
54
49
53
47
58
51
40
53
53
52
60
56
54
50
61
47
52
60
46
48
59
47
66
44
50
49
50
48
56
55
40
52
46
57
48
54
49
67
54
57
52
38
50
41
48
42
52
47
51
44
50
56
55
50
57
53
49
52
49
41
46
60
50
38
46
35
55
48
42
43
50
59
54
61
43
44
40
56
51
56
32
54
66
55
65
61
41
45
58
38
50
61
50
47
36
53
50
55
44
59
60
49
43
44
45
43
44
65
56
55
36
37
58
48
44
54
49
41
46
35
42
43
63
45
53
49
58
35
50
49
46
47
46
42
45
47
59
45
46
52
55
41
49
50
50
57
32
52
48
52
44
47
48
53
66
55
53
41
42
48
41
55
43
52
51
41
40
61
39
53
46
48
56
49
44
55
57
61
50
51
47
43
45
49
42
48
50
48
47
59
38
54
49
53
46
52
46
52
56
47
49
46
41
33
53
52
48
43
59
55
45
60
50
51
56
47
42
55
58
57
47
61
54
46
52
46
46
57
43
76
59
59
43
52
54
60
41
45
48
47
53
42
49
55
44
53
56
45
45
45
47
48
40
54
52
63
50
47
50
44
47
43
43
61
38
48
53
55
47
55
50
51
50
50
51
57
47
58
49
46
45
56
50
51
58
39
49
53
48
63
56
29
51
46
51
53
55
49
49
57
45
50
63
49
44
48
62
44
54
44
45
44
43
46
51
56
43
44
35
50
42
54
54
66
54
52
47
44
51
50
46
36
46
33
51
58
55
46
36
49
41
64
50
39
53
52
40
50
44
53
48
59
42
50
41
50
45
40
48
35
56
54
62
49
61
49
52
55
56
49
44
39
49
52
48
49
47
38
53
48
48
58
53
48
38
60
51
43
55
33
40
49
42
53
47
51
38
45
48
52
33
50
52
47
38
37
49
40
47
52
44
41
48
50
35
53
44
58
48
61
45
46
51
36
51
40
46
51
45
45
41
37
50
48
29
49
57
48
45
44
44
57
57
49
64
41
54
48
41
58
55
52
61
55
53
55
45
54
48
47
43
60
43
50
47
65
46
55
45
47
41
44
46
51
43
41
43
41
59
43
52
48
61
46
65
43
52
51
59
43
38
36
53
44
50
46
52
60
46
49
52
51
40
49
57
43
52
52
56
45
52
51
44
40
51
48
44
47
52
54
50
50
56
49
51
44
36
57
55
53
44
38
51
49
37
47
46
38
47
57
39
48
42
39
42
62
40
49
49
45
48
56
58
54
58
49
51
57
41
51
57
40
44
39
56
40
49
58
49
60
45
54
47
39
51
45
53
43
39
55
54
49
52
48
49
55
52
44
59
54
33
40
43
72
59
30
52
41
48
52
42
49
50
62
49
57
59
43
53
58
54
48
53
57
50
57
41
46
39
55
47
41
47
42
49
60
68
59
48
48
52
46
50
45
49
57
50
48
54
60
43
38
50
46
53
52
57
49
55
54
45
60
51
48
58
46
54
41
48
50
43
46
49
49
48
66
58
41
62
49
48
45
50
41
56
42
56
61
50
44
46
57
59
47
38
44
50
55
44
54
46
50
45
53
47
62
34
46
45
47
44
45
52
38
42
53
59
48
39
31
56
48
50
39
42
45
47
55
50
43
42
48
49
35
54
52
57
58
41
40
47
59
44
54
49
46
46
44
40
53
53
45
44
46
43
62
46
49
42
56
63
41
62
46
52
45
45
42
63
49
47
47
53
42
47
59
52
42
44
56
38
35
53
46
38
51
45
51
40
35
40
36
49
42
42
49
54
45
48
59
32
60
35
51
41
51
59
42
40
58
46
43
44
45
47
45
47
48
59
61
60
56
46
38
51
59
40
47
47
59
47
40
47
44
57
45
52
50
47
50
51
57
45
50
47
38
51
56
49
53
49
51
47
48
47
48
38
55
47
38
51
41
54
51
43
46
59
49
39
49
60
52
37
52
54
53
53
48
56
39
45
47
46
56
33
53
35
42
56
41
44
45
54
50
51
53
49
41
61
60
39
38
57
61
47
43
50
38
53
43
48
56
52
47
55
44
49
52
54
52
48
49
43
42
55
35
38
46
55
49
35
47
54
48
52
46
53
51
50
50
53
53
48
41
48
38
59
42
43
39
45
55
40
67
47
45
41
60
40
50
46
30
60
35
42
43
47
39
49
45
46
49
43
38
49
50
39
37
33
38
43
41
50
46
44
41
42
56
56
49
43
46
40
52
48
50
52
55
43
35
49
57
45
44
47
58
55
43
46
59
51
46
47
47
45
48
47
58
58
42
47
45
46
43
46
53
48
50
38
51
45
49
52
41
38
44
43
39
52
41
40
38
36
48
55
38
48
43
51
48
50
51
46
47
44
53
43
38
46
45
56
43
58
57
53
45
45
51
37
51
54
33
40
42
39
53
50
36
42
54
56
47
53
41
43
63
63
42
53
45
44
57
47
45
42
53
39
30
50
57
38
49
45
44
46
43
55
53
47
37
36
43
59
42
44
59
53
51
49
42
51
41
45
50
43
41
57
47
48
53
52
51
47
51
54
53
50
45
61
46
45
47
45
51
43
48
42
41
40
39
44
45
51
49
47
47
53
43
46
41
54
53
36
47
38
56
33
48
42
42
50
53
39
53
46
40
44
44
46
61
61
40
41
32
55
52
55
47
40
49
59
46
36
58
48
55
48
46
54
45
38
45
39
39
45
47
50
65
46
44
44
46
52
63
51
52
61
53
45
41
54
43
41
46
44
29
41
68
45
47
42
44
64
48
53
46
41
55
44
46
43
44
39
32
42
50
50
37
52
54
49
46
50
39
58
42
57
39
57
46
46
43
53
47
54
39
51
31
33
39
52
38
57
51
55
57
41
39
43
47
45
50
47
57
51
46
44
49
40
62
42
47
49
49
54
51
39
58
62
45
52
48
37
41
57
52
49
55
53
53
38
51
51
53
48
46
46
50
58
47
47
48
47
53
54
37
48
44
57
39
46
48
57
54
36
44
45
47
49
42
43
41
42
51
42
38
47
42
38
47
40
59
39
32
44
54
44
53
47
52
44
43
47
49
46
54
42
54
50
62
37
52
35
52
60
46
59
44
56
53
54
59
42
52
60
44
47
52
48
53
53
43
39
56
34
49
45
44
47
42
49
43
40
41
52
55
44
51
47
56
41
41
50
53
39
54
50
53
48
54
52
37
41
42
38
47
53
45
43
45
44
49
54
44
50
49
55
54
50
48
49
39
61
33
44
49
50
48
46
43
46
52
46
53
53
56
51
59
38
46
45
56
66
43
50
45
56
40
42
37
39
45
45
55
46
36
44
56
49
52
55
48
62
32
54
36
51
47
52
49
46
55
51
57
50
54
51
50
57
54
50
47
52
57
38
48
58
41
50
40
35
46
43
56
53
43
52
36
46
44
44
55
47
51
56
53
30
53
53
40
51
43
50
51
35
48
53
53
31
48
42
38
41
42
41
54
45
45
42
45
44
50
53
37
56
57
49
47
46
49
53
65
38
48
44
45
46
47
39
64
62
60
59
44
66
49
51
50
42
57
34
55
43
35
51
58
63
47
39
40
48
45
52
57
62
42
47
55
62
62
53
41
53
53
41
45
47
48
52
57
47
35
42
46
54
51
43
46
44
46
47
47
49
55
52
57
51
36
47
62
52
53
46
53
50
45
49
59
59
61
49
46
50
60
53
43
55
52
50
42
45
49
44
52
47
42
40
51
41
44
56
43
41
39
57
44
56
44
41
37
48
49
71
53
56
48
59
54
55
41
46
44
47
53
54
52
56
60
46
56
52
56
64
51
43
39
49
52
54
44
62
51
51
46
67
49
38
40
53
53
66
39
43
69
54
41
43
65
42
47
54
53
59
48
55
55
48
58
55
43
55
55
60
72
56
58
46
54
55
47
50
53
53
51
58
42
52
41
42
44
47
55
44
44
50
48
53
61
57
66
44
61
32
44
55
50
42
48
49
64
56
52
47
47
62
39
57
55
40
63
62
44
39
41
61
47
45
55
48
41
62
53
52
54
37
40
44
55
39
46
29
41
48
49
55
47
59
53
47
62
53
39
41
34
57
53
43
48
39
44
49
68
38
43
66
69
54
42
50
53
52
45
36
45
36
41
56
44
63
57
57
46
59
48
64
51
58
50
43
67
54
57
61
51
42
53
40
40
51
36
37
47
49
45
44
50
49
51
58
44
47
55
62
57
47
52
54
52
52
50
56
47
58
58
55
60
51
50
52
37
56
42
52
60
50
41
41
58
53
54
52
36
50
53
55
41
58
58
53
57
53
54
71
36
41
47
40
52
49
53
51
43
59
54
54
52
61
39
48
57
43
45
53
41
55
50
51
58
50
42
48
50
51
64
53
50
38
52
43
47
67
34
60
47
55
51
56
55
52
41
43
63
55
46
55
55
45
55
49
64
53
48
54
54
52
57
62
49
56
50
58
51
62
41
53
57
39
62
56
52
59
49
60
48
50
65
56
49
67
63
50
49
59
49
48
54
47
47
55
45
45
56
47
49
51
54
42
59
59
49
59
42
56
39
45
52
53
39
38
42
46
45
47
51
46
42
46
44
50
50
49
48
57
57
49
48
52
47
56
52
49
55
61
51
56
51
48
39
46
38
62
55
47
41
54
61
50
64
51
33
47
38
55
46
43
53
58
45
58
61
50
53
44
58
43
44
54
44
53
56
52
65
66
48
49
56
52
54
53
39
60
54
49
42
47
59
46
55
45
54
51
43
36
59
45
50
57
53
46
45
68
46
51
68
60
50
55
50
55
49
52
60
59
51
52
47
55
32
63
62
46
54
57
54
49
54
46
56
52
48
54
49
53
47
53
53
46
48
45
57
48
60
50
68
48
52
52
45
60
54
51
42
45
58
54
53
55
38
43
64
53
50
50
59
41
48
61
52
53
59
57
49
50
39
56
59
53
57
50
62
57
63
52
75
47
49
52
33
57
49
52
38
58
54
51
52
66
41
51
66
52
55
56
53
61
58
54
50
46
37
61
67
44
67
46
48
61
52
64
56
54
49
52
53
49
54
49
42
53
43
63
45
60
47
62
60
54
55
51
60
52
48
69
54
59
62
49
48
61
64
52
43
67
50
51
47
60
56
58
50
41
58
55
49
47
64
51
53
78
54
59
51
49
50
47
50
65
52
67
52
55
53
46
51
45
54
57
53
53
46
63
45
58
62
63
50
54
58
49
57
54
48
58
63
65
65
51
50
52
54
59
59
50
46
61
46
59
53
49
61
51
59
51
66
47
50
67
55
58
55
65
59
52
56
53
54
61
64
62
53
58
42
51
74
57
44
54
60
43
56
57
46
67
40
50
52
49
49
51
59
54
74
61
62
59
72
66
60
50
45
67
49
52
66
57
61
66
61
57
55
52
64
59
59
59
71
62
58
54
55
57
69
45
52
46
68
44
54
48
49
57
67
52
63
49
52
63
50
48
71
51
45
65
54
52
54
49
39
51
60
69
52
57
64
53
63
50
56
50
55
48
57
54
62
63
46
51
45
51
57
49
54
48
57
44
66
53
57
55
64
56
51
53
50
45
62
59
57
50
58
49
65
65
61
55
62
56
48
60
37
56
46
56
53
60
59
62
55
56
58
58
52
60
65
61
68
68
69
66
75
53
49
45
62
41
75
56
59
63
61
56
69
64
45
54
51
53
58
56
39
51
64
52
64
56
69
63
52
54
56
60
54
44
56
55
69
61
58
57
55
48
58
70
72
66
64
68
50
59
44
57
59
60
54
82
47
52
58
74
62
76
73
70
63
63
59
60
54
58
66
57
62
51
63
68
61
61
65
51
48
58
48
53
59
66
51
76
55
62
54
49
68
59
48
62
59
62
67
66
55
56
51
45
58
62
62
72
77
57
68
46
68
58
52
70
72
60
66
56
62
61
66
55
72
65
48
83
62
48
52
64
63
63
58
64
68
60
57
58
61
65
59
72
64
48
63
60
76
63
68
52
72
63
58
68
56
55
60
68
74
65
72
68
77
47
59
67
63
76
55
49
66
49
69
59
58
55
68
60
59
67
47
58
52
50
62
61
74
44
59
54
62
64
51
50
69
74
68
54
83
78
66
63
69
50
64
65
57
75
58
50
63
65
69
52
53
73
77
63
55
56
71
61
53
62
59
58
62
58
61
50
65
63
59
62
51
58
42
62
62
61
67
61
66
58
52
47
56
53
48
56
52
60
65
57
59
74
66
65
62
58
70
59
62
52
53
53
59
66
79
52
69
63
59
69
53
57
56
59
63
67
62
61
51
66
58
63
57
56
65
57
76
57
61
72
55
58
57
59
69
62
60
59
53
62
52
63
47
63
70
61
55
57
67
63
66
52
55
62
65
64
57
50
67
62
54
60
57
70
62
51
62
43
62
61
73
63
63
55
63
70
69
54
73
70
64
64
68
67
61
63
49
66
66
58
55
59
64
56
71
63
59
52
46
61
61
62
81
51
76
62
52
63
78
53
64
66
60
61
67
59
59
44
60
60
60
60
69
46
65
55
40
60
72
54
53
55
54
59
70
78
50
59
55
50
70
58
58
66
56
60
66
62
67
58
62
62
43
61
63
58
58
68
56
52
49
62
57
64
52
51
62
63
66
60
63
74
73
67
53
51
61
65
58
69
51
66
70
50
61
70
55
57
52
55
56
58
51
51
63
45
67
61
61
72
62
61
51
71
67
69
62
68
50
58
64
58
80
58
39
70
63
65
65
49
62
70
59
66
61
71
63
58
76
62
48
67
57
64
57
61
55
66
57
63
55
61
62
62
72
76
61
62
67
55
54
66
65
51
41
64
65
60
51
48
47
51
60
53
55
78
58
57
45
63
64
73
64
62
64
65
50
68
54
60
58
59
62
57
53
63
64
54
54
70
54
61
55
63
59
61
60
46
53
59
47
54
51
66
48
45
59
45
52
60
60
55
62
71
58
65
52
59
55
65
50
64
55
66
61
54
66
62
52
52
58
64
58
49
51
57
60
44
66
47
52
49
57
59
52
60
44
56
63
45
51
66
61
50
56
57
65
52
40
52
46
60
49
54
54
66
61
55
48
60
54
53
45
50
46
55
48
62
55
57
51
54
55
52
50
48
65
54
61
52
48
52
59
54
68
82
44
55
35
48
52
56
46
45
46
59
52
48
39
46
60
49
55
58
48
72
47
52
46
51
54
47
64
47
58
60
56
46
57
52
47
45
59
62
54
55
50
52
55
29
44
64
44
41
56
53
57
43
38
51
55
52
41
47
49
51
54
56
42
52
36
50
46
51
52
51
39
48
49
48
49
41
49
52
61
47
45
41
51
54
50
47
54
49
55
55
63
52
46
56
42
51
55
41
51
53
57
57
55
61
48
44
68
44
46
46
50
40
43
52
51
49
43
48
42
46
49
69
30
59
48
31
50
53
41
39
41
45
47
45
49
40
57
46
35
45
53
33
44
36
41
40
53
43
36
40
43
45
45
37
46
47
39
54
46
53
58
43
48
45
33
39
47
50
48
41
41
49
39
52
50
56
40
46
54
50
34
33
46
34
38
44
53
39
52
47
48
38
35
42
49
43
46
46
50
42
52
39
43
42
47
38
41
45
42
55
43
40
39
33
35
40
47
45
37
44
37
29
42
45
38
59
36
45
38
44
51
32
38
43
45
42
35
38
43
55
44
49
34
42
38
39
37
36
41
44
47
41
37
42
50
41
46
40
42
36
43
40
43
54
33
49
36
45
39
38
49
39
45
48
39
37
39
37
33
49
40
38
42
40
48
39
33
33
36
53
32
38
38
63
49
29
39
45
41
40
45
48
39
45
34
45
35
38
46
50
39
37
41
38
26
43
52
49
41
37
40
45
34
43
37
53
42
32
39
26
34
41
34
35
46
27
41
41
50
37
43
25
40
41
32
48
50
37
38
45
26
36
39
37
38
46
39
50
42
36
43
44
43
46
39
40
38
38
41
39
35
40
41
25
37
46
33
42
43
34
46
34
48
31
53
37
33
33
37
42
36
34
38
37
41
46
34
39
46
30
35
41
44
35
43
31
45
36
35
49
57
31
36
48
46
43
39
51
58
39
48
40
37
55
40
38
29
26
30
32
34
36
24
37
38
42
46
43
37
47
40
41
43
36
35
30
37
28
49
28
45
42
42
43
42
45
43
43
53
43
46
46
31
37
40
41
48
48
41
32
38
36
31
32
45
51
34
36
31
36
20
38
39
37
39
45
44
41
24
41
36
45
29
32
40
35
44
40
31
43
39
42
41
45
37
47
43
33
47
33
37
38
37
41
41
53
31
46
44
35
36
28
25
35
48
39
31
41
41
46
41
34
33
43
41
39
42
37
43
34
47
32
40
43
38
37
35
38
38
31
26
33
43
27
43
30
41
44
34
45
42
43
35
35
37
38
41
38
32
54
41
37
41
41
35
33
45
37
43
20
38
47
44
44
58
39
31
29
26
33
44
45
31
39
32
43
29
33
41
40
44
43
37
29
44
34
39
35
42
41
32
37
29
41
33
35
29
42
31
32
41
37
38
46
30
29
34
33
49
46
46
32
36
38
42
39
38
41
30
37
39
28
38
26
29
34
39
32
36
43
41
43
35
28
26
38
33
39
44
33
35
39
21
35
38
38
30
32
44
28
39
37
39
33
27
33
33
43
50
49
34
31
31
34
36
29
33
33
29
36
43
49
38
29
28
30
37
33
29
31
48
43
39
34
39
39
43
39
37
39
28
30
41
43
32
37
37
37
41
36
32
34
31
35
35
39
37
28
35
26
45
40
42
23
24
40
31
20
38
31
39
39
34
38
35
34
36
33
39
56
26
34
26
36
36
38
33
34
39
43
37
35
23
29
36
35
24
36
30
31
30
35
30
27
33
32
33
32
40
35
25
43
32
34
25
25
39
29
23
31
40
25
44
33
29
33
25
39
32
23
35
37
37
22
38
32
28
30
40
36
27
32
31
28
32
32
27
32
27
26
25
42
32
26
22
22
23
23
31
22
29
20
31
30
13
27
21
29
41
41
24
26
24
25
50
37
36
20
40
26
34
36
26
37
46
27
42
34
35
23
25
24
30
28
38
30
24
38
24
39
38
20
28
36
31
28
27
30
28
26
32
28
28
31
26
38
31
34
38
35
26
29
31
34
30
26
28
29
23
27
25
31
37
25
32
35
34
32
23
26
25
28
31
24
25
24
29
35
30
39
16
33
29
31
36
31
35
25
29
27
32
29
38
38
23
44
31
32
29
31
36
22
32
35
29
35
33
26
31
47
23
23
34
31
32
23
44
28
25
34
34
21
27
31
15
28
37
31
31
31
38
32
38
36
28
38
33
32
32
41
26
32
34
28
41
24
38
35
31
26
35
38
34
50
28
31
31
30
39
32
36
38
40
36
39
46
38
30
32
37
37
38
32
41
40
44
49
39
41
46
41
37
39
54
35
43
38
42
42
33
40
40
53
44
44
42
52
43
48
46
36
36
45
44
37
52
43
51
35
38
49
44
46
44
52
49
61
29
49
56
50
60
51
46
51
63
53
45
48
48
39
42
51
50
57
35
41
54
52
47
51
59
53
57
55
53
52
52
75
82
55
71
77
69
50
48
57
59
67
59
60
71
60
55
73
55
56
52
60
74
60
67
63
70
73
56
59
69
58
70
65
63
68
73
72
82
83
71
80
61
73
77
63
67
70
83
92
75
72
60
97
63
76
72
61
63
81
86
74
86
76
81
75
88
81
77
71
96
76
91
89
88
84
102
86
105
78
71
92
88
100
84
83
93
92
111
112
79
92
101
109
99
98
107
111
89
104
91
112
104
84
98
108
104
106
91
105
117
126
98
97
128
86
98
106
104
112
135
113
111
110
109
122
90
118
122
123
118
112
128
108
111
116
120
106
136
125
117
121
128
120
131
112
136
139
116
150
123
119
121
143
139
139
156
107
135
115
131
138
146
133
115
138
123
130
130
136
134
117
105
158
130
130
132
147
136
135
150
180
130
168
156
147
139
143
166
143
157
138
140
145
131
133
159
144
154
159
166
166
154
155
144
160
152
148
142
145
147
138
169
166
176
147
139
157
145
147
132
158
138
145
163
160
147
147
144
134
159
175
148
184
163
173
157
168
179
173
153
157
173
147
156
173
172
152
134
157
149
167
157
166
178
162
169
159
168
175
171
158
163
149
157
154
134
142
145
141
170
145
130
151
148
169
166
152
142
171
154
150
154
161
152
134
131
143
163
173
115
166
163
164
140
158
162
139
148
120
147
153
168
168
153
171
149
160
167
137
134
158
169
165
146
137
142
149
139
151
164
155
162
135
150
148
148
134
151
149
165
150
160
131
147
143
128
132
145
152
151
157
125
127
142
139
143
140
121
134
137
146
116
128
127
150
134
111
156
121
147
144
138
115
149
126
140
128
113
140
123
140
120
137
116
141
129
132
127
148
143
109
125
127
121
111
111
111
110
98
115
114
122
129
120
102
110
108
99
113
111
115
114
102
88
127
105
105
110
109
96
106
114
110
107
94
76
102
91
91
103
105
104
105
78
93
91
95
88
95
93
90
95
78
95
103
111
87
66
87
87
85
80
80
80
66
78
91
82
91
80
71
96
80
72
82
75
59
77
62
70
76
62
60
63
74
72
67
67
69
59
83
79
72
74
67
68
69
70
59
54
63
52
57
46
52
62
55
67
50
51
55
71
51
41
50
52
46
57
47
45
47
49
55
36
43
47
48
58
47
43
50
38
29
39
36
46
43
51
34
33
37
37
47
32
39
35
33
42
37
38
36
34
39
43
37
31
31
36
31
27
28
22
25
32
38
22
32
24
29
34
34
27
28
35
29
27
28
27
30
29
28
32
27
34
26
33
26
16
27
24
21
33
31
25
29
22
21
22
13
24
24
21
16
18
19
18
20
20
25
19
20
16
21
23
24
26
17
26
13
24
14
15
19
17
28
20
17
15
20
18
19
18
12
12
12
19
12
11
15
16
17
16
12
15
12
18
11
16
10
14
16
7
16
21
9
9
15
14
14
16
8
14
13
9
14
14
16
10
12
8
8
22
17
11
20
15
10
13
15
9
10
15
16
10
15
14
13
15
16
17
15
13
13
12
8
13
7
14
6
7
12
17
10
11
16
10
10
12
12
14
10
6
9
12
15
4
11
13
7
12
11
12
8
13
8
8
15
11
9
17
13
5
13
9
7
11
9
10
12
11
12
16
12
11
13
15
12
12
13
16
10
5
19
17
12
12
11
14
6
13
9
9
18
18
12
14
11
21
12
15
19
8
22
17
6
10
23
12
18
9
15
14
19
21
22
14
9
15
18
14
8
24
16
13
16
19
13
15
23
18
14
17
22
21
21
14
21
19
21
25
18
15
14
22
21
17
16
16
28
24
20
18
23
24
15
26
17
34
30
28
17
25
32
16
24
20
31
23
26
34
26
21
24
33
26
30
23
21
34
25
32
30
26
23
31
28
34
29
29
26
16
27
32
26
27
35
34
39
35
41
40
32
39
37
42
31
31
25
29
22
39
27
32
40
37
27
43
32
26
60
40
27
53
38
34
38
37
38
38
47
33
53
49
32
43
45
45
36
49
45
35
47
52
30
50
45
52
33
42
50
54
38
58
54
43
62
53
44
49
51
59
61
48
59
52
58
41
57
62
58
53
64
63
60
60
52
71
56
69
55
43
44
62
64
78
46
67
57
44
67
61
59
65
59
59
58
58
61
64
53
72
59
61
77
79
72
58
86
77
75
75
80
63
67
75
77
60
68
76
70
89
92
72
83
74
76
65
75
84
92
87
79
76
85
78
78
77
92
90
81
85
76
88
73
97
105
83
101
71
84
86
80
103
78
93
98
76
90
84
94
110
84
93
101
103
74
96
87
116
100
83
100
105
86
102
97
93
106
96
101
105
95
95
110
103
108
96
99
106
119
117
92
102
103
122
105
110
114
119
121
123
140
141
114
102
134
120
114
107
124
118
118
146
110
134
108
135
134
123
128
121
122
126
98
130
121
114
112
126
104
127
111
117
130
140
127
137
141
115
141
128
127
123
118
118
123
114
116
114
118
151
135
120
109
112
130
134
127
125
122
135
123
128
130
121
122
126
147
150
111
110
129
153
123
141
157
157
130
129
129
145
130
138
137
126
125
151
128
133
134
139
144
131
126
128
140
150
146
135
120
128
139
112
140
127
129
125
148
143
133
127
130
134
138
150
129
134
127
135
141
148
142
142
133
147
142
145
142
127
128
120
154
143
143
117
125
146
119
139
140
138
136
130
123
126
98
123
147
116
131
140
124
117
106
129
118
124
145
127
112
119
123
128
128
134
132
109
117
113
123
123
129
137
111
112
129
95
114
112
144
134
106
113
121
108
116
124
116
100
116
126
93
101
112
112
112
95
99
120
119
107
122
114
102
97
106
113
95
106
113
88
85
114
109
104
97
117
103
94
103
94
91
88
92
106
81
98
89
101
107
92
98
113
111
93
97
96
100
92
104
95
101
101
97
85
87
82
74
82
76
89
96
90
71
91
93
85
81
80
92
102
85
79
77
76
85
70
76
72
91
99
62
81
63
76
66
78
83
84
72
57
75
70
75
70
72
72
63
58
67
74
73
68
76
63
59
61
63
60
60
54
60
60
73
60
54
50
52
64
58
59
61
51
55
57
62
54
56
57
44
62
62
49
43
49
57
47
49
51
58
45
45
33
37
58
38
39
50
42
40
49
40
30
42
36
42
34
45
45
35
40
29
52
45
28
40
26
40
33
40
31
38
38
20
31
36
44
33
33
33
25
47
26
20
30
24
38
25
28
29
27
21
41
21
23
31
24
21
19
25
30
25
30
28
23
19
21
20
24
23
22
31
17
25
24
28
25
14
21
20
15
21
24
12
16
22
21
16
20
14
21
17
27
20
19
24
13
16
16
14
15
15
11
22
13
16
11
19
20
21
16
9
13
14
13
12
9
10
13
13
10
9
11
16
4
10
9
7
16
15
10
7
12
6
11
15
20
12
10
11
7
5
6
5
7
7
10
11
13
7
9
9
8
11
7
4
6
7
6
6
8
12
3
8
4
9
7
8
11
5
8
4
8
4
5
3
6
10
8
7
6
7
3
4
4
3
4
5
33
30
39
48
31
45
31
36
36
33
30
38
29
37
35
39
31
44
37
46
29
39
31
40
23
25
23
37
42
28
28
36
21
28
32
34
33
36
33
36
17
30
37
27
35
27
34
25
25
32
28
24
31
32
26
34
24
39
24
26
29
30
32
25
27
23
27
22
32
26
28
29
30
37
19
30
34
28
19
27
32
25
33
21
36
24
30
25
34
27
26
16
32
20
26
33
22
24
28
25
32
32
30
29
25
24
31
29
32
35
27
32
25
25
25
18
30
36
37
29
32
28
40
21
26
24
31
16
