0
0
0
0
1
0
0
0
0
0
0
0
0
0
0
0
0
0
0
0
0
0
0
0
0
0
0
0
0
0
0
0
0
0
0
0
0
1
0
0
0
1
0
0
0
0
0
0
0
1
0
0
0
1
0
0
1
0
2
0
0
2
2
1
0
1
0
0
0
3
1
1
0
0
2
0
0
0
2
0
1
1
1
1
3
1
4
2
4
1
2
1
3
3
6
4
6
7
6
23
50
102
92
139
155
123
113
127
116
136
130
135
135
136
149
181
176
177
177
217
172
176
212
174
194
185
190
166
175
192
185
164
195
201
248
235
235
231
245
243
239
230
219
249
220
256
224
272
233
238
244
228
268
246
219
240
219
223
244
228
218
205
221
203
168
218
203
169
180
194
175
186
170
160
139
153
134
144
144
130
125
112
134
121
123
120
116
96
91
134
105
115
101
90
99
87
101
98
100
98
115
93
120
76
91
65
87
86
88
86
70
91
93
95
75
77
78
96
68
82
80
76
72
80
73
65
80
71
90
74
83
85
76
84
80
80
70
91
69
79
87
65
82
70
89
70
71
84
73
78
81
73
67
68
85
90
86
97
76
84
82
89
73
72
85
103
77
74
88
93
81
72
88
88
78
75
92
89
89
101
90
80
84
63
86
78
80
72
82
73
89
77
83
91
92
87
80
74
90
69
84
91
68
89
64
65
91
78
78
68
84
72
91
98
64
75
81
88
76
71
85
85
64
72
90
92
82
89
81
96
101
62
82
86
67
76
84
79
67
83
64
68
84
78
72
72
98
63
78
80
85
79
88
83
74
68
73
89
76
82
90
73
68
75
67
90
75
83
88
72
85
81
87
92
86
76
102
88
74
90
93
95
80
73
89
70
85
75
81
77
85
87
88
78
95
77
79
101
71
76
95
70
89
75
90
81
74
68
69
99
78
69
85
70
77
100
100
72
84
79
100
94
94
83
73
57
91
74
81
99
98
88
85
71
94
82
78
79
82
88
73
80
88
84
89
78
75
88
74
83
74
99
83
80
81
82
87
94
78
101
88
83
75
66
79
86
100
99
80
84
74
86
60
89
86
79
84
89
73
75
81
89
90
76
76
80
80
78
71
89
90
91
83
81
66
92
87
74
86
73
91
73
81
88
82
80
80
89
78
71
81
67
76
76
75
77
83
79
70
89
110
76
80
90
66
88
82
80
82
81
98
88
84
86
85
79
83
92
79
63
82
86
90
78
72
59
90
98
85
86
85
84
84
78
83
87
89
84
91
81
102
74
97
73
84
71
77
79
89
79
95
82
81
75
73
90
94
114
84
78
70
90
81
105
86
69
79
91
74
98
74
68
77
89
75
90
96
68
97
72
104
85
66
93
76
72
83
79
84
74
81
77
87
75
78
90
88
87
87
85
72
76
91
91
80
86
72
90
88
87
89
86
82
97
101
93
93
77
75
87
82
80
85
79
80
75
93
70
100
91
75
97
87
105
66
80
90
74
110
76
62
81
80
68
100
82
83
80
81
93
91
92
83
82
81
86
90
82
85
68
96
84
91
67
96
96
74
96
80
87
88
104
97
85
75
77
89
85
91
94
92
90
101
81
78
95
77
98
77
96
80
72
70
87
94
74
94
84
81
86
102
83
92
84
72
80
77
85
96
94
88
70
81
72
94
84
82
82
98
88
76
78
75
106
83
95
94
76
80
78
83
88
85
82
94
77
91
93
91
81
74
80
87
93
81
81
74
84
88
87
97
91
71
72
92
86
67
95
85
72
85
90
102
100
74
76
90
94
63
90
92
89
89
90
100
77
88
98
82
83
103
87
92
76
73
79
87
95
86
72
85
95
80
69
81
90
89
92
93
73
85
103
90
99
85
67
83
83
88
79
86
74
106
94
91
71
67
79
83
90
89
83
97
78
74
104
71
86
81
100
83
87
96
76
86
90
90
83
82
81
72
88
78
81
85
96
86
75
77
87
91
107
83
90
78
76
95
84
88
81
74
85
83
88
83
96
87
101
104
80
70
93
96
92
75
91
102
82
84
95
74
74
86
96
96
90
110
81
93
95
96
95
74
84
70
96
99
93
112
77
95
99
78
98
71
92
88
86
97
96
103
81
93
87
96
117
87
88
95
83
105
94
75
88
107
104
107
85
113
118
91
105
89
90
105
117
92
102
77
101
107
107
101
109
95
110
108
95
107
109
100
89
100
111
98
110
89
109
94
115
108
105
92
93
109
116
97
116
135
116
117
137
104
119
128
125
114
135
98
92
114
112
127
116
106
117
111
100
115
131
118
115
123
124
120
120
131
139
97
116
109
122
126
134
133
126
138
108
129
115
132
111
117
131
129
143
122
109
137
121
126
97
138
118
114
122
135
147
131
133
117
141
122
121
119
151
126
123
129
135
142
131
129
138
118
116
132
131
138
120
134
125
134
124
111
121
134
116
132
110
138
133
131
110
136
118
137
130
143
115
125
133
116
132
114
128
134
119
150
111
128
151
113
121
137
143
133
129
116
119
124
108
96
143
111
115
121
134
124
122
135
130
124
118
111
127
101
124
100
125
109
113
119
103
129
115
117
125
110
112
132
131
107
111
102
132
111
112
126
99
131
119
111
101
102
113
113
121
112
114
101
107
116
119
92
99
111
106
112
98
100
106
105
133
119
116
103
111
117
110
91
100
97
96
105
122
107
137
116
116
107
97
97
131
123
90
84
105
106
105
103
88
109
109
95
96
121
98
83
95
109
96
85
86
83
108
98
110
115
85
84
112
106
96
100
105
91
90
98
99
95
105
115
100
105
109
99
93
81
104
95
95
106
114
104
105
94
104
90
87
97
112
86
93
91
90
95
98
87
89
96
80
93
97
87
105
95
108
82
106
91
93
111
87
105
107
84
95
92
100
101
92
110
125
94
90
83
81
76
85
90
101
78
98
78
86
120
91
93
111
109
100
95
92
84
108
96
97
96
80
90
105
101
102
83
88
89
111
84
102
94
75
67
82
101
81
103
85
115
100
91
85
92
106
109
84
87
97
88
85
83
78
101
101
74
86
79
95
86
81
92
85
92
77
88
95
94
87
97
92
97
92
85
81
77
88
96
78
78
78
88
89
82
86
82
94
97
89
105
75
83
84
76
100
89
89
97
102
86
82
76
81
81
92
106
101
96
106
80
85
71
99
76
95
71
80
88
94
85
87
84
75
89
66
83
84
84
83
78
93
91
90
87
77
80
75
72
73
89
73
81
76
71
87
100
80
99
88
99
85
74
80
100
90
74
84
86
64
82
74
77
65
81
77
77
87
105
86
87
90
90
76
86
96
77
83
88
91
93
71
95
78
79
93
100
89
87
93
73
104
84
88
75
84
78
87
95
89
94
87
92
86
95
85
92
94
87
78
96
71
78
81
80
72
81
53
82
80
71
109
75
76
84
79
73
75
67
63
83
72
92
73
77
77
84
66
81
83
74
92
79
65
71
76
84
76
80
56
83
89
91
65
79
70
77
79
94
78
74
74
86
82
84
74
76
82
70
72
96
81
78
82
71
69
82
63
98
76
74
74
71
87
74
91
89
73
82
68
80
76
84
84
77
74
66
62
73
68
76
83
76
79
65
73
78
68
77
77
74
82
85
79
87
72
86
71
63
77
84
76
81
89
74
64
79
88
75
76
78
81
77
60
77
73
74
71
57
77
76
77
75
68
89
91
100
73
85
87
78
75
81
73
86
81
84
74
78
75
87
87
88
63
72
69
90
73
65
74
73
83
89
96
71
81
62
59
72
64
65
68
72
77
67
86
73
70
67
66
74
69
76
63
56
64
98
82
70
66
73
74
77
93
71
77
78
76
71
90
78
72
77
87
92
71
85
75
84
87
77
72
71
85
77
64
81
79
74
76
70
72
62
73
76
72
70
65
77
93
78
74
69
70
61
71
78
72
89
61
60
69
79
80
84
65
68
80
84
79
75
69
76
77
62
72
81
62
76
65
80
80
83
57
60
71
61
75
86
55
82
71
72
74
74
73
73
78
69
72
70
77
76
80
66
65
60
72
69
68
70
60
72
68
74
67
72
86
66
73
71
70
79
79
85
73
71
62
74
61
73
67
77
68
71
75
65
72
71
72
64
77
62
74
72
92
71
86
75
85
79
79
68
84
77
72
72
66
75
67
84
67
79
69
85
68
79
82
67
88
82
61
76
66
67
74
76
71
81
71
55
80
71
72
71
81
81
74
88
76
63
68
78
81
76
67
87
72
67
58
62
62
92
70
74
74
54
81
75
79
68
70
68
72
72
79
68
84
75
68
59
69
70
56
71
68
68
69
71
71
65
66
74
68
82
68
88
74
71
72
74
66
81
78
63
85
70
59
63
72
62
75
71
76
63
84
70
62
79
63
85
67
51
69
73
88
56
65
65
65
74
67
78
68
63
70
72
71
77
80
83
82
69
79
68
72
76
69
64
75
81
77
77
74
74
60
70
62
63
59
63
77
86
66
66
67
64
72
64
79
57
73
67
84
66
68
56
66
66
74
71
69
79
81
64
64
67
77
66
77
84
64
88
76
70
84
66
72
70
73
70
54
70
77
75
81
78
71
53
67
69
78
77
57
74
86
57
62
68
67
76
78
68
67
75
58
75
78
54
58
57
83
64
60
64
79
62
79
85
63
83
60
81
75
81
75
74
89
76
58
66
74
81
71
79
69
61
74
81
63
77
73
61
68
79
72
67
84
61
61
59
88
62
84
76
78
62
69
61
80
58
72
76
69
59
84
79
63
52
75
71
63
72
80
65
71
72
68
65
68
62
75
52
69
71
69
52
57
98
83
76
76
64
56
81
69
64
64
68
75
74
75
68
83
80
64
69
70
63
59
80
87
90
78
61
76
67
68
63
56
72
72
65
70
71
74
72
63
80
59
67
74
69
68
78
71
69
75
86
59
64
60
56
81
63
86
76
84
55
76
76
81
72
81
80
72
81
76
62
73
72
73
80
81
70
77
60
79
77
74
82
69
88
66
60
75
81
58
76
74
75
82
72
56
72
58
65
69
76
74
70
74
68
57
77
72
84
69
69
89
62
67
70
89
58
77
73
83
79
88
84
62
66
76
63
69
72
69
71
75
64
70
88
73
78
74
74
73
66
70
92
74
77
78
67
58
82
68
77
78
83
90
63
85
75
78
75
70
69
72
76
68
75
73
88
77
66
75
80
89
77
61
85
76
68
74
81
70
68
79
64
61
67
67
79
90
73
74
76
90
68
67
75
78
71
82
69
67
74
73
72
61
65
91
69
80
97
72
63
74
75
84
51
69
72
75
75
80
78
70
66
76
72
78
81
70
77
82
77
82
72
66
78
77
70
84
66
59
75
57
80
77
68
75
62
72
63
68
81
73
77
70
67
99
79
62
74
75
72
69
72
73
65
86
84
75
70
75
75
65
70
71
76
88
80
73
71
71
76
66
76
68
69
69
72
87
73
69
72
77
73
62
77
75
65
86
97
70
79
73
65
80
71
76
75
73
64
74
72
65
76
74
75
68
57
66
94
64
71
62
71
71
57
78
71
72
51
64
70
66
65
59
67
75
76
58
80
75
64
66
63
66
71
62
59
62
83
71
77
70
63
57
71
65
65
81
74
71
68
63
72
48
75
62
53
62
57
59
68
64
74
67
55
58
66
64
60
58
64
65
71
74
73
58
66
64
44
60
52
67
62
63
60
57
60
62
59
57
50
57
36
65
58
60
60
60
52
52
47
58
60
56
41
60
68
51
64
48
44
56
46
41
49
53
46
52
50
55
51
47
45
47
61
40
47
53
44
50
54
38
46
52
51
45
55
37
52
39
35
53
51
41
25
38
46
46
42
47
43
44
54
50
26
54
56
41
40
40
41
48
40
38
32
31
44
28
36
48
40
34
34
45
28
25
47
36
39
30
39
37
39
43
38
30
35
35
34
35
39
30
35
31
41
29
28
34
35
23
34
25
28
38
32
33
30
29
43
27
34
38
25
29
37
29
33
35
34
29
26
24
33
33
34
27
29
32
21
31
25
25
28
17
29
27
27
18
38
42
35
25
24
21
23
28
26
26
29
27
29
38
25
34
22
33
21
30
22
24
26
31
29
18
30
38
29
23
28
32
31
24
17
23
23
29
22
21
20
32
20
25
28
35
27
25
23
29
28
21
20
26
27
22
29
22
23
22
23
21
24
22
27
24
31
20
23
24
28
16
16
26
22
13
23
23
24
20
26
27
22
30
21
20
19
26
26
22
26
30
16
24
20
20
13
22
32
16
16
28
18
23
15
28
16
23
23
17
21
17
12
27
15
18
19
20
23
22
18
13
23
18
19
24
17
27
24
15
23
8
29
23
18
21
21
23
10
17
13
28
13
20
15
15
15
18
24
14
17
21
11
22
18
23
25
21
13
24
17
16
18
16
22
16
24
15
19
19
14
19
19
15
15
13
17
19
21
17
18
27
18
20
19
18
18
19
16
12
19
19
12
14
21
14
18
21
15
12
16
18
23
22
24
14
17
13
12
14
15
17
13
16
16
17
17
11
18
16
12
22
15
14
11
20
10
14
21
13
20
19
11
17
16
14
17
15
17
22
16
12
13
15
13
15
23
15
13
17
17
18
17
19
11
12
15
6
13
10
12
20
15
11
13
15
16
18
16
11
14
7
12
18
16
16
15
13
7
21
18
13
14
16
11
12
8
18
15
10
18
19
14
13
12
22
15
14
19
11
16
9
16
13
19
22
12
16
16
19
20
8
14
17
11
13
13
16
13
10
16
11
15
14
11
11
11
12
7
17
17
10
15
7
12
12
14
10
15
24
6
12
15
14
15
16
17
13
7
14
15
10
19
12
17
20
14
11
17
22
15
5
15
11
15
15
14
20
10
11
18
12
14
10
9
17
10
9
11
9
11
18
14
13
14
14
11
11
10
14
16
9
11
18
18
16
6
8
9
15
10
8
11
10
14
14
12
8
14
12
10
19
14
9
14
17
16
12
17
10
18
13
16
9
8
6
9
11
13
13
18
5
18
11
13
10
13
12
12
16
22
16
12
16
13
18
11
13
14
10
11
10
9
10
14
9
19
13
14
12
8
8
13
12
11
8
8
7
15
9
16
17
11
12
16
12
12
11
13
11
17
16
12
11
14
8
11
8
16
9
13
11
11
7
9
12
14
14
9
6
16
7
12
12
8
11
18
13
14
17
8
13
9
13
16
17
6
10
19
16
8
17
11
12
14
12
14
12
13
8
13
9
8
15
16
13
16
16
11
8
17
15
14
13
11
14
13
8
18
15
12
11
9
18
9
8
12
12
16
12
12
16
14
16
8
12
14
6
19
16
18
14
19
15
15
9
17
14
10
13
7
16
11
10
19
11
13
6
12
20
12
15
8
12
14
18
14
12
16
10
15
18
17
15
14
14
4
13
13
15
14
14
12
14
11
10
17
23
17
19
17
11
23
21
16
18
16
12
14
21
14
11
20
21
20
10
18
17
21
20
19
18
29
19
27
26
20
18
18
21
10
32
24
17
20
27
22
26
21
20
26
21
22
21
26
14
28
41
31
19
19
15
29
39
24
24
28
27
35
25
33
24
30
26
31
24
30
30
32
22
36
31
16
40
23
44
30
38
36
39
50
28
31
34
28
35
41
43
39
46
42
39
41
47
48
51
40
51
47
54
62
48
56
52
54
55
46
47
48
36
69
52
50
51
53
72
60
74
60
61
73
74
84
66
85
84
80
66
71
74
64
80
64
86
90
82
105
92
75
93
77
74
80
101
84
96
103
89
102
110
98
107
88
118
113
108
107
93
135
134
126
141
135
112
120
122
137
146
117
139
126
128
123
135
130
136
147
145
139
167
167
164
158
164
159
175
171
182
154
197
170
175
203
195
175
205
183
183
187
167
202
201
189
180
230
195
213
218
185
192
232
241
212
213
208
231
225
225
241
265
234
238
219
247
228
262
248
255
280
279
249
271
259
259
269
287
272
314
264
264
310
297
310
297
278
295
317
337
332
327
309
315
300
320
305
318
355
308
296
333
345
354
342
306
355
338
354
367
359
377
360
374
363
356
344
373
354
376
381
360
421
379
389
344
377
405
332
396
380
393
378
435
415
408
405
412
434
398
441
404
408
424
444
403
419
430
446
437
427
436
453
455
401
436
427
446
418
484
455
451
458
465
449
437
446
465
435
440
448
461
442
414
467
484
459
458
497
453
458
444
456
466
449
483
480
496
478
461
462
438
472
464
471
487
501
461
494
465
458
468
419
450
442
490
494
499
443
432
462
446
478
454
452
444
438
450
461
483
428
415
448
466
449
445
448
443
430
426
456
400
387
403
399
467
408
431
435
440
398
397
414
409
394
434
378
414
368
388
363
424
393
402
376
335
397
368
400
350
405
400
363
385
361
352
348
365
352
320
346
342
358
350
340
341
328
340
332
327
313
327
325
303
321
313
275
319
298
269
301
250
285
245
301
259
265
276
279
250
278
258
258
232
290
253
265
199
239
232
235
233
224
206
231
231
220
214
205
207
225
209
220
195
182
189
193
201
169
177
191
159
147
195
178
181
193
182
173
156
175
140
152
151
147
152
148
118
138
130
127
152
146
130
147
119
96
120
122
110
120
102
129
108
99
101
129
109
89
100
101
84
82
81
63
81
82
102
95
70
74
97
71
89
78
78
63
71
71
89
77
80
63
61
61
70
59
70
69
48
64
63
55
42
45
50
50
47
51
51
45
48
37
45
44
44
40
44
24
31
45
36
44
28
46
29
28
33
23
28
32
23
27
29
29
26
29
28
26
15
18
28
18
20
28
15
32
16
21
17
13
22
18
20
18
21
18
12
20
14
13
19
13
10
20
15
10
11
13
7
9
11
7
14
7
11
12
7
13
9
13
10
4
9
3
8
6
11
10
6
4
4
3
6
4
8
6
7
2
3
5
7
7
7
8
2
9
6
4
5
6
3
4
2
3
6
7
4
3
3
6
4
2
5
3
5
2
4
7
4
3
2
3
1
7
4
6
6
8
1
3
0
2
1
7
1
2
3
5
1
4
4
4
4
8
4
4
1
3
3
2
3
3
4
3
2
4
1
2
4
2
4
3
3
2
2
1
1
3
3
2
4
3
1
1
2
2
4
2
3
3
1
2
3
3
1
1
3
2
2
4
1
2
4
5
2
1
3
4
2
3
1
4
4
3
1
2
0
5
2
2
2
0
7
5
2
2
4
0
2
1
3
3
0
3
3
2
2
2
5
2
1
1
3
2
3
3
2
3
4
2
2
4
0
2
3
1
1
2
4
4
0
0
0
1
1
3
1
3
4
0
2
2
1
3
2
0
3
0
2
2
2
1
1
1
2
3
2
1
4
3
1
0
4
1
5
4
0
2
5
1
2
2
2
2
2
3
4
0
1
3
2
2
1
1
2
2
4
4
0
1
0
3
0
2
4
0
2
1
2
2
0
1
0
2
2
2
1
0
2
5
1
3
1
2
1
0
3
3
1
0
0
1
2
1
0
3
1
0
2
0
0
2
2
2
1
2
0
3
0
1
4
1
5
1
1
2
3
3
1
1
0
2
2
4
0
4
0
0
2
1
0
0
1
2
1
1
2
1
1
3
1
3
0
4
1
1
1
4
3
1
2
2
4
4
1
0
0
4
1
1
2
2
4
2
3
0
2
3
5
3
2
2
0
1
2
0
2
1
3
2
2
0
2
2
2
2
4
2
2
2
1
0
3
1
3
0
4
0
2
0
3
0
2
1
3
3
1
0
1
1
1
4
1
1
3
1
2
0
4
3
0
0
1
1
0
1
0
0
3
2
2
1
4
3
2
0
2
0
4
4
1
2
1
2
0
1
1
1
1
1
3
1
0
3
2
1
3
2
1
1
3
2
6
1
1
1
4
4
1
1
0
3
2
1
5
0
0
3
0
1
1
0
2
1
2
2
3
2
0
3
2
1
2
3
2
0
3
4
2
1
2
2
2
3
3
0
2
2
3
0
0
1
1
1
1
1
4
1
5
0
2
0
3
0
2
2
2
2
2
0
5
1
0
3
4
1
2
3
3
4
1
2
0
2
2
1
1
1
0
0
2
1
0
2
0
2
1
1
0
2
1
4
1
0
1
0
1
2
0
0
3
4
1
1
1
2
2
4
1
0
0
2
1
0
0
3
3
2
1
1
1
2
2
1
1
1
1
2
2
1
1
2
2
4
1
1
4
0
1
2
2
2
1
2
3
0
1
2
2
0
2
0
1
2
0
1
1
3
0
2
3
2
1
0
1
1
2
0
2
2
1
3
0
1
1
3
2
4
2
0
2
0
2
2
1
0
4
1
1
2
1
1
3
1
1
1
3
1
2
1
0
2
4
2
0
2
0
2
2
1
2
2
1
3
0
1
1
3
3
1
1
3
3
1
1
4
2
3
2
2
1
4
0
1
1
1
2
0
3
0
1
1
1
1
2
0
2
1
2
0
1
1
3
3
1
1
1
2
0
2
4
1
6
1
3
4
1
3
1
3
3
3
4
3
2
1
0
2
0
1
2
0
1
2
1
0
1
3
1
1
4
0
1
0
2
0
2
1
1
2
2
0
1
2
1
1
2
1
0
0
3
1
0
0
1
5
3
1
0
1
1
1
1
2
2
0
0
2
4
2
1
1
1
3
1
1
2
0
1
2
0
1
0
3
0
0
1
2
1
0
0
2
2
0
1
0
0
3
3
0
1
0
0
1
2
0
1
1
3
2
0
1
1
1
1
1
2
3
2
1
3
1
1
1
3
1
3
0
1
0
3
0
2
1
0
2
1
1
2
1
0
0
0
1
2
0
2
0
0
0
2
3
1
0
0
0
5
3
2
5
1
0
1
2
1
3
0
2
0
3
1
2
0
2
0
1
2
1
0
0
2
0
1
2
1
2
1
1
1
1
1
2
1
2
0
3
1
1
2
2
0
0
1
3
1
3
1
1
0
2
2
2
3
1
2
1
1
1
3
3
3
2
1
1
2
1
3
0
3
0
2
0
0
0
2
3
2
0
0
0
1
1
1
2
1
1
1
1
2
1
1
3
0
0
2
1
0
0
0
3
4
1
1
1
3
0
3
4
2
0
0
1
3
3
0
2
0
1
4
3
1
1
1
0
2
3
3
0
2
0
1
1
1
0
0
0
0
2
1
0
2
1
2
1
1
3
2
1
0
2
3
2
1
1
1
1
0
0
1
0
0
1
2
1
0
0
1
1
1
0
0
2
1
1
2
2
0
1
2
2
5
1
2
1
1
2
0
0
0
1
2
1
1
3
2
0
0
1
2
1
1
1
0
1
2
1
2
2
1
1
1
1
1
1
0
0
0
2
0
4
2
3
2
1
3
1
3
1
2
1
1
0
0
0
1
2
2
0
2
1
2
0
2
1
1
2
1
2
0
1
2
3
0
1
1
0
1
4
2
1
1
0
1
0
2
0
2
2
2
0
1
1
1
1
3
2
0
1
3
0
2
1
1
2
1
1
1
2
1
0
0
1
2
3
1
0
0
3
1
1
2
1
1
2
0
3
0
0
1
2
1
1
2
0
0
2
1
2
0
1
0
3
1
2
0
2
0
0
0
1
1
1
1
1
0
0
1
0
1
4
0
1
0
2
0
3
1
1
2
2
4
0
1
0
0
1
1
1
1
2
3
0
0
2
0
2
1
2
0
2
0
2
0
1
0
0
1
1
3
0
2
1
1
1
2
0
2
3
2
3
1
1
2
1
0
0
1
0
2
1
0
3
2
1
1
1
2
1
3
3
0
0
1
0
0
0
1
1
1
3
0
1
0
1
1
1
0
1
1
1
0
0
0
1
1
0
1
3
0
0
1
0
1
1
0
0
2
0
0
2
1
0
2
0
0
4
0
1
2
1
2
0
0
0
1
1
3
2
0
0
0
0
1
2
2
0
0
0
2
0
1
1
2
1
1
0
1
0
1
1
0
0
2
3
0
1
1
2
0
0
1
2
1
3
0
1
0
2
1
1
0
1
1
1
0
0
0
0
1
3
1
3
0
1
3
0
0
1
2
0
1
0
1
0
0
1
2
1
2
2
0
2
1
0
1
1
0
1
2
1
1
1
1
0
0
1
3
0
2
0
3
0
1
1
1
1
2
1
0
2
1
1
0
0
0
2
1
1
1
1
0
0
1
1
3
0
3
0
0
1
4
0
1
0
3
1
1
3
1
1
2
0
1
1
0
0
2
0
0
1
1
1
0
0
0
1
1
1
1
0
0
1
0
1
1
1
1
0
0
0
2
0
1
0
2
1
1
0
0
0
2
2
3
0
0
1
0
1
1
2
0
0
1
1
1
0
3
2
0
1
0
1
0
0
0
2
0
0
2
0
0
2
1
0
2
0
1
1
1
1
3
2
0
1
0
0
0
0
1
0
0
0
1
2
1
0
2
0
0
0
0
2
1
0
1
1
2
0
2
1
0
0
0
0
1
0
1
0
1
0
0
0
0
1
1
0
1
1
1
0
1
4
0
0
2
1
2
1
0
1
0
0
1
2
1
1
1
3
0
0
3
1
1
0
0
1
1
1
0
0
1
0
2
0
3
1
1
0
0
1
1
2
1
0
0
1
0
0
0
1
0
0
1
1
3
0
0
0
1
1
1
1
2
3
0
0
1
0
1
0
0
0
1
0
1
0
0
1
0
2
0
1
0
0
0
0
1
1
0
0
0
0
1
2
3
0
1
1
0
0
0
1
1
1
0
1
2
0
1
0
0
1
0
1
0
0
0
3
1
0
1
0
0
0
0
3
0
1
1
1
0
0
0
1
0
0
0
0
0
0
1
0
1
0
0
0
1
0
0
0
1
0
1
0
1
0
0
2
0
0
0
0
0
0
2
1
1
1
1
1
2
0
0
0
0
1
0
1
1
2
0
2
3
0
2
0
0
0
1
1
1
1
1
1
0
2
0
1
0
1
1
2
1
1
0
0
1
1
1
1
2
0
1
2
0
2
0
0
1
0
0
1
2
0
1
1
0
1
0
1
1
0
0
0
0
0
0
0
1
0
0
0
0
4
0
1
1
0
0
2
0
2
0
2
1
1
0
0
0
1
0
1
0
1
0
1
0
1
0
0
0
2
2
1
0
0
1
0
0
0
1
0
0
0
1
0
0
1
0
0
0
1
0
0
0
0
0
2
2
2
1
0
1
0
5
1
1
2
0
0
0
1
1
1
0
2
1
0
0
1
0
1
1
1
0
1
1
0
0
1
2
0
1
0
0
1
0
0
0
0
0
1
1
0
1
0
1
2
0
0
1
2
2
1
2
0
0
0
1
4
2
0
0
0
0
0
0
1
1
0
3
0
0
0
2
2
0
2
0
0
0
2
0
1
0
1
0
1
0
1
0
1
0
0
1
2
0
0
0
2
0
0
1
1
0
0
3
0
0
0
0
1
1
1
0
0
1
1
1
1
1
0
1
0
2
1
1
0
0
1
0
0
2
1
2
0
0
0
0
1
0
0
1
0
0
0
0
0
0
0
1
0
0
1
1
0
1
0
0
0
0
0
0
1
0
2
1
0
0
0
0
0
0
1
0
0
0
0
1
1
1
0
0
0
0
1
1
0
2
0
0
2
1
0
0
0
0
0
0
0
0
0
2
0
0
0
1
0
3
2
1
1
0
0
0
0
0
2
0
0
0
0
1
0
0
3
0
0
1
0
1
0
1
0
0
0
1
1
1
0
0
0
0
0
0
2
1
0
0
1
0
1
2
1
0
0
1
0
0
1
0
1
1
1
0
0
0
0
0
1
0
1
0
1
1
0
1
0
0
0
1
0
2
0
0
0
1
1
2
0
2
0
0
0
0
0
1
0
1
1
0
0
0
1
0
0
1
0
1
0
0
0
0
0
1
1
1
0
0
0
2
0
1
0
1
1
0
1
4
0
0
0
2
2
0
0
1
0
0
0
0
2
0
0
0
1
3
0
0
1
0
0
0
0
1
0
0
1
0
0
1
2
0
0
0
0
0
2
0
0
0
0
0
0
0
0
0
0
1
0
0
1
0
1
3
1
1
0
1
1
0
0
0
1
1
1
0
0
0
1
1
0
2
0
1
1
2
0
0
1
0
0
0
0
0
0
0
0
0
0
2
1
1
0
0
0
0
0
1
0
0
0
1
2
1
0
0
0
1
0
1
0
2
0
1
0
0
1
1
0
0
1
1
1
0
0
0
0
1
0
1
0
1
0
0
0
2
1
0
0
0
1
0
0
1
0
0
1
0
0
0
0
0
1
1
0
0
0
0
1
2
2
0
1
0
0
1
0
1
0
0
0
0
0
1
2
0
0
1
0
0
0
0
2
0
0
0
0
2
0
0
1
0
0
1
1
1
0
1
1
0
1
0
1
1
1
0
0
1
0
1
0
0
0
2
0
0
0
0
0
1
0
1
0
0
0
1
0
0
0
0
0
1
0
0
0
0
0
1
0
0
0
0
0
0
0
0
1
0
0
0
0
1
0
0
1
0
0
0
0
2
0
1
0
0
0
0
1
0
0
0
0
0
0
0
0
1
1
1
0
0
1
1
0
0
0
0
0
0
1
1
0
0
0
1
0
0
0
2
0
0
0
1
0
0
1
0
1
1
1
0
1
0
1
1
0
2
0
0
0
0
0
0
0
0
0
0
0
0
0
1
0
0
0
0
0
1
0
0
2
0
0
0
0
1
0
0
2
0
0
2
0
0
0
1
0
1
2
0
0
1
0
1
0
1
0
1
0
0
0
1
1
0
1
0
2
1
0
0
0
1
0
0
0
0
0
1
0
0
1
0
0
0
0
0
0
0
1
0
1
0
1
0
0
0
0
0
1
0
1
1
0
0
0
0
0
0
1
0
0
0
0
1
1
0
0
1
0
2
0
0
1
0
1
0
0
1
0
2
0
0
0
1
0
0
1
1
0
0
0
0
0
0
1
1
0
1
0
0
0
1
1
1
0
0
1
1
0
0
1
0
0
0
0
0
1
0
0
0
1
0
0
0
0
0
0
0
0
1
0
0
1
2
0
0
0
0
2
0
1
0
1
1
0
0
0
0
0
0
0
0
1
0
1
0
0
0
0
0
0
1
1
0
0
0
1
0
0
0
1
0
0
1
1
1
0
0
0
0
0
0
1
1
0
0
0
0
0
0
0
2
0
0
0
0
1
1
0
0
1
1
3
0
0
1
1
0
0
0
0
0
0
1
0
0
0
0
0
0
1
1
0
1
0
1
2
1
0
1
0
1
0
1
0
0
0
0
1
0
0
0
1
0
0
1
2
0
0
1
0
0
1
1
0
2
1
0
0
0
0
0
1
0
0
0
1
1
0
0
0
0
1
0
0
0
0
0
0
0
0
1
0
0
1
0
0
0
0
0
0
0
2
0
0
1
0
0
0
1
0
1
0
0
0
0
1
0
0
1
0
0
1
0
0
1
0
0
1
0
0
1
0
0
1
1
0
0
1
0
0
0
1
2
0
0
1
0
1
1
0
1
0
0
0
0
1
0
1
1
0
0
1
0
0
1
0
1
1
0
0
0
0
1
0
3
0
0
1
0
0
3
0
1
2
0
0
0
1
0
0
1
0
0
0
0
1
0
1
2
0
1
2
0
0
1
0
1
0
3
0
0
0
0
0
0
1
0
1
0
0
1
0
0
1
0
0
0
0
0
1
0
0
2
1
1
0
1
0
0
0
1
1
0
1
1
0
0
0
0
0
0
0
0
1
0
1
0
1
1
0
0
0
0
0
0
0
0
1
0
0
0
0
0
0
2
2
1
1
1
1
0
0
0
2
0
1
1
0
0
0
1
0
0
0
1
0
0
1
1
0
0
0
0
3
0
1
1
0
1
0
0
0
1
0
0
1
2
1
1
1
0
0
1
0
0
0
0
0
0
0
0
0
2
0
0
0
1
0
0
1
0
1
0
0
0
0
1
0
0
0
0
1
1
0
0
0
0
1
0
1
1
0
0
0
0
1
1
0
1
1
1
0
0
2
2
0
0
0
2
1
1
0
0
0
0
2
1
0
1
2
0
0
0
0
0
0
1
1
0
2
0
1
1
2
0
3
1
0
0
0
0
1
0
3
0
0
0
0
1
0
0
1
1
1
0
0
1
0
0
0
0
0
0
1
0
0
1
0
0
0
1
1
0
1
1
0
0
0
0
0
1
0
1
0
1
0
1
0
0
0
1
1
0
0
0
1
1
2
1
1
2
2
1
0
0
0
2
0
0
0
0
0
0
0
0
1
0
0
0
0
1
0
1
0
1
0
0
0
0
1
0
0
2
2
0
0
0
0
1
0
0
1
1
0
0
0
1
0
2
0
0
1
0
0
0
0
1
0
1
0
0
0
0
0
0
0
2
2
0
0
0
0
0
1
0
1
0
0
0
1
0
1
1
0
0
1
0
0
0
0
0
0
1
1
1
2
0
1
0
0
0
0
0
0
2
1
1
0
0
1
0
0
3
0
1
1
0
0
0
0
0
0
1
2
0
0
2
0
0
0
1
0
2
1
0
0
0
0
0
0
1
0
0
0
0
0
1
0
0
0
0
0
1
0
1
0
0
0
0
0
0
0
0
0
0
0
1
0
0
0
0
0
0
0
1
0
0
0
1
1
0
0
0
0
0
0
0
0
0
0
0
0
1
1
1
0
1
0
0
0
0
0
0
0
0
1
0
0
1
0
0
0
1
1
1
1
0
0
0
0
0
0
0
1
0
1
0
0
0
0
0
1
0
0
0
0
0
1
0
1
0
0
0
0
0
0
1
0
0
0
0
0
0
0
0
0
0
2
1
0
0
0
1
0
0
0
0
1
0
0
0
0
0
0
0
0
0
0
0
0
0
1
1
0
0
0
0
0
0
1
1
0
0
0
0
0
0
0
0
1
0
1
0
0
0
0
1
0
0
0
0
0
0
0
0
0
0
0
0
0
0
0
0
0
0
0
0
0
0
0
0
0
0
0
0
0
0
0
1
0
0
0
0
1
0
0
0
1
0
0
0
0
1
0
0
0
1
0
0
0
0
0
0
0
0
0
0
0
0
0
0
0
0
0
0
0
0
0
0
1
0
0
1
0
0
0
0
0
0
0
0
0
1
0
0
0
0
0
1
1
0
0
0
1
0
0
0
0
0
0
0
0
0
0
0
0
0
0
0
0
0
0
0
0
0
0
0
0
0
0
0
0
0
0
0
1
0
0
0
0
0
0
0
0
0
0
0
0
0
1
0
0
0
0
0
0
0
0
0
0
0
0
0
0
0
1
0
0
0
0
0
0
0
0
0
0
0
0
0
0
0
0
0
0
0
0
0
0
0
0
0
0
0
0
0
0
0
0
0
0
0
1
0
0
0
0
1
0
0
0
0
3
0
0
0
0
0
2
0
1
0
0
0
0
1
0
0
0
0
0
0
0
0
0
0
0
0
0
0
1
0
0
1
0
0
0
0
0
0
0
0
0
1
0
1
0
1
0
0
0
0
0
0
0
0
0
0
0
0
0
0
0
0
0
0
1
1
0
1
0
0
0
0
0
0
0
0
0
0
1
0
1
0
0
0
0
0
0
1
0
0
0
0
0
1
0
1
0
0
0
0
0
0
1
0
0
1
0
0
2
0
1
0
0
0
0
0
0
1
0
0
0
0
2
0
1
0
0
1
0
1
1
1
0
0
0
0
0
1
0
0
0
0
1
1
0
0
0
0
0
0
0
0
0
0
0
0
0
0
1
0
0
0
0
0
0
0
0
0
0
1
0
0
1
0
1
0
0
1
0
1
0
0
0
0
0
0
0
0
0
0
0
0
0
0
0
0
0
0
0
0
0
0
0
0
0
0
0
0
0
0
0
0
0
0
0
0
0
1
0
0
0
0
0
1
0
0
1
0
0
0
0
0
0
0
0
0
2
0
0
1
0
0
0
0
0
0
0
0
0
0
0
0
0
1
0
1
0
1
0
0
0
0
0
0
0
0
0
0
0
0
0
0
0
0
0
0
1
0
0
0
1
0
0
0
0
1
0
0
0
0
0
0
0
0
0
0
0
0
1
0
0
0
0
0
0
0
0
0
1
0
1
1
0
0
0
0
0
0
0
0
1
0
0
0
0
0
0
0
0
1
0
0
0
0
0
0
0
0
0
0
0
0
0
1
0
0
0
0
0
0
0
0
0
0
1
1
0
0
0
1
0
0
0
0
0
0
0
0
0
0
0
2
1
1
2
2
1
3
1
2
2
3
0
4
1
2
0
1
3
2
0
3
4
0
0
0
1
4
1
2
0
1
3
0
2
1
0
4
0
1
1
1
1
0
0
2
1
1
0
4
1
2
3
1
1
5
0
2
3
2
0
1
1
0
0
1
5
1
2
2
1
3
1
0
0
0
1
1
0
1
1
0
0
0
1
1
1
1
0
2
1
1
4
1
6
0
2
0
1
1
1
0
0
0
1
0
0
1
3
0
0
1
2
2
1
2
1
1
0
1
1
0
1
2
0
0
0
2
