0
0
0
0
0
0
0
0
0
0
0
0
0
0
0
0
0
0
0
0
0
0
0
0
0
0
0
0
0
0
0
0
0
0
0
0
0
0
0
0
0
0
0
0
0
0
0
0
0
0
0
0
0
0
0
0
0
0
0
0
0
0
0
0
0
0
0
0
0
0
0
0
0
1
0
0
0
0
0
0
0
0
0
0
0
0
0
0
0
0
0
0
0
0
0
0
0
0
0
0
0
0
0
0
0
0
0
0
0
0
0
0
0
0
0
0
0
0
0
0
0
0
0
0
0
0
0
0
0
0
0
0
0
0
0
0
0
0
0
0
0
0
0
0
0
0
0
0
0
0
0
0
0
0
0
0
0
0
0
0
0
0
0
0
0
0
0
0
0
0
0
0
0
0
0
0
0
0
0
0
0
0
0
0
0
0
0
0
0
0
0
0
0
0
0
0
0
0
0
0
0
0
0
0
0
0
0
0
0
0
0
0
0
0
0
0
0
0
0
0
0
0
0
0
0
0
0
0
0
0
0
0
0
0
0
0
0
0
0
0
0
0
0
0
0
0
0
0
0
0
0
0
0
0
0
0
0
0
0
0
0
1
0
0
0
0
0
0
0
0
0
0
0
0
0
0
0
0
0
0
0
0
0
0
0
0
0
0
0
0
0
0
0
0
0
0
0
0
0
0
0
0
0
0
0
0
0
0
0
0
0
0
0
0
0
0
0
0
0
0
0
0
0
0
0
0
0
1
0
0
0
0
0
0
0
0
0
0
0
0
0
0
0
0
0
0
0
0
0
0
0
0
0
0
0
0
0
0
0
0
0
0
0
0
0
0
0
0
0
0
0
0
0
1
0
1
0
0
0
0
0
0
0
0
0
0
0
1
0
0
1
0
0
0
0
0
0
0
0
1
0
0
0
0
0
0
0
0
0
0
0
0
1
0
0
1
0
0
0
0
1
0
0
0
0
0
0
0
0
0
0
0
0
1
3
0
0
0
0
0
1
0
1
0
0
0
0
0
0
1
0
0
0
1
0
1
0
0
0
0
0
0
1
1
0
0
0
0
1
0
0
1
0
0
2
0
0
4
1
0
1
0
1
1
1
1
0
2
2
1
0
0
1
2
0
0
2
3
2
2
0
0
1
2
1
2
1
1
0
1
0
2
3
2
0
0
0
2
3
1
2
1
1
3
0
2
2
2
1
1
2
3
2
0
3
1
3
5
3
0
3
2
3
1
1
0
2
4
2
6
2
0
4
3
4
3
5
3
4
2
2
6
4
5
5
5
1
6
1
5
2
7
2
6
2
9
5
3
9
3
6
6
8
2
6
3
0
1
6
4
4
2
3
4
2
6
7
2
4
10
9
10
5
8
8
4
7
8
5
9
9
11
7
11
9
6
9
2
7
6
8
4
10
9
6
7
5
8
12
14
11
7
9
4
6
9
13
7
10
9
10
15
19
8
19
7
12
9
8
24
18
11
11
17
14
13
20
12
20
21
16
18
16
11
12
13
14
19
13
25
14
16
24
14
20
24
21
20
18
22
16
22
21
26
28
15
20
22
28
24
19
28
19
23
18
23
22
16
22
23
24
35
27
22
25
23
23
35
28
28
36
31
23
38
32
27
31
28
28
31
30
37
35
41
36
28
36
39
33
38
49
34
34
58
47
33
49
31
38
45
46
41
43
38
42
45
50
56
53
43
51
40
42
41
41
59
45
43
50
40
54
50
42
54
71
51
64
54
57
66
58
56
63
68
54
70
68
75
51
69
52
73
71
63
62
69
80
81
69
92
74
96
83
69
94
72
79
84
76
75
92
92
81
95
90
95
99
98
94
100
103
78
87
113
93
98
106
111
88
93
124
118
86
93
96
105
115
128
112
130
96
115
132
138
130
142
137
134
108
99
114
117
123
129
143
127
144
126
138
131
128
120
156
152
130
152
146
146
147
138
153
144
179
144
143
167
165
164
163
162
162
177
182
174
190
158
173
170
194
165
180
185
199
225
197
188
211
196
169
200
215
206
164
213
206
224
211
226
185
215
231
223
231
224
248
234
225
258
265
238
244
219
299
259
252
244
244
251
237
256
251
246
276
283
246
250
270
256
257
292
299
267
276
279
288
255
281
290
278
303
284
287
289
314
309
286
304
324
342
318
311
318
323
304
341
314
318
312
340
339
338
338
306
343
348
335
338
347
314
346
359
363
340
350
371
341
342
348
359
347
371
368
344
407
333
368
352
344
371
386
413
362
373
363
368
372
428
395
368
400
412
380
375
403
385
383
388
410
407
370
412
409
374
411
378
395
401
377
427
416
396
467
407
398
420
408
408
433
432
400
415
421
414
412
440
422
408
442
422
411
420
404
375
418
431
425
438
442
448
445
428
450
430
462
434
452
455
437
449
470
486
414
449
478
472
451
422
422
412
447
445
459
430
443
415
454
446
462
440
417
481
435
443
399
412
408
422
415
437
425
427
424
399
395
437
417
402
433
391
452
401
379
425
397
402
438
416
439
458
378
428
400
435
411
398
400
356
430
423
420
431
413
397
411
385
412
381
392
384
392
416
382
393
401
398
378
408
390
379
394
394
401
387
392
389
378
420
397
396
349
369
346
372
382
405
398
381
378
362
400
377
375
380
406
373
422
390
353
361
376
395
349
368
379
402
367
366
367
373
383
397
382
387
382
355
394
367
373
367
368
365
343
395
373
355
365
378
381
343
411
395
358
367
353
369
352
371
368
381
379
363
368
306
370
339
372
332
329
358
368
346
341
355
354
361
342
312
324
337
360
359
332
330
334
346
373
313
318
301
369
316
356
339
288
353
325
353
353
331
351
364
336
296
370
343
359
361
315
337
325
317
340
329
296
331
335
350
319
328
338
352
349
314
333
350
312
329
315
307
338
331
332
314
288
324
327
315
339
317
335
316
314
341
319
357
317
329
302
341
300
306
312
290
292
312
342
330
347
295
320
316
300
332
319
297
316
305
311
330
323
345
293
308
308
342
323
304
305
297
283
327
291
330
340
306
293
270
292
316
314
307
314
308
311
286
303
302
316
290
269
341
304
313
291
274
306
293
297
299
330
283
272
321
289
282
302
309
303
303
247
279
285
279
295
297
271
277
328
269
290
274
304
314
290
300
308
287
297
285
297
304
311
285
278
302
294
256
277
301
286
316
302
278
313
294
321
294
303
293
316
287
313
286
320
299
264
297
298
315
272
306
297
297
283
312
296
316
272
295
292
263
289
264
288
282
318
294
324
281
272
309
293
306
294
304
267
280
307
304
289
286
326
285
307
294
345
312
246
301
301
299
312
298
289
286
269
321
325
284
317
304
286
281
301
329
272
286
280
302
323
291
283
320
296
293
276
284
284
290
280
329
310
275
310
295
282
285
283
269
297
317
294
302
303
270
305
274
297
296
309
304
318
295
293
320
298
286
315
297
320
307
303
277
292
302
336
272
271
291
308
304
293
299
289
299
303
275
306
308
303
282
296
275
326
322
301
291
281
299
307
327
304
286
288
295
284
292
293
298
305
299
289
271
309
266
306
302
301
279
307
286
330
310
283
278
313
288
308
278
275
321
287
262
311
300
274
313
306
294
286
313
316
321
285
287
301
292
303
280
316
293
316
281
295
293
283
299
262
280
310
298
265
287
295
312
302
281
309
300
307
276
289
285
289
314
301
316
293
285
302
339
306
324
298
286
287
303
263
271
326
297
290
280
308
293
300
271
306
301
269
283
297
289
291
293
306
278
302
314
295
264
300
297
270
243
288
279
307
296
279
310
308
294
286
287
296
288
293
311
287
302
291
310
309
310
301
295
297
296
309
296
280
300
280
280
287
298
266
303
312
285
285
281
305
270
286
323
267
293
328
266
280
302
269
291
287
279
290
303
282
303
294
312
314
304
269
277
273
283
291
291
293
316
320
258
312
292
300
317
290
301
282
296
303
299
285
288
285
329
340
303
272
288
293
322
295
316
312
287
306
312
304
320
285
314
294
307
256
341
301
309
290
307
279
291
290
286
279
281
292
284
295
287
298
268
275
296
298
278
267
303
280
278
315
313
280
299
302
290
280
319
273
315
296
310
312
287
346
302
294
291
294
307
295
288
256
292
293
286
272
299
274
292
275
276
270
307
293
286
313
297
294
263
303
294
272
272
292
285
280
296
300
322
286
302
323
289
292
264
282
297
320
291
303
294
286
296
294
301
283
280
304
254
288
287
284
297
273
269
304
261
295
288
293
302
300
283
280
288
306
291
307
265
252
273
271
288
297
274
282
279
282
314
306
315
304
292
287
289
285
311
296
300
260
316
283
281
291
308
280
298
290
304
321
275
270
268
319
319
297
316
290
256
303
273
288
334
288
279
333
273
289
308
304
293
292
318
265
278
296
301
299
278
296
272
307
303
313
268
298
278
272
308
272
280
299
299
313
305
297
285
284
283
293
300
297
269
252
273
264
282
257
290
291
285
278
288
275
330
299
296
279
288
301
279
280
290
283
291
307
298
294
262
328
317
312
316
283
281
302
267
297
264
301
299
267
260
273
309
286
285
318
281
289
306
291
274
284
300
305
324
301
270
255
287
259
288
284
263
296
279
296
341
244
293
259
278
271
284
308
301
287
305
288
319
312
278
263
308
277
294
292
272
278
316
298
289
305
288
293
272
292
274
302
267
310
280
267
266
278
294
309
277
296
272
307
281
273
277
277
297
293
299
291
278
292
297
280
296
280
288
309
302
270
283
269
284
288
268
297
268
308
294
289
287
287
278
275
248
264
298
276
308
291
288
301
322
264
299
322
291
273
279
279
276
281
274
268
297
271
260
294
294
295
297
305
272
323
288
274
286
277
282
293
275
278
307
275
273
274
317
283
282
270
301
284
282
297
273
295
295
288
285
278
289
282
281
266
250
300
289
288
282
275
266
285
303
277
276
261
302
282
261
265
286
278
277
281
286
277
287
291
256
280
275
284
304
300
283
254
276
297
270
297
277
269
310
283
285
292
314
295
272
275
310
265
249
311
266
267
260
293
293
287
293
321
293
226
265
278
283
305
253
304
272
281
308
297
271
295
285
287
271
292
262
272
307
334
278
289
279
253
281
295
284
317
269
296
283
283
282
298
298
310
304
286
257
302
273
278
279
270
289
283
279
277
279
268
250
300
259
268
298
272
306
295
258
294
282
250
307
268
264
320
287
280
277
249
277
260
283
314
326
274
276
295
275
288
288
304
280
285
285
260
274
299
284
283
310
303
287
310
296
283
273
308
277
280
327
286
255
285
256
289
235
242
261
258
243
276
276
275
286
274
311
274
274
280
286
259
279
299
291
335
277
285
290
289
242
269
278
274
294
280
291
305
290
295
257
293
291
293
275
329
258
320
293
242
274
278
258
276
255
260
286
288
310
283
275
275
250
239
255
298
294
296
306
282
297
282
296
305
303
287
269
260
299
297
288
261
269
291
313
268
275
279
287
282
332
301
305
268
288
269
268
303
298
300
276
281
266
303
293
289
306
267
296
293
268
270
287
277
314
289
280
293
310
269
263
308
286
307
257
287
269
289
271
280
297
254
281
281
297
274
266
290
289
296
316
287
285
284
279
260
266
282
276
309
290
287
283
269
299
268
283
283
243
276
263
232
268
306
246
290
279
270
302
290
278
280
291
294
291
281
266
293
258
279
274
284
244
285
256
281
289
285
308
256
276
267
291
294
267
249
270
250
288
278
279
279
273
307
314
275
266
274
282
278
273
292
289
277
277
300
277
273
263
280
241
305
291
313
289
283
278
272
281
246
275
278
257
299
272
272
262
261
290
277
246
249
280
272
275
256
276
287
276
301
297
265
280
264
294
283
283
279
308
278
270
280
285
261
283
257
281
255
288
279
250
280
279
277
275
287
295
279
282
286
278
282
269
277
273
263
288
256
291
263
272
275
272
285
269
260
255
285
264
277
249
294
307
265
263
238
268
283
289
267
272
284
288
296
250
304
256
304
275
267
294
286
267
284
248
261
276
277
287
268
250
294
288
263
294
248
299
227
284
257
263
287
276
245
281
297
293
291
278
283
270
268
294
302
281
273
283
283
263
253
287
264
272
291
290
268
273
281
286
275
282
265
261
295
274
248
279
281
318
278
279
298
299
246
271
282
279
249
265
266
269
280
280
282
285
263
300
289
260
270
268
271
272
267
289
277
251
271
288
287
252
261
288
289
294
293
292
276
274
294
276
282
294
262
285
269
259
280
266
268
256
300
284
277
282
286
284
262
253
277
265
273
249
308
278
292
236
275
289
283
316
303
268
264
244
262
240
255
286
287
302
280
296
266
294
249
291
278
252
263
268
260
290
264
278
280
272
280
277
248
278
261
308
261
264
282
256
282
309
277
294
278
294
270
280
284
296
294
287
316
278
291
291
297
296
264
270
252
284
276
263
276
284
294
270
286
256
288
280
261
246
292
297
279
285
264
280
304
304
264
323
272
265
278
258
259
265
268
265
283
292
298
289
289
279
284
281
293
287
302
297
300
262
283
269
306
275
278
280
304
298
305
294
261
288
242
275
267
263
285
297
290
288
283
272
253
266
244
297
275
269
314
284
286
308
278
298
282
274
308
303
314
244
305
307
276
242
310
296
284
264
267
270
273
323
308
298
268
297
310
256
299
257
311
297
286
297
245
293
269
275
260
239
280
320
300
293
249
305
285
259
284
285
296
276
270
273
296
270
293
267
297
264
237
258
304
273
292
259
317
287
272
292
277
278
271
273
297
264
276
297
277
289
286
293
272
295
293
314
293
281
268
265
280
269
275
259
291
291
283
274
279
268
278
307
280
289
273
315
280
289
280
302
298
316
314
291
272
270
275
292
271
259
304
277
312
269
293
271
296
296
281
288
327
290
266
289
274
268
237
262
282
304
290
293
254
269
276
298
295
272
284
284
267
307
283
292
303
281
296
277
243
280
314
285
306
304
280
262
291
286
295
273
291
273
284
281
288
302
314
270
282
300
296
294
290
282
268
313
275
265
323
286
300
266
284
304
295
297
289
277
297
288
260
287
258
324
280
278
259
285
311
291
280
278
310
301
298
270
278
279
278
288
272
286
301
278
279
282
286
297
262
285
305
276
319
267
298
299
291
322
321
289
286
276
312
287
291
279
285
268
281
290
267
275
290
262
282
320
295
293
325
280
284
289
292
259
314
270
276
256
286
298
300
258
273
316
276
297
273
305
293
284
278
292
288
292
300
258
264
313
305
278
284
316
271
294
279
297
282
308
311
280
315
255
279
302
294
288
302
285
295
298
291
300
282
286
306
279
305
295
276
274
281
295
256
289
314
300
294
273
276
274
292
283
279
299
289
274
246
294
300
314
277
280
304
260
276
274
282
285
316
320
311
320
298
292
289
282
277
314
297
309
283
294
284
292
293
274
303
305
271
264
274
301
280
290
258
316
305
302
275
284
288
295
284
304
303
285
296
301
289
285
295
274
279
282
312
315
282
303
277
305
289
274
289
285
269
321
290
296
300
278
319
317
269
289
290
265
282
290
294
309
327
289
308
296
281
299
291
306
277
294
279
299
312
293
285
268
302
306
264
274
298
283
287
327
277
324
307
301
261
301
281
321
299
323
315
273
321
291
295
296
278
292
281
297
305
323
322
307
294
299
288
301
290
288
308
277
296
292
286
314
292
313
295
299
311
320
270
303
303
279
294
287
275
287
319
268
280
297
295
303
287
304
296
322
276
310
273
288
284
299
290
313
290
305
293
290
279
314
303
307
274
331
280
299
307
306
306
309
298
327
313
299
299
320
298
296
279
317
286
316
297
269
305
272
333
317
292
301
288
325
297
300
325
286
311
291
341
303
296
285
298
293
287
287
296
311
283
286
294
297
296
299
299
278
329
299
292
291
299
306
299
331
272
281
311
322
274
297
287
288
294
321
276
283
278
302
316
302
294
276
281
292
340
298
296
283
299
289
336
316
284
310
348
282
287
319
292
281
312
290
310
298
291
337
285
305
307
335
278
323
299
265
325
309
294
332
326
276
299
321
319
311
272
332
306
308
313
308
303
301
316
328
329
291
289
338
309
319
290
317
323
320
332
286
327
338
311
331
299
315
307
287
324
295
330
279
294
308
280
306
296
311
285
298
288
305
286
326
275
315
300
310
309
339
332
304
299
285
327
293
297
314
308
311
329
309
287
296
290
299
340
310
313
287
300
343
307
312
312
317
322
319
324
302
343
315
310
321
281
283
307
340
305
345
329
300
286
295
302
314
304
303
304
325
305
325
311
334
299
299
320
287
297
324
307
316
302
291
309
323
336
320
295
317
294
287
337
332
324
322
313
295
311
346
296
294
317
317
305
294
317
310
331
301
322
316
314
322
349
315
305
323
286
319
338
302
286
301
301
311
267
304
308
332
337
294
331
294
340
298
302
332
295
328
294
326
288
317
300
319
310
282
311
306
305
295
311
302
299
305
292
278
312
287
306
295
319
298
334
307
362
305
323
298
307
334
290
316
309
312
349
350
288
322
315
343
304
299
319
318
340
328
332
348
312
335
289
300
306
325
329
328
316
291
332
324
303
341
299
322
329
316
289
337
301
333
329
323
317
331
341
313
282
306
325
298
293
318
312
339
307
294
328
320
343
312
303
344
330
320
294
347
322
319
319
307
338
324
325
351
336
303
305
307
349
319
324
341
296
296
299
312
361
337
396
326
309
319
341
308
313
329
350
345
290
322
329
331
328
307
301
326
341
318
336
329
298
336
379
305
329
294
323
347
342
289
332
351
341
316
300
292
298
321
326
351
333
327
360
328
340
362
339
318
337
368
309
326
357
346
334
354
330
328
334
333
326
323
339
329
330
315
334
334
377
356
346
343
348
324
335
300
335
338
317
311
304
316
339
321
328
324
318
359
313
319
340
320
334
342
325
333
331
344
300
320
347
348
323
379
346
357
311
330
327
345
300
355
341
345
321
340
326
303
322
336
312
321
331
326
334
340
333
329
329
328
354
323
389
347
326
320
355
348
326
316
334
343
380
334
330
350
317
338
337
358
336
305
334
340
347
330
338
345
319
331
317
319
332
346
335
318
339
340
373
329
330
333
351
337
342
332
326
383
328
348
335
334
366
332
339
396
339
350
370
317
333
348
309
363
359
365
351
344
338
330
364
352
365
367
354
356
329
346
341
346
373
361
330
354
337
350
367
330
320
357
387
354
331
383
342
344
336
350
349
350
349
345
347
365
345
323
342
322
326
357
372
335
347
353
373
356
368
351
335
308
347
341
374
360
338
365
348
356
364
341
346
339
334
366
350
347
346
325
309
308
350
354
363
300
331
410
343
376
352
380
360
333
356
367
339
377
358
355
365
344
378
340
341
362
378
420
344
347
354
363
344
374
346
318
344
334
377
372
405
331
398
371
345
354
363
378
348
362
373
302
374
357
348
372
392
348
355
391
356
352
357
365
347
371
304
354
358
364
370
336
342
366
338
336
348
350
377
332
345
365
361
347
342
386
345
321
364
331
325
361
374
339
315
346
379
397
363
326
354
382
363
372
349
368
350
375
343
338
319
316
358
346
374
328
370
353
363
372
362
353
370
367
381
348
379
326
343
347
357
339
377
367
371
360
352
306
374
335
388
361
366
394
359
367
400
362
364
337
351
356
368
355
385
375
397
359
368
322
350
349
361
425
385
346
357
377
359
367
379
384
376
370
378
370
380
361
363
345
352
393
369
381
391
381
347
370
366
374
378
379
360
354
371
354
362
353
374
357
369
359
369
371
359
356
355
370
345
344
367
381
362
367
331
349
360
351
349
354
366
363
381
376
368
361
351
370
346
388
337
353
332
350
376
369
378
345
334
361
365
357
366
357
381
379
369
347
350
343
341
394
351
384
343
376
344
362
359
337
376
352
327
376
326
340
399
362
371
378
340
368
358
358
353
349
359
364
355
367
377
389
326
320
381
354
364
384
384
345
388
371
366
381
352
361
359
345
358
334
325
325
328
344
333
361
372
339
319
339
351
362
372
365
378
322
332
331
340
351
354
369
383
362
351
371
358
335
349
362
324
349
338
357
347
356
386
338
311
339
341
335
339
365
326
371
335
333
357
351
341
352
349
342
356
317
339
348
359
322
357
356
356
312
346
356
346
335
386
360
323
321
315
312
318
349
305
326
325
339
365
331
343
318
335
324
332
345
316
337
327
304
350
342
340
306
335
338
317
337
323
358
334
305
289
319
322
322
295
296
311
346
334
336
301
314
316
314
293
320
335
331
305
330
302
314
305
327
336
319
357
332
343
284
295
338
300
332
327
349
316
328
281
327
309
278
309
295
335
340
299
313
311
282
320
312
316
319
299
302
301
321
297
304
257
307
290
315
316
305
337
288
288
300
295
318
279
302
249
324
291
325
291
311
348
272
301
291
272
277
324
293
291
264
302
295
282
284
323
307
296
297
275
324
277
270
288
289
303
295
303
285
300
308
308
292
319
313
297
293
279
269
289
258
266
294
299
267
244
303
285
250
275
323
281
302
297
289
254
286
294
264
270
307
288
294
277
279
258
232
296
272
255
303
278
262
272
308
290
268
267
271
222
285
242
268
262
236
284
271
282
275
283
315
260
311
286
250
261
258
250
276
267
232
277
252
272
263
245
255
241
257
273
270
267
285
270
260
290
279
239
238
223
254
252
282
248
238
279
268
264
273
236
269
248
264
252
270
250
272
262
262
254
261
260
246
285
261
286
269
235
266
262
263
269
274
242
237
272
261
251
268
271
250
274
265
244
278
243
279
254
245
280
256
265
251
264
263
239
253
260
268
256
240
296
266
240
244
259
264
248
243
274
271
239
276
255
244
231
254
265
257
257
255
244
250
255
250
235
260
239
228
237
264
241
231
259
263
270
244
233
248
228
230
271
262
268
234
257
255
242
264
240
271
263
253
257
254
248
239
253
243
244
280
223
263
256
251
241
272
246
212
250
238
237
242
254
220
241
251
218
234
226
225
247
219
236
221
254
242
258
214
246
263
248
235
243
230
261
247
231
244
244
256
193
260
246
243
261
243
262
254
253
233
217
248
236
204
256
256
246
252
236
239
237
242
270
234
242
239
224
210
243
261
254
264
261
242
252
245
237
270
280
246
227
217
264
266
246
206
258
227
233
224
245
263
213
252
237
256
231
244
252
225
259
236
239
247
253
223
228
256
233
233
249
239
247
224
238
255
241
238
220
249
238
244
250
237
241
240
232
214
249
217
233
231
227
229
230
208
239
239
231
256
263
242
233
268
252
237
243
228
217
254
275
234
245
261
229
243
223
246
246
237
255
237
248
221
211
222
240
230
227
243
227
241
221
245
261
217
239
242
237
199
224
238
245
228
245
219
258
233
208
200
211
230
225
247
222
217
215
242
230
221
246
252
247
223
226
229
235
215
231
226
237
221
205
223
233
212
255
215
218
211
240
247
240
215
216
240
233
217
213
221
210
203
225
206
247
256
230
263
238
207
247
238
204
238
225
233
201
217
246
205
203
227
236
220
218
247
223
247
217
224
211
243
230
219
242
204
252
242
238
225
204
230
222
215
238
240
211
208
211
203
194
217
229
215
236
192
232
213
238
235
208
238
236
224
231
237
208
203
214
233
181
230
204
210
210
221
202
197
205
231
238
218
216
218
217
213
227
223
220
206
217
220
247
183
207
198
223
208
191
194
195
222
218
199
210
219
194
212
230
205
202
186
218
206
217
190
205
209
196
190
218
187
203
196
212
190
202
219
188
217
210
229
192
192
202
224
173
167
221
201
215
195
179
199
194
225
182
203
195
210
187
201
203
221
204
188
182
191
204
214
191
206
177
190
201
210
181
171
184
189
195
184
205
187
186
171
203
189
182
207
225
188
189
195
201
190
207
216
179
198
189
193
206
207
222
181
207
166
179
202
183
188
179
166
178
175
177
203
205
208
184
190
197
174
185
189
188
190
185
191
189
230
200
206
188
194
174
190
184
187
204
172
184
215
192
163
191
168
200
195
194
212
204
194
185
183
176
185
172
171
195
188
187
159
182
184
197
177
204
205
202
192
208
200
190
190
214
172
162
206
213
213
188
208
195
219
182
198
195
214
178
193
188
191
185
188
206
183
209
185
205
228
190
217
198
194
211
219
209
208
212
189
200
201
199
206
205
187
225
249
188
232
202
206
216
204
215
211
221
211
222
195
224
203
233
216
198
221
228
212
241
219
223
242
222
234
242
256
221
230
229
255
204
258
238
253
265
263
238
253
280
245
236
259
270
271
274
253
256
238
269
291
271
278
282
281
292
268
302
273
239
273
299
287
252
278
262
322
241
324
275
293
303
303
260
345
294
286
307
309
275
315
316
323
318
295
333
337
317
324
347
322
345
367
313
337
388
376
350
357
357
339
355
403
355
348
373
356
347
388
367
393
390
380
391
387
387
399
406
402
380
427
387
427
392
439
432
404
372
402
424
427
411
437
413
457
489
427
473
448
449
438
464
484
466
477
466
477
485
504
521
509
485
510
499
473
454
514
497
534
495
484
504
514
495
492
502
539
531
506
501
474
550
537
551
549
530
631
535
529
598
539
574
565
536
580
583
580
629
598
606
606
597
604
610
582
583
635
614
613
548
608
647
646
584
587
619
632
626
691
668
667
686
665
682
681
657
691
662
688
669
654
670
674
695
703
664
653
689
703
696
681
714
700
675
686
700
758
739
702
769
705
728
767
723
648
755
773
733
749
778
780
765
758
731
777
760
747
750
741
778
716
779
783
750
763
775
780
795
763
776
801
772
738
800
805
813
786
822
841
750
829
830
775
786
831
783
771
761
818
794
770
845
811
815
812
852
788
829
775
809
797
742
862
813
826
803
828
751
756
787
830
795
801
776
828
760
810
811
784
816
827
821
823
854
809
767
788
822
813
818
745
821
842
799
819
757
813
775
743
772
752
784
821
788
791
774
828
801
785
788
767
773
804
800
781
791
773
744
774
753
793
764
710
761
729
766
736
748
748
726
727
739
728
772
692
726
699
731
741
717
694
692
637
725
670
667
686
715
662
688
684
674
671
675
706
680
672
633
694
653
641
656
644
634
660
643
627
638
629
667
643
622
612
608
586
607
582
610
618
578
583
588
580
561
569
608
529
580
530
570
563
555
517
559
575
573
573
540
511
537
479
552
525
514
524
503
510
523
518
484
451
464
528
453
491
459
503
457
423
411
439
464
444
461
480
473
438
462
430
439
447
394
414
376
387
392
375
395
396
383
363
334
359
406
386
371
406
358
349
351
363
358
358
354
312
350
329
355
306
311
312
328
322
317
319
274
274
321
301
274
299
286
298
287
243
288
291
274
258
270
257
256
253
261
251
251
243
269
246
251
226
259
229
219
217
232
211
221
230
214
223
224
211
232
223
193
183
189
197
225
196
200
184
198
187
168
180
180
184
144
155
159
168
142
181
165
172
171
168
167
159
154
165
135
148
150
147
131
158
147
130
146
129
155
137
133
134
110
126
125
128
140
136
135
116
129
128
146
112
132
127
116
122
130
127
99
112
116
118
128
103
112
103
112
96
117
95
93
103
103
93
97
97
100
105
101
87
107
82
106
79
83
99
91
99
85
95
102
88
96
96
85
97
78
92
95
97
83
83
95
82
91
95
86
77
81
94
80
75
86
81
86
97
86
76
63
94
85
70
93
77
81
76
78
83
83
101
104
75
84
74
88
76
80
82
78
92
87
88
80
111
81
78
104
104
91
98
86
106
91
92
103
82
100
82
97
99
109
89
103
94
107
92
99
112
99
93
98
104
98
79
101
113
93
102
125
120
88
93
106
95
115
111
126
107
109
117
101
106
122
125
127
117
114
105
95
137
106
149
133
130
108
135
115
117
146
123
112
128
137
148
138
135
130
149
121
153
108
134
143
141
134
129
152
120
153
150
150
132
146
167
140
159
162
175
135
164
156
161
166
180
159
167
169
172
183
169
185
172
178
178
176
197
181
186
198
198
162
202
220
203
198
205
181
205
193
223
209
196
198
210
229
236
223
207
217
229
212
234
225
232
265
244
231
222
245
248
268
235
255
250
253
236
274
273
272
253
250
260
254
272
263
306
253
283
317
297
307
286
286
288
301
304
300
275
331
309
322
316
273
321
305
305
331
319
316
288
334
309
373
360
310
355
341
343
343
340
344
373
344
340
319
343
363
366
382
372
396
392
412
404
384
406
387
382
391
381
360
427
423
395
430
436
386
447
430
432
426
400
439
409
454
466
450
445
455
443
448
506
414
464
503
483
510
484
467
480
476
517
466
505
451
479
503
527
515
493
497
530
477
530
504
513
504
530
564
547
546
516
568
500
517
539
560
529
588
565
556
567
608
548
559
514
610
576
563
586
615
569
572
577
552
618
580
601
553
583
613
592
642
609
606
579
603
588
587
609
591
626
635
585
669
660
594
631
610
637
601
631
641
649
625
662
698
679
617
658
645
634
663
633
676
650
663
661
703
659
660
644
663
615
677
656
727
666
684
712
685
670
692
670
657
678
648
693
674
697
658
681
674
736
660
714
666
720
679
650
703
661
635
675
634
702
680
722
676
702
642
683
702
707
624
671
700
689
746
661
689
745
716
717
675
681
704
688
664
655
651
651
721
722
649
686
704
728
682
693
638
712
648
626
617
715
642
657
677
660
662
603
660
638
706
655
593
624
640
660
650
646
638
667
652
659
630
673
618
621
628
584
677
655
620
623
577
597
598
608
645
614
604
572
632
637
641
587
574
628
610
564
633
609
554
546
610
601
551
553
570
546
524
552
530
552
579
553
539
561
573
564
523
538
519
532
527
480
508
527
494
540
502
481
518
533
477
496
452
476
511
486
455
498
489
487
455
442
443
462
443
428
428
417
445
422
428
442
454
407
440
406
415
387
412
391
416
426
428
435
403
379
386
360
367
390
385
363
364
367
364
378
351
324
332
365
331
356
338
367
358
336
335
319
344
325
344
306
305
311
355
321
319
277
292
282
283
283
301
295
273
277
252
263
260
266
276
269
285
269
283
250
257
238
237
228
225
233
229
255
225
240
221
216
218
215
171
197
202
189
201
224
190
208
205
199
194
190
183
190
192
170
187
173
146
173
195
166
167
171
190
190
176
148
162
141
158
159
170
171
133
155
117
146
157
169
149
146
155
150
129
162
136
119
131
120
135
121
119
125
131
121
120
116
113
103
117
110
110
124
99
104
114
104
109
97
109
109
85
100
103
105
124
72
91
78
91
92
89
85
80
87
84
86
84
75
96
81
81
77
85
65
73
79
75
57
83
72
94
62
64
64
64
64
75
78
59
73
63
43
44
61
49
62
60
60
44
74
44
55
64
60
45
45
56
56
57
62
58
66
47
56
47
47
54
63
55
61
47
42
56
43
33
43
44
59
35
41
37
43
38
30
35
44
35
37
40
41
33
30
29
36
28
32
38
42
44
37
35
22
34
28
31
39
23
31
35
31
30
25
28
39
24
30
19
33
25
33
31
28
27
26
22
20
31
34
29
26
35
27
30
23
34
33
28
21
34
22
29
25
36
32
20
25
20
29
28
22
23
19
27
31
20
28
25
36
34
31
26
23
22
25
28
26
19
24
24
26
28
26
19
34
24
31
28
27
29
26
18
27
23
28
20
24
12
22
19
14
21
27
14
24
17
24
22
40
24
19
14
31
18
26
25
23
22
28
20
23
18
18
24
28
20
18
18
32
24
29
20
19
22
28
25
21
20
30
26
20
26
26
19
29
18
22
12
18
27
32
22
30
23
24
20
25
14
26
19
20
18
17
20
23
12
20
18
18
30
16
22
20
22
25
20
25
22
15
17
15
22
17
17
10
20
22
14
20
21
16
26
17
30
19
15
18
22
19
15
14
16
24
23
12
27
18
24
25
24
23
21
22
20
16
14
15
14
18
14
14
14
21
20
16
22
20
13
26
23
13
12
17
19
19
10
18
21
30
27
14
24
16
17
30
21
21
18
22
12
19
23
22
22
24
19
22
22
11
16
16
13
12
12
18
27
20
17
19
15
16
18
18
14
16
25
15
15
16
15
25
22
16
19
16
18
13
17
12
18
15
27
15
22
20
16
18
20
18
18
16
18
16
8
25
20
25
19
15
12
17
18
19
19
17
15
20
12
11
16
12
18
16
16
18
21
18
13
24
19
14
14
18
18
12
20
12
21
17
13
16
23
17
17
19
19
10
12
14
22
13
21
13
13
18
12
11
20
12
21
14
11
16
16
18
21
13
20
17
16
17
16
15
17
21
10
12
12
23
14
11
16
16
17
15
15
15
16
20
21
9
17
13
19
19
12
12
18
21
19
15
15
14
15
15
19
13
13
15
19
18
16
24
17
24
21
14
13
21
12
24
16
17
10
20
7
14
17
14
14
16
15
11
22
14
15
18
15
14
16
16
26
16
21
16
17
20
10
17
9
8
20
10
12
18
15
18
12
21
20
17
14
20
10
20
16
15
24
13
11
11
15
11
26
15
13
10
14
10
15
18
21
18
20
15
15
16
12
16
11
20
9
21
18
25
19
12
10
15
14
18
13
12
18
18
14
17
13
12
16
14
12
19
15
16
17
13
20
14
9
22
15
16
15
13
14
19
10
19
18
16
23
11
14
10
10
15
13
19
18
22
8
18
17
11
14
13
14
14
10
17
16
18
11
14
13
13
10
20
16
13
21
20
14
17
14
15
20
14
13
14
16
19
9
13
15
15
18
11
12
17
14
16
12
9
18
15
15
9
11
16
15
8
18
13
17
13
15
13
16
13
11
19
7
15
17
15
15
14
11
13
14
13
16
9
17
18
13
15
9
19
12
13
17
12
10
8
10
15
22
11
17
13
15
17
13
12
13
9
18
20
15
13
11
13
17
12
19
7
14
14
18
10
13
10
11
18
16
9
18
13
13
15
15
21
10
14
16
13
16
10
14
15
10
14
8
11
9
9
15
14
16
6
8
14
8
9
7
17
14
13
12
20
18
17
14
5
11
12
16
14
14
6
13
18
15
9
17
10
14
13
13
14
16
10
6
17
6
14
12
13
11
8
14
9
21
18
12
12
13
21
15
13
10
15
12
13
11
12
11
18
13
11
14
20
15
10
15
8
10
11
9
13
12
9
19
10
12
10
15
16
14
10
16
21
17
8
12
9
15
10
13
13
20
13
8
15
12
12
16
17
22
6
19
14
7
17
20
12
19
14
12
10
13
13
18
21
9
16
16
15
18
16
13
16
3
14
13
11
10
12
11
12
14
9
7
16
15
9
19
14
16
10
12
10
11
13
5
7
11
10
13
14
13
13
11
18
13
8
9
11
14
14
13
15
10
10
8
23
17
10
19
9
6
13
17
13
11
16
11
9
11
12
14
18
12
14
13
8
15
11
11
13
13
18
9
12
10
12
15
11
22
13
12
14
16
18
12
6
3
13
9
10
18
13
15
13
6
13
11
12
14
5
9
7
16
15
7
10
15
13
13
11
8
13
8
5
9
19
14
10
13
8
15
12
7
12
14
13
12
9
11
19
15
15
10
15
16
7
14
21
18
6
12
13
9
12
13
10
9
17
10
11
15
13
9
10
16
16
15
16
10
10
10
8
18
14
15
10
13
14
17
13
10
12
10
10
8
11
7
15
14
15
18
13
8
13
12
14
16
16
17
12
15
15
12
8
12
14
12
15
10
14
13
11
10
6
16
12
11
15
13
13
9
10
14
15
13
11
10
9
15
9
10
14
10
15
14
12
8
10
10
14
16
12
9
8
4
15
6
12
13
13
9
11
8
12
12
10
7
9
15
11
11
11
13
8
13
14
8
11
11
11
10
14
15
19
9
14
14
13
17
11
16
8
15
11
14
12
11
19
9
13
13
15
14
12
13
14
13
7
6
15
13
9
15
10
9
12
8
12
11
7
7
9
8
13
10
13
11
5
9
9
15
9
5
12
16
14
17
14
6
11
2
15
10
13
17
10
4
8
10
16
11
9
10
10
15
6
11
15
7
17
15
15
11
12
9
14
15
15
15
15
9
15
9
16
11
9
14
11
4
14
10
12
7
16
13
7
13
8
11
16
15
7
16
7
11
14
4
13
6
12
17
9
12
10
11
13
14
11
7
8
12
16
9
15
14
9
9
8
11
18
12
8
10
15
12
5
10
15
12
12
10
7
13
8
7
9
16
13
15
7
6
16
10
11
10
8
9
8
12
10
9
10
6
12
12
10
13
143
173
173
170
155
157
165
169
177
154
183
185
174
165
184
154
172
159
140
154
158
141
150
158
148
159
159
156
149
151
172
151
166
154
147
170
170
143
164
167
172
189
139
152
171
176
166
164
161
146
156
178
155
153
138
177
165
159
155
166
141
149
139
144
162
161
158
178
146
174
167
165
159
135
141
158
176
156
156
152
143
154
161
151
153
163
153
165
179
153
133
158
148
159
147
167
134
170
148
172
173
120
155
155
169
162
157
130
166
146
153
150
146
143
133
146
171
149
167
147
143
144
145
130
151
120
153
77
