0
0
0
0
0
0
0
0
0
0
0
0
0
0
0
0
0
0
0
0
0
0
0
0
0
0
0
0
0
0
0
0
0
0
0
0
0
0
0
0
0
0
0
0
0
0
0
0
0
0
0
0
0
0
0
0
0
0
0
0
0
0
0
0
0
0
0
0
0
0
0
0
0
0
0
0
0
0
0
0
0
0
0
0
0
0
0
0
0
0
0
0
0
0
0
0
0
0
0
0
0
0
0
0
0
0
0
0
0
0
0
0
0
0
0
0
0
0
0
0
0
0
0
0
0
0
0
0
0
0
0
0
0
0
0
0
0
0
0
0
0
0
0
0
0
0
0
0
0
0
0
0
0
0
0
0
0
0
0
0
0
0
0
0
0
1
0
0
0
0
0
0
0
0
0
0
0
0
0
0
0
0
0
0
0
0
0
0
0
0
0
0
0
0
0
0
0
0
0
0
0
0
0
0
0
1
0
0
0
0
0
0
0
0
0
0
0
1
0
0
0
0
0
0
0
1
0
0
0
0
0
0
0
0
0
0
0
0
0
0
0
0
0
0
1
0
0
0
0
0
0
0
0
0
0
0
0
0
0
0
0
1
0
0
0
0
0
0
0
0
1
0
0
0
2
0
0
0
0
1
0
0
0
0
0
0
1
0
1
0
1
0
0
0
0
0
0
0
1
0
0
0
0
0
0
1
1
1
0
1
0
0
0
1
0
0
1
1
0
0
0
0
1
1
0
0
0
0
0
0
1
0
1
0
0
0
1
0
1
0
0
0
1
0
1
1
0
0
0
0
2
1
1
2
0
2
0
0
1
0
0
1
0
0
0
0
0
0
1
1
2
0
1
0
1
0
1
0
1
1
0
3
2
2
2
2
1
0
2
1
1
0
3
0
1
1
1
2
0
0
2
1
0
0
2
3
1
1
0
1
3
1
4
1
1
2
1
1
4
3
1
3
2
1
2
2
4
6
2
1
2
2
3
2
2
3
2
5
1
4
4
1
3
5
1
2
5
6
5
2
3
2
4
3
6
3
4
2
4
2
0
4
2
11
6
5
5
7
5
3
2
2
8
1
7
5
4
5
9
4
4
9
5
8
14
6
5
13
6
10
7
4
6
5
8
3
11
8
6
11
7
5
6
5
17
9
9
12
8
5
7
11
7
9
7
13
9
15
7
3
14
12
7
13
10
16
8
13
15
5
6
10
16
9
12
12
17
10
18
17
8
16
17
17
14
24
20
19
15
18
11
16
13
13
23
12
11
13
20
22
20
20
11
25
23
20
20
29
27
22
21
28
18
23
29
16
23
23
33
25
29
21
30
31
26
22
32
25
38
42
33
32
29
32
27
41
39
29
42
41
34
41
38
30
35
35
31
35
34
36
47
60
36
44
39
51
47
42
53
53
39
51
54
58
42
49
56
56
62
44
53
61
59
57
45
72
68
64
61
63
60
57
77
66
78
84
73
84
75
69
66
83
67
80
83
90
69
82
91
80
68
87
105
89
92
89
95
99
94
121
92
130
107
102
91
111
115
102
106
101
120
120
120
110
116
112
108
120
125
132
126
121
143
120
132
149
129
139
150
133
140
152
137
163
142
150
152
161
165
172
164
177
149
162
170
193
174
186
168
175
191
174
212
194
186
228
195
190
168
193
193
207
208
192
204
230
200
227
216
203
241
265
238
210
232
208
235
238
225
276
248
283
264
248
248
238
237
264
241
294
248
254
273
264
278
270
275
311
279
278
315
337
272
298
289
291
291
303
272
301
314
316
297
298
300
308
326
327
316
326
276
323
325
335
361
376
347
308
333
290
365
329
340
317
397
326
357
365
344
364
354
350
369
356
385
351
345
357
356
374
370
390
358
347
373
370
379
372
343
404
361
377
392
327
384
414
367
363
395
374
398
346
372
374
408
376
423
431
408
362
409
404
412
412
379
392
403
400
367
389
403
373
422
400
390
387
439
387
428
421
422
381
385
434
395
376
429
428
408
410
426
410
402
409
402
371
372
391
371
433
397
375
424
392
365
386
404
407
402
436
384
423
391
379
373
378
356
417
378
409
390
372
386
380
409
376
437
370
385
401
390
388
357
377
394
385
384
400
382
374
406
374
361
370
412
423
426
383
384
417
385
400
417
415
368
411
364
421
408
399
421
413
380
374
395
433
389
391
418
436
394
397
421
455
425
418
379
412
417
381
376
410
434
433
432
404
377
435
404
430
421
450
411
396
430
413
401
424
435
427
436
389
419
432
393
424
459
433
434
419
455
398
430
420
430
436
436
456
449
423
415
434
397
458
481
444
479
426
415
447
427
485
406
443
461
461
459
422
453
440
469
445
436
400
417
463
436
468
461
467
479
463
454
504
473
436
467
483
460
436
454
472
446
467
441
451
462
460
480
465
487
490
450
497
479
538
486
453
499
468
491
488
461
484
463
504
490
540
489
492
526
468
499
526
505
512
502
517
497
504
518
458
489
485
501
484
549
495
528
531
515
501
477
550
507
520
512
555
518
503
487
555
485
505
536
519
532
506
531
534
546
544
542
538
554
577
513
533
589
542
562
528
554
599
546
548
528
544
590
554
543
531
546
574
610
568
590
572
544
541
574
580
574
580
527
565
556
592
562
623
580
571
599
559
611
566
559
565
615
613
581
589
585
592
593
661
570
598
548
583
582
578
570
621
607
644
606
618
613
623
626
650
606
617
655
668
646
599
614
577
634
591
637
600
629
667
608
629
623
635
618
639
632
606
603
571
598
657
621
611
647
619
621
579
608
602
639
600
609
649
596
629
620
658
667
592
618
604
636
613
594
654
609
627
601
615
633
605
637
626
648
606
635
643
617
592
626
614
562
638
635
592
588
611
616
600
613
637
617
636
663
622
618
571
581
593
595
609
606
598
611
615
585
581
621
606
633
598
596
616
592
615
612
605
567
578
559
555
595
605
582
554
617
594
585
568
584
576
609
584
640
560
574
582
567
658
586
556
593
607
628
589
581
606
582
566
554
623
573
604
571
578
531
579
569
599
598
567
536
560
550
597
545
578
597
552
603
563
553
548
595
564
563
557
615
548
569
609
563
560
614
532
508
601
563
554
596
542
536
545
580
584
548
599
603
580
577
571
540
545
572
526
567
542
509
586
567
559
531
533
570
558
617
569
519
570
552
562
568
552
568
546
606
530
557
584
557
520
579
526
520
536
505
535
536
498
542
539
527
564
552
505
510
542
566
562
556
543
511
555
537
523
589
564
520
485
556
524
565
547
526
556
554
506
516
538
507
555
537
570
532
576
560
559
547
551
553
522
533
534
532
522
567
527
529
534
511
559
533
521
504
473
581
490
485
517
532
553
517
558
519
543
511
521
497
527
524
506
548
525
538
518
485
525
508
535
538
522
503
519
550
502
498
539
517
531
500
510
492
520
538
523
481
527
555
499
483
538
492
530
509
471
484
498
501
515
536
496
518
542
526
484
517
486
522
488
498
490
510
474
514
454
503
478
508
532
522
491
537
495
498
490
511
512
510
480
563
517
501
518
520
491
484
517
512
501
482
547
577
501
512
508
453
537
534
516
480
479
479
550
513
508
479
534
478
498
539
494
492
493
481
463
480
488
506
499
520
535
508
478
486
499
502
531
495
478
517
483
529
488
496
532
510
497
475
498
481
518
507
475
461
479
481
505
492
531
479
520
478
511
488
481
468
494
487
503
493
507
495
465
547
479
475
503
464
512
474
482
466
495
447
480
495
488
470
489
498
486
497
484
467
477
479
459
451
509
482
494
462
488
519
516
517
476
566
508
494
479
454
496
500
436
464
449
483
457
450
467
475
513
448
490
466
460
460
456
473
474
496
447
475
476
482
502
473
482
511
489
513
478
484
509
492
464
442
471
441
486
440
486
460
483
475
472
493
464
486
479
463
480
473
449
485
515
442
460
498
476
491
460
442
448
461
468
473
494
460
465
469
477
469
448
463
438
494
439
479
476
426
493
491
470
487
488
463
495
491
462
481
498
475
474
456
461
442
458
391
459
469
471
467
501
477
440
464
429
448
432
491
419
474
467
469
465
543
466
460
430
478
423
498
478
496
438
471
458
455
418
434
473
449
438
468
448
480
491
452
473
434
443
473
475
468
503
468
471
422
465
452
448
430
468
448
444
459
430
444
428
442
447
450
425
491
442
489
441
448
484
436
430
404
456
433
479
448
445
477
447
452
451
445
425
475
447
470
451
426
400
450
422
423
489
435
479
427
446
450
424
460
433
486
456
415
461
440
412
458
469
433
472
446
386
415
461
479
433
439
485
453
458
482
428
468
424
441
436
406
463
449
449
450
464
444
451
435
426
415
456
433
447
439
463
461
411
428
433
451
451
451
420
441
404
461
443
419
438
415
462
422
457
436
465
474
429
452
427
436
466
482
454
453
470
470
427
462
454
415
490
451
424
426
453
466
444
457
452
431
484
417
419
409
436
436
467
460
439
454
416
420
454
399
433
450
421
445
419
459
494
390
375
438
447
433
420
432
419
399
487
459
429
438
429
420
447
442
446
482
442
438
425
442
423
423
441
465
424
426
449
426
428
469
453
459
447
449
395
456
429
417
439
456
407
443
462
416
429
422
454
398
427
440
415
448
428
454
423
429
467
450
441
466
393
467
424
445
427
428
437
429
426
442
445
441
440
398
421
451
411
418
444
422
439
422
436
442
423
440
420
418
486
455
450
459
449
415
417
436
398
452
449
419
440
424
394
450
419
410
466
394
408
438
433
419
454
444
411
460
405
419
428
419
436
454
418
459
386
424
404
451
430
395
435
426
439
422
416
433
467
459
465
416
413
423
443
432
430
406
437
439
422
468
465
406
400
459
399
402
433
389
417
401
444
430
462
407
445
413
441
426
405
424
441
410
442
454
439
411
398
410
424
417
401
446
470
397
407
423
429
381
446
428
452
410
431
427
407
408
410
420
444
395
408
417
393
423
401
460
445
447
417
402
442
438
372
405
418
451
404
454
452
433
415
443
424
419
422
385
479
448
371
451
417
420
429
385
397
460
392
430
461
406
455
385
433
416
404
421
419
415
422
420
433
400
420
455
396
427
413
428
417
428
422
403
450
434
427
407
414
449
430
382
386
419
401
405
413
402
418
430
432
361
386
413
438
408
438
423
427
450
457
428
414
379
385
412
447
394
398
409
402
411
420
484
406
450
414
408
424
406
412
403
391
410
404
414
421
398
462
412
403
419
451
404
401
464
432
400
417
408
402
435
405
365
425
472
444
411
422
391
417
419
397
388
381
437
414
429
407
405
431
418
455
397
404
413
413
448
387
395
442
399
395
400
411
394
434
434
465
407
401
383
423
448
402
419
420
435
407
444
442
406
407
401
419
424
412
401
423
382
408
422
429
383
408
431
422
409
386
418
413
413
392
409
400
436
406
427
393
399
420
416
422
434
400
392
433
402
427
409
425
374
432
423
417
438
424
405
410
393
413
425
411
398
424
408
376
436
436
396
385
359
425
427
411
424
421
443
421
396
398
402
392
397
429
419
427
441
383
413
410
370
426
430
426
419
407
408
432
409
421
374
412
414
403
416
405
404
436
409
425
414
419
428
404
431
436
443
389
394
414
419
416
401
411
435
395
386
381
388
364
422
411
402
376
381
421
420
415
402
443
399
357
413
384
385
381
417
403
398
400
434
396
444
413
385
434
437
405
408
406
426
377
412
389
417
416
378
401
452
406
427
417
428
405
389
398
392
408
397
413
428
449
397
414
414
417
423
392
418
420
431
442
401
418
387
399
407
412
436
447
390
403
413
407
394
415
421
424
446
384
445
413
400
423
428
397
396
396
429
465
401
417
401
409
384
382
456
387
399
407
408
396
426
413
433
398
441
393
400
417
416
425
431
411
394
447
428
402
405
386
414
374
422
404
396
380
401
433
409
410
420
423
419
419
385
414
406
459
411
404
432
425
403
423
401
416
422
413
388
398
389
419
419
415
386
392
418
434
419
402
416
424
386
429
412
399
411
413
396
447
441
395
409
381
409
426
420
419
417
418
404
413
395
401
408
424
425
398
425
400
441
401
423
422
431
408
401
395
391
402
441
432
402
388
389
406
425
423
402
406
408
420
411
367
426
418
398
392
435
387
397
382
399
385
380
423
384
412
366
404
417
388
408
389
409
415
434
412
412
427
408
412
421
408
383
428
395
433
359
417
404
445
417
385
430
430
426
428
405
435
431
441
407
443
442
397
438
378
377
405
402
407
386
423
399
406
435
439
406
429
424
390
412
421
420
404
398
398
413
429
440
396
439
428
379
382
394
396
413
405
395
413
396
399
395
421
434
403
409
412
396
411
437
396
417
432
418
417
380
428
408
431
408
412
391
426
411
408
394
407
430
375
414
405
403
432
409
419
417
416
410
409
405
419
400
430
375
384
413
394
412
402
418
374
385
423
436
429
423
447
429
408
424
377
381
406
402
407
434
406
397
432
408
429
390
394
433
414
431
417
409
367
370
442
451
442
417
408
398
424
390
424
405
415
424
418
425
412
443
421
389
448
405
402
398
406
400
425
400
412
449
390
367
427
411
400
386
437
378
439
403
409
379
448
400
413
441
416
399
424
429
412
395
392
406
383
393
443
415
419
392
411
417
410
389
377
422
428
389
384
423
431
416
372
411
449
382
429
419
426
396
425
393
403
402
387
425
404
380
408
415
432
414
441
394
365
396
426
411
427
409
413
404
420
419
398
423
415
415
396
399
369
393
413
410
441
396
406
392
434
410
403
422
414
411
387
409
393
402
411
391
406
386
390
409
384
420
400
410
411
396
378
430
398
391
370
402
376
428
399
373
396
398
405
437
416
399
403
421
407
375
408
420
382
444
409
390
442
420
420
371
427
429
382
410
404
375
387
393
352
413
395
433
402
375
443
427
429
414
414
402
428
360
429
443
442
412
411
432
413
412
403
401
404
387
402
379
424
413
409
412
414
415
388
397
384
438
404
401
364
388
399
384
422
414
397
408
420
404
426
411
364
375
437
404
436
405
377
389
380
389
407
405
401
422
437
408
400
414
435
385
399
418
407
438
409
412
421
402
386
410
404
441
438
379
420
408
401
380
389
435
393
395
419
414
410
372
417
404
375
433
393
405
428
403
384
422
394
410
407
400
424
414
393
419
398
411
416
424
386
408
397
406
400
392
414
418
397
407
421
422
399
417
395
403
354
426
436
433
407
410
416
413
412
375
398
395
410
435
393
452
399
439
426
427
398
400
409
399
393
439
404
411
405
405
383
425
393
370
402
407
399
384
403
397
397
395
401
400
417
415
442
384
413
397
403
411
376
417
420
418
429
401
361
412
403
442
388
425
371
425
442
414
412
401
425
412
441
451
451
420
395
380
436
417
381
431
394
375
411
386
419
422
385
402
436
403
417
387
383
402
406
384
415
367
374
445
383
444
421
397
445
428
446
382
438
386
402
393
420
438
425
413
434
396
458
404
419
435
431
387
426
410
420
436
403
388
402
430
419
434
399
428
392
419
373
429
429
417
420
402
423
362
383
397
378
418
434
376
397
415
413
370
414
392
429
402
424
418
391
414
453
430
406
410
379
428
448
393
392
396
370
439
397
398
413
385
424
433
385
430
426
430
443
428
448
441
438
433
374
403
430
394
418
415
444
423
388
407
415
416
391
426
409
426
391
437
368
442
414
441
438
415
429
392
393
425
397
386
379
413
413
440
415
395
425
402
404
400
385
420
411
408
420
406
404
441
417
425
400
393
457
427
397
395
444
441
426
418
441
411
398
459
416
394
444
389
420
399
411
396
370
396
376
379
435
410
374
395
421
423
425
401
385
389
455
403
387
377
406
406
453
424
422
435
393
418
426
383
447
446
432
414
418
408
424
391
398
391
409
402
390
415
412
382
398
425
439
407
441
404
396
425
415
382
428
432
405
385
399
404
412
425
441
435
375
410
376
379
433
406
408
402
403
423
430
406
395
378
447
423
415
423
426
426
393
465
419
412
436
409
418
462
421
415
432
409
437
429
463
406
452
408
378
413
406
423
402
403
373
425
408
439
406
443
460
412
380
414
425
401
409
384
433
413
422
391
435
388
404
394
404
415
403
419
428
433
386
434
392
423
400
409
437
418
447
425
390
437
407
477
447
435
448
462
410
414
399
406
454
435
419
394
411
429
420
403
418
407
404
411
433
414
402
428
410
422
422
435
416
423
446
426
395
469
417
416
395
448
446
413
421
405
442
393
389
452
420
393
413
409
426
418
445
452
416
434
438
451
402
443
411
394
404
424
465
400
408
438
423
447
425
413
417
426
424
403
423
431
417
439
410
454
405
391
421
418
431
455
452
397
424
434
413
444
417
438
456
412
413
399
427
447
383
425
449
408
415
425
439
418
416
429
438
452
429
416
414
428
426
422
406
393
449
463
413
474
457
437
444
459
402
424
418
414
463
446
430
449
431
461
420
434
416
427
441
410
411
455
420
462
432
438
428
445
444
447
429
404
412
438
433
441
403
434
420
417
437
435
390
407
445
404
444
414
442
423
438
374
429
434
437
459
421
387
420
429
445
409
429
381
440
441
430
422
429
442
408
447
427
420
433
411
426
407
409
444
416
401
386
444
452
441
447
436
421
404
446
424
413
424
411
467
408
395
457
420
421
480
381
451
452
406
434
437
423
402
444
445
404
435
433
447
429
421
444
406
419
431
426
420
404
422
411
409
450
412
441
440
416
431
416
427
393
423
431
424
443
416
434
445
444
421
431
443
450
413
454
425
461
420
439
433
434
455
436
437
445
440
436
429
437
445
414
431
406
412
423
404
427
426
425
454
442
415
457
433
413
443
466
429
481
396
399
462
411
430
427
449
424
427
426
485
445
432
414
450
472
431
455
397
435
421
444
403
463
441
435
386
441
410
443
434
451
381
432
439
433
395
408
402
446
421
445
419
430
469
438
445
369
461
425
425
410
453
436
428
437
438
418
439
434
429
436
430
410
435
434
444
405
469
444
410
446
474
480
429
437
457
439
460
397
454
477
429
435
415
455
439
418
436
446
424
448
404
454
457
393
440
480
441
442
452
426
463
427
421
443
430
453
401
403
487
411
421
433
443
470
426
418
441
426
461
459
408
426
410
447
457
421
416
415
425
409
424
478
467
445
424
426
439
418
444
427
452
445
414
453
449
464
429
460
453
444
446
458
444
462
454
424
443
453
430
439
404
442
429
465
429
487
413
418
421
479
414
456
439
458
461
418
435
465
459
468
471
440
443
450
417
427
465
453
459
422
463
442
392
414
452
450
462
486
410
433
419
480
478
429
454
444
475
468
451
435
419
431
438
477
459
451
459
443
426
438
463
452
449
434
413
417
448
439
450
468
450
467
434
437
460
431
423
454
436
433
414
445
443
423
457
432
408
462
429
438
442
466
439
484
454
466
459
438
427
451
487
467
481
461
473
456
471
453
423
460
467
505
490
403
450
436
427
474
466
434
440
448
427
471
416
500
445
435
491
436
434
429
448
448
500
475
445
436
439
471
454
499
430
440
442
452
427
458
452
415
466
483
458
438
474
468
432
451
434
450
443
471
485
446
453
446
435
477
489
423
444
459
477
440
442
456
470
456
447
474
451
477
461
441
437
449
430
471
459
479
479
474
466
402
464
425
459
485
474
455
483
472
484
472
473
470
455
480
433
436
484
453
462
477
429
438
443
493
477
431
456
456
449
452
456
482
451
456
461
449
469
473
487
458
503
491
449
442
453
460
490
444
438
468
435
450
450
466
462
451
495
416
419
469
477
458
489
450
432
487
458
477
463
510
481
456
485
468
461
436
448
464
450
466
439
465
449
451
522
496
475
477
502
447
469
448
459
490
470
503
496
461
446
438
477
476
481
476
437
441
475
458
435
422
462
452
475
505
453
439
484
482
447
455
469
501
487
456
454
469
477
452
452
505
445
475
456
454
460
475
497
458
438
470
495
441
436
459
469
486
485
494
483
449
484
460
494
468
500
481
484
485
483
483
459
497
465
472
445
460
472
492
486
474
475
470
492
449
478
505
486
488
467
499
465
470
487
524
499
453
496
487
475
481
479
477
492
504
489
506
452
436
507
483
471
501
463
489
474
484
485
451
507
470
506
474
475
467
472
465
500
466
501
494
477
459
506
466
510
490
465
480
496
472
518
506
474
451
503
484
495
507
521
488
517
476
471
509
458
505
492
480
479
453
465
517
532
517
476
537
527
470
492
516
506
449
503
516
523
511
548
451
485
498
481
466
481
524
497
499
510
470
485
549
489
499
514
513
469
538
505
488
514
481
493
510
521
536
475
485
515
557
500
504
428
473
490
467
469
476
503
523
480
502
465
515
488
481
494
497
511
510
522
533
494
495
508
540
490
497
526
470
519
542
488
506
467
539
526
501
477
535
493
529
475
537
550
487
530
534
517
533
499
522
492
520
522
507
494
519
517
520
517
515
482
527
512
517
542
527
540
493
500
497
512
549
563
493
489
502
525
525
466
482
534
491
515
463
523
498
550
541
499
552
551
485
513
517
542
567
519
550
511
504
543
516
511
509
521
534
519
484
535
538
537
468
528
513
513
516
478
547
469
516
496
520
488
518
529
538
495
562
553
502
549
541
507
478
530
533
538
565
529
539
537
536
511
542
555
478
446
549
505
525
510
535
519
520
551
550
517
533
508
533
539
518
544
506
516
515
507
555
581
537
512
524
540
535
551
504
533
539
526
506
497
495
516
536
536
520
555
512
524
486
512
520
499
554
526
530
514
521
543
566
486
525
505
557
536
524
499
523
512
517
565
568
531
539
543
544
551
490
490
554
520
540
581
515
490
530
533
542
553
543
500
549
540
525
502
577
552
552
517
527
542
532
489
556
517
564
517
514
535
520
531
502
560
483
563
531
536
563
546
536
562
500
545
515
511
511
519
508
502
541
502
541
565
528
516
579
544
542
495
520
531
490
529
514
509
536
524
525
581
490
521
530
530
536
524
511
556
544
493
527
536
538
540
547
524
500
512
469
557
501
526
538
518
575
506
511
518
511
524
544
547
540
531
507
501
500
543
544
530
502
508
542
522
511
511
538
565
590
584
513
552
538
551
506
552
549
500
536
540
580
531
563
564
520
472
509
553
564
534
528
511
547
523
502
537
531
517
528
552
524
519
547
521
560
537
570
516
481
493
514
553
558
506
530
542
512
503
550
513
528
518
558
540
538
500
505
547
522
528
502
612
565
530
501
496
510
514
503
495
504
510
511
499
494
519
560
521
496
530
547
540
508
500
533
516
502
544
522
495
510
495
517
480
555
529
534
521
528
493
531
571
526
560
485
531
493
536
544
528
536
498
492
543
527
514
514
495
462
518
526
490
492
535
494
507
522
533
506
504
513
524
518
518
486
481
527
534
519
497
531
487
499
517
532
486
483
493
513
501
476
539
512
496
473
489
504
541
502
491
468
484
477
491
511
477
502
484
457
473
466
491
507
493
489
487
485
507
469
472
501
468
471
435
514
479
466
469
478
461
463
459
458
510
533
478
509
475
443
462
460
483
468
465
435
469
459
474
489
469
492
453
478
499
458
451
457
436
435
464
486
449
468
449
499
501
473
455
481
457
502
426
484
437
479
461
448
450
477
488
493
439
510
492
450
432
419
454
469
452
469
457
481
452
431
405
471
465
463
430
424
447
449
416
425
448
418
412
441
423
419
450
451
438
437
413
410
466
443
439
390
458
455
429
450
446
453
457
429
406
449
449
389
426
409
464
446
425
405
444
408
404
421
389
438
414
416
417
395
445
436
430
419
430
430
434
404
428
407
396
399
414
410
425
464
417
378
471
387
454
442
362
417
468
382
444
414
395
422
418
384
419
421
422
401
408
438
379
442
418
377
387
381
383
430
420
364
405
371
421
388
367
368
386
403
396
372
414
379
428
413
380
395
373
364
416
366
421
417
355
408
394
389
351
383
395
351
387
386
405
386
400
407
402
375
361
379
379
415
374
395
382
378
386
356
385
368
392
378
358
380
354
347
369
370
411
368
361
370
367
354
360
385
385
384
363
350
366
378
367
387
385
359
397
385
406
366
395
384
390
385
368
334
383
395
373
381
383
381
340
379
394
392
354
354
360
373
337
362
383
369
388
336
389
355
337
357
387
372
348
345
399
382
406
375
356
374
349
392
314
345
354
402
349
368
377
360
354
334
373
348
393
340
349
360
354
352
374
337
372
354
325
370
373
370
347
350
357
345
374
313
352
358
347
332
390
363
407
345
360
346
325
360
375
311
377
346
338
347
323
319
329
354
359
372
375
304
362
342
350
371
348
361
346
342
352
334
363
344
361
339
362
358
315
350
329
370
358
329
357
350
337
402
321
375
357
321
331
329
339
378
362
332
357
355
354
374
342
346
357
363
357
343
376
303
344
380
353
355
355
343
332
382
326
368
318
369
365
335
362
381
360
349
345
315
369
345
331
357
326
377
332
333
385
328
344
363
342
356
360
340
341
335
374
351
325
314
318
336
342
320
326
323
349
356
337
368
353
332
383
346
346
336
357
314
345
342
376
331
350
374
351
309
367
347
351
370
326
328
362
344
364
367
371
347
357
341
319
332
346
304
291
346
317
301
343
339
338
340
326
355
386
339
335
334
338
349
356
344
340
326
347
339
347
316
355
355
342
351
320
347
346
353
366
323
317
355
311
337
322
331
332
320
362
318
304
329
380
375
347
318
353
332
322
335
306
328
324
342
380
310
340
346
347
351
314
343
332
322
334
310
329
329
323
344
315
328
325
346
316
326
326
317
354
354
347
332
350
299
349
334
315
379
334
360
347
356
329
339
333
346
366
317
327
309
341
339
327
335
319
368
328
324
336
312
311
361
318
350
351
323
333
329
328
342
372
319
335
317
330
324
301
331
322
338
352
338
341
315
305
323
323
309
308
315
314
355
313
330
307
328
313
316
323
383
324
328
301
338
311
326
331
333
343
315
299
360
338
329
315
312
309
321
295
304
341
314
334
306
299
302
328
330
318
277
335
316
317
319
340
297
324
290
329
308
320
331
296
338
301
294
311
309
345
306
327
331
296
319
332
314
353
315
340
330
301
335
325
305
327
333
314
269
274
303
299
290
302
289
304
306
301
309
289
320
314
304
277
330
297
259
262
281
313
306
303
287
310
310
270
319
322
324
303
290
302
287
309
322
281
305
341
279
275
309
260
308
309
280
317
270
283
292
309
311
260
277
293
302
310
309
289
316
268
288
286
273
259
302
295
299
299
320
288
293
304
287
310
280
296
293
282
265
327
285
289
276
262
269
270
254
283
253
296
268
268
301
295
292
257
272
266
249
269
295
278
274
270
254
281
279
258
273
269
271
278
262
250
263
286
274
256
261
271
262
279
265
256
268
265
298
271
289
281
266
253
250
267
264
263
282
254
253
244
236
266
281
266
249
237
296
234
278
259
275
247
266
279
276
267
253
268
245
250
252
272
243
242
228
261
243
235
250
246
222
236
246
237
272
264
242
280
248
261
294
235
255
261
254
260
236
242
260
251
257
268
253
240
251
233
241
249
266
265
240
280
236
232
245
221
226
279
250
257
234
245
275
259
228
242
273
253
261
257
252
234
263
263
260
261
242
261
257
249
314
251
271
239
246
256
267
283
237
240
245
264
269
266
284
243
267
269
280
280
310
272
277
294
256
289
276
273
251
270
269
280
272
271
268
268
276
279
295
266
284
276
322
275
281
282
274
300
281
298
294
276
300
313
288
304
321
311
281
289
296
313
281
299
312
300
323
354
320
325
300
340
318
342
325
304
315
319
343
331
329
337
327
353
360
341
341
325
338
323
368
361
367
366
352
367
370
316
374
380
406
383
372
373
397
358
372
415
411
381
410
392
415
416
367
415
415
411
440
428
438
447
438
453
421
432
438
425
416
485
483
420
437
467
409
478
482
471
507
473
517
438
489
467
515
488
461
494
471
491
483
510
543
485
476
503
557
558
533
531
544
510
588
550
559
581
551
543
561
589
574
628
614
628
584
614
625
652
607
628
632
651
602
598
615
664
651
698
664
675
627
652
696
674
664
691
695
780
675
705
699
733
698
698
722
689
701
740
711
700
739
723
753
742
812
772
749
764
744
805
809
825
834
805
822
816
760
827
873
834
838
867
825
847
883
829
914
873
867
863
911
939
918
877
962
971
919
952
923
978
854
981
1007
983
985
928
990
1020
1012
974
985
974
1010
995
1056
1025
1050
1045
1003
1105
1041
1034
1105
1038
1082
1042
1126
1083
1040
1014
1077
1061
1061
1079
1048
1087
1169
1083
1108
1151
1126
1116
1153
1157
1125
1206
1210
1194
1258
1219
1186
1180
1199
1211
1179
1216
1238
1237
1205
1230
1221
1251
1205
1197
1191
1210
1253
1226
1259
1294
1271
1284
1282
1267
1236
1259
1202
1197
1229
1244
1300
1226
1324
1275
1311
1275
1320
1310
1368
1397
1353
1353
1311
1259
1360
1327
1346
1337
1348
1284
1365
1346
1341
1365
1347
1289
1322
1381
1329
1246
1318
1324
1341
1336
1341
1358
1344
1369
1374
1342
1294
1330
1397
1385
1332
1355
1367
1341
1307
1454
1408
1358
1422
1321
1375
1395
1399
1369
1366
1411
1326
1397
1365
1396
1385
1334
1371
1370
1375
1375
1327
1373
1398
1356
1403
1380
1366
1314
1379
1350
1397
1378
1461
1345
1386
1360
1349
1410
1305
1348
1304
1346
1343
1312
1273
1363
1310
1281
1413
1363
1334
1271
1256
1250
1273
1294
1287
1320
1262
1314
1301
1276
1260
1284
1285
1269
1250
1289
1262
1272
1272
1200
1291
1225
1240
1206
1212
1247
1147
1221
1193
1123
1172
1225
1149
1179
1162
1133
1203
1140
1154
1135
1124
1159
1109
1174
1118
1078
1085
1195
1128
1106
1030
1102
1047
1021
1062
1094
1129
1117
1061
1062
1011
1033
1045
1111
1066
1008
1027
991
1017
1031
994
997
993
935
1015
999
988
962
866
922
959
951
996
933
921
896
887
957
971
913
906
902
842
893
841
850
865
857
829
794
854
908
831
841
823
846
789
845
860
793
748
828
743
727
767
785
739
690
792
770
749
713
756
723
696
684
668
709
700
674
675
672
676
675
682
634
697
669
679
601
608
606
622
646
582
628
607
577
630
557
564
579
596
569
573
524
510
515
577
497
501
539
540
519
500
501
517
499
489
481
482
507
457
495
489
466
470
442
415
464
446
456
427
422
416
420
396
414
431
436
382
379
386
404
412
367
372
348
369
361
357
364
334
337
351
373
376
334
306
309
360
324
328
313
298
327
334
329
298
307
289
283
263
282
275
291
254
264
263
239
250
243
262
267
231
224
242
256
235
261
222
206
225
212
221
215
240
219
224
210
208
225
200
203
202
181
202
200
202
206
185
204
169
181
193
177
195
172
193
166
192
188
179
147
161
164
171
173
189
177
186
173
153
154
161
158
152
156
143
144
147
123
134
131
144
143
143
146
138
127
128
123
138
144
117
123
105
145
106
119
115
113
139
116
120
118
95
125
110
101
108
123
113
100
111
105
106
94
102
89
112
104
115
116
94
85
110
101
104
102
98
109
103
105
91
115
107
106
98
97
106
114
97
92
104
90
98
101
114
109
101
102
103
101
81
89
96
98
102
100
89
90
85
105
110
88
93
101
106
103
93
111
106
118
85
105
113
86
120
121
107
107
109
110
110
99
100
119
100
102
109
115
108
116
111
108
111
116
108
109
115
114
95
115
118
114
134
126
123
102
117
146
122
118
123
144
106
120
109
141
140
141
141
136
123
137
129
126
127
136
146
161
142
142
158
166
139
152
152
133
147
139
165
168
148
159
165
165
189
158
142
148
170
169
170
162
191
154
186
182
175
181
199
194
164
178
198
185
184
182
223
192
207
191
207
229
200
239
213
247
206
179
224
236
237
214
230
264
226
229
249
259
234
246
244
230
245
223
258
247
244
289
248
278
257
269
275
283
268
289
258
287
278
267
305
324
313
315
327
312
285
317
288
304
319
332
306
339
347
350
358
347
316
356
343
328
368
359
377
338
407
370
382
407
384
369
366
371
378
394
380
410
395
399
395
398
446
384
420
430
387
439
451
449
424
429
429
427
463
431
446
493
461
492
458
443
495
502
469
489
506
526
540
511
514
509
504
569
550
550
524
524
533
543
555
573
536
563
552
605
557
597
610
569
539
637
623
610
584
610
653
634
598
622
649
662
617
615
643
693
692
628
659
680
644
624
741
662
677
699
665
701
740
697
705
701
721
698
699
715
759
754
778
748
760
798
768
803
780
749
746
779
765
826
766
814
769
775
785
829
819
783
845
837
838
849
818
845
842
842
856
922
888
857
880
894
878
918
895
914
902
866
910
922
964
871
929
888
908
942
906
919
918
955
949
935
948
898
928
961
973
951
991
948
1011
1013
1069
985
996
999
940
978
965
999
1033
1035
1053
1041
963
1059
1067
991
1019
1037
1032
1054
1105
1034
1045
995
1096
1055
1081
1118
1094
1052
1021
1068
1053
1045
1043
1042
1089
1052
1084
1050
1099
1057
1173
1114
1143
1153
1169
1151
1102
1070
1110
1069
1158
1154
1081
1161
1095
1148
1137
1080
1160
1087
1182
1134
1121
1112
1141
1074
1117
1097
1147
1213
1124
1159
1109
1137
1107
1128
1145
1139
1136
1140
1169
1089
1081
1128
1092
1106
1124
1121
1105
1153
1112
1118
1084
1102
1161
1096
1132
1087
1076
1204
1110
1126
1129
1060
1084
1104
1092
1194
1134
1097
1083
1185
1094
1077
1082
1028
1044
1064
1043
1070
1106
1065
1063
1031
1052
1078
1044
1055
1068
1092
1041
1037
1026
1063
1063
1096
1030
1020
1039
1074
1063
1021
1013
1013
1020
1012
1004
1041
1050
1052
1033
977
1024
967
975
947
983
979
924
980
1007
979
946
1000
924
1019
951
921
929
960
937
883
881
906
921
952
926
928
869
923
962
901
834
917
856
867
898
893
868
847
843
876
858
881
873
769
832
832
798
836
866
841
909
811
826
781
807
841
793
791
794
834
773
722
816
767
729
735
756
755
788
744
679
744
711
729
731
721
689
725
690
750
663
713
689
703
679
669
657
641
652
661
649
638
657
610
616
626
683
619
624
608
612
587
582
536
584
557
576
576
567
549
531
545
530
562
534
540
571
541
531
519
521
526
456
510
486
491
490
473
480
447
489
461
445
490
457
416
469
464
427
419
407
457
444
417
404
416
426
418
411
439
413
386
389
395
394
372
375
383
370
362
398
338
366
345
351
333
322
348
347
336
337
326
351
337
355
320
300
321
351
309
282
293
293
289
306
290
288
244
262
293
258
265
260
230
229
274
253
252
214
241
248
256
237
218
235
218
230
220
225
211
165
226
217
190
212
196
196
208
205
200
207
176
181
183
168
168
190
177
173
179
159
202
176
178
165
184
161
160
164
147
170
146
145
147
163
150
127
147
134
129
136
132
142
152
150
121
136
138
136
107
126
130
110
116
135
115
106
112
115
91
98
103
111
103
107
106
90
94
109
92
92
95
91
93
89
103
97
88
106
70
96
91
81
73
85
106
91
64
86
81
72
72
92
84
74
71
69
69
53
64
53
64
83
58
62
56
73
62
62
47
65
45
73
69
62
51
46
54
51
52
63
53
50
52
42
45
61
38
43
55
39
38
50
40
49
42
37
38
44
45
41
30
51
33
40
46
46
38
33
37
32
28
42
33
38
38
35
35
31
36
36
36
31
33
37
33
34
40
33
29
20
32
27
32
29
39
26
35
34
28
25
24
25
34
30
23
17
24
29
31
26
23
26
31
22
21
24
28
28
24
20
30
19
21
27
28
23
18
21
24
24
23
23
16
30
27
21
17
23
26
22
16
8
24
21
14
21
28
21
19
23
21
19
19
14
26
18
20
20
16
24
21
23
16
33
20
15
17
18
21
17
22
21
15
14
13
19
23
14
21
26
12
18
16
18
18
13
17
20
15
19
25
17
21
20
12
20
19
20
17
21
23
20
18
13
19
15
15
15
16
13
22
11
14
18
16
11
22
17
20
14
17
13
16
19
27
12
16
15
15
17
19
14
19
19
11
16
14
25
6
20
20
9
12
19
9
13
12
17
18
18
22
10
16
12
13
21
13
21
20
21
13
12
13
24
18
16
18
18
18
8
14
20
18
17
16
15
15
15
8
10
16
20
16
12
14
15
12
15
17
13
15
15
14
16
18
18
14
13
22
20
24
18
13
21
11
15
10
17
8
17
20
16
20
15
8
8
15
17
21
18
16
22
11
17
10
12
12
18
11
23
23
11
19
18
10
20
15
19
16
15
9
17
17
16
15
19
10
8
17
18
14
9
15
13
14
18
13
16
12
17
10
13
15
12
22
9
13
11
14
13
19
15
13
9
16
15
15
10
16
14
15
17
23
18
13
10
8
9
18
12
12
11
17
14
14
15
14
12
12
11
13
19
6
18
12
17
17
12
14
19
12
12
9
25
11
15
19
8
21
12
23
15
14
11
13
13
11
16
13
15
9
20
20
8
11
20
17
12
11
14
329
287
326
296
328
267
309
287
307
316
312
319
330
281
292
321
316
293
312
300
300
332
301
273
305
312
295
280
329
329
283
313
305
301
294
280
305
274
294
280
324
284
299
278
296
311
283
272
291
303
288
280
256
307
268
284
295
290
284
298
283
287
295
322
300
287
314
258
270
316
260
305
318
317
297
296
300
320
291
279
268
257
293
301
297
293
290
287
299
258
304
270
297
297
280
313
293
272
310
289
273
257
259
265
249
265
309
248
288
308
251
282
291
264
287
270
310
286
276
285
258
298
293
296
278
299
282
140
