0
0
0
0
0
0
0
0
0
0
0
0
0
0
0
0
0
0
0
0
0
0
0
0
0
0
0
0
0
0
0
0
0
0
0
0
0
0
0
0
0
0
0
0
0
0
0
0
0
0
0
0
1
0
0
0
0
0
0
0
0
0
0
0
0
0
0
0
0
0
0
0
0
0
0
0
0
0
0
0
0
0
0
0
0
0
0
0
0
0
0
0
0
0
0
1
0
0
0
0
0
0
0
0
0
0
0
0
0
0
0
0
0
0
0
0
0
0
0
0
0
0
0
0
0
0
0
0
0
0
0
0
0
0
0
0
0
0
0
0
0
0
0
0
0
0
1
0
0
0
0
0
0
0
0
0
0
0
0
0
0
0
0
0
0
0
0
0
0
0
0
0
0
0
0
0
0
0
0
0
0
0
0
0
0
0
0
0
0
0
0
0
0
0
0
0
0
0
0
0
0
0
0
0
0
0
0
0
0
0
0
0
0
0
0
0
0
0
0
0
0
0
0
0
0
0
0
0
0
0
0
0
0
0
0
0
0
0
0
0
0
0
0
0
0
0
0
0
0
0
0
0
0
0
0
0
0
0
0
0
0
0
0
0
0
0
0
0
0
0
0
0
0
0
0
0
0
0
0
0
0
0
0
0
0
0
0
0
0
0
0
0
0
0
0
0
0
0
0
0
0
0
0
0
0
0
0
0
0
0
0
0
0
0
0
0
0
0
0
0
0
0
0
0
0
0
0
0
0
0
0
0
0
0
0
0
0
0
0
0
0
0
0
0
0
0
0
0
0
0
0
1
0
0
0
0
0
0
0
0
0
0
0
0
0
0
0
0
0
0
0
0
0
0
0
0
0
0
0
0
0
0
0
0
0
0
0
0
0
0
0
0
0
0
1
0
0
0
0
0
0
0
0
0
1
0
0
0
1
0
0
0
0
0
0
0
0
0
0
0
0
0
0
0
0
0
0
0
0
0
0
0
0
0
0
1
0
0
0
0
0
0
0
0
0
0
1
0
0
0
0
1
0
0
0
0
0
0
0
0
0
0
0
0
0
0
0
0
0
0
0
0
0
1
0
0
0
0
0
1
0
0
0
0
1
0
1
1
1
1
0
0
0
0
0
1
0
0
0
0
0
0
0
1
0
1
0
1
0
0
1
0
0
0
1
0
1
0
0
0
0
0
0
0
0
1
0
0
1
0
0
0
0
0
0
0
1
0
1
2
0
1
0
0
0
0
1
0
2
0
0
1
2
0
0
0
0
0
0
1
1
1
1
1
2
1
0
0
1
0
2
1
1
0
2
1
0
0
0
1
0
1
0
1
2
2
0
0
1
0
1
1
1
3
1
1
1
2
1
0
2
1
1
2
2
2
0
3
3
1
3
2
2
3
3
6
3
0
1
2
2
2
2
1
4
3
1
0
1
0
2
2
1
1
1
1
2
4
1
3
4
3
7
6
1
3
0
3
4
6
3
5
2
4
4
4
6
2
1
4
4
3
3
3
4
4
3
4
5
7
4
7
10
7
3
2
6
3
3
7
5
6
4
5
6
7
7
10
6
6
8
5
8
9
10
9
3
4
2
6
8
10
10
8
11
7
11
12
5
7
5
11
11
12
7
10
4
12
10
11
2
6
7
9
10
13
7
12
15
8
5
6
10
7
12
11
13
9
4
15
11
14
8
13
13
3
16
9
11
12
14
14
10
18
12
12
13
15
13
15
15
22
16
17
17
11
19
18
12
16
15
19
15
16
13
15
10
13
22
14
8
23
17
16
14
15
20
21
21
18
24
19
22
23
24
21
15
25
24
23
17
29
25
29
28
24
22
26
27
26
26
22
24
28
27
25
26
20
22
37
22
30
31
33
25
23
36
35
28
32
32
31
36
33
45
27
36
29
33
32
38
30
27
29
36
32
30
37
35
44
42
29
36
40
42
51
32
36
35
27
32
41
38
35
40
51
43
40
54
46
58
44
43
48
45
44
42
48
55
47
52
46
38
51
34
45
35
48
57
48
42
49
58
43
50
47
59
58
45
56
50
50
66
51
65
54
55
59
53
64
57
56
63
55
56
58
58
48
53
49
55
59
62
61
66
66
68
75
68
64
50
69
61
63
68
58
74
56
65
65
75
56
57
70
64
52
78
64
64
73
62
59
72
75
56
47
81
75
66
64
78
86
79
81
69
70
74
59
65
71
80
67
57
72
58
74
65
83
64
69
77
75
66
73
74
65
64
78
69
85
64
53
58
76
78
66
61
65
72
61
85
64
59
70
69
71
76
66
66
67
82
78
62
72
59
76
77
80
75
66
77
79
56
68
76
68
67
59
75
58
83
76
67
67
64
73
66
73
51
67
71
52
71
49
65
67
61
66
74
64
65
69
71
83
60
60
57
65
76
72
60
72
58
79
63
80
70
67
56
74
62
78
50
67
74
65
67
75
62
67
63
73
60
69
78
75
67
72
59
77
62
61
71
60
55
52
67
77
44
61
78
80
74
50
59
77
81
63
63
87
79
59
60
61
69
59
63
64
81
71
68
64
73
75
66
67
79
67
60
54
79
83
70
68
72
66
77
63
72
71
59
86
66
77
53
76
82
67
61
78
74
81
65
64
80
86
77
72
65
62
78
74
71
66
74
72
74
83
77
74
78
68
80
70
87
71
66
81
79
77
82
75
91
85
90
89
80
74
84
84
56
76
93
92
69
80
86
79
84
83
91
87
81
79
97
79
62
76
86
97
105
92
89
81
96
92
80
69
81
97
94
101
83
93
85
90
93
85
81
100
112
85
94
86
74
96
92
88
89
94
73
86
94
92
97
96
77
91
92
80
102
96
95
78
84
86
103
86
99
81
91
86
94
97
85
102
88
84
105
78
99
98
96
89
110
81
78
91
90
121
83
98
90
93
99
94
95
91
94
93
82
74
74
100
75
98
86
91
106
96
85
96
99
89
106
95
99
87
101
84
114
94
90
93
93
101
99
100
104
84
100
82
104
87
99
95
93
105
123
76
80
107
94
78
96
101
92
89
98
101
98
93
94
82
87
84
105
104
93
109
86
88
78
72
83
111
88
92
80
86
86
84
100
91
99
88
81
89
103
84
84
100
109
103
82
89
96
80
76
98
82
82
82
94
82
76
82
73
97
82
95
102
90
79
80
96
93
83
81
94
88
81
78
89
101
79
93
74
78
92
90
86
88
72
93
79
109
90
76
85
74
88
89
84
83
93
77
100
101
91
92
87
99
86
78
94
92
78
89
66
87
96
90
74
79
62
80
73
94
81
74
95
105
84
87
90
86
89
82
72
86
80
77
87
77
85
82
93
62
72
82
89
72
92
95
79
92
84
84
67
89
72
77
85
76
79
85
82
101
78
89
86
67
78
98
79
67
87
88
91
69
60
74
74
81
82
91
80
73
79
75
75
58
81
73
79
88
94
73
78
80
104
82
71
73
90
59
79
91
83
94
85
67
76
74
80
66
83
73
84
79
85
72
85
78
83
75
69
70
59
70
73
86
87
80
73
70
71
83
72
83
69
105
69
81
85
82
69
67
78
74
73
79
93
78
88
79
62
64
76
91
66
63
81
86
76
76
77
82
78
64
79
73
76
76
82
71
73
68
75
65
71
81
85
56
69
69
91
79
73
87
63
82
76
61
73
89
65
92
83
76
55
72
73
77
78
75
69
61
68
80
72
70
74
68
66
49
76
81
68
70
77
76
72
84
69
83
65
77
94
66
73
73
70
81
61
70
64
55
73
63
73
68
83
84
77
85
78
65
70
64
70
61
76
75
71
75
70
81
53
54
79
82
87
78
57
60
78
67
80
82
56
74
70
64
69
81
73
65
78
69
65
57
68
80
78
59
81
71
74
75
89
69
52
73
74
67
61
81
79
71
57
59
73
60
78
52
69
79
62
54
69
74
73
67
67
80
65
69
77
81
63
77
82
63
79
63
64
76
71
71
72
77
70
69
79
90
72
75
81
57
61
79
66
77
83
77
79
55
60
71
71
69
70
77
78
79
61
84
64
65
68
72
64
77
72
75
80
70
73
61
58
61
57
67
67
76
85
75
63
75
70
51
68
67
56
58
67
76
74
72
75
65
66
62
62
61
57
69
72
72
76
65
67
67
66
53
64
58
69
77
74
53
56
61
77
59
65
69
55
66
65
78
54
81
62
60
70
72
64
70
73
67
76
66
92
59
63
78
81
72
66
79
58
83
59
52
88
67
53
56
70
60
69
65
65
77
66
58
70
49
64
68
73
62
51
67
67
67
59
64
79
71
71
63
65
65
78
64
76
56
61
64
60
63
79
64
75
56
73
63
64
63
57
84
65
65
49
53
60
72
55
51
68
60
77
68
69
58
77
62
47
61
60
48
73
76
62
64
72
60
58
74
84
57
61
58
63
72
59
66
69
54
58
75
62
64
93
64
72
74
67
81
65
73
66
65
65
68
66
58
71
59
51
53
63
69
64
57
61
67
56
66
65
76
54
60
53
65
78
61
56
57
67
57
51
77
55
64
69
70
56
80
57
63
60
71
65
56
56
63
67
62
56
68
66
73
52
60
71
55
65
61
56
62
66
61
65
59
58
70
54
67
66
63
72
58
50
71
61
69
68
67
63
63
52
59
61
58
57
57
77
57
56
79
61
50
58
68
64
70
57
58
84
56
70
54
55
57
63
53
55
67
58
69
56
49
51
52
57
63
55
71
46
56
60
80
66
59
47
72
78
50
56
71
54
60
70
55
61
60
65
67
66
55
42
53
50
65
63
71
53
61
60
66
46
46
58
56
66
66
70
67
66
61
52
61
70
55
72
56
52
86
51
64
54
70
62
50
48
60
59
64
62
46
60
71
76
66
58
59
70
66
58
64
68
55
67
59
61
55
60
57
49
57
46
63
60
47
56
68
72
67
55
53
61
61
68
61
61
58
54
62
53
69
58
62
67
59
62
56
56
68
57
63
61
57
51
55
60
49
57
59
74
55
55
68
67
72
58
53
64
50
49
56
52
72
65
45
62
58
44
67
53
52
40
64
63
71
62
70
58
73
67
53
50
60
59
62
64
55
61
56
46
55
55
65
46
51
67
50
47
54
69
66
59
53
63
62
59
60
55
56
63
57
62
63
50
53
61
61
46
64
67
49
58
55
74
63
55
64
74
53
54
55
68
63
60
61
45
46
58
43
64
65
65
66
52
61
67
46
66
50
55
64
65
65
51
68
67
59
63
57
61
62
55
68
52
59
64
58
61
49
58
76
59
67
72
57
68
52
49
73
51
46
66
46
64
60
55
65
68
51
45
59
56
71
58
66
43
65
66
67
49
65
59
63
63
58
64
48
54
67
70
52
63
62
73
64
57
57
62
65
56
58
69
61
53
63
59
59
53
62
53
70
67
44
58
49
52
61
55
54
56
65
60
52
53
68
73
66
54
60
60
61
53
53
64
51
56
65
60
53
62
61
62
53
62
72
69
66
60
57
63
61
69
57
49
57
59
56
64
48
49
61
65
54
54
57
62
43
53
52
40
51
57
71
72
57
59
59
53
46
66
50
60
68
57
46
51
53
71
49
52
52
50
61
62
59
66
54
77
66
58
48
66
64
58
52
55
49
52
68
57
63
55
62
52
67
59
60
52
49
53
55
49
46
49
68
49
55
55
48
52
52
49
62
49
44
53
58
58
61
50
48
58
57
66
51
55
51
61
59
50
67
42
70
59
57
48
69
55
60
44
49
55
65
51
47
70
58
50
49
59
52
64
51
60
63
69
55
61
57
51
64
48
66
61
57
49
61
56
54
53
54
52
60
58
56
52
58
62
61
50
45
44
48
47
64
53
53
51
67
56
56
60
67
44
53
71
49
64
56
61
62
60
49
55
64
49
61
56
61
64
45
48
53
55
59
66
54
61
51
59
58
59
56
51
56
52
56
68
67
50
61
57
55
56
58
49
64
44
62
61
60
52
58
51
42
57
61
62
48
59
70
62
71
62
53
53
56
54
44
63
57
55
53
62
59
49
49
47
53
59
52
50
58
51
46
51
50
53
55
75
51
58
63
50
69
62
57
54
71
55
52
54
51
55
68
52
51
56
52
57
35
63
53
64
56
47
68
49
57
60
47
50
57
58
62
52
63
59
56
69
45
58
55
53
66
44
64
54
35
53
60
49
50
54
59
35
44
54
52
54
68
55
72
47
56
46
54
43
56
59
57
60
52
56
57
56
58
54
56
60
53
72
62
64
47
65
52
55
60
52
49
58
58
54
73
48
54
50
59
51
64
71
62
55
62
52
63
55
53
53
57
52
53
65
55
55
59
49
49
55
50
48
63
50
63
67
49
57
44
48
56
56
56
58
48
60
57
74
40
66
44
60
60
59
74
43
56
55
60
52
59
62
56
70
60
49
55
49
53
52
59
41
54
57
54
57
62
49
52
39
54
63
48
43
68
56
62
55
63
56
59
57
55
42
54
58
39
63
51
59
55
51
58
61
64
49
61
48
47
74
56
57
58
57
58
62
47
50
67
82
67
53
48
58
50
53
65
55
68
59
56
48
73
41
54
59
56
55
38
70
57
48
59
42
49
43
50
47
55
52
44
55
50
58
51
49
62
45
51
58
57
48
53
49
55
71
61
68
62
46
44
56
59
66
49
61
60
52
59
49
50
52
60
57
61
49
52
59
59
51
49
51
59
56
65
58
54
50
62
55
61
56
67
54
51
60
55
50
54
40
55
51
49
49
39
47
52
42
55
60
65
49
51
49
58
52
49
52
54
63
53
58
56
62
49
57
58
66
50
54
63
57
70
58
59
47
60
67
47
56
61
54
58
69
49
59
71
45
46
77
57
57
63
57
60
48
50
45
48
55
55
66
52
50
63
51
56
58
62
41
72
50
67
60
48
50
56
63
47
50
61
61
61
57
54
61
47
54
48
53
51
57
62
60
55
60
45
60
57
63
61
55
54
57
49
46
61
66
53
51
59
56
57
41
47
56
54
55
62
59
62
54
56
49
67
59
50
46
45
52
49
61
50
47
48
51
60
60
62
55
61
58
54
62
43
51
44
60
49
49
58
61
45
53
60
48
64
47
53
69
56
68
47
55
63
60
43
52
62
38
51
61
58
59
60
58
58
45
50
63
46
52
41
43
58
52
55
44
51
36
60
76
45
50
63
59
70
58
58
55
73
53
52
77
60
53
52
44
71
55
52
46
52
54
66
44
59
46
56
44
63
45
58
55
63
59
43
53
62
47
49
57
49
45
45
48
51
45
60
48
39
52
53
70
51
51
41
58
41
53
53
55
49
41
61
48
50
59
58
57
52
62
70
60
54
52
47
42
60
44
59
55
55
38
58
38
45
55
56
58
56
67
52
66
59
52
50
48
61
63
52
51
57
45
58
51
52
45
50
52
47
55
65
57
56
66
48
57
56
47
58
48
49
56
44
50
51
62
71
63
39
52
43
67
60
42
60
55
54
55
46
62
60
57
56
61
38
54
67
50
52
48
52
46
40
56
51
47
62
59
51
59
49
55
60
53
51
58
50
49
56
39
63
51
62
61
59
56
42
49
47
55
51
46
47
56
47
62
39
57
53
53
54
56
56
53
62
49
47
61
57
49
51
68
60
60
52
45
49
29
42
66
41
53
42
45
50
60
51
56
45
58
62
54
59
54
56
55
59
63
60
63
43
56
48
49
58
41
65
45
62
49
53
47
55
58
49
45
58
44
55
59
60
49
55
68
56
48
54
49
71
43
52
70
57
52
59
61
57
50
49
35
44
55
49
50
51
71
48
53
53
56
62
49
47
51
53
63
64
66
51
59
53
69
47
64
52
51
53
58
51
49
48
58
65
56
55
51
55
52
53
62
53
54
58
57
50
41
52
51
66
56
42
57
49
52
75
58
62
55
46
61
59
69
46
51
54
54
60
51
52
63
57
56
55
54
51
45
48
40
56
60
57
53
67
45
39
49
54
34
59
42
47
42
57
51
47
59
66
59
59
45
51
52
51
43
48
68
45
56
37
43
49
62
58
57
70
46
48
46
58
61
61
44
51
60
55
53
59
58
58
54
56
63
56
48
52
49
61
67
71
51
40
43
65
75
53
62
65
61
49
51
69
43
65
58
49
62
50
52
56
49
55
53
66
51
58
41
53
46
43
53
53
61
58
51
56
39
58
57
41
44
58
57
50
62
57
50
57
66
59
33
55
59
48
68
66
53
40
49
63
64
50
53
37
49
54
43
52
68
59
57
61
56
54
54
51
60
60
49
55
43
55
49
56
45
55
64
59
50
54
48
68
60
66
56
66
40
55
50
61
55
62
41
53
45
55
61
54
47
56
50
52
49
47
48
47
56
50
53
48
49
64
45
57
47
57
58
52
71
58
50
55
61
51
56
64
54
60
75
46
56
62
57
52
48
65
45
58
54
46
64
60
53
44
63
59
51
61
67
47
51
53
55
55
59
60
42
61
63
43
68
58
51
61
53
55
36
36
62
63
58
65
51
52
50
50
57
70
46
62
57
50
57
61
54
57
47
54
58
52
54
49
53
65
52
57
60
56
53
43
58
63
50
55
54
41
52
53
57
46
44
53
51
43
50
54
55
59
54
61
58
52
56
53
63
55
73
58
57
63
47
60
46
50
56
73
54
68
63
68
68
51
56
57
53
64
54
51
49
62
64
52
52
60
58
41
61
44
70
65
58
51
60
57
50
64
58
60
46
59
74
58
61
57
51
59
65
45
57
61
63
42
64
54
45
51
52
56
55
52
58
50
64
53
64
57
49
58
62
59
59
67
53
62
55
46
58
50
48
55
69
43
62
53
52
45
53
60
59
58
58
51
68
60
63
60
67
48
55
62
45
61
56
63
47
58
52
57
58
59
70
50
57
39
52
52
63
55
53
64
48
43
53
52
55
61
67
66
54
63
46
57
65
48
63
48
66
58
63
44
56
71
52
56
54
60
65
47
53
52
46
51
59
48
55
59
55
55
74
48
52
55
55
53
53
73
66
56
63
58
52
61
62
46
64
66
63
56
48
67
52
55
65
46
62
57
62
54
53
68
48
55
57
53
52
63
45
77
52
60
55
59
55
56
48
59
41
42
55
59
71
55
47
54
64
51
53
53
50
49
55
60
56
70
52
56
64
64
48
54
61
53
43
44
55
51
54
53
48
60
66
53
53
52
57
48
53
47
50
49
47
67
56
63
58
59
61
42
49
61
60
50
49
50
65
61
64
48
57
55
51
65
56
66
47
49
49
58
58
69
47
56
58
59
58
63
74
48
46
56
64
58
47
65
51
43
61
52
58
60
59
41
53
64
55
59
53
62
61
55
50
51
69
45
67
59
45
56
52
62
53
43
62
44
51
61
63
60
54
55
67
48
46
47
55
51
67
55
51
65
45
64
59
57
37
52
67
57
61
60
59
56
66
55
43
51
53
67
63
66
52
68
61
48
60
69
58
53
62
51
43
72
56
53
50
57
48
58
62
67
49
65
51
59
36
64
56
63
52
63
58
52
53
57
70
44
64
54
48
73
66
65
61
50
58
63
53
58
50
53
48
65
63
53
60
61
55
46
54
58
63
77
57
63
50
54
48
65
51
62
59
47
60
48
44
59
50
57
52
65
63
59
51
72
54
58
46
57
57
53
62
58
58
64
60
46
62
66
49
48
66
54
50
58
56
56
55
67
63
57
47
54
50
64
57
62
51
68
50
51
54
64
57
50
46
76
55
52
55
52
67
71
46
52
68
48
53
51
70
69
59
63
62
52
56
52
76
59
55
52
53
73
59
52
62
65
50
59
65
61
59
70
56
57
59
60
73
63
62
55
62
68
73
63
59
60
54
62
62
62
55
51
53
57
56
65
65
51
44
45
68
56
58
62
58
62
55
45
60
67
51
72
51
52
63
67
47
51
54
67
48
51
58
55
59
45
55
63
60
64
65
62
56
44
50
44
60
64
59
42
57
67
54
72
51
60
87
56
50
46
54
65
62
76
53
60
68
55
62
71
49
78
63
67
70
69
65
58
60
64
57
69
67
62
55
56
53
59
52
55
65
59
50
66
65
66
60
63
55
59
52
75
54
49
61
62
61
57
74
45
59
63
60
46
69
46
63
64
70
55
68
52
50
65
63
46
53
55
54
53
45
59
51
57
77
52
76
68
60
56
51
55
73
58
65
65
66
47
51
71
56
51
46
54
44
51
69
58
62
58
68
63
58
61
68
55
67
65
51
54
78
44
60
78
72
76
73
61
72
67
53
60
68
57
66
68
50
50
53
76
48
74
52
69
52
55
65
71
53
68
62
70
62
62
64
54
68
61
70
50
66
58
57
55
51
65
64
61
54
68
59
52
55
59
57
64
66
73
64
56
63
72
63
72
57
58
63
57
60
57
50
51
64
60
60
57
65
65
55
55
75
66
71
73
64
63
67
67
61
56
72
68
69
67
56
46
64
66
71
65
74
70
65
60
65
72
63
75
64
64
60
54
72
61
70
52
55
59
65
43
54
66
60
50
58
51
77
62
65
70
64
65
65
70
61
71
75
76
69
59
56
57
66
70
64
66
57
77
82
60
58
55
69
62
66
63
50
68
71
67
63
76
74
64
52
73
57
84
60
62
63
57
47
72
64
44
54
74
53
61
71
50
69
73
69
56
77
63
62
60
58
72
59
53
61
65
57
62
73
70
70
61
60
56
82
75
75
62
66
50
58
72
65
68
56
67
59
47
66
61
48
73
62
57
65
73
63
71
77
53
53
75
67
67
68
62
58
60
57
69
71
64
70
47
67
73
62
60
71
68
71
71
70
48
53
67
77
57
70
70
44
62
55
73
80
59
66
55
56
66
58
66
77
58
64
52
57
62
70
65
79
60
58
52
78
58
63
73
65
64
77
54
56
74
54
59
79
71
65
87
56
71
69
66
64
61
77
70
78
59
66
76
51
80
83
67
60
58
59
65
62
65
74
63
67
64
53
82
65
51
58
77
66
71
60
61
79
76
69
75
72
52
82
62
60
63
65
64
50
52
59
61
54
52
75
73
67
74
65
64
74
69
53
58
63
63
59
63
76
68
76
49
69
72
78
64
72
69
77
67
63
56
75
83
67
59
54
69
70
60
64
64
70
51
67
62
61
56
76
73
59
59
74
69
67
63
55
55
63
53
72
55
71
79
78
77
89
66
74
51
47
74
70
57
69
69
59
75
78
61
64
61
71
78
63
74
81
75
75
64
80
80
64
70
76
76
84
76
72
87
67
60
62
55
75
70
60
87
79
58
54
76
70
57
81
62
71
68
61
58
71
70
72
58
70
63
77
67
71
62
79
84
64
67
72
72
72
76
60
62
69
77
68
63
69
77
83
60
68
68
55
52
64
56
63
74
80
60
62
64
70
87
84
82
72
74
66
64
81
75
64
69
62
46
64
54
73
76
62
62
69
69
62
58
57
71
57
56
74
64
85
72
66
77
77
84
72
62
71
63
57
56
68
64
71
78
70
70
68
63
56
76
69
79
75
76
65
72
70
58
73
60
75
70
63
77
68
72
76
81
84
82
66
74
74
59
72
92
73
70
64
74
58
73
67
80
78
64
77
72
72
56
71
68
72
68
74
69
73
62
81
75
67
59
74
76
62
61
64
55
69
72
62
54
83
69
66
65
59
60
58
54
70
86
57
75
62
64
63
53
71
47
61
61
58
68
75
59
90
78
47
73
81
66
57
64
64
63
69
75
67
76
64
64
65
51
74
60
64
62
54
73
65
80
66
69
70
60
69
78
78
64
73
59
72
63
80
62
59
66
80
61
65
62
81
57
74
68
58
68
70
70
47
61
69
70
58
50
76
58
67
61
59
67
55
62
56
69
64
57
69
81
59
69
71
70
56
65
57
66
75
72
67
51
63
74
52
77
58
66
61
70
61
63
58
61
60
59
62
59
65
71
78
75
65
56
69
62
68
64
71
74
62
50
68
58
63
69
65
57
58
68
60
55
56
58
65
50
63
62
50
79
51
64
64
62
50
61
62
62
56
63
68
56
64
78
66
49
48
54
70
72
48
70
65
51
68
61
65
52
55
53
59
56
63
66
51
74
52
70
60
58
56
56
77
55
64
56
51
63
64
74
66
53
61
73
52
61
74
65
61
54
46
51
59
66
48
71
49
45
47
66
66
69
66
58
42
65
59
47
51
68
48
54
58
48
57
67
52
59
59
67
60
48
53
70
46
48
53
57
52
54
55
65
50
58
59
62
58
61
50
58
55
45
57
59
65
60
57
53
44
67
47
61
66
63
71
52
61
49
46
54
51
53
46
51
56
45
55
50
56
43
54
52
45
50
54
46
59
63
49
43
56
59
50
46
42
49
53
60
54
65
50
56
54
49
53
60
60
66
42
55
49
59
55
43
61
53
53
46
57
35
58
45
45
59
52
59
46
46
52
52
50
63
60
56
52
39
70
51
49
56
50
45
41
54
48
50
38
50
43
61
53
57
69
45
36
52
40
48
47
40
49
58
47
44
41
49
57
65
46
39
46
53
53
52
47
60
51
50
47
61
44
61
46
41
57
53
51
44
57
49
50
43
42
26
61
53
41
47
45
49
46
62
64
52
53
49
46
47
55
62
56
60
52
46
60
51
51
46
49
45
56
37
40
32
58
52
41
47
46
39
53
32
50
47
38
42
61
50
48
62
53
43
47
52
45
46
48
48
42
39
50
39
48
53
55
62
48
44
40
48
50
39
45
49
39
51
49
41
52
39
45
38
49
42
37
57
52
50
43
47
30
57
51
46
46
46
38
40
42
38
40
55
45
44
47
40
39
41
53
54
45
38
57
49
44
42
55
56
36
48
61
31
51
54
43
33
63
37
39
48
45
37
42
46
54
52
34
41
41
36
31
53
50
55
48
36
46
33
44
52
40
44
37
43
44
36
50
41
51
52
56
53
46
35
50
60
39
50
51
44
57
44
42
31
32
45
60
41
37
46
42
36
54
39
44
53
47
31
51
35
39
48
54
47
43
41
49
31
42
43
40
43
45
39
51
47
44
53
46
51
31
39
57
51
42
40
41
33
36
38
43
44
48
45
59
38
50
46
45
46
46
37
44
49
37
42
38
46
36
26
37
39
39
44
49
49
53
43
44
43
44
47
36
38
41
46
36
36
36
31
42
37
43
52
38
51
42
38
41
44
50
56
45
49
48
54
45
45
59
45
60
45
49
50
48
53
50
48
46
56
35
47
37
40
33
42
42
39
30
48
46
51
56
41
42
41
28
51
33
59
46
56
42
40
40
52
41
51
47
35
47
34
42
41
35
56
38
48
44
51
30
37
51
48
47
38
44
41
46
51
47
47
29
48
46
34
41
43
48
31
51
35
34
48
49
43
47
57
46
33
53
50
33
46
40
39
53
33
51
42
59
46
39
40
55
51
41
35
46
45
61
46
44
40
36
44
33
41
33
42
33
36
46
42
43
33
44
48
32
52
42
46
33
46
50
40
49
56
38
55
39
54
47
41
39
41
41
43
39
52
49
44
38
41
52
48
45
41
46
43
43
51
35
43
48
45
48
50
44
40
30
36
28
26
40
41
34
45
39
36
40
35
32
38
38
36
51
37
29
43
36
42
33
51
44
32
46
38
37
42
37
38
29
33
31
41
32
35
38
37
38
44
39
41
40
39
39
40
30
39
27
38
39
40
49
48
44
56
31
39
54
40
46
37
44
29
45
45
39
39
38
42
41
44
39
45
60
35
37
41
42
48
50
41
42
33
45
39
47
32
48
26
35
48
48
37
28
42
41
41
57
34
34
37
34
37
38
50
26
36
45
33
28
44
44
34
39
28
34
38
50
36
32
40
23
37
32
40
49
33
32
31
35
36
38
37
47
37
42
31
27
46
42
35
45
48
36
40
32
49
33
35
40
31
29
31
43
32
47
37
39
39
32
47
26
40
33
29
39
46
25
33
35
31
34
30
33
32
44
33
38
46
34
27
39
29
40
38
36
40
32
35
19
31
22
31
42
39
36
34
44
31
33
39
25
42
32
25
30
40
38
28
40
34
38
21
27
35
34
35
30
30
37
28
45
30
33
22
32
35
38
30
29
22
34
35
38
34
25
38
38
37
20
30
42
33
33
37
39
36
29
37
37
33
42
36
24
28
31
31
31
29
40
34
38
32
30
35
31
44
37
22
34
44
27
27
34
38
33
36
34
35
37
41
22
43
32
32
29
24
35
29
37
39
34
33
26
34
21
27
32
37
37
34
29
35
31
32
32
34
41
29
25
25
26
37
35
43
30
38
34
25
31
28
46
25
26
28
28
33
33
34
39
35
29
30
34
41
30
32
40
38
31
43
27
27
42
38
40
51
29
39
35
42
48
44
47
31
55
48
42
41
31
38
31
36
29
31
41
34
38
41
50
48
44
50
35
40
36
40
41
41
51
36
51
43
42
43
39
49
42
56
49
55
49
47
42
46
35
45
35
38
47
45
46
49
41
56
37
41
44
57
52
43
48
48
55
60
55
46
47
41
63
51
47
44
51
56
52
63
62
61
43
51
48
50
55
51
70
49
46
49
46
59
45
73
73
56
60
57
60
56
53
59
64
55
59
60
67
67
53
60
69
80
60
59
57
69
65
89
72
74
56
68
72
65
80
63
72
77
69
88
66
75
57
66
88
72
77
69
67
79
64
83
82
94
92
78
81
77
91
82
91
72
88
93
85
69
79
84
83
90
82
87
89
87
93
86
107
97
100
78
83
88
98
103
116
98
88
80
96
111
114
99
94
97
109
101
99
85
106
114
103
105
125
109
100
124
117
93
100
90
105
114
116
127
139
116
105
132
98
106
116
125
122
117
119
109
126
120
147
137
140
116
131
120
117
122
141
136
100
108
117
142
114
138
131
135
140
146
114
152
110
122
130
123
129
129
129
143
133
131
133
132
130
138
146
148
130
140
129
127
136
153
137
135
161
134
119
147
140
134
116
141
152
113
141
155
126
151
159
142
171
153
147
146
156
171
174
133
158
143
158
151
157
134
161
166
143
140
145
161
146
150
158
145
149
156
154
151
168
161
143
152
143
182
154
156
141
145
172
159
162
150
165
151
151
175
180
151
159
175
173
165
150
144
144
192
173
160
157
145
159
175
150
179
171
165
184
155
152
133
169
148
172
153
162
188
156
145
178
144
175
182
157
171
191
182
158
156
151
167
164
160
148
132
150
152
163
151
134
137
150
142
136
147
162
170
161
160
158
168
147
136
134
169
143
148
116
166
145
131
153
164
131
147
136
152
149
133
130
138
131
151
156
130
149
135
137
136
149
154
135
149
148
132
127
128
141
146
119
136
122
112
121
133
122
129
135
134
113
119
120
114
110
123
151
119
125
107
123
119
122
128
119
120
115
123
120
116
118
140
97
97
128
110
119
106
111
95
105
100
102
121
127
103
88
95
104
120
120
111
109
91
98
93
98
108
99
105
101
72
88
78
101
86
106
108
101
96
113
79
84
95
100
84
81
76
87
93
103
92
82
90
90
82
79
85
72
74
73
71
82
77
75
65
74
79
85
85
69
69
55
61
75
81
67
65
60
65
87
51
66
59
69
79
59
69
73
61
56
54
52
56
63
56
64
52
56
64
57
43
57
53
46
54
49
54
46
46
47
52
51
39
56
39
40
42
46
45
44
53
35
44
46
35
48
42
32
42
46
31
34
33
43
33
45
44
43
42
32
46
30
35
32
37
37
45
33
37
33
38
32
33
22
28
33
24
32
24
29
27
22
26
34
34
33
27
24
26
24
29
28
22
25
21
24
27
22
27
20
17
24
18
21
17
38
23
21
16
19
20
26
24
20
19
17
22
27
17
20
21
22
16
10
18
20
16
24
18
18
23
18
15
12
19
15
17
17
18
7
11
20
13
10
16
18
8
17
11
17
15
14
10
16
10
12
12
8
18
8
16
9
12
9
6
9
6
9
9
11
17
14
21
14
16
10
13
13
16
17
16
11
18
14
10
5
13
14
5
17
10
6
15
13
15
11
14
11
4
13
10
17
13
10
17
10
13
9
7
3
9
16
12
9
9
9
14
14
12
16
7
5
11
13
10
8
12
13
12
5
15
10
9
12
8
11
15
13
12
8
6
12
9
10
6
8
13
12
10
9
13
13
15
8
11
11
9
11
8
7
7
13
9
15
13
13
14
8
13
16
10
5
16
12
14
18
15
13
9
11
10
15
11
13
9
16
13
9
19
11
11
11
11
18
6
7
16
13
13
17
15
18
8
14
13
9
21
17
16
16
16
18
14
15
20
17
16
14
14
20
17
16
20
23
12
21
15
25
10
18
18
25
18
14
22
15
17
21
17
19
14
16
20
29
19
22
21
16
25
19
26
15
25
25
17
36
24
31
21
26
20
33
30
30
17
31
27
24
25
30
27
30
37
33
22
30
36
32
38
25
13
30
23
28
20
19
37
26
40
38
27
38
35
37
31
37
26
40
33
33
30
29
33
30
38
40
38
32
34
39
32
49
27
35
46
42
37
37
47
30
49
39
35
42
40
44
38
41
43
41
40
56
43
51
44
40
57
49
63
43
40
30
40
44
57
39
45
56
49
48
43
47
47
46
52
56
55
65
47
48
63
57
72
50
63
52
64
68
67
65
51
62
66
52
54
47
54
67
74
54
74
70
68
75
79
52
80
76
58
74
69
61
92
71
72
53
61
78
62
83
77
73
71
82
82
81
96
80
91
86
66
89
76
74
77
100
89
81
70
74
91
83
93
70
100
80
89
94
81
91
102
83
94
85
84
104
82
89
101
90
88
104
111
80
92
88
94
91
117
81
99
95
100
100
101
95
84
91
96
103
93
94
112
109
106
106
110
102
98
111
102
127
110
92
119
113
122
114
113
112
110
105
105
92
103
99
101
127
119
109
114
109
111
115
117
128
109
112
95
107
134
143
132
118
129
112
125
113
107
116
124
111
112
114
106
147
120
121
134
115
103
115
114
154
127
113
130
110
135
117
116
137
136
128
100
133
126
109
138
115
145
109
131
130
136
128
133
113
126
116
149
133
135
129
122
124
144
123
136
132
117
140
114
106
117
119
131
117
134
129
122
137
134
129
174
128
136
122
156
112
127
141
119
129
123
149
130
139
123
124
137
134
148
136
121
130
107
132
120
153
120
142
120
149
131
148
130
133
133
119
122
116
119
151
132
119
136
119
148
123
128
124
125
95
138
128
124
101
146
135
138
118
138
127
110
131
140
112
124
131
100
135
124
125
115
121
130
115
103
129
129
122
127
117
107
98
112
117
112
119
101
112
123
127
116
105
117
104
107
112
101
110
111
101
99
105
113
116
119
95
99
97
112
115
92
113
98
102
93
91
99
101
114
86
121
100
85
101
80
90
99
111
98
95
95
102
96
106
75
91
97
79
92
91
102
107
93
92
87
80
84
89
95
84
95
93
88
77
90
83
88
88
71
76
65
63
80
66
78
72
90
65
87
57
82
88
65
68
78
84
61
72
81
70
78
69
65
75
59
65
83
59
71
79
58
59
60
57
58
62
50
58
49
56
73
63
47
46
57
54
44
59
57
61
49
39
54
41
53
44
60
52
39
59
50
42
54
42
50
54
52
35
36
43
48
61
50
45
51
51
46
45
39
40
52
41
37
35
31
26
40
23
42
38
40
33
34
35
46
25
36
30
43
38
39
16
38
33
25
37
27
27
35
30
29
31
32
23
28
33
32
23
33
20
25
31
29
27
29
23
30
18
24
21
16
23
26
32
21
28
29
23
19
21
19
13
17
25
23
20
20
29
14
21
15
22
15
22
16
11
12
14
17
14
13
14
9
19
12
18
17
14
12
15
10
18
25
15
11
13
12
16
8
11
9
13
16
10
12
12
14
9
14
9
12
8
11
10
6
17
11
7
8
11
6
7
16
10
5
5
8
4
9
7
11
8
10
9
7
12
6
14
6
8
10
8
8
6
6
7
12
12
3
5
6
7
5
7
3
7
7
8
4
6
7
5
6
11
2
7
1
6
9
2
6
3
7
5
5
3
4
6
5
5
6
2
3
3
2
4
6
3
3
2
6
2
5
7
2
3
0
3
8
2
5
6
5
3
3
2
1
0
3
4
5
6
2
1
3
2
5
1
4
4
3
2
0
1
2
3
4
2
3
3
1
0
0
5
0
1
3
1
2
0
3
1
1
5
0
0
2
2
4
2
5
0
1
1
1
1
2
2
1
0
2
2
19
22
21
27
24
19
26
28
21
29
21
23
28
14
18
24
24
25
27
21
20
20
25
14
28
21
17
21
18
25
29
29
21
25
24
26
21
22
20
26
37
24
22
15
23
19
23
22
21
21
20
24
23
25
17
24
21
23
17
17
11
18
15
20
24
22
25
26
19
27
21
23
24
22
17
21
21
28
19
23
24
20
15
24
26
26
27
28
30
19
22
18
22
24
19
11
22
26
19
20
34
20
25
25
26
32
20
29
21
21
30
21
25
17
22
11
27
21
22
14
20
33
17
19
19
20
18
11
