0
0
0
0
0
0
0
0
0
0
0
0
0
0
0
0
0
0
0
0
0
0
0
0
0
0
0
1
0
0
0
0
1
0
0
0
0
0
1
0
0
0
1
0
0
0
0
0
0
1
0
0
0
0
0
0
0
0
0
0
0
0
0
0
0
0
0
0
1
0
1
0
0
0
0
0
0
1
0
0
1
0
0
0
0
0
1
2
0
1
0
0
0
0
0
2
0
0
0
2
6
19
36
59
45
67
42
47
49
51
44
51
65
48
61
60
57
54
51
62
54
45
65
66
44
63
59
56
61
56
68
64
60
64
62
58
54
60
57
57
54
64
67
61
64
53
66
70
46
59
45
67
68
54
64
55
53
72
67
65
61
73
49
60
64
64
71
64
44
52
56
58
63
63
58
54
54
52
48
63
49
53
60
74
50
64
56
56
47
77
54
63
53
52
52
63
57
59
60
53
57
66
52
63
61
63
71
58
63
64
65
54
68
56
46
50
56
60
50
65
54
73
67
66
70
62
68
50
69
73
52
61
39
65
70
64
71
54
65
61
60
63
55
48
44
71
61
82
56
63
64
64
72
60
69
57
59
50
74
65
57
62
57
63
57
69
65
65
49
76
62
58
78
61
69
61
62
49
64
59
53
72
76
54
73
72
60
58
58
69
71
67
67
61
58
63
64
46
56
59
62
60
63
66
65
53
79
70
63
61
63
60
81
74
65
70
73
75
86
62
70
67
69
62
66
79
59
65
62
80
61
70
65
65
61
59
77
62
67
65
73
67
66
77
72
72
67
72
93
73
77
67
72
65
68
69
77
73
72
57
72
66
69
69
67
63
65
58
82
77
55
69
69
68
65
69
77
89
75
79
67
86
88
78
70
78
65
78
62
52
67
65
62
79
69
77
81
94
85
96
83
70
72
89
71
67
66
95
76
68
76
80
79
84
87
61
85
67
80
67
73
64
79
68
91
89
87
88
90
57
75
99
97
85
79
83
91
84
77
77
81
88
68
73
77
73
80
88
68
84
76
101
60
98
71
86
56
64
84
79
76
86
73
57
88
63
85
71
76
81
80
74
93
85
86
69
67
75
83
68
70
82
78
75
65
81
72
89
72
93
85
79
93
51
81
63
72
100
67
81
77
78
92
98
106
78
80
90
82
81
89
81
77
77
69
66
73
93
76
79
76
77
62
70
87
87
65
72
73
64
83
83
89
77
69
70
86
68
68
91
82
74
70
70
67
86
87
67
76
53
80
95
70
78
82
86
68
65
62
72
72
93
72
71
71
74
69
74
71
62
62
67
74
73
92
79
73
75
89
70
79
77
83
71
65
80
70
80
61
74
82
59
71
81
72
87
83
79
83
73
75
84
80
76
82
80
78
77
77
77
67
90
82
78
60
72
82
70
68
71
78
89
85
69
71
93
74
95
65
86
82
87
81
50
77
80
84
76
71
71
75
64
60
89
78
72
84
74
63
66
72
70
63
75
74
79
89
77
86
60
70
76
61
76
67
79
68
73
76
80
70
63
90
77
82
81
84
77
79
71
85
65
77
74
92
63
85
93
81
75
77
78
70
68
90
76
73
82
88
52
79
94
89
66
64
94
71
83
82
62
71
85
80
64
86
79
74
74
83
91
66
68
81
60
55
62
64
75
72
80
72
76
82
73
79
79
77
81
68
91
74
79
84
79
80
63
78
74
66
64
67
73
92
81
60
82
77
84
70
67
78
73
78
62
78
57
67
84
72
65
70
74
78
66
74
68
80
88
81
65
92
64
69
67
62
96
73
62
82
74
82
83
61
79
79
58
78
68
81
80
67
65
72
72
78
75
79
67
78
82
64
71
82
91
65
73
67
78
74
65
83
77
81
60
74
61
56
76
54
78
72
73
84
84
77
67
69
87
55
66
65
74
76
67
59
71
63
82
75
66
80
75
65
71
69
70
69
65
59
60
78
75
77
60
81
80
80
64
71
66
76
73
63
69
83
81
71
67
51
60
79
48
61
86
66
71
77
74
73
79
76
87
82
65
62
64
69
71
89
64
79
68
76
66
72
58
75
83
61
64
78
56
80
75
83
71
67
67
81
67
75
91
75
75
90
60
64
91
86
65
65
99
82
84
77
84
80
70
72
89
67
72
57
70
69
85
83
72
92
83
76
78
86
74
73
85
82
71
79
91
79
85
78
77
83
63
75
82
88
83
83
78
78
83
75
63
95
86
75
76
83
93
67
69
96
97
78
74
98
100
79
94
93
90
71
71
67
84
89
66
83
86
79
91
88
63
78
82
99
84
65
75
82
71
81
73
77
87
83
90
88
84
70
86
89
95
95
83
75
93
89
86
87
85
88
77
87
80
88
76
79
80
75
83
75
68
97
78
68
81
76
64
82
85
93
75
82
85
81
67
73
78
91
86
77
91
94
79
86
72
81
78
77
84
78
80
87
78
60
71
74
70
97
75
65
82
70
77
92
77
88
84
91
70
87
68
84
69
74
75
82
84
64
75
97
89
91
87
81
74
77
74
68
62
83
87
74
76
78
84
80
76
74
58
70
74
88
90
69
69
70
80
87
70
76
90
81
70
84
80
69
77
77
85
83
66
91
77
72
77
57
65
64
75
59
63
77
70
83
74
88
68
81
77
73
59
92
71
78
69
84
93
81
77
85
71
78
73
81
72
63
75
79
69
68
73
73
76
85
87
94
70
84
80
64
84
72
83
63
80
77
70
80
77
56
71
75
74
66
95
52
62
73
74
75
72
64
79
70
90
93
68
80
74
77
80
65
71
66
66
70
60
68
69
74
79
76
64
76
79
63
85
83
67
91
77
80
77
70
74
65
75
61
84
65
75
64
68
69
80
63
74
84
69
77
79
74
72
89
72
76
57
76
72
81
86
62
76
75
69
78
79
66
69
63
82
64
57
70
74
75
83
72
65
60
64
67
72
66
71
64
82
75
74
89
73
79
71
87
80
65
64
66
58
71
68
70
71
66
76
76
52
73
86
69
72
78
74
65
54
73
89
77
71
62
73
68
60
58
67
73
69
70
85
73
73
74
56
63
84
65
59
81
52
69
76
68
60
64
70
69
70
73
62
68
81
70
64
75
76
66
46
56
55
64
68
65
79
72
62
66
55
57
75
61
68
72
69
73
57
71
66
65
65
66
63
80
82
71
93
89
65
64
75
59
55
77
61
71
67
66
65
60
64
66
53
50
80
57
51
74
70
68
61
63
75
66
52
69
67
65
70
65
81
53
70
66
57
66
70
44
50
70
64
51
70
78
62
66
74
49
54
76
63
78
61
71
64
67
67
74
60
62
74
67
63
46
59
78
55
42
66
62
56
73
52
73
61
56
68
48
54
69
60
75
52
63
49
60
73
61
70
65
61
52
60
57
72
59
59
58
66
60
53
64
51
66
52
64
77
59
64
53
65
54
59
53
50
57
72
62
52
44
69
61
62
54
58
73
68
66
78
66
59
54
60
75
71
71
60
77
66
55
57
73
58
58
62
59
63
50
61
67
62
64
67
63
74
70
57
68
53
72
54
55
69
68
59
51
45
67
50
59
60
71
59
52
58
51
63
55
70
71
60
65
56
79
64
64
54
65
75
63
65
54
66
62
69
63
60
70
66
62
63
61
52
58
52
64
64
78
55
66
55
48
73
61
70
66
58
60
59
68
59
52
65
51
66
57
64
66
63
76
64
55
59
67
69
48
56
55
69
70
48
49
57
61
67
58
56
61
72
63
68
74
66
50
53
53
53
74
60
64
59
67
57
54
59
53
49
59
60
59
64
55
57
51
65
63
63
63
61
59
50
64
56
52
72
60
47
69
68
53
55
54
60
57
71
66
64
61
62
71
62
53
69
62
60
72
65
76
50
75
59
56
57
64
57
61
82
55
52
43
61
56
44
47
63
47
69
56
55
66
65
71
63
65
56
39
61
63
56
43
61
60
63
51
60
39
62
66
54
66
70
69
48
68
56
55
59
52
50
49
64
53
54
54
63
62
56
50
52
43
60
66
48
47
51
51
62
50
42
46
50
45
53
60
54
44
52
42
61
36
57
52
55
58
46
44
43
49
43
41
54
59
55
41
49
63
38
40
50
53
44
45
58
55
57
49
47
42
56
47
49
41
41
44
52
45
41
38
45
37
22
56
56
45
50
34
36
45
55
41
44
42
44
39
38
34
35
38
43
40
41
41
40
46
38
29
40
35
33
40
34
36
34
35
42
36
48
49
33
40
40
37
38
46
35
43
40
34
44
29
33
28
42
28
33
29
34
30
47
40
39
37
26
39
43
42
40
36
39
32
33
28
32
30
50
31
35
40
27
26
32
35
28
27
30
20
37
36
31
34
39
36
41
28
36
32
31
26
33
37
34
28
32
28
34
34
32
25
26
27
34
28
30
27
17
29
26
31
25
16
36
24
17
30
30
31
29
33
31
28
28
24
27
34
23
30
27
26
23
28
34
29
30
30
29
34
30
31
28
24
24
25
28
27
33
30
31
22
22
35
37
27
36
31
22
32
36
34
26
31
13
24
26
21
19
32
29
24
33
21
22
32
22
30
23
44
20
31
27
28
22
24
24
21
24
23
21
26
29
25
26
23
24
24
35
28
26
21
16
20
27
30
25
17
26
20
18
27
27
26
24
36
22
14
18
18
22
29
22
25
24
38
16
21
21
30
22
18
21
20
19
18
20
23
35
20
26
18
32
28
21
24
22
24
17
24
43
24
23
24
22
19
25
31
18
16
20
19
23
29
25
20
25
29
26
24
21
17
33
23
21
19
18
32
24
22
22
25
24
18
16
16
24
21
17
17
23
18
22
21
24
21
21
28
24
21
21
20
26
20
23
39
24
22
19
28
12
25
25
15
20
21
28
14
20
20
16
27
22
24
26
25
21
19
22
32
19
20
20
22
25
22
21
19
11
19
20
22
24
21
17
17
13
18
20
16
26
22
20
18
25
31
21
16
14
18
25
15
14
18
14
21
19
16
28
18
20
12
16
11
22
23
29
20
20
20
21
22
23
21
18
16
28
24
25
11
22
24
25
21
23
17
30
21
19
20
17
21
22
22
18
18
13
17
24
18
14
25
15
14
24
16
19
16
17
29
25
25
15
20
16
22
23
27
17
19
18
18
13
13
23
28
24
19
19
19
16
21
25
24
12
18
15
26
20
14
22
14
18
23
30
14
16
21
14
22
15
18
20
16
14
22
19
17
20
20
23
21
25
16
17
25
20
21
24
25
19
23
23
13
12
21
15
20
30
22
12
22
17
18
21
16
21
24
28
17
23
23
17
15
21
16
18
18
25
16
19
13
19
22
26
22
13
19
27
16
15
26
20
20
9
18
15
17
23
15
21
16
15
18
19
14
20
16
25
27
16
20
19
15
26
19
23
20
24
15
22
25
23
23
21
15
25
13
13
28
16
27
23
26
16
14
21
22
19
17
16
15
19
23
23
16
24
21
21
26
18
22
19
22
19
12
28
19
16
15
14
16
27
18
21
22
14
18
12
13
28
19
16
23
26
21
19
21
18
19
20
27
16
16
15
18
27
23
16
23
15
21
21
23
19
11
14
15
27
20
15
12
17
20
22
13
21
22
30
18
18
24
26
11
21
24
21
17
15
20
19
21
19
20
22
18
19
21
21
18
23
21
26
26
20
16
27
18
18
15
17
27
28
27
15
19
13
27
16
21
18
21
17
20
18
12
19
19
26
22
23
19
15
15
20
24
13
25
19
20
22
10
22
17
27
18
14
20
27
21
23
27
22
28
21
28
26
35
37
24
21
20
19
20
23
30
29
24
21
21
20
21
24
31
27
27
21
29
31
33
31
27
34
31
32
31
34
31
32
22
27
33
36
36
22
29
30
26
30
28
30
31
45
39
33
29
34
30
37
46
42
42
40
33
35
46
35
41
52
47
33
44
50
42
44
39
46
45
52
35
57
48
49
40
38
44
58
50
56
48
71
67
65
61
56
54
75
64
71
68
59
64
91
58
52
77
90
75
79
79
69
81
77
76
82
83
74
75
77
92
84
98
81
98
88
103
89
94
118
92
101
87
105
114
116
127
113
99
128
125
134
117
119
130
132
131
131
113
162
150
128
155
145
152
166
137
154
145
157
177
133
155
189
173
184
166
163
152
211
162
182
167
179
189
190
173
198
202
195
213
219
225
219
199
216
197
244
236
222
194
216
244
233
246
210
242
206
232
268
270
223
277
255
274
224
218
257
252
238
284
285
270
274
260
274
290
294
281
254
275
277
274
304
295
309
324
275
297
318
286
343
335
325
328
340
299
331
334
329
318
346
312
337
335
313
328
346
330
321
345
368
344
341
356
378
308
347
359
359
375
393
375
338
368
384
360
343
338
362
373
372
340
361
359
358
361
378
369
392
362
390
389
352
368
352
369
350
380
367
346
365
351
372
387
393
348
367
348
364
347
390
388
343
366
362
346
339
351
339
361
408
372
340
359
408
380
358
360
346
336
346
324
353
346
339
358
354
349
346
320
329
328
319
298
334
342
311
320
332
336
309
300
343
323
315
300
307
277
308
279
305
286
301
315
295
301
273
278
279
297
291
247
247
275
283
233
257
241
251
247
231
246
250
247
260
221
218
217
220
197
207
201
186
228
208
200
202
216
206
169
193
172
203
198
193
208
174
182
146
156
169
178
135
151
154
143
161
153
144
147
134
150
134
144
143
120
150
140
125
129
106
112
125
118
119
124
102
113
104
86
84
88
108
87
90
103
84
88
85
94
68
85
69
86
87
86
67
87
78
72
66
64
68
68
85
63
61
58
68
61
61
62
48
59
57
56
46
52
47
47
47
47
53
34
38
38
30
35
48
41
42
31
37
34
30
30
44
51
38
34
29
34
34
37
38
21
34
25
35
37
16
34
32
16
27
19
21
17
27
22
27
26
19
30
23
12
17
25
22
20
13
20
23
20
29
23
24
25
18
17
26
30
34
13
16
26
23
21
17
13
16
16
17
12
19
9
15
9
14
17
17
12
13
10
21
14
16
12
11
14
16
16
11
13
11
11
12
8
11
16
16
17
13
12
13
9
12
12
14
15
15
15
20
10
11
10
10
11
10
14
9
15
9
12
16
7
16
9
18
15
9
15
7
7
10
17
13
14
14
14
11
8
12
13
12
14
12
16
12
6
9
14
9
8
12
15
10
13
11
7
8
5
14
9
13
11
11
14
5
15
10
15
9
16
13
10
17
14
13
14
15
14
11
12
17
15
12
10
5
10
14
15
10
11
10
17
11
9
6
13
11
14
11
19
17
12
7
17
18
8
13
12
9
15
16
12
8
11
16
23
17
10
16
13
18
12
15
11
9
10
11
14
12
7
14
13
12
12
13
13
10
10
13
12
10
14
16
13
19
15
15
14
21
15
10
17
12
15
9
10
15
15
12
15
15
14
11
15
11
10
9
15
21
4
8
9
15
10
15
20
19
17
12
10
12
11
19
12
9
9
14
11
11
10
8
11
16
16
13
9
13
13
14
11
17
17
8
12
17
16
15
12
13
20
11
10
16
12
13
11
10
11
15
10
4
19
6
14
12
23
13
7
11
16
8
14
12
12
11
14
13
16
16
14
9
21
9
16
16
9
5
15
14
5
18
16
13
11
12
11
8
17
10
10
14
15
7
6
9
17
8
10
13
7
7
14
7
11
14
10
8
20
14
17
16
12
10
11
14
11
19
12
13
17
17
8
13
12
10
16
9
15
16
11
11
11
15
13
11
9
7
8
11
16
5
8
8
12
12
13
9
16
10
14
14
11
6
7
15
13
12
12
18
19
11
13
14
16
11
13
19
10
15
13
6
9
10
8
19
18
18
10
7
13
10
2
12
12
10
10
16
12
13
11
11
10
7
20
11
22
6
16
14
15
11
15
10
13
14
10
10
12
10
13
7
16
5
16
12
13
13
10
10
12
16
10
14
21
9
9
15
10
14
8
8
12
12
13
13
14
9
9
15
8
11
13
18
13
8
10
6
16
10
6
7
9
20
15
14
13
15
10
14
17
17
9
17
17
6
10
17
13
8
16
10
15
11
11
13
13
22
11
12
11
11
10
9
12
13
9
12
10
11
12
15
12
11
14
11
13
9
4
16
11
12
12
13
10
12
8
6
13
16
13
15
14
11
13
11
10
19
15
17
14
9
12
20
16
11
18
12
16
12
14
15
17
15
11
12
12
10
15
13
6
19
13
11
11
18
12
19
10
14
12
11
18
21
10
11
18
14
7
11
12
12
14
12
12
6
10
9
10
6
12
7
12
13
13
15
13
12
16
16
17
14
14
9
10
13
16
18
13
14
16
16
15
15
14
15
14
11
10
17
15
14
19
17
23
13
17
12
14
10
18
13
14
22
11
17
18
14
19
6
16
15
19
10
21
13
6
16
16
15
22
19
16
23
12
11
9
17
15
12
18
14
22
14
18
13
14
20
7
22
14
16
16
19
9
15
13
9
10
18
14
16
13
16
14
12
23
14
19
13
13
18
14
18
17
16
14
20
14
21
10
17
13
12
18
19
12
18
14
16
16
17
8
19
22
14
19
21
15
19
15
17
15
14
17
14
21
23
13
13
19
22
16
17
13
15
17
10
21
12
21
23
19
19
14
19
19
14
23
14
10
15
16
27
24
18
17
14
21
17
16
17
19
27
17
15
11
24
20
16
14
18
15
17
10
17
21
24
25
14
14
23
16
11
13
16
21
20
7
21
11
22
14
17
13
26
18
14
16
16
13
18
14
16
22
17
18
24
11
18
21
17
23
18
21
17
28
13
19
16
31
21
28
19
15
21
24
19
18
14
21
17
25
22
20
17
15
23
13
9
14
26
22
18
12
25
14
15
23
18
23
22
18
19
20
21
11
17
25
21
26
13
16
8
12
11
22
18
16
17
15
22
13
13
22
13
16
12
15
7
11
12
21
12
10
14
16
8
16
19
15
21
14
13
20
15
14
16
17
19
14
14
20
12
15
19
17
13
10
18
19
13
13
17
17
31
19
14
19
13
9
17
15
17
15
11
19
10
16
14
10
14
14
23
14
13
13
15
12
12
17
11
15
22
19
13
15
12
11
15
24
18
19
15
15
13
17
11
11
13
19
15
24
17
16
14
10
17
21
22
13
12
16
13
16
15
11
21
19
23
9
11
13
16
12
19
17
10
13
15
11
16
17
9
18
13
15
15
15
17
16
5
19
9
13
17
18
11
13
16
13
13
9
13
8
8
19
19
13
17
9
13
16
14
17
12
11
16
11
13
20
14
18
11
20
13
11
10
20
10
13
12
11
16
17
11
12
12
8
15
5
18
21
16
15
16
15
17
13
14
18
8
9
13
10
14
14
16
16
16
16
6
7
16
12
11
11
15
9
9
13
11
13
9
9
11
18
12
16
12
17
11
11
8
11
16
8
11
10
11
14
14
10
12
6
11
19
16
11
9
10
11
11
15
16
14
15
11
19
12
13
18
11
13
8
12
11
8
13
9
12
10
24
20
14
7
8
18
14
13
8
14
14
15
16
14
10
16
15
15
11
9
18
6
17
12
11
17
14
12
14
11
14
11
14
7
12
17
11
13
11
12
10
9
14
15
18
13
12
11
11
13
12
12
12
10
14
6
17
15
8
10
17
10
11
10
17
14
20
13
15
9
17
9
7
14
17
10
9
16
10
16
13
9
14
13
18
16
15
12
12
18
17
17
15
5
13
10
7
15
14
16
10
14
7
19
10
11
13
13
10
11
16
9
11
11
22
18
20
5
12
16
9
11
12
11
14
11
10
15
15
12
11
9
15
12
10
8
14
11
12
10
13
12
8
15
11
13
13
16
9
10
11
10
20
13
17
7
10
10
13
15
10
9
10
13
13
12
7
11
14
6
13
15
11
8
15
15
13
7
17
15
12
18
12
10
8
8
10
13
9
11
6
12
10
5
8
13
3
16
17
12
12
10
8
14
9
12
14
16
16
9
11
7
10
14
13
18
5
13
8
11
10
14
19
7
9
16
14
7
11
9
13
13
15
8
24
13
8
11
5
12
8
11
12
11
11
6
11
11
5
12
14
11
11
14
10
8
9
9
13
12
14
11
12
10
17
11
13
6
18
13
13
7
9
10
11
18
16
11
12
14
13
12
9
20
9
14
12
13
9
13
14
11
9
10
16
7
15
12
10
10
12
13
8
11
11
8
18
17
13
10
8
14
7
16
10
14
15
11
10
15
15
7
8
6
9
13
12
10
10
5
9
10
12
9
11
9
13
15
11
11
9
8
7
11
10
8
16
11
12
7
21
12
15
16
7
11
11
8
9
9
6
12
9
12
14
10
12
15
12
12
11
9
7
15
6
13
13
9
12
8
10
12
4
7
12
10
3
9
14
10
7
13
10
11
7
5
11
7
16
9
12
15
10
13
8
11
13
7
7
14
9
15
11
9
8
7
12
11
18
15
11
16
11
11
8
10
6
13
16
12
12
12
9
3
7
14
21
9
7
14
7
13
13
15
8
13
8
10
8
8
14
8
8
6
24
8
16
18
12
12
12
7
9
14
15
10
11
11
16
9
10
11
11
14
13
7
8
4
7
11
12
10
14
11
12
11
14
7
10
8
7
8
10
11
14
10
6
10
15
15
12
17
12
11
13
14
2
10
13
14
12
12
9
12
15
18
4
12
8
11
12
18
14
15
10
10
14
3
14
9
14
9
10
21
9
15
7
9
10
10
9
18
13
9
9
9
16
18
11
14
9
6
7
11
9
12
9
11
9
9
14
17
11
12
15
8
12
19
6
12
13
7
9
11
13
16
9
12
15
8
11
7
12
10
14
10
8
11
10
8
14
8
11
14
8
13
16
15
11
14
11
10
15
12
14
11
9
13
11
12
13
9
14
10
15
16
13
7
8
12
12
13
13
6
15
10
14
14
17
13
12
12
13
12
14
9
19
19
11
16
14
14
11
9
17
11
10
14
18
18
5
9
8
14
21
9
15
12
10
19
5
15
11
9
11
9
14
14
12
14
9
9
10
13
7
13
13
11
11
16
15
12
10
14
11
12
10
8
15
12
10
11
13
12
14
10
11
17
12
14
13
12
15
8
10
12
5
14
14
9
9
11
9
17
13
10
10
18
4
12
7
13
10
12
17
10
10
14
12
7
9
9
16
11
9
9
14
8
9
11
12
5
9
14
13
11
10
12
10
12
10
8
10
11
14
8
12
12
9
14
13
12
8
6
17
9
17
11
9
9
9
11
10
11
8
14
9
5
10
16
11
14
12
12
13
15
17
16
9
15
11
13
8
12
10
16
9
19
12
15
16
9
15
8
12
9
9
20
8
17
17
12
7
11
14
13
14
14
8
9
11
6
14
14
11
15
22
3
9
8
6
14
15
14
13
13
7
11
15
13
8
8
7
6
11
12
14
12
14
15
14
13
9
9
14
15
11
15
17
11
16
8
15
8
10
9
9
10
14
7
14
13
17
9
10
14
10
17
15
16
14
15
18
24
13
10
9
7
7
10
11
11
15
13
12
11
19
13
13
8
13
12
10
10
12
9
18
15
12
10
10
10
13
16
16
8
18
9
13
13
12
10
12
11
13
12
9
8
9
11
7
18
16
9
10
15
16
15
14
21
13
9
13
7
8
18
22
12
14
11
19
16
8
16
6
6
7
10
9
21
11
8
5
11
13
8
21
5
7
10
16
13
11
13
3
13
15
15
11
14
12
13
10
20
11
13
12
5
11
12
13
11
13
17
10
15
13
11
11
4
11
14
17
14
8
9
12
9
17
14
14
12
5
12
9
13
12
15
14
10
11
10
13
21
17
11
12
7
11
8
18
18
12
9
16
11
7
6
9
10
13
8
10
12
17
10
7
10
17
14
14
17
14
19
10
14
17
20
13
14
11
10
9
12
15
15
8
9
15
17
11
11
14
20
9
16
9
9
12
10
8
10
18
12
15
10
8
15
12
12
11
6
15
9
12
9
13
12
13
12
15
14
13
12
9
18
10
12
15
20
20
14
18
14
15
12
7
11
10
17
6
10
15
14
19
15
6
11
13
9
18
13
13
11
12
16
13
10
10
10
17
8
10
9
10
19
13
17
12
15
19
19
16
12
18
15
13
18
10
6
10
14
14
13
17
13
11
14
11
19
17
16
15
9
8
14
13
12
16
16
13
18
9
10
15
10
10
14
11
12
12
19
10
10
18
12
10
10
12
12
12
16
15
14
14
11
10
13
14
13
7
11
11
9
18
8
14
11
16
17
6
12
17
15
16
14
17
12
15
16
13
14
17
9
17
13
7
9
14
17
10
9
10
7
14
12
12
19
14
10
9
17
11
14
10
12
14
12
8
10
9
8
11
14
9
12
14
15
8
16
9
17
8
10
15
14
11
13
4
4
11
11
11
20
15
11
11
13
16
13
11
15
8
9
13
15
9
15
14
15
17
11
8
6
13
13
10
6
10
8
11
13
16
10
13
6
14
12
14
11
8
16
19
15
11
12
15
11
14
6
9
11
9
19
6
14
14
15
11
12
11
13
7
7
15
13
9
4
11
9
9
11
9
8
15
13
8
12
12
9
13
7
13
5
12
13
7
13
3
12
9
12
12
12
9
11
13
7
9
11
13
12
9
13
7
15
10
8
7
9
12
11
12
12
9
12
13
9
11
11
6
5
10
15
8
3
8
14
13
7
6
10
10
13
9
6
16
6
13
12
10
6
8
11
8
12
9
12
11
6
9
9
11
11
13
7
7
13
6
5
9
5
7
14
7
7
7
16
14
4
13
9
22
10
7
4
8
8
11
6
7
12
10
4
11
14
9
10
7
7
8
12
9
7
10
8
11
7
9
6
7
10
10
10
11
13
6
5
12
18
10
6
12
10
8
7
9
10
11
8
3
9
2
11
10
4
11
8
6
9
8
4
9
3
5
10
6
12
11
8
7
7
9
7
10
7
4
9
10
11
11
7
11
6
8
6
4
6
5
5
7
3
8
11
4
9
3
3
10
18
11
5
7
15
10
4
7
9
7
10
1
7
8
10
10
7
10
6
8
4
3
4
13
10
6
9
7
11
5
5
10
7
9
5
6
6
8
4
6
9
11
9
9
7
5
8
3
8
9
8
8
4
10
13
8
12
9
8
4
4
7
6
9
7
4
11
9
9
8
5
4
5
6
6
8
4
7
8
4
3
6
9
3
8
5
8
6
6
5
8
10
4
9
3
10
2
7
7
5
6
8
4
7
7
11
9
6
7
6
8
11
4
5
4
7
9
8
5
9
3
11
6
6
8
4
3
7
6
5
6
5
9
10
7
6
6
8
8
12
7
3
5
9
5
6
3
7
6
3
9
6
4
6
7
6
11
7
6
9
9
8
3
2
4
8
13
7
3
9
4
5
3
3
11
6
8
5
2
6
4
7
3
8
4
7
5
7
8
8
7
4
3
4
9
5
6
5
6
5
4
6
5
6
6
6
4
6
8
7
4
7
7
10
5
4
7
8
3
3
5
8
5
11
12
7
3
3
4
10
8
8
3
1
8
9
10
2
5
2
4
8
8
11
5
9
4
3
4
10
4
6
6
4
3
3
5
6
5
3
6
7
6
3
11
4
7
5
5
10
8
8
7
4
7
5
5
5
2
10
4
6
7
9
5
4
3
5
5
5
8
2
9
4
4
4
4
4
6
5
5
7
9
6
4
2
8
9
6
4
4
5
5
7
4
5
2
9
7
8
6
4
9
6
8
5
5
4
4
4
4
7
6
2
5
6
5
7
4
6
8
5
3
5
4
6
4
1
9
8
6
15
6
2
7
6
5
4
7
5
4
6
4
5
4
2
6
4
3
4
4
2
3
4
5
4
4
6
3
2
4
7
6
6
5
2
5
10
4
3
6
8
5
2
7
9
7
2
4
8
4
7
6
12
6
6
9
7
1
2
4
7
4
7
5
5
10
7
5
4
7
5
6
4
3
8
7
5
0
5
5
6
8
5
8
5
7
4
7
4
4
5
4
6
4
6
4
7
7
7
4
4
2
3
8
7
8
4
6
1
4
3
5
7
1
2
6
8
5
5
7
7
5
6
10
5
3
4
2
3
6
5
9
1
9
2
2
4
3
3
5
5
5
6
9
3
5
3
4
4
6
6
8
4
3
6
5
8
5
5
5
8
2
4
7
1
7
4
6
4
6
4
5
4
3
1
2
6
4
4
3
4
5
9
6
7
8
2
3
3
3
4
6
4
4
4
4
5
1
4
4
5
6
3
7
6
6
4
4
4
6
8
4
4
7
5
4
2
7
6
6
4
4
3
2
5
3
4
3
4
6
9
5
6
4
5
4
7
9
0
6
4
4
4
2
3
3
3
6
4
6
4
2
6
3
9
6
3
1
5
4
5
7
6
6
4
4
2
7
5
8
3
7
6
12
5
5
2
2
3
5
5
6
5
3
1
5
6
13
4
10
8
4
4
7
4
1
3
1
2
5
4
3
1
3
5
8
4
2
3
6
6
6
6
6
8
2
3
6
4
3
7
7
8
5
9
2
5
1
7
3
2
2
9
1
2
4
5
3
6
6
5
6
7
2
4
1
7
8
5
6
7
3
6
1
5
6
6
4
5
4
2
3
8
6
6
3
2
5
4
3
3
3
4
6
4
6
8
5
6
9
2
4
12
8
5
3
6
5
6
5
2
8
8
5
4
5
7
5
4
5
6
4
6
4
9
5
6
5
5
8
7
7
6
6
8
4
7
5
4
5
7
9
6
3
4
4
7
4
7
10
4
9
5
7
8
8
7
7
6
6
8
3
9
8
8
4
8
5
11
4
13
10
5
9
6
7
12
6
7
9
4
12
9
7
6
7
12
12
14
10
12
9
7
7
8
5
12
9
8
7
10
13
10
13
11
8
14
4
14
8
9
9
11
12
8
9
10
13
10
14
7
12
14
8
6
16
8
10
6
14
6
15
8
19
13
12
10
8
11
14
7
15
14
13
18
8
14
14
12
11
12
12
11
17
13
20
13
20
18
18
11
17
14
16
15
21
16
20
23
14
11
21
15
8
12
23
14
24
15
18
18
17
14
21
14
14
12
20
20
18
19
22
20
15
18
19
15
21
18
11
22
26
28
13
20
10
27
22
18
24
17
24
21
16
23
21
27
23
27
21
23
25
23
24
29
17
22
19
20
23
23
15
20
25
28
18
32
36
17
24
20
24
22
27
24
24
31
19
29
26
23
25
34
29
18
25
26
29
34
26
27
22
28
30
31
30
24
25
35
30
28
40
31
29
21
40
29
39
39
29
34
27
25
21
36
38
36
25
33
43
26
27
32
31
45
36
32
42
30
35
28
34
33
49
27
42
34
41
38
39
34
39
36
40
28
31
33
24
30
28
37
21
48
39
33
41
38
30
43
33
36
39
45
33
50
34
38
41
33
42
34
46
26
40
31
52
36
31
40
43
32
45
44
35
37
36
34
34
44
40
39
50
31
35
32
42
34
38
38
43
32
38
37
39
39
35
40
32
34
51
26
35
38
44
35
41
33
28
39
36
39
39
42
39
32
34
36
35
43
34
37
35
45
34
36
33
42
32
28
56
38
39
28
33
24
37
26
25
36
36
39
31
35
32
24
40
37
39
36
33
31
45
31
31
38
29
38
37
30
42
41
29
32
39
34
32
34
33
36
33
36
32
43
34
30
34
28
31
33
31
38
43
39
28
34
30
32
33
34
27
38
31
31
19
24
27
39
32
25
37
30
28
17
21
27
34
25
22
29
26
28
25
34
35
27
23
27
25
22
22
26
28
28
17
27
20
23
27
34
29
34
25
33
18
19
22
29
27
23
21
28
24
27
22
21
21
23
14
23
19
26
17
22
10
19
30
18
19
18
14
22
15
16
20
20
22
21
23
11
25
23
19
16
22
14
22
20
29
24
19
20
18
13
12
26
20
16
13
19
20
19
16
18
22
18
13
16
12
16
16
23
18
21
17
18
14
15
9
19
11
18
15
10
9
13
9
17
15
14
11
10
9
21
8
8
11
17
11
11
16
15
9
12
21
11
12
14
8
9
16
5
12
8
12
12
17
13
17
15
13
13
17
13
12
9
12
6
13
9
7
14
12
17
11
12
10
15
5
7
12
8
4
11
11
8
11
6
11
7
7
10
9
8
8
5
5
6
10
6
9
4
8
11
9
10
6
13
9
8
6
8
6
6
5
11
7
8
6
7
5
10
12
6
6
7
5
6
6
3
6
5
7
9
3
10
11
2
11
5
4
7
5
11
4
9
4
6
5
6
8
8
7
5
7
2
1
6
5
9
4
6
5
4
4
6
6
7
7
5
5
7
0
2
6
1
3
9
11
2
7
7
8
7
5
8
8
4
4
7
6
1
11
3
3
6
5
7
3
5
6
2
3
4
3
7
5
2
8
10
4
7
4
8
4
6
5
3
4
4
5
5
5
4
7
6
4
4
4
7
4
3
2
4
6
4
7
6
3
7
6
8
7
1
9
2
6
9
10
5
6
4
3
8
3
3
3
2
6
9
5
5
9
6
0
4
7
4
2
5
7
6
0
1
7
1
6
5
10
7
4
7
7
3
4
6
3
5
3
3
5
3
5
3
4
2
5
4
4
9
5
7
6
2
4
4
4
8
4
5
4
4
2
3
5
3
3
6
3
4
5
4
6
4
1
7
3
3
8
6
6
5
6
1
4
2
2
5
5
5
2
7
5
7
4
6
5
4
3
4
3
6
5
5
4
2
3
7
0
1
6
3
5
9
6
3
2
6
5
1
1
3
4
4
4
3
8
9
3
6
2
0
4
3
6
3
5
3
2
6
1
1
8
5
3
2
1
5
9
5
1
3
6
8
4
3
4
1
7
5
1
4
4
4
6
6
4
1
3
5
2
8
5
3
5
2
7
3
3
0
2
5
4
6
3
3
5
5
3
4
1
5
6
4
7
5
3
3
4
3
5
7
4
2
4
4
5
4
3
7
7
3
6
5
5
8
6
2
6
3
1
2
5
5
3
2
1
3
3
1
3
2
0
6
5
1
7
0
3
10
3
9
4
1
2
4
4
2
3
8
6
4
4
2
4
5
8
7
7
6
5
8
5
6
3
6
4
4
3
3
6
6
6
3
6
2
3
3
5
4
5
6
3
3
9
2
2
2
2
7
5
4
5
10
1
1
2
5
3
2
4
1
5
1
4
10
5
10
5
3
4
3
4
3
2
3
4
3
7
5
2
5
2
8
3
4
4
5
4
0
6
6
3
5
1
3
5
4
4
1
4
5
9
2
2
2
5
4
1
4
2
5
5
4
6
5
8
3
5
7
6
2
5
6
8
8
4
4
1
7
2
5
4
7
10
4
8
4
4
6
2
6
5
3
3
1
3
4
2
7
1
6
3
3
4
5
2
2
4
2
9
7
7
4
4
3
6
4
6
6
3
2
3
3
7
5
2
7
6
5
6
2
4
6
3
4
6
5
5
4
5
8
2
7
3
6
7
8
4
7
5
6
5
9
3
3
4
6
3
4
4
1
5
6
5
6
9
5
4
8
4
2
8
9
7
2
4
3
6
1
2
4
4
5
5
2
1
7
6
3
5
6
4
7
9
4
9
5
11
8
5
8
5
7
4
5
4
3
9
4
3
3
3
7
5
5
4
6
3
5
3
7
8
5
11
3
9
7
0
3
6
5
3
4
6
4
8
5
6
9
3
6
7
4
3
5
5
5
3
4
4
5
4
3
11
3
4
5
9
13
10
6
4
7
6
5
4
5
7
2
5
4
7
3
3
7
3
7
7
7
6
6
3
5
2
6
9
8
8
4
8
7
7
7
9
1
2
4
6
6
4
10
3
5
6
3
5
6
6
3
6
6
4
10
3
3
5
3
7
3
5
5
6
2
4
7
3
4
10
6
10
3
6
6
3
2
3
6
7
5
6
5
5
5
3
2
6
5
5
7
5
4
6
3
7
11
1
3
6
7
5
3
5
8
8
6
1
4
1
5
3
4
5
10
7
5
1
7
2
3
3
4
7
4
3
6
5
4
6
4
1
3
3
6
5
7
5
5
3
3
8
6
6
4
7
3
5
3
10
7
5
4
5
3
3
5
4
4
7
4
6
6
7
4
1
2
6
5
3
5
5
4
6
4
0
6
4
2
8
5
2
5
9
3
3
7
9
1
5
9
4
6
3
5
4
3
11
7
8
6
1
7
8
6
7
8
4
3
4
4
4
59
52
61
48
58
48
42
44
49
54
44
55
63
46
65
43
54
65
56
63
50
57
64
38
58
47
50
57
51
57
40
51
63
54
56
43
55
48
51
42
62
57
46
67
45
52
51
55
69
54
47
48
42
49
36
49
40
62
54
58
52
44
36
49
59
55
54
46
49
47
53
42
36
50
45
52
51
60
45
47
51
48
46
40
42
63
55
47
48
46
55
47
48
55
59
40
47
45
51
54
36
39
49
47
52
45
41
47
53
49
42
59
56
53
56
48
46
49
52
39
42
45
59
63
47
44
47
23
