0
0
0
4
11
10
6
4
4
2
1
0
2
4
2
7
6
12
14
14
20
12
27
9
8
7
4
6
0
1
1
0
0
0
0
0
0
0
0
0
0
0
0
0
0
0
0
0
0
0
0
0
0
0
0
0
1
0
0
0
0
0
0
0
0
0
0
0
0
0
0
0
0
0
0
0
0
0
0
0
0
0
0
0
0
0
0
0
0
0
0
0
0
0
0
0
0
0
0
0
0
0
0
0
0
0
0
0
0
0
0
1
0
0
0
0
0
0
0
0
0
0
1
0
0
0
0
0
0
0
0
0
0
0
0
0
0
0
0
0
0
0
0
0
0
0
0
0
0
0
0
0
0
0
0
0
0
0
0
0
0
0
1
0
0
0
0
0
0
0
0
0
0
1
0
0
0
0
0
0
0
0
0
0
0
0
0
0
0
0
0
0
0
0
0
0
0
0
0
0
0
0
0
0
0
0
0
0
0
0
0
0
0
0
0
0
0
0
0
0
0
0
0
0
0
0
0
0
0
0
0
0
0
0
0
0
0
0
0
0
0
0
0
0
0
0
0
0
0
0
0
0
0
0
0
0
0
0
0
0
0
0
0
0
0
0
0
0
0
0
0
0
0
0
0
0
0
0
0
0
0
0
0
0
0
0
0
0
0
0
0
0
0
0
0
0
0
0
0
0
0
0
0
0
0
0
0
0
0
0
0
0
0
0
0
0
0
0
0
0
1
0
0
0
0
0
0
0
0
0
0
0
0
0
0
0
0
0
0
0
0
0
0
0
0
0
0
0
0
0
0
0
0
0
0
0
0
0
0
0
0
0
0
0
0
0
0
0
0
0
0
0
0
0
0
0
0
0
0
0
0
0
0
0
0
0
0
0
0
0
0
0
0
0
0
0
0
0
0
0
0
0
0
0
0
0
0
0
0
0
0
0
0
0
0
0
0
0
0
0
0
0
0
0
0
0
0
0
1
0
0
0
0
0
0
0
0
0
0
0
0
0
0
0
0
0
0
0
0
0
0
0
0
0
0
0
0
0
0
0
0
0
0
0
0
0
0
0
0
0
0
0
0
0
0
0
0
0
0
0
0
0
0
0
0
0
0
0
0
0
0
0
0
0
0
0
0
0
0
0
0
0
0
0
0
0
0
0
0
0
0
0
0
0
0
0
0
0
0
0
0
0
0
0
0
0
0
0
0
0
0
0
0
0
0
0
0
1
0
0
0
0
0
0
0
0
0
0
0
0
0
0
0
0
0
0
0
0
0
0
0
0
0
0
0
0
0
0
0
0
0
0
0
1
0
0
0
0
0
0
1
0
0
0
0
0
0
0
0
0
0
0
0
0
0
0
1
0
0
1
0
0
0
1
0
1
0
0
0
0
0
1
0
0
0
0
1
0
0
0
0
0
0
0
1
0
0
0
0
0
3
1
1
0
0
0
0
1
0
0
0
1
0
1
2
2
0
0
0
2
2
0
1
0
0
0
0
3
1
2
1
3
1
1
0
0
0
1
1
1
1
1
2
2
1
1
0
1
1
1
1
2
2
1
1
1
3
1
1
1
1
0
0
1
3
0
2
2
4
3
2
4
0
2
5
2
2
5
2
2
5
2
2
3
4
2
7
3
3
6
8
7
2
9
8
8
6
8
4
8
3
4
3
2
4
2
7
5
2
2
9
3
5
3
10
9
6
14
9
5
13
3
8
10
7
12
12
11
11
10
15
11
12
12
12
13
18
16
18
10
17
14
8
12
15
21
16
13
13
20
15
17
24
13
17
19
19
19
18
18
21
22
20
17
26
17
21
26
21
27
24
29
21
28
27
23
27
22
31
21
28
31
44
34
29
40
37
41
36
27
46
28
33
37
33
46
31
30
40
35
32
47
31
40
41
53
42
59
32
50
59
51
46
53
54
50
63
59
43
60
47
67
51
58
47
59
64
51
59
48
63
70
59
54
54
71
69
73
79
57
72
73
71
71
79
77
76
92
68
69
90
89
80
76
71
94
80
89
94
73
91
82
91
83
67
93
94
91
104
101
84
88
98
99
114
110
119
93
90
104
114
99
78
109
112
113
115
113
95
115
104
103
98
122
128
112
102
115
117
149
111
137
125
131
143
126
123
124
118
136
112
139
128
143
132
132
123
128
121
122
146
135
150
127
139
139
120
109
151
150
131
148
131
134
140
155
134
134
155
126
157
117
146
147
132
141
134
131
143
148
142
139
120
147
144
137
135
153
150
155
177
158
144
145
160
141
123
146
147
167
146
165
145
143
151
158
141
151
166
146
142
150
168
156
153
157
139
150
155
121
144
139
159
133
141
143
154
149
137
148
137
120
131
150
119
139
131
144
141
150
130
108
151
142
138
131
158
140
123
126
135
138
128
115
141
143
129
139
123
135
130
139
117
124
129
131
108
160
124
121
108
107
139
141
130
109
114
121
137
154
107
123
106
99
117
97
143
130
127
111
127
121
123
103
115
110
121
127
105
130
135
132
114
112
121
110
128
108
120
116
110
114
123
109
140
117
96
111
122
123
112
113
119
114
129
118
122
124
110
121
107
124
92
108
116
114
105
109
115
124
114
123
127
124
108
122
127
127
113
118
121
126
107
112
122
121
107
108
99
106
131
113
106
101
123
119
126
107
116
102
104
128
109
136
132
122
114
126
129
127
107
126
113
143
120
126
102
123
140
112
128
141
126
118
108
106
112
141
135
119
121
130
133
121
122
119
130
131
122
135
149
128
117
128
139
125
138
122
113
108
141
120
136
151
112
144
135
122
127
131
116
137
103
132
123
106
122
123
119
140
134
137
113
124
137
135
114
112
138
122
127
124
143
142
129
131
104
155
141
125
137
122
130
138
111
148
125
123
121
141
131
124
117
131
135
109
143
123
116
120
136
154
143
129
134
133
126
130
132
113
132
123
130
126
139
103
125
135
130
127
106
130
132
128
123
141
135
126
136
122
122
124
152
124
130
136
131
123
163
137
133
123
130
131
142
126
138
138
119
123
139
130
126
120
141
114
130
116
113
125
151
128
128
149
125
135
132
136
120
123
123
128
116
123
140
118
120
129
138
114
123
124
106
129
116
147
125
124
122
142
115
151
146
130
124
114
143
121
152
128
139
133
131
118
119
104
126
128
120
120
119
140
126
112
129
130
127
122
119
139
125
109
118
109
140
119
123
113
141
134
107
128
127
134
127
120
114
118
140
120
126
137
115
124
121
141
105
116
131
118
110
110
136
141
114
96
121
132
111
110
99
119
137
136
125
105
124
117
113
128
116
115
109
125
122
112
117
112
106
126
117
98
116
116
119
114
121
122
129
111
138
132
118
120
114
141
122
138
116
105
119
89
115
100
109
113
126
117
138
111
109
140
120
112
123
109
120
120
100
130
124
113
116
116
133
116
127
105
112
106
100
128
121
127
112
111
117
108
135
118
112
105
115
121
105
115
117
126
112
90
107
122
113
97
92
102
126
127
98
101
113
113
115
125
92
124
99
103
134
108
111
117
113
92
111
117
114
110
98
99
116
103
108
115
113
119
98
111
112
97
103
116
95
104
96
121
111
113
119
100
111
89
113
97
108
103
104
105
104
116
101
93
87
92
117
121
96
102
109
117
107
96
110
117
99
96
126
95
121
90
106
113
109
115
115
112
99
107
121
102
100
96
110
111
102
124
112
115
95
107
116
107
109
118
99
99
102
103
122
138
114
106
122
113
106
94
92
117
102
105
110
117
112
105
131
89
100
104
115
113
109
96
98
111
109
107
85
89
104
77
102
134
120
113
106
116
105
98
84
115
101
99
123
118
100
107
96
87
102
127
110
108
116
99
105
91
89
118
89
108
116
97
102
109
122
101
119
95
128
103
108
112
105
104
100
101
111
117
125
89
111
97
96
85
124
106
105
113
108
88
104
111
113
117
110
95
110
110
111
109
102
107
93
110
105
111
98
93
117
131
112
114
123
103
89
100
104
90
112
126
108
105
98
93
85
98
110
107
94
91
110
98
100
99
95
94
80
109
104
114
118
108
96
122
101
100
114
117
105
99
123
112
94
110
97
106
96
104
100
100
91
93
106
104
93
95
102
97
106
97
106
85
97
102
89
96
107
90
102
89
116
89
87
101
82
99
114
103
106
91
98
105
94
93
85
113
88
103
94
105
92
101
99
81
106
92
105
96
102
93
96
96
99
97
86
99
106
101
87
95
84
104
93
90
91
94
100
100
93
91
103
94
91
57
69
88
93
92
101
79
103
84
80
100
96
90
99
78
89
81
72
84
85
82
89
94
78
90
92
87
82
91
92
75
81
87
70
80
81
72
85
79
82
86
83
71
100
78
82
84
71
72
80
70
82
64
72
69
74
73
88
91
71
57
82
78
76
72
73
73
82
74
88
85
65
78
77
65
72
75
75
74
89
64
49
56
68
65
67
62
77
82
63
62
73
82
72
70
63
56
65
63
71
55
61
64
68
63
56
65
73
58
71
62
54
58
57
70
64
51
49
63
74
61
71
60
59
58
72
53
59
48
58
54
63
57
77
54
50
54
67
38
61
56
62
69
51
52
50
48
50
44
67
54
45
51
44
53
52
58
44
57
53
53
57
49
45
50
58
54
51
47
56
49
47
46
50
60
50
47
70
53
52
66
45
39
46
64
36
50
60
52
57
57
39
48
38
43
40
49
49
47
61
51
56
50
57
51
49
52
52
65
50
51
47
52
57
51
43
49
46
51
47
50
53
56
40
55
46
34
56
58
57
51
44
46
44
39
46
41
48
55
46
46
48
58
48
48
49
46
40
42
47
46
42
54
45
40
42
45
29
45
55
46
48
54
39
40
48
38
43
31
47
53
44
38
39
44
46
35
53
31
50
31
44
40
41
39
52
46
46
44
45
37
31
40
43
32
37
33
39
37
34
49
22
42
34
38
35
54
39
47
36
39
35
48
31
39
25
36
45
41
34
53
43
41
50
32
48
45
36
33
50
37
41
32
38
47
35
34
44
34
34
34
38
37
42
36
51
39
33
41
41
27
34
34
49
42
38
46
36
32
40
40
36
34
40
37
43
30
35
38
36
27
36
47
36
36
43
34
41
40
32
32
41
39
37
33
42
38
29
36
42
36
43
35
44
27
37
39
42
32
40
37
43
38
44
36
31
40
33
34
34
35
37
32
31
37
45
29
35
45
22
33
40
33
30
26
34
36
34
38
32
30
34
31
31
26
31
38
35
31
40
30
38
32
39
20
41
33
31
38
35
37
42
37
39
33
36
36
30
41
31
33
36
29
25
37
26
31
30
26
27
35
37
36
26
37
29
37
36
37
27
36
38
49
31
34
40
43
30
25
33
35
28
37
28
33
27
36
32
34
25
28
27
34
27
37
33
30
36
26
28
29
36
33
40
48
34
29
29
34
29
34
29
32
28
35
31
45
29
38
30
32
30
39
35
29
31
40
40
36
35
31
34
39
31
35
40
31
22
24
38
23
31
30
40
27
28
31
44
29
26
27
32
41
35
27
43
44
40
23
34
34
29
34
35
29
34
35
25
42
40
38
35
30
44
22
34
34
25
36
29
39
31
25
26
40
31
27
31
35
24
33
34
29
36
38
32
34
31
31
38
40
30
19
37
35
29
26
38
38
27
31
25
31
27
28
46
45
33
33
37
39
40
34
30
36
33
34
33
20
33
30
40
34
33
34
22
32
43
41
34
25
33
30
36
35
32
32
35
41
44
30
36
19
32
21
28
28
30
31
37
22
34
32
27
37
38
24
33
24
32
27
34
27
33
36
32
47
36
34
34
32
40
37
27
24
31
37
37
25
39
29
21
24
34
41
30
37
24
27
48
33
31
40
25
22
43
30
33
24
40
31
35
31
41
40
29
30
37
33
39
23
33
22
29
32
28
28
41
21
33
45
37
30
34
34
33
36
46
28
39
36
30
27
39
42
35
32
46
35
38
29
39
35
31
30
35
30
29
37
35
34
28
34
42
32
27
25
43
22
44
26
33
25
33
39
27
39
22
32
28
37
45
26
41
27
42
43
39
34
40
39
34
31
34
39
29
37
29
42
34
43
40
41
39
39
36
41
32
41
37
36
24
38
33
38
36
46
39
39
44
44
39
36
40
30
49
34
35
37
40
42
37
51
41
41
44
41
53
53
36
48
42
54
42
49
49
39
46
35
53
49
50
54
45
43
56
44
49
44
55
57
62
57
50
45
54
50
63
67
87
62
67
61
53
63
69
65
55
68
54
67
81
78
67
72
84
80
88
79
91
89
82
83
78
101
101
84
101
98
105
106
102
100
107
113
94
104
126
95
122
115
104
136
109
101
126
135
126
134
114
126
153
133
129
133
131
127
140
133
121
171
150
145
172
182
178
170
154
178
175
189
182
194
185
185
201
177
232
198
204
199
196
207
205
203
224
235
247
226
226
230
247
258
235
234
230
233
232
256
250
268
234
264
267
298
261
289
259
312
314
270
271
311
301
343
336
315
306
348
291
346
302
331
371
320
356
352
345
355
343
389
359
366
374
384
402
419
398
417
431
407
387
457
433
430
382
434
429
428
443
419
438
487
442
445
487
436
424
487
515
477
456
461
481
461
450
514
523
483
512
496
492
519
501
504
495
531
557
556
539
520
574
555
541
567
553
539
542
532
555
535
559
551
564
552
573
563
559
533
594
601
556
669
592
582
619
616
628
561
571
587
581
599
632
608
612
620
671
565
652
654
581
618
565
601
645
625
604
618
622
618
607
655
629
617
632
614
612
650
674
622
677
637
628
619
632
597
656
596
625
583
626
623
620
614
566
614
575
602
627
620
597
643
622
584
613
597
592
647
616
577
562
566
541
583
583
561
571
602
537
559
566
536
535
551
488
527
509
562
538
529
549
540
508
483
488
504
550
513
519
479
485
479
513
504
485
482
469
460
451
425
469
472
455
433
458
449
443
457
406
420
377
414
391
387
382
395
390
394
365
358
358
360
374
371
334
374
309
377
348
344
315
337
305
318
281
301
314
274
277
300
306
254
290
299
261
292
263
222
276
247
236
251
271
253
216
256
224
210
244
217
220
200
244
184
204
183
201
193
212
196
188
170
193
143
154
179
175
156
172
152
153
149
148
170
136
136
142
139
119
136
130
128
129
123
148
130
113
111
113
91
125
99
109
111
101
101
95
91
79
98
66
100
77
89
93
84
81
101
87
76
75
79
72
62
75
63
70
69
68
53
68
58
66
62
63
57
65
56
57
65
41
54
43
52
39
47
54
51
47
45
40
33
44
43
44
40
44
43
34
42
31
38
37
35
41
36
35
32
43
20
34
40
27
31
38
38
30
30
38
28
36
32
37
29
25
24
18
39
34
32
22
27
25
45
29
25
26
27
26
31
22
29
29
28
21
24
22
26
24
26
24
18
19
17
22
17
24
20
28
27
27
22
26
19
21
20
19
26
26
23
17
18
17
22
20
16
25
17
25
21
21
12
17
16
20
21
18
16
15
28
26
20
18
17
24
17
11
23
28
16
23
22
14
18
23
29
20
18
30
22
20
22
18
20
20
16
17
22
19
15
16
18
16
17
21
24
22
25
20
20
19
12
21
15
19
24
16
20
16
22
23
23
25
21
17
22
17
18
20
18
23
26
24
18
20
11
25
22
25
15
16
25
20
19
19
19
9
29
18
15
21
16
19
17
15
16
23
24
19
20
18
10
25
23
26
24
22
14
19
24
18
20
24
19
23
20
24
16
30
17
24
14
16
21
30
20
24
20
23
22
15
13
20
21
19
23
26
25
9
15
21
28
14
20
21
27
25
16
24
30
27
26
17
16
24
22
25
24
19
19
24
16
15
19
34
16
20
13
20
22
16
17
24
19
27
24
27
25
23
15
13
34
21
26
16
26
24
25
26
23
19
25
17
27
19
23
19
27
28
18
22
20
18
16
18
23
18
22
18
17
17
15
21
25
18
22
22
19
19
23
21
20
32
25
25
20
21
25
15
26
23
27
21
19
19
15
14
19
24
15
19
14
20
17
27
22
17
17
30
24
16
11
19
18
19
9
14
20
18
16
26
25
14
25
20
16
17
20
16
16
16
16
20
22
23
30
25
19
23
23
12
11
22
24
21
21
23
31
26
19
27
21
17
13
11
27
19
29
18
31
22
21
19
17
21
28
29
18
17
17
16
15
27
27
11
19
17
26
17
20
22
18
28
28
18
15
12
25
9
19
23
14
22
33
21
20
17
21
18
22
19
26
18
24
19
21
13
15
15
19
16
13
16
20
20
24
19
27
23
16
19
15
17
17
21
20
20
20
18
25
22
17
17
18
22
15
23
16
17
20
24
15
21
12
18
15
20
16
11
20
18
19
16
13
15
16
24
16
21
14
22
15
28
21
20
23
19
18
17
16
25
22
15
19
18
22
16
20
19
12
18
20
21
24
20
14
22
14
13
19
14
20
20
19
27
24
18
16
13
20
8
24
24
19
17
19
21
24
23
22
26
18
19
20
16
21
16
20
23
20
31
27
30
16
14
17
28
22
21
15
24
24
15
13
24
16
24
28
24
22
16
17
25
23
21
16
24
14
16
17
18
18
27
29
15
26
19
16
19
30
23
19
22
23
21
15
9
16
24
19
23
15
22
26
19
11
17
25
22
18
26
28
24
21
17
26
24
15
21
13
17
21
21
21
22
18
20
23
25
19
15
22
28
29
17
21
21
19
17
22
23
17
22
24
22
20
14
27
21
12
16
23
29
26
26
14
23
16
27
19
22
29
22
28
23
33
26
28
21
24
20
19
30
18
19
20
19
17
18
21
18
25
23
28
19
25
20
15
25
23
21
18
18
18
27
20
24
26
23
22
16
23
23
10
20
38
25
23
22
19
21
18
19
24
19
19
27
32
29
33
26
24
19
25
22
32
19
21
23
20
24
30
24
28
19
26
16
23
26
19
27
21
30
28
21
22
27
20
17
26
23
26
21
27
12
27
26
24
22
26
24
23
27
22
19
33
27
22
33
36
33
28
24
31
34
28
29
20
23
20
26
30
31
27
34
21
24
30
21
23
27
22
23
28
31
22
27
35
29
28
25
29
34
31
30
26
20
19
25
30
25
28
25
20
26
28
27
25
38
26
22
18
28
30
29
28
25
27
30
36
22
29
31
23
26
29
33
23
33
31
30
30
34
26
20
22
31
26
35
32
19
24
32
30
28
24
26
28
34
29
25
27
26
40
22
25
39
35
31
30
24
27
34
22
21
29
29
20
19
29
41
30
23
25
28
24
33
26
32
28
26
28
29
31
22
31
34
34
32
12
25
24
24
29
28
34
34
24
22
29
26
27
34
34
22
27
27
20
28
36
25
29
36
23
18
33
28
29
23
23
27
27
25
23
26
33
30
20
26
27
31
20
28
19
28
29
27
18
38
25
23
20
32
23
26
17
27
17
36
32
16
33
33
25
19
30
24
27
21
31
27
20
28
23
20
28
22
19
21
28
27
22
17
39
21
24
32
33
29
19
23
20
14
23
25
26
26
25
35
32
18
28
17
22
18
19
24
24
25
32
26
20
13
23
17
24
29
22
25
17
27
37
28
28
27
20
24
27
24
23
29
19
20
18
23
18
19
23
27
17
27
23
24
29
26
19
22
21
20
27
21
19
22
24
27
25
22
25
23
27
16
20
25
23
18
21
23
18
25
19
18
32
22
15
20
21
18
17
20
22
21
20
30
17
21
22
14
17
25
28
22
19
24
22
16
23
30
24
14
23
26
20
37
29
21
15
21
17
29
26
27
14
20
17
28
29
17
23
20
12
27
20
21
22
17
30
28
19
33
20
18
17
16
17
26
22
25
17
27
14
20
17
23
26
17
23
13
16
15
15
26
21
29
24
23
15
22
21
21
15
15
30
27
17
26
26
20
24
24
24
23
33
16
18
18
20
17
20
23
21
20
21
22
17
15
17
21
19
17
24
23
19
27
19
21
30
16
19
26
16
21
21
23
26
21
22
17
21
18
13
22
19
19
30
27
22
13
22
24
22
11
21
20
15
20
18
25
24
24
15
23
21
21
16
17
27
24
19
17
14
26
23
12
12
20
16
15
14
19
19
17
22
32
16
21
11
21
16
19
19
21
14
18
16
14
12
24
24
22
24
15
16
19
17
10
15
12
28
19
24
21
19
20
23
16
19
21
24
16
16
15
15
19
27
22
17
17
18
28
16
17
23
27
15
25
28
17
23
19
23
24
20
17
19
15
19
17
26
20
20
18
21
17
18
15
12
27
18
16
25
16
18
12
21
18
20
19
22
21
16
16
17
20
16
27
16
18
25
18
26
16
26
24
17
23
31
20
15
13
26
16
14
13
16
16
20
23
23
13
22
24
21
23
25
16
15
22
19
14
10
24
19
30
19
21
28
24
26
20
17
27
21
20
11
15
18
16
12
21
16
17
18
15
18
18
14
18
21
15
20
18
20
22
13
27
24
18
24
20
21
27
18
14
21
23
20
20
15
18
24
19
18
25
30
15
18
20
23
28
17
21
13
23
17
21
17
16
16
18
16
21
25
15
14
18
22
16
19
13
19
18
12
18
16
18
22
19
16
12
18
23
18
28
27
19
14
19
23
18
17
18
17
8
17
20
17
14
23
18
13
18
25
17
13
16
16
16
20
16
18
16
23
18
17
16
14
18
18
22
18
15
31
15
14
18
21
16
16
27
21
22
19
21
20
21
11
18
21
14
16
17
15
16
21
29
18
21
15
12
16
16
15
27
20
15
32
14
19
26
18
19
24
10
17
23
17
21
22
15
18
24
26
21
11
16
15
21
21
22
22
14
19
15
18
20
21
18
12
18
11
13
13
14
19
15
22
13
20
14
17
17
18
19
16
15
32
15
11
17
17
19
14
16
22
21
19
16
20
29
16
19
15
18
15
16
19
16
18
22
23
30
21
23
19
25
18
21
22
20
17
11
20
16
22
20
23
16
13
12
16
21
16
20
20
14
21
18
13
16
16
26
16
18
17
15
15
22
17
13
16
16
15
11
18
19
21
21
12
14
24
29
14
25
16
18
19
10
19
19
20
16
13
20
21
26
22
17
12
15
18
13
29
20
23
22
22
17
20
21
23
21
22
14
16
18
16
16
17
16
21
24
18
24
15
21
18
14
13
20
13
19
13
19
15
19
23
25
16
20
17
12
20
17
19
24
15
24
22
16
28
23
15
18
17
27
23
21
19
10
17
18
19
15
16
15
14
17
15
15
18
13
23
16
18
21
20
20
14
17
14
17
19
13
22
30
13
21
19
24
18
21
14
25
18
14
16
20
20
21
16
16
19
19
23
27
15
13
17
18
25
15
18
22
14
23
21
16
31
18
8
16
19
22
14
16
19
22
22
20
15
21
18
13
26
17
24
18
21
16
21
19
13
19
13
21
17
20
28
24
17
18
19
17
17
18
22
17
16
12
20
26
22
12
23
17
19
14
17
23
15
24
18
16
16
26
21
20
20
20
19
21
12
25
18
20
27
9
23
21
14
9
14
12
19
26
27
22
21
22
20
18
15
23
18
16
24
23
19
22
17
25
19
18
16
23
20
17
14
17
18
16
22
13
14
29
22
25
27
21
16
25
19
21
17
10
12
17
23
20
18
24
15
20
21
23
19
22
21
19
23
23
22
20
9
15
24
17
22
24
19
21
19
30
22
19
24
26
21
18
22
23
18
27
24
17
21
18
20
16
14
15
25
17
19
19
15
24
19
16
15
22
22
19
25
18
27
18
21
14
14
21
23
26
19
23
20
23
20
14
19
12
16
19
16
24
16
20
11
14
12
23
13
22
15
24
22
20
19
33
18
20
25
18
17
19
14
19
15
16
31
27
21
19
24
13
18
20
18
23
21
19
22
14
25
26
20
13
14
16
14
19
24
24
21
11
17
16
22
17
15
25
17
21
22
19
14
19
18
18
19
18
15
20
20
21
34
17
16
18
28
23
18
22
19
22
19
24
18
23
19
22
17
20
23
27
14
19
14
16
15
15
18
24
16
24
17
20
18
24
22
16
28
22
13
15
24
12
22
24
18
29
19
12
20
24
19
15
23
24
18
23
18
24
15
16
19
29
24
22
20
18
19
28
22
20
19
14
26
17
21
22
23
19
18
21
20
17
17
15
21
20
25
13
24
17
21
24
32
21
26
31
20
21
17
11
28
12
29
15
14
21
18
24
22
14
20
26
14
26
22
20
15
15
22
21
21
18
14
24
27
22
21
16
18
21
15
17
21
16
13
18
28
21
22
21
23
28
18
23
22
14
14
19
24
18
24
24
12
19
15
24
21
27
24
18
17
18
20
16
26
20
21
17
17
25
14
20
23
16
22
21
30
29
15
19
25
23
31
17
19
23
21
20
19
31
17
15
21
28
18
21
25
25
23
21
20
22
20
19
15
17
20
19
21
15
22
22
26
29
21
18
28
22
20
19
24
20
22
20
18
28
23
25
28
31
25
14
25
22
27
22
24
21
20
18
20
21
14
20
21
13
15
25
9
19
17
17
28
20
22
20
27
34
21
25
21
14
20
22
25
24
21
19
28
27
25
18
18
27
16
17
21
18
23
26
18
21
23
16
25
23
21
25
15
22
23
20
26
30
19
22
23
20
21
20
32
23
19
27
19
26
14
25
20
29
22
33
28
20
26
22
22
15
21
16
27
12
17
26
31
26
14
23
17
18
25
25
17
17
22
21
20
21
27
15
22
21
16
21
16
28
13
18
16
28
24
22
25
19
20
20
24
24
23
17
19
12
18
16
13
19
22
20
31
25
19
30
26
26
23
24
16
20
24
17
22
22
20
21
20
29
23
19
20
12
21
24
15
26
18
23
19
18
15
24
17
18
18
19
22
19
23
19
13
27
22
26
20
14
29
20
21
23
21
18
19
22
18
21
15
18
24
17
18
30
14
20
16
16
17
23
21
23
29
24
13
12
26
21
10
22
12
28
21
17
25
24
18
13
24
23
16
20
19
21
27
23
29
19
20
19
11
19
25
20
14
19
22
24
20
19
23
28
18
23
20
22
17
16
19
21
29
24
13
21
16
14
20
26
14
24
18
13
16
17
24
19
26
26
27
20
24
20
26
28
19
17
33
21
27
20
20
21
18
29
22
22
15
13
19
21
16
17
14
22
14
12
14
21
15
20
7
23
18
17
16
16
19
12
13
24
22
22
19
17
20
26
15
22
23
12
16
21
19
17
13
17
19
12
16
21
15
21
13
12
19
20
17
18
15
16
17
21
12
18
12
14
19
16
15
17
20
14
28
18
17
13
20
13
20
13
16
18
17
13
18
19
27
12
18
12
12
17
18
22
11
27
22
12
17
15
22
17
14
16
16
21
19
10
17
4
12
12
11
10
11
16
9
11
18
15
12
18
18
17
6
29
13
21
11
16
16
18
12
12
14
13
23
15
13
16
18
11
11
15
13
17
19
19
20
16
10
12
17
14
14
12
9
20
13
19
16
12
18
10
15
15
11
18
17
11
14
12
12
12
12
13
11
14
11
19
17
8
11
20
13
9
10
14
15
11
14
14
13
15
17
9
10
18
9
15
14
11
15
16
9
11
16
9
10
12
9
7
9
17
14
8
13
17
13
13
20
16
8
10
18
24
16
17
12
16
18
16
11
11
19
11
15
9
10
8
14
11
13
11
10
11
12
13
12
9
11
6
5
7
7
10
13
13
3
17
12
14
7
6
14
12
15
6
9
15
17
16
15
15
12
7
10
9
16
8
8
12
8
14
7
7
24
12
11
7
12
10
12
11
12
14
15
19
20
12
12
8
10
8
10
10
16
8
8
16
7
14
13
11
7
13
8
7
8
10
9
7
14
12
14
7
11
14
9
13
9
7
12
9
8
11
10
13
9
9
9
15
9
11
9
10
7
11
8
6
11
9
21
14
10
6
11
10
8
16
13
14
12
11
11
8
10
9
11
13
10
8
11
9
6
5
14
12
5
12
9
8
13
14
11
11
6
8
17
13
9
9
5
12
12
8
11
15
11
11
7
10
7
6
10
10
10
17
7
8
10
7
13
15
8
13
8
14
8
9
6
3
5
11
5
7
4
10
16
13
11
12
9
10
12
10
5
8
11
11
9
8
11
9
7
17
10
6
10
6
13
8
8
7
10
12
8
5
13
9
7
7
12
12
5
10
9
8
11
8
9
11
4
7
4
9
5
7
10
8
8
13
11
7
9
11
8
8
11
3
9
9
9
3
13
11
12
14
9
10
11
11
8
10
9
5
7
16
2
2
5
5
11
7
11
6
9
9
10
9
13
6
3
13
12
6
9
10
5
8
8
10
8
3
12
12
6
9
12
14
7
12
5
10
8
14
8
5
6
2
6
6
7
12
10
9
6
9
7
10
8
4
9
9
12
8
9
9
8
9
12
9
11
8
3
9
6
8
10
11
10
12
5
3
8
9
11
8
5
8
10
8
12
12
4
5
13
4
5
11
7
6
10
11
2
9
12
7
12
3
6
5
10
9
3
12
4
6
7
1
10
5
7
8
8
5
10
11
10
4
11
10
9
7
6
8
7
7
7
4
8
4
8
8
7
7
9
5
6
6
9
10
3
7
9
10
5
9
8
16
11
12
4
7
9
10
6
8
9
5
6
7
6
4
7
9
8
18
4
14
5
9
6
2
9
8
4
6
8
8
5
10
7
3
9
5
7
9
12
9
6
7
8
9
9
10
8
6
9
9
10
8
7
5
9
9
8
4
5
12
3
7
5
9
7
8
11
7
4
12
8
7
5
11
9
8
4
9
7
13
6
6
6
5
3
13
6
4
5
6
6
6
4
11
4
6
4
7
5
6
11
10
9
7
8
3
6
7
7
5
5
8
4
5
8
6
8
6
17
4
8
9
7
4
5
6
7
13
4
7
4
4
11
6
6
9
8
9
1
4
9
10
5
11
7
4
13
6
17
7
3
13
10
9
8
9
8
10
8
8
12
8
3
6
4
7
6
7
11
5
5
7
4
6
9
12
12
8
8
6
7
6
2
8
10
4
8
7
5
4
5
3
8
3
4
9
5
9
7
7
6
8
11
9
8
5
9
4
14
9
11
9
9
9
11
11
9
8
8
7
7
6
6
10
5
5
5
1
8
4
5
7
4
6
3
6
10
6
7
4
8
8
4
5
9
4
9
9
12
6
4
5
8
8
4
5
9
6
12
6
4
7
5
9
8
7
3
4
4
7
8
8
8
7
10
5
7
10
6
6
8
11
5
6
8
3
7
8
7
6
5
5
5
0
3
6
6
6
6
3
11
7
8
5
4
6
11
10
8
7
7
6
7
6
7
11
10
5
11
8
9
7
9
5
11
6
5
13
7
10
3
10
7
8
12
5
4
7
9
9
9
10
8
5
10
8
4
3
2
9
8
4
16
12
13
4
9
7
10
7
10
9
5
5
16
9
6
5
10
12
6
11
4
14
15
14
12
13
9
6
10
6
8
9
11
11
15
8
5
5
9
8
8
5
17
3
14
6
11
7
7
13
8
7
9
14
9
16
10
17
17
8
14
13
13
14
13
19
9
9
12
14
9
10
13
9
13
12
6
14
13
9
20
7
13
19
6
7
19
11
14
15
11
14
19
13
14
14
8
16
13
16
10
10
11
16
18
11
16
11
15
21
13
19
20
16
17
11
15
15
10
24
17
14
18
21
17
13
24
13
18
23
19
26
21
21
25
21
10
18
18
17
22
22
18
26
24
10
18
24
14
19
16
24
24
23
19
27
26
18
17
14
23
16
22
32
13
22
29
24
33
31
25
26
18
20
31
30
29
26
28
17
26
31
25
33
21
22
22
14
27
28
34
31
27
23
37
30
28
33
41
28
43
34
30
30
33
29
30
39
32
21
40
37
47
33
42
50
38
31
31
39
30
29
36
32
39
29
37
35
41
30
35
37
30
43
35
34
37
46
43
39
43
38
31
42
28
50
42
36
33
34
38
30
40
48
36
43
47
33
42
35
37
50
54
50
46
43
49
44
44
44
43
48
39
49
41
47
36
46
41
44
51
53
56
51
44
54
63
49
44
53
39
57
53
53
53
48
53
58
59
63
63
47
51
51
43
57
59
60
54
53
57
68
53
40
67
62
49
64
51
63
54
64
63
61
55
59
58
55
57
73
62
76
60
61
61
72
57
52
53
55
48
68
61
66
59
76
70
71
68
59
57
67
63
48
53
58
68
56
65
64
54
80
66
56
63
85
71
77
78
64
61
75
59
67
67
64
55
66
64
71
72
60
70
59
67
83
55
75
65
62
77
56
64
62
71
51
71
60
52
77
76
71
63
59
65
68
56
77
70
79
71
79
59
71
67
69
59
77
72
86
50
49
63
52
59
68
59
68
54
70
64
61
65
59
53
85
65
65
67
57
75
70
62
57
66
74
53
63
67
58
63
60
47
65
59
53
71
66
70
59
50
59
79
68
59
50
62
58
59
50
61
62
63
65
71
61
70
43
59
61
65
45
48
48
66
46
60
55
59
63
51
67
58
53
46
66
58
60
51
61
58
42
49
53
52
43
48
53
39
53
44
56
40
61
54
59
45
66
44
45
52
38
45
43
44
43
49
55
47
45
38
44
47
50
48
44
45
44
45
47
46
39
44
51
47
42
38
47
42
46
35
45
34
42
41
41
36
32
37
40
37
50
48
43
41
39
36
42
37
33
30
41
36
39
36
39
27
35
34
35
34
31
32
47
38
30
26
36
39
29
26
34
33
37
32
23
33
29
23
34
17
20
27
20
23
23
31
33
28
25
20
20
38
27
25
27
24
17
35
25
32
22
17
28
26
29
28
16
22
20
24
20
25
22
17
19
29
22
33
27
23
29
18
31
16
19
31
13
29
16
22
18
9
27
17
19
24
22
22
13
19
11
26
17
16
21
25
16
17
26
17
19
20
18
11
17
17
12
20
17
15
19
17
13
8
18
12
10
23
20
9
14
17
11
19
15
14
16
9
9
8
15
18
12
12
15
15
6
16
16
13
11
9
17
10
15
11
12
12
16
8
8
12
5
8
15
10
9
13
14
13
18
15
7
10
5
10
10
15
13
9
13
7
11
8
5
7
17
13
7
12
17
8
6
12
10
8
6
10
6
15
9
7
9
14
8
5
7
7
10
9
18
11
3
6
7
8
11
16
12
10
8
9
7
14
11
6
4
10
6
13
11
11
11
12
7
7
6
9
11
4
8
10
9
10
8
10
6
8
9
12
7
7
5
8
2
4
10
7
10
10
5
14
6
9
10
10
6
8
11
6
6
10
7
8
7
7
6
3
5
11
11
9
3
10
2
8
6
6
10
7
5
4
10
5
3
7
5
6
7
10
9
7
5
7
8
10
7
7
5
5
3
6
12
8
12
9
5
6
10
3
6
4
4
6
4
10
8
7
9
3
10
3
8
5
7
2
6
6
8
10
6
7
4
4
8
9
5
5
2
10
7
9
5
7
3
9
3
5
6
6
3
4
6
10
7
6
8
5
5
5
6
9
5
6
4
8
3
3
6
7
4
7
13
8
5
8
3
6
10
5
7
4
10
5
8
7
6
6
6
6
6
2
5
4
4
7
7
8
5
4
5
7
6
5
6
3
5
6
7
5
5
5
3
7
4
5
6
9
3
6
5
5
6
7
3
5
8
3
5
4
9
2
6
6
3
6
6
5
4
6
4
5
7
7
7
4
7
3
2
8
7
2
11
8
8
5
6
8
3
7
10
3
6
8
4
6
4
2
7
5
9
6
11
8
9
6
5
4
5
5
5
9
6
5
6
10
2
6
5
7
5
4
9
9
4
6
7
4
6
3
5
6
4
3
7
8
4
5
2
5
3
4
3
4
7
9
4
4
7
4
5
7
4
6
3
5
3
10
4
10
8
4
8
7
8
4
9
5
5
6
8
2
9
1
4
7
7
7
3
4
7
3
7
5
4
2
1
7
10
3
4
7
2
8
5
4
3
9
5
6
4
2
4
6
7
9
4
3
6
6
5
6
8
5
8
6
6
11
4
3
4
4
4
2
4
5
6
3
5
9
4
7
5
6
3
9
2
7
5
3
6
9
9
2
4
7
8
7
6
5
5
6
4
6
4
8
5
7
4
4
6
6
7
5
7
4
3
9
4
4
1
3
6
5
3
6
9
5
5
7
5
6
6
9
2
3
10
10
7
6
3
9
5
1
5
8
7
7
8
5
10
3
5
2
8
7
95
91
83
92
109
96
100
84
94
97
69
103
85
98
95
95
89
92
89
99
93
100
105
116
75
82
86
88
105
84
90
104
91
98
112
100
96
86
99
110
86
85
86
109
110
89
96
91
97
103
95
103
114
85
102
80
97
75
98
92
96
116
96
97
116
111
86
78
91
72
97
109
90
88
116
102
92
82
87
98
82
89
81
84
85
89
84
88
82
107
86
88
83
105
96
85
84
83
99
83
99
79
92
87
95
79
69
69
82
75
84
85
99
62
94
66
79
72
83
100
84
68
81
85
86
85
66
30
