7
9
10
8
5
6
8
9
10
11
9
4
14
12
17
15
10
20
12
17
11
8
16
17
8
8
1
2
1
3
1
1
0
1
0
1
1
1
2
1
0
0
0
0
0
1
0
0
1
0
0
0
1
0
0
0
1
0
1
0
0
1
0
0
0
1
0
0
2
0
0
0
0
1
0
1
0
1
0
0
0
0
2
0
0
1
0
0
0
0
0
0
1
0
1
1
1
0
0
0
0
0
0
0
1
0
1
1
0
0
0
1
0
1
0
0
0
1
0
1
1
0
2
0
0
1
0
0
1
1
1
3
0
0
1
0
0
0
1
0
2
1
0
0
0
1
0
0
2
0
1
0
1
1
1
2
1
0
0
1
1
1
1
1
0
1
1
0
0
3
0
1
3
3
0
0
1
1
2
1
1
1
0
1
0
3
1
2
0
0
0
1
0
1
0
3
1
0
1
0
1
0
3
1
0
1
1
3
0
0
1
0
1
0
3
3
0
1
3
4
0
1
3
4
2
0
3
4
1
3
2
1
7
3
1
3
0
0
0
3
0
0
2
5
2
2
7
5
2
4
2
2
3
2
3
5
4
2
4
2
0
2
3
2
6
3
1
1
3
2
4
1
4
8
2
8
2
5
5
8
4
3
6
8
7
8
3
10
6
2
3
6
3
2
12
2
8
6
4
4
8
10
10
8
7
9
8
7
4
9
7
4
5
7
5
6
7
3
8
11
5
13
7
12
6
11
10
13
12
6
7
12
3
10
20
18
12
6
7
10
9
9
14
9
14
20
11
17
10
17
17
12
7
11
25
16
18
17
16
21
17
13
13
17
12
19
17
16
27
21
21
21
21
17
18
22
27
25
23
33
33
40
24
22
23
20
21
35
28
36
30
29
31
20
39
28
29
41
36
25
29
31
29
35
41
24
37
45
39
35
37
35
37
34
41
45
41
46
38
38
46
43
41
64
39
48
50
45
47
46
45
41
57
56
50
42
41
56
62
55
51
51
66
61
65
67
55
68
60
66
89
74
72
66
77
84
78
71
77
83
95
72
70
80
81
86
76
82
76
99
113
105
107
92
91
95
110
103
107
105
104
113
78
123
123
117
102
104
109
136
110
122
133
144
125
130
155
131
137
165
140
138
145
153
170
133
158
137
148
176
174
141
207
171
167
189
169
160
188
194
181
213
169
231
197
192
190
221
211
207
218
198
217
244
240
232
209
226
261
265
236
228
264
235
291
263
270
275
277
288
266
270
309
301
294
305
289
316
321
337
301
322
297
335
312
296
357
374
324
345
376
371
361
396
345
355
391
404
402
383
430
401
393
432
456
404
456
438
452
475
479
432
472
489
477
483
496
479
501
514
468
529
543
542
506
568
536
540
554
582
612
596
632
578
628
618
635
591
670
664
612
657
646
648
691
695
728
747
689
762
710
714
767
726
780
824
774
781
822
767
805
891
854
800
819
879
836
869
927
911
918
920
913
940
951
1004
956
947
913
994
1037
963
1040
978
1059
1129
1081
1139
1069
1094
1021
1181
1084
1208
1164
1157
1187
1180
1227
1243
1214
1166
1299
1295
1250
1334
1258
1326
1309
1307
1309
1418
1414
1384
1450
1420
1432
1489
1491
1511
1540
1495
1526
1513
1523
1566
1549
1588
1624
1573
1716
1608
1608
1735
1651
1731
1744
1810
1769
1783
1792
1793
1833
1857
1860
1855
1932
1953
1933
2003
1937
2013
1936
1982
2045
2041
2046
2081
2073
2038
2126
2133
2133
2232
2213
2244
2214
2321
2295
2261
2222
2262
2292
2342
2370
2461
2360
2473
2448
2433
2453
2557
2492
2533
2496
2567
2573
2633
2592
2693
2685
2721
2696
2696
2729
2760
2792
2836
2847
2806
2876
2774
2856
2985
3025
2913
3008
2982
3064
3042
3089
3125
3060
3105
3211
3218
3253
3248
3175
3215
3235
3299
3223
3239
3333
3424
3440
3422
3352
3469
3422
3557
3603
3355
3507
3679
3530
3645
3629
3538
3724
3662
3701
3675
3644
3651
3784
3749
3806
3794
3777
3774
3913
4030
3836
3896
3996
4038
3971
4033
3974
4055
4074
4099
3980
4121
4279
4159
4036
4292
4185
4352
4256
4238
4193
4396
4253
4391
4298
4400
4455
4484
4446
4362
4340
4421
4449
4538
4332
4561
4635
4613
4402
4554
4564
4528
4661
4722
4654
4631
4721
4605
4601
4783
4641
4708
4823
4743
4734
4700
4859
4948
4906
4829
4805
4865
4874
4849
4862
4942
5045
4855
4923
4930
4971
4965
4892
4937
4868
4827
4922
5008
5166
5061
5095
4964
4993
5103
5012
5077
5041
5117
5142
5103
5146
5106
5143
5062
5180
5036
5110
5183
5195
5155
5065
5140
5133
5211
5044
5108
5287
5306
5175
5198
5204
5194
5205
5136
5303
5181
5192
5209
5370
5344
5203
5245
5311
5380
5410
5496
5112
5215
5354
5316
5396
5401
5219
5357
5365
5465
5373
5332
5292
5214
5320
5453
5337
5413
5338
5380
5478
5513
5470
5364
5429
5471
5354
5446
5334
5431
5493
5412
5499
5445
5502
5406
5547
5498
5532
5454
5545
5455
5475
5609
5601
5612
5569
5579
5447
5444
5575
5650
5579
5845
5569
5656
5721
5546
5585
5703
5542
5702
5710
5593
5830
5699
5735
5803
5778
5843
5622
5645
5755
5734
5798
5805
5755
5713
5834
5803
5814
5717
5784
5873
5869
5883
5985
5836
5857
5882
5882
5929
5886
6025
5920
5874
5864
6031
6029
6078
6087
6057
6083
6044
6128
5983
5999
6120
6079
6149
6079
6237
5998
6050
6097
6128
6119
6103
6160
6056
6145
6261
6194
6178
6226
6180
6284
6205
6139
6195
6158
6287
6485
6377
6423
6289
6158
6358
6461
6287
6382
6476
6425
6441
6386
6498
6514
6449
6370
6440
6362
6573
6509
6568
6560
6570
6537
6482
6652
6626
6686
6640
6610
6696
6646
6453
6694
6669
6786
6851
6750
6589
6683
6745
6703
6824
6765
6736
6809
6786
6809
6682
6779
6731
6837
6834
6861
6971
6884
6755
6952
6886
6976
6848
6910
6789
6967
6911
7025
6963
6714
6999
7102
6951
6910
7185
7055
7013
7004
6966
6987
6932
7042
7070
6937
6953
7206
6882
7136
7102
7053
7183
7006
7031
7013
7121
7125
7252
7023
7072
7035
7085
7077
7062
7220
7058
7134
7241
7149
7199
7224
7186
7323
7218
7181
7260
7042
7236
7136
7241
7204
7153
7191
7137
7285
7178
7113
7320
7259
7236
7228
7236
7238
7230
7189
7261
6965
7178
7142
7295
7032
7307
7245
7088
7119
7078
7118
7296
7166
7086
7177
7310
7122
7090
7123
7075
7213
7100
7142
7067
7076
7084
7285
7051
7233
7164
7100
7242
7098
7212
7057
7126
7043
7070
7144
7064
7280
7068
7093
7176
7054
6972
7157
7111
7077
6998
6936
7120
6958
7238
7133
7151
7017
6998
6943
7094
6960
7047
7143
6959
7050
6996
6928
6943
7046
7009
6998
7101
6958
6872
6931
6788
6907
6927
7060
6960
7075
7021
6966
6999
6920
6972
6873
6773
6970
6921
6904
6937
6856
6892
6833
6838
6874
6879
6859
6795
6660
6715
6940
6918
6848
7080
6798
6739
6774
6803
6685
6626
6666
6786
6780
6746
6799
6816
6644
6683
6667
6812
6768
6800
6769
6657
6653
6731
6638
6703
6611
6721
6585
6625
6661
6629
6616
6737
6483
6583
6475
6533
6602
6694
6500
6719
6654
6665
6627
6546
6571
6634
6598
6671
6572
6563
6581
6540
6604
6613
6489
6533
6499
6516
6630
6507
6291
6503
6675
6580
6507
6676
6624
6581
6432
6410
6524
6602
6478
6612
6526
6545
6498
6449
6553
6470
6476
6545
6488
6403
6374
6384
6407
6391
6500
6345
6524
6452
6520
6453
6469
6348
6426
6363
6387
6447
6329
6524
6383
6250
6256
6346
6278
6380
6469
6347
6384
6433
6264
6431
6467
6359
6233
6435
6185
6233
6342
6427
6204
6422
6402
6308
6385
6334
6304
6283
6340
6416
6395
6394
6404
6090
6206
6229
6349
6400
6266
6281
6331
6353
6368
6345
6427
6144
6298
6077
6407
6292
6201
6222
6280
6346
6236
6171
6320
6215
6228
6212
6161
6307
6282
6316
6167
6250
6327
6268
6245
6086
6145
6014
6143
6228
6183
6186
6099
6260
6223
6286
6307
6071
6276
6009
6079
6084
6099
6299
6138
6140
5968
6036
6189
6172
6053
5971
6097
6087
6109
6203
6140
6094
6007
6086
6042
5989
6202
6150
5981
5977
5949
6098
6156
6025
6128
6018
6030
6060
6107
6101
6087
5958
5994
6020
6052
6058
6148
5977
6145
6111
6074
5930
6080
6128
5967
5976
6062
5836
6090
5927
5932
5943
6009
6178
6000
5915
5975
6028
5970
6181
6043
6100
6027
5982
6022
5940
6015
5909
6042
6027
6005
5766
6040
6157
6071
6002
5986
5993
6033
5846
5953
5962
6043
5933
6055
5943
5933
5850
5894
6040
5905
6013
5947
5926
5936
5978
5912
6008
5879
5927
5987
5869
5941
6026
5991
6041
6017
5895
5982
5931
5892
5730
5852
5919
5757
5960
6058
5933
5795
5748
5868
5957
5930
5998
5813
5770
5770
5943
5915
5793
5860
5889
5878
5926
5910
5823
5716
5943
5948
5774
5922
5918
5867
5862
5827
5937
5932
5893
5862
5824
5678
5842
5827
5964
5904
5642
5890
5711
5751
5783
5889
6016
5790
5915
5790
5785
5791
5857
5817
5922
5818
5883
5798
5792
5782
5931
5729
5800
5612
5750
5754
5680
5738
5783
5617
5870
5771
5807
5705
5758
5704
5818
5873
5764
5679
5745
5586
5675
5787
5897
5754
5613
5738
5686
5762
5713
5673
5737
5806
5658
5773
5812
5809
5792
5693
5596
5507
5611
5716
5752
5692
5846
5623
5652
5709
5588
5743
5737
5471
5681
5726
5679
5669
5660
5692
5615
5584
5658
5639
5586
5548
5698
5562
5662
5621
5688
5570
5612
5474
5548
5554
5732
5586
5586
5570
5499
5556
5616
5539
5621
5563
5695
5659
5587
5594
5518
5631
5646
5609
5489
5549
5581
5645
5489
5641
5573
5544
5705
5480
5652
5620
5503
5636
5396
5513
5566
5547
5426
5599
5418
5533
5434
5386
5565
5454
5422
5531
5502
5538
5429
5540
5491
5478
5374
5485
5514
5464
5496
5624
5693
5296
5478
5554
5509
5366
5372
5444
5468
5501
5497
5442
5597
5449
5451
5519
5493
5416
5412
5489
5517
5431
5562
5402
5434
5410
5390
5449
5570
5533
5452
5439
5344
5275
5455
5493
5418
5400
5413
5383
5472
5470
5474
5581
5388
5442
5553
5465
5420
5546
5439
5405
5437
5466
5345
5432
5367
5342
5367
5495
5382
5328
5445
5534
5427
5407
5481
5369
5396
5515
5374
5357
5344
5438
5391
5490
5406
5337
5422
5413
5386
5385
5506
5471
5409
5489
5417
5416
5432
5373
5360
5292
5316
5333
5380
5367
5406
5293
5366
5406
5392
5411
5423
5245
5365
5443
5403
5393
5442
5333
5426
5370
5427
5444
5555
5491
5373
5294
5398
5343
5295
5355
5420
5342
5434
5263
5438
5351
5339
5436
5280
5458
5356
5316
5328
5438
5333
5258
5390
5392
5315
5364
5296
5176
5251
5412
5326
5452
5279
5306
5473
5326
5302
5335
5434
5397
5200
5329
5344
5356
5229
5284
5106
5294
5349
5345
5368
5301
5479
5263
5322
5261
5323
5284
5270
5323
5306
5217
5244
5411
5114
5301
5264
5435
5343
5308
5268
5250
5228
5278
5200
5325
5246
5259
5252
5249
5287
5327
5225
5365
5194
5511
5211
5136
5274
5254
5344
5162
5300
5287
5368
5204
5294
5286
5189
5210
5415
5241
5191
5207
5264
5197
5253
5288
5339
5348
5226
5313
5470
5335
5239
5275
5209
5252
5250
4998
5286
5250
5226
5212
5254
5409
5222
5429
5258
5255
5226
5290
5233
5295
5231
5159
5222
5061
5334
5140
5368
5273
5241
5327
5367
5201
5229
5227
5191
5343
5216
5182
5209
5257
5169
5219
5213
5210
5256
5197
5121
5379
5217
5236
5197
5156
5269
5198
5154
5095
5168
5133
5146
5205
5097
5183
5263
5364
5264
5136
5253
5339
5304
5125
5298
5214
5138
5121
5173
5208
5292
5219
5279
5078
5260
5223
5210
5385
5243
5216
5166
5282
5194
5124
5275
5156
5203
5084
5114
5241
5153
5198
5296
5133
5219
5205
5184
5327
5072
5170
5201
5309
5169
5183
5085
5268
5188
5080
5129
5107
4999
5257
5124
5188
5226
5091
5036
5201
5281
5087
5147
5093
5122
5320
5085
5098
5180
5249
5171
5161
5264
5153
5129
5179
5095
5277
5220
5160
5109
5131
5240
5160
5177
5208
5117
5107
5108
5166
5089
5196
5166
5166
5004
5157
4972
5238
5175
5189
5094
5179
5118
5060
5102
5225
5141
5138
5064
5235
5159
5113
5190
5206
5042
5162
5159
5052
5034
5139
5209
5257
5062
5231
5157
5101
5088
5069
5093
5083
5003
5131
5115
5076
4984
5146
5266
5165
5075
5166
5065
5096
5212
5239
5089
5169
5208
5024
5167
5071
5180
5102
5243
4985
5096
5230
5126
5095
5059
5166
5176
5079
5038
5014
5147
5172
5247
5264
5122
5112
5059
5144
5078
5105
5089
5129
5113
5080
4998
5132
5121
5242
5113
5030
5056
5226
5260
5085
5013
5023
5111
5078
5103
5095
5216
5210
5252
5007
5177
5108
5020
5190
5123
5037
5084
5092
4934
5167
5182
5062
5127
4995
5042
4961
5168
5143
5056
5099
5169
5175
5063
5113
5077
5045
5180
5048
5077
5114
5284
5158
5048
5013
5035
5029
5022
5010
5005
5041
5021
5099
5083
5085
5119
5112
5090
5045
5115
5053
4983
5119
4966
5099
5158
4977
4964
5046
5159
5083
5050
5104
5026
4998
5057
5115
5008
5026
5124
5052
5002
5077
4954
4978
5278
5017
5195
5026
5229
4963
4970
5110
5151
5075
5061
5010
5118
4979
5057
5067
5131
5059
5173
5014
5058
5122
5055
5200
5065
5014
4989
5071
5149
5059
4894
5129
5050
5058
4900
4987
5056
5233
4988
5065
4911
4920
4864
5021
5108
4953
5017
5037
4958
5155
5034
4898
4988
5001
5119
5124
5040
5112
5058
5163
5026
5068
5010
5089
4954
4954
5098
4981
5008
4977
4968
4966
4917
5153
4987
5040
5106
5126
5023
5002
5141
4921
4995
4987
5097
4991
5081
5113
5062
5067
5094
4994
5131
5074
5140
5061
5042
4955
5062
5108
5049
4995
5052
5000
5053
5003
5111
4986
5066
5117
5035
5010
4922
5099
5014
4940
5053
5148
5037
4984
4985
5103
5011
5100
4979
4979
5048
5094
5027
4979
5136
5042
5101
5067
4970
4991
4991
5022
5077
4946
5063
5023
4866
5179
5056
5060
4966
4998
5111
5093
4955
4988
5024
5102
4961
5046
5094
5003
4952
5044
5006
4975
5025
4995
4996
4953
5024
5131
4989
4966
4985
4901
4978
5069
5003
5031
4987
5103
5016
4962
5051
5015
4954
5088
5102
5104
5023
5014
4995
5032
5081
4969
4973
4942
4936
5028
5115
5034
5002
4962
4991
5007
4969
5068
4975
4997
4986
4944
5101
4998
4925
5029
5047
4907
5025
4986
4925
5053
4944
5046
5065
5132
5043
4964
5021
5047
5047
5026
5034
5001
5029
4968
5182
5102
5067
5027
5077
4996
4977
5001
5039
5041
5013
5087
5043
5096
5102
4931
5006
5131
5013
4979
5149
5086
5038
5020
5064
5100
4960
4998
4989
5037
4907
4934
5153
5033
4977
5057
5154
5037
4959
5099
5146
5174
4907
5097
5024
5085
5019
4980
5037
4916
4993
5025
5034
5140
4906
5138
5065
5071
5138
5093
5036
4927
5050
5005
4974
5034
5092
5008
5091
5137
5112
5138
4958
5103
5078
5052
4943
5004
5114
5063
5010
5073
4983
5002
5033
5013
5038
5113
5133
4913
4976
4989
5069
5026
5050
5023
5030
5090
4961
5218
5140
4924
5022
5036
5200
5015
5040
5031
5114
5052
4947
5037
5047
5030
5072
5022
4994
5078
5043
5010
5025
5044
4976
5033
5041
5072
4997
5095
5056
5073
5076
4984
5029
4965
5028
4982
4877
4977
4961
5042
4946
5043
5070
5120
4986
5097
5019
4930
5083
5011
5146
5020
5064
5120
5136
4938
4900
5024
5031
5073
4986
5004
4987
4980
4871
5122
4983
5042
4993
5028
4947
5224
5074
5012
5068
4988
5045
5099
5034
5153
4939
5119
4957
5097
5193
4997
5099
5056
5040
5103
5067
5039
4989
4997
5110
5042
4998
5037
5091
5078
4975
5026
5097
5080
5062
4978
5049
5092
4996
5059
5056
5126
4948
4940
5096
5004
5002
5217
5069
4954
5020
5099
5123
5062
5092
5181
4981
4985
4911
5072
5064
5015
5067
4918
5007
5031
4989
5028
5056
4985
5076
4972
5021
4944
4986
4836
5015
5034
5026
5025
5062
5089
5060
5062
5039
5016
4992
5048
5038
5069
5064
5042
5072
5025
5033
5046
4997
4996
5037
5008
5151
4953
4955
4960
5001
5079
4986
4922
5036
4940
4963
4997
5075
5004
5085
5042
5059
5016
4956
5006
5104
5087
5057
4908
4971
4923
4981
5029
4970
4960
5070
4962
5122
5057
4964
5042
5099
5010
4966
4993
5024
5106
5016
5121
5079
5009
5016
5144
5121
5124
5035
5070
5061
5107
5067
5092
5055
4956
4883
5005
4899
5096
5102
5029
4975
5065
4983
5030
4889
4918
4913
5124
5039
4985
4881
4965
5089
4961
4982
5009
5096
5080
4898
5078
5027
4939
5008
4973
5015
4985
5015
4858
5025
5013
5126
4963
5047
4870
5080
5082
5065
4942
5035
4941
4957
5015
5050
5023
5005
4863
5108
5064
4979
4995
5003
4987
5074
4954
5029
4940
4969
5075
5040
4984
4834
5014
4981
4935
4974
5014
4924
4994
5083
4913
4894
4987
4990
5004
4888
4964
5061
5009
4995
4974
5006
4953
5047
4979
4983
5147
4942
5059
4982
4973
4980
4955
5049
4995
5075
4961
5063
4930
5050
4971
5086
4984
5010
4971
4863
4983
4978
4983
5072
5023
4973
5012
5027
5010
4910
5073
4914
4948
5070
5043
5005
4987
4874
4968
5015
4918
4929
4976
4944
4834
5005
5045
4943
4867
5078
4924
4946
5009
5016
5005
4948
4941
5059
4918
4913
5030
4952
4922
4907
5002
5029
4885
4980
5022
4995
4950
4950
4816
4938
4812
4960
4968
4908
5019
4928
4995
4990
4993
5075
5143
5035
4851
5032
4965
5045
5012
5003
5039
4973
4936
4904
4953
4918
4957
4918
4882
4980
4960
5002
5048
4971
4957
4987
4941
4911
5030
5045
4997
5037
4879
5002
4909
5013
4957
4892
4959
5055
5018
5019
5047
4920
5027
4922
4976
4989
4958
4978
5036
4936
5048
5023
4943
5067
4948
4997
4979
4917
5056
5098
5019
5133
5131
4958
5000
5084
4937
4936
5200
5094
5059
4986
5030
4976
4920
5078
5030
4997
4985
4984
5000
5038
5077
5103
5107
4981
4914
4996
5024
4968
5048
5089
5067
4926
5043
4906
4972
4933
5010
4813
5031
4935
4951
5007
5015
5048
5066
5002
5164
4961
4899
4972
4987
4995
5110
5006
4972
5078
5030
4948
5018
5068
4969
5078
5046
4923
5049
4948
5058
5083
5024
5086
5228
5077
4975
4913
5002
5067
5127
4973
5123
5039
5049
5056
4996
5073
5020
4962
5065
4991
4873
5183
5022
4920
4885
5031
5006
5050
5074
5009
4964
5015
4998
5141
5046
5075
4967
4963
5113
4880
5095
5187
5110
5152
5042
4965
5015
5132
5104
4952
5035
4846
5101
5019
5032
5080
5061
4942
5183
4989
4997
5082
5042
5000
4944
5063
4886
4895
5092
4971
5067
5034
4974
5094
5107
5035
5141
4948
5003
5105
4834
4988
4993
5069
4959
5084
4971
5111
5006
4878
5015
4949
5129
5103
4986
5005
5076
5133
4851
5028
5060
5164
4971
4975
5101
4924
5085
5216
5072
5032
4941
5127
5075
4937
5048
4977
5046
5234
5086
4954
5203
5036
5096
5127
5077
5103
5194
5201
5017
5040
5070
4939
5187
5137
5019
5103
5001
5018
5049
5049
5049
5087
4987
5137
5015
4956
5060
5057
4966
5042
4958
5106
5001
5000
5110
5023
5065
4884
5100
4964
5101
5055
5020
5079
5160
4967
5054
5116
4956
5034
5126
5006
5111
5129
5000
5005
4992
5141
5031
5043
5153
5090
5172
5064
5121
5034
5144
5214
5008
5114
4984
5120
5001
5082
5173
5234
5066
5103
5243
5030
5034
5125
5084
5017
4904
5030
5117
4973
5217
5192
5068
5037
5019
5157
4963
5064
5014
5108
5019
5145
5164
5120
5110
5050
5194
5087
5000
5208
5025
5242
5179
5177
4892
5124
5211
5048
4931
5052
4983
5142
5127
5141
5150
5063
5128
5002
5096
5065
5000
5032
5168
5023
5106
4978
5057
5230
5106
5038
5160
5027
5081
5107
5000
5169
5136
5164
5171
5299
5045
5265
5105
5231
5127
5046
5075
5005
5061
5083
5110
5168
5043
5137
5153
5195
4965
5212
5044
5291
5036
5148
5112
5102
5188
5190
5124
5119
5153
5169
5079
5333
5151
5099
5118
5177
5097
5264
5121
5114
5237
5115
5207
5144
5150
5060
5067
5157
5096
5133
5069
5064
5116
5109
5126
5210
5137
5262
5108
5080
5160
5250
5106
5137
5096
5167
5057
5068
5220
5133
5128
5163
5184
5108
5172
5108
5211
5130
5221
5123
5126
5199
5152
5109
5145
5135
5126
5094
5142
5176
5030
5163
5188
5062
5154
5128
5173
5200
5247
5162
5152
5055
5052
5244
5170
5173
5285
5091
5211
5175
5101
5147
5146
5065
5136
4962
5063
5141
5194
5083
5210
5129
5182
5145
5268
5125
5211
5274
5053
5154
5216
5231
5153
5069
5241
5281
5178
5209
5064
5141
5169
5289
5168
5104
5223
5164
5309
5081
5211
5106
5065
5323
5187
5144
5198
5115
5124
5061
5257
5288
5167
5309
5055
5170
5208
5226
5201
5362
5239
5328
5293
5049
5238
5122
5277
5281
5261
5146
5183
5243
5177
5177
5175
5225
5138
5198
5375
5385
5210
5252
5252
5180
5164
5190
5273
5175
5203
5257
5222
5146
5198
5201
5196
5327
5289
5259
5402
5146
5287
5289
5292
5167
5229
5287
5081
5290
5161
5399
5235
5255
5262
5020
5231
5195
5265
5264
5334
5165
5224
5216
5330
5284
5191
5232
5393
5194
5256
5128
5276
5173
5169
5157
5102
5197
5319
5257
5231
5276
5176
5180
5305
5241
5375
5175
5297
5358
5384
5122
5131
5331
5244
5231
5184
5234
5175
5238
5230
5239
5133
5202
5218
5357
5188
5276
5365
5174
5203
5218
5346
5343
5338
5285
5227
5218
5212
5349
5282
5116
5281
5377
5324
5269
5114
5341
5337
5209
5222
5119
5222
5353
5341
5313
5308
5062
5361
5336
5301
5290
5372
5165
5295
5277
5389
5299
5256
5071
5305
5219
5271
5285
5246
5198
5260
5181
5233
5294
5133
5273
5242
5365
5270
5243
5212
5232
5294
5225
5271
5112
5262
5282
5245
5196
5247
5344
5295
5311
5348
5156
5329
5318
5176
5312
5235
5353
5352
5305
5344
5318
5356
5438
5344
5350
5302
5340
5245
5348
5349
5353
5239
5421
5352
5269
5228
5315
5309
5306
5149
5376
5367
5282
5282
5241
5189
5287
5276
5308
5376
5247
5380
5375
5293
5398
5252
5351
5282
5382
5261
5267
5370
5404
5348
5175
5496
5341
5323
5466
5272
5394
5326
5376
5283
5409
5322
5375
5283
5315
5296
5412
5332
5475
5354
5277
5258
5264
5308
5558
5393
5321
5284
5241
5433
5353
5374
5433
5361
5334
5306
5432
5397
5393
5219
5292
5365
5267
5395
5283
5360
5342
5433
5445
5500
5448
5351
5351
5393
5344
5384
5443
5271
5389
5208
5372
5338
5281
5287
5400
5360
5264
5354
5389
5336
5370
5502
5423
5267
5518
5276
5359
5397
5424
5443
5337
5338
5441
5384
5295
5464
5461
5457
5306
5327
5416
5419
5451
5529
5352
5311
5334
5420
5321
5193
5477
5402
5494
5519
5299
5414
5362
5205
5393
5388
5436
5510
5429
5477
5312
5464
5291
5444
5377
5478
5371
5526
5467
5441
5380
5194
5405
5253
5403
5407
5527
5466
5373
5360
5357
5426
5470
5326
5403
5517
5355
5445
5476
5434
5445
5233
5449
5457
5508
5477
5484
5473
5477
5479
5290
5548
5425
5354
5309
5471
5501
5464
5461
5458
5486
5504
5421
5438
5541
5460
5426
5416
5479
5425
5439
5500
5463
5352
5450
5477
5479
5455
5459
5434
5495
5411
5429
5543
5401
5446
5458
5555
5399
5503
5413
5493
5462
5467
5560
5417
5490
5434
5383
5478
5401
5540
5415
5556
5389
5623
5500
5546
5357
5323
5433
5445
5519
5557
5492
5512
5447
5528
5458
5361
5359
5460
5496
5568
5390
5445
5463
5532
5420
5551
5440
5483
5469
5460
5617
5418
5537
5493
5540
5585
5470
5365
5538
5494
5429
5588
5504
5453
5540
5423
5514
5585
5601
5473
5492
5614
5518
5464
5464
5640
5694
5422
5582
5613
5674
5644
5539
5457
5634
5573
5630
5464
5516
5486
5563
5406
5627
5752
5439
5569
5611
5607
5625
5576
5624
5453
5599
5622
5628
5705
5659
5639
5722
5556
5532
5536
5584
5474
5573
5484
5541
5615
5537
5521
5560
5613
5606
5679
5652
5452
5467
5529
5556
5528
5604
5474
5621
5596
5626
5549
5603
5573
5706
5610
5554
5537
5706
5587
5561
5672
5538
5580
5554
5402
5657
5706
5656
5523
5773
5637
5636
5663
5509
5677
5569
5552
5562
5611
5656
5680
5507
5667
5531
5688
5694
5626
5596
5671
5598
5497
5558
5676
5609
5664
5588
5650
5605
5584
5681
5668
5429
5590
5610
5621
5623
5646
5611
5576
5575
5680
5724
5616
5642
5547
5618
5763
5794
5780
5739
5693
5643
5618
5601
5584
5607
5505
5668
5647
5441
5733
5670
5786
5791
5721
5674
5657
5624
5604
5614
5725
5782
5749
5651
5647
5670
5623
5714
5776
5804
5687
5793
5602
5720
5634
5670
5493
5618
5611
5663
5698
5775
5659
5719
5606
5865
5811
5855
5808
5701
5770
5644
5769
5721
5605
5667
5669
5716
5708
5702
5732
5964
5691
5730
5770
5843
5740
5710
5765
5752
5912
5763
5817
5706
5600
5886
5766
5748
5679
5778
5765
5758
5769
5647
5776
5808
5739
5776
5921
5766
5759
5733
5735
5734
5749
5800
5726
5661
5983
5901
5863
5808
5817
5797
5804
5770
5882
5733
5892
5765
5875
5851
5643
5939
5857
5921
5929
5794
5823
5904
5888
5784
5882
5756
5727
5826
5878
5802
5946
5789
5812
5733
5780
5737
5827
5878
6008
5939
5804
5815
5671
5840
5901
5802
5889
5971
5892
5854
5867
6015
5798
5779
5815
5873
5863
5915
5877
5930
5845
6022
5961
5927
5849
5959
5840
5835
5839
5870
5930
5983
5990
5900
5911
5948
5919
5914
6014
5914
5780
5945
6064
5949
6075
5896
5863
5856
6106
5949
5993
5960
5864
6003
6011
6047
5939
6042
5921
6005
5918
6026
5926
5991
6020
5997
6030
6024
6029
6071
6019
6172
6097
6082
5931
5997
6088
5997
6005
6120
5960
6035
5952
5897
6022
5770
5917
6023
6022
5996
5928
5998
6082
6025
6033
6034
6136
6089
6002
6038
6046
6012
6012
6056
5994
6041
6087
6118
5928
6104
6089
6061
6050
6099
6054
6164
6117
6041
6261
6154
6141
6094
6147
6075
6166
6149
6252
6059
6237
6109
6194
6194
6197
6251
6111
6179
6194
6188
6081
6121
6150
6163
6294
6165
6197
5997
6232
6089
6273
6144
6244
6131
6347
6159
6069
6168
6130
6253
6193
6201
6170
6168
6214
6179
6211
6235
6168
6247
6315
6180
6041
6132
6164
6274
6141
6053
6240
6134
6194
6135
6315
6181
6240
6175
6277
6221
6128
6038
6244
6275
6192
6143
6258
6193
6321
6187
6123
6241
6348
6287
6257
6309
6225
6079
6313
6122
6334
6334
6348
6210
6187
6315
6261
6145
6294
6254
6250
6350
6175
6343
6326
6240
6349
6211
6104
6292
6268
6311
6279
6292
6389
6250
6292
6320
6122
6232
6299
6305
6255
6298
6230
6290
6338
6368
6422
6410
6160
6279
6328
6359
6218
6183
6386
6356
6234
6303
6391
6323
6380
6309
6291
6247
6220
6241
6327
6320
6332
6244
6346
6305
6318
6554
6309
6253
6094
6378
6340
6278
6385
6356
6399
6325
6353
6318
6360
6349
6403
6282
6350
6293
6371
6229
6310
6389
6370
6298
6383
6160
6345
6345
6403
6462
6339
6298
6367
6435
6402
6297
6235
6273
6368
6395
6444
6406
6402
6317
6363
6498
6381
6488
6338
6484
6347
6490
6318
6312
6325
6366
6238
6423
6424
6435
6325
6331
6381
6298
6458
6283
6299
6541
6456
6357
6386
6204
6333
6318
6384
6445
6336
6265
6356
6441
6535
6475
6390
6488
6443
6408
6485
6412
6369
6421
6432
6321
6254
6505
6564
6469
6197
6423
6438
6372
6389
6364
6356
6401
6562
6233
6376
6381
6314
6300
6370
6454
6494
6465
6378
6309
6329
6318
6429
6391
6134
6244
6373
6331
6475
6370
6412
6473
6486
6290
6472
6407
6280
6476
6334
6429
6410
6466
6594
6481
6461
6380
6318
6457
6283
6333
6395
6384
6432
6362
6321
6257
6526
6459
6361
6453
6457
6348
6448
6382
6285
6609
6389
6482
6396
6441
6413
6468
6392
6400
6357
6448
6334
6500
6324
6494
6316
6392
6613
6316
6573
6497
6421
6232
6377
6368
6237
6406
6496
6385
6476
6347
6494
6308
6393
6485
6451
6473
6288
6349
6447
6450
6481
6341
6470
6525
6459
6437
6494
6364
6294
6222
6458
6385
6309
6232
6400
6321
6347
6303
6205
6487
6370
6486
6394
6414
6439
6431
6512
6214
6120
6274
6369
6410
6409
6410
6377
6276
6144
6300
6331
6551
6405
6341
6461
6368
6339
6340
6371
6170
6303
6129
6391
6359
6338
6312
6297
6403
6295
6236
6299
6302
6286
6115
6249
6183
6318
6410
6273
6405
6268
6275
6306
6313
6325
6245
6246
6309
6331
6268
6208
6217
6205
6282
6279
6255
6175
6313
6197
6218
6274
6233
6264
6346
6361
6287
6268
6243
6290
6273
6182
6326
6268
6277
6203
6096
6312
6107
6212
6275
6304
6195
6223
6371
6204
6130
6217
6211
6180
6198
6148
6180
6171
6085
6202
6138
6077
6162
6228
6153
6060
6134
6068
6084
6135
6040
6063
6009
5914
6136
6078
6110
6076
6128
6279
6121
6115
6098
6149
6105
6126
6203
6198
5912
6133
5989
6076
6087
6061
5863
6094
6052
6078
6029
6078
6161
5996
6195
5901
5875
5965
5929
5811
6087
5888
5904
5879
5866
5992
5950
5867
5922
5949
5900
5935
5957
5922
5929
5854
5849
5708
5828
5982
5873
5934
5757
5735
5907
5801
5770
5873
5742
5881
5906
5831
5825
5689
5838
5866
5749
5711
5794
5762
5726
5846
5758
5828
5746
5829
5757
5706
5828
5592
5627
5736
5829
5638
5643
5671
5731
5603
5770
5670
5715
5697
5651
5582
5648
5627
5672
5704
5504
5506
5431
5620
5638
5521
5543
5627
5558
5589
5555
5515
5546
5488
5586
5596
5551
5483
5543
5493
5505
5479
5388
5499
5474
5508
5487
5452
5621
5449
5537
5505
5390
5388
5429
5355
5326
5521
5427
5340
5311
5422
5408
5578
5339
5306
5392
5270
5313
5479
5339
5298
5461
5379
5337
5148
5185
5384
5297
5293
5355
5189
5349
5267
5298
5212
5329
5192
5222
5310
5150
5172
5201
5194
5262
5241
5218
5247
5184
5105
5087
5108
4977
5101
5151
5252
5111
5077
5032
5127
5243
5075
5078
5148
5103
5280
5060
4989
5046
5082
5030
4999
5167
5067
5048
5044
5062
5055
5036
5124
5037
5141
4991
5097
5104
5002
5086
5004
4956
4977
4932
5075
5123
5015
5001
5116
5077
4935
4978
4898
4989
4920
5043
4848
4901
4903
4784
4903
5013
5020
4880
4890
4934
4762
4940
4848
4928
4814
4840
4954
4859
4743
4792
4806
5049
4949
4906
4840
4929
4890
4865
4824
4695
4917
4742
4814
4811
4877
4728
4848
4756
4626
4846
4812
4800
4719
4784
4814
4710
4776
4841
4657
4707
4831
4772
4765
4738
4726
4794
4738
4647
4723
4777
4797
4616
4718
4639
4689
4738
4622
4713
4777
4786
4612
4486
4704
4768
4640
4619
4759
4629
4680
4622
4526
4607
4567
4598
4505
4606
4564
4634
4448
4602
4543
4697
4585
4695
4599
4727
4682
4640
4464
4544
4551
4660
4633
4603
4590
4638
4505
4738
4568
4443
4529
4562
4479
4545
4500
4519
4713
4714
4521
4617
4454
4541
4599
4452
4431
4436
4587
4416
4484
4519
4415
4447
4425
4377
4447
4407
4530
4500
4342
4519
4585
4519
4517
4573
4441
4396
4434
4348
4556
4486
4454
4431
4504
4572
4429
4453
4402
4365
4454
4383
4479
4454
4440
4527
4452
4364
4448
4414
4315
4474
4379
4474
4303
4466
4398
4486
4413
4444
4320
4492
4434
4308
4316
4343
4439
4334
4397
4272
4323
4381
4485
4454
4442
4337
4440
4360
4375
4280
4332
4346
4384
4351
4379
4425
4275
4434
4312
4424
4485
4393
4285
4323
4411
4301
4323
4342
4372
4249
4277
4257
4268
4210
4350
4355
4351
4264
4330
4356
4374
4406
4317
4300
4376
4228
4275
4184
4259
4425
4234
4388
4392
4302
4244
4273
4351
4297
4248
4313
4330
4091
4335
4312
4354
4232
4334
4271
4380
4169
4222
4257
4333
4330
4266
4342
4283
4314
4148
4308
4273
4314
4166
4239
4245
4270
4223
4239
4270
4305
4291
4318
4378
4128
4303
4328
4132
4257
4262
4356
4240
4215
4260
4224
4202
4342
4180
4135
4146
4233
4075
4349
4227
4225
4336
4282
4263
4168
4287
4169
4141
4290
4140
4253
4368
4168
4163
4126
4104
4144
4165
4275
4172
4323
4180
4233
4193
4162
4214
4202
4158
4256
4303
4167
4174
4181
4203
4134
4142
4103
4204
4112
4208
4144
4162
4181
4109
4108
4111
4198
4097
4165
4232
4199
4193
4253
4171
4150
4073
4213
4250
4061
4233
4072
4109
4173
4145
4229
4081
4102
4310
4092
4002
4234
4070
4116
4247
4081
4084
4126
4089
4200
4103
4011
4139
4178
4121
3924
4104
4006
4213
4005
4040
4039
4150
4105
4196
4059
4108
4070
4049
4124
4118
4044
4110
4084
4072
4148
4121
4032
4170
3957
4021
4080
4082
4149
4063
4003
4070
4026
4111
4096
4186
4057
4121
3941
4164
4114
4048
3974
4063
4051
4095
3984
4050
3949
4124
4095
4062
4028
4078
4026
4020
3985
4077
4171
3987
4017
3985
4083
4060
4006
4057
4043
3934
3909
4106
4002
3887
4000
4044
3891
3999
4097
3989
3997
4010
4005
4028
3968
4022
3998
4027
3964
3984
4102
4012
3923
4026
3883
3909
4034
3889
3958
4005
3949
4002
3885
3972
3944
4055
3992
3919
3931
3907
3903
3989
3967
3834
3894
3979
3934
3906
3905
3945
4055
3957
3871
3821
4037
3868
3956
3888
3930
3904
3828
3920
3875
3780
3966
3872
3834
3925
3856
3832
3832
3801
3815
3887
3830
3776
3807
3925
3817
3892
3701
3784
3854
3843
3868
3885
3790
3816
3834
3860
3844
3799
3750
3876
3703
3745
3778
3823
3918
3850
3848
3703
3892
3777
3659
3796
3757
3658
3854
3600
3801
3842
3722
3755
3654
3660
3685
3619
3786
3582
3692
3811
3593
3686
3644
3640
3777
3602
3645
3770
3662
3689
3673
3729
3693
3730
3823
3711
3622
3735
3675
3640
3625
3717
3626
3686
3504
3727
3629
3641
3588
3540
3582
3591
3660
3559
3576
3547
3581
3633
3633
3650
3541
3570
3602
3707
3583
3606
3670
3610
3556
3548
3557
3571
3458
3555
3609
3545
3601
3523
3707
3584
3535
3671
3517
3586
3627
3561
3516
3568
3483
3451
3413
3497
3530
3597
3660
3637
3479
3525
3519
3475
3576
3477
3488
3528
3463
3530
3462
3436
3463
3434
3502
3381
3451
3418
3445
3551
3419
3397
3435
3521
3499
3497
3529
3503
3474
3451
3441
3445
3453
3461
3480
3405
3423
3403
3394
3434
3463
3431
3461
3469
3417
3410
3426
3398
3353
3403
3448
3494
3495
3408
3446
3483
3476
3419
3410
3403
3443
3409
3300
3335
3309
3407
3426
3376
3509
3433
3492
3410
3494
3358
3502
3452
3393
3519
3443
3498
3505
3450
3426
3510
3449
3584
3378
3435
3450
3544
3549
3507
3538
3520
3487
3545
3534
3410
3478
3426
3454
3484
3470
3503
3564
3377
3560
3486
3532
3590
3525
3574
3468
3687
3563
3518
3588
3612
3577
3605
3679
3651
3597
3747
3663
3643
3523
3646
3612
3631
3737
3716
3717
3676
3641
3710
3634
3686
3676
3745
3663
3796
3827
3754
3810
3756
3820
3806
3801
3849
3867
3778
3858
3978
4008
3871
3907
3982
4060
3911
3886
4087
4097
4028
4003
3906
3955
4085
4025
3983
3958
4143
4093
4147
4145
4182
4046
4210
4270
4288
4258
4205
4263
4201
4272
4303
4338
4393
4336
4318
4421
4414
4559
4363
4541
4553
4553
4504
4495
4604
4644
4653
4602
4762
4773
4772
4720
4731
4731
4659
4596
4801
4798
4751
4856
4825
4925
4883
4985
4958
5101
4920
4823
5123
5070
5157
5148
5341
5177
5125
5419
5196
5214
5277
5233
5253
5396
5433
5309
5304
5463
5631
5730
5587
5732
5564
5781
5768
5848
5785
5882
5781
5852
5826
5849
5938
5821
6065
5997
5933
6111
6161
6054
6232
6247
6205
6286
6420
6414
6332
6542
6410
6541
6513
6593
6544
6472
6743
6795
6643
6788
6737
6799
6822
6881
6968
6977
7038
7104
6982
7083
7166
7286
7195
7292
7201
7532
7429
7341
7585
7574
7630
7633
7524
7602
7603
7853
7818
7916
7793
7987
7924
8062
7899
8042
8107
8232
8076
8377
8243
8298
8345
8385
8621
8471
8643
8863
8549
8559
8700
8801
8856
8849
9012
8841
8997
9038
9054
9300
9292
9190
9248
9387
9262
9268
9472
9680
9600
9728
9576
9834
9635
9859
10043
9772
9857
9932
9856
10050
10291
10269
10157
10316
10365
10488
10244
10467
10465
10554
10694
10590
10688
10731
10759
10851
10772
10958
11025
11065
11158
11038
11322
11261
11431
11279
11322
11298
11496
11587
11485
11656
11718
11834
11785
11738
11798
11738
11782
11931
12013
11865
11957
12320
12236
12100
12391
12321
12280
12256
12604
12500
12365
12472
12576
12725
12609
12639
12952
12733
12951
12903
13177
13047
13165
13141
13190
13339
13411
13116
13466
13273
13281
13330
13496
13471
13476
13361
13650
13440
13539
13472
13919
13823
13615
13871
13778
13880
13971
14139
14359
14026
14092
14170
14264
14364
14173
14241
14299
14366
14145
14251
14217
14509
14403
14442
14655
14837
14482
14826
14793
14860
14711
14623
14739
14832
14737
14851
14993
14879
14872
15065
14997
14911
14955
15195
14930
14955
14794
14991
15037
15338
15164
15223
15348
15104
15463
15282
15312
15440
15193
15064
15295
15319
15264
15313
15371
15356
15497
15227
15401
15346
15490
15631
15279
15432
15418
15446
15393
15430
15427
15555
15429
15546
15401
15598
15553
15374
15444
15602
15487
15611
15387
15498
15585
15162
15355
15506
15176
15543
15485
15254
15461
15382
15352
15482
15284
15124
15167
15287
15377
15424
15196
15203
15159
15203
15109
15123
15257
15144
15287
14992
15157
15125
15092
15106
15329
15150
15137
14982
14867
14711
14930
14992
14784
14726
14826
14966
14542
14614
14628
14629
14479
14503
14637
14493
14443
14410
14137
14291
14328
14384
14281
14478
14022
14150
14014
14030
13979
14181
14005
14006
13791
13841
13569
13966
13544
13792
13755
13482
13367
13420
13631
13547
13594
13389
13564
13453
13195
13377
13047
13185
13111
12913
13131
12977
13075
12852
12695
12727
12877
12616
12504
12554
12482
12549
12461
12562
12274
12131
12326
12108
12389
12030
11788
11941
11779
11844
11738
11595
11596
11538
11471
11446
11393
11441
11400
11468
11105
11128
10972
10870
10804
11052
10905
10755
10644
10640
10777
10719
10607
10626
10334
10427
10383
10321
10273
10039
10124
10249
9932
9971
9774
9734
9725
9764
9675
9410
9440
9548
9476
9242
9353
9211
9067
9065
8936
9125
8900
8912
8860
8694
8992
8537
8623
8703
8641
8343
8549
8348
8184
8193
8281
8208
8026
7954
7895
7896
7900
7850
7656
7854
7645
7562
7551
7275
7363
7394
7366
7292
7253
7138
7013
7153
6950
7002
6861
6903
6850
6780
6578
6629
6479
6541
6454
6467
6318
6353
6292
6272
6293
6133
6046
6026
5917
5877
5891
5920
5893
5717
5633
5588
5592
5627
5594
5471
5339
5513
5332
5301
5199
5292
5111
5243
4996
5094
5022
5035
4905
4827
4883
4853
4829
4688
4779
4646
4779
4617
4531
4545
4503
4376
4534
4433
4257
4327
4233
4190
4212
4202
4163
4028
4028
4028
4018
3951
3932
3755
3708
3773
3642
3715
3815
3648
3600
3551
3534
3484
3573
3482
3518
3373
3261
3340
3395
3307
3288
3246
3221
3132
3186
3066
3057
3023
2989
3081
3154
2998
2978
2929
2911
2894
2967
2853
2790
2747
2766
2786
2838
2740
2678
2716
2684
2715
2548
2635
2633
2640
2537
2550
2518
2552
2529
2615
2459
2465
2415
2410
2393
2372
2298
2281
2375
2351
2350
2268
2341
2225
2276
2212
2174
2223
2141
2189
2243
2148
2118
2171
2104
2153
2082
2104
2052
2030
2166
2137
2015
1985
1940
2026
1967
2066
1972
2042
1967
2044
1953
1927
1967
1948
1925
1929
1885
1948
1994
1971
1950
1833
1947
1882
1962
1953
1915
1867
1965
1895
1877
1846
1874
1894
1868
1930
1841
1843
1861
1918
1872
1880
1895
1930
1918
1873
1866
1872
1967
1903
1877
1946
1909
1860
1940
1943
1932
1985
1938
1922
1851
1934
1911
1927
1957
1922
1837
1922
1870
1900
1936
1893
1941
1982
1973
1950
1961
1923
1996
1981
2071
1991
1966
2054
2069
2095
2018
2057
2112
2148
2050
2130
2065
2171
2163
2144
2117
2146
2109
2159
2069
2187
2253
2226
2264
2205
2245
2297
2222
2305
2295
2242
2298
2413
2317
2320
2292
2442
2456
2354
2468
2435
2396
2551
2409
2567
2468
2593
2548
2620
2673
2621
2695
2696
2573
2663
2629
2719
2745
2642
2798
2845
2787
2783
2830
2737
2845
2861
2780
2931
2981
2833
2981
3025
2887
3069
3051
2950
3099
3022
3009
3220
3161
3306
3067
3268
3155
3313
3366
3433
3396
3445
3353
3256
3513
3455
3353
3589
3496
3675
3536
3648
3778
3616
3693
3713
3641
3772
3801
3940
3773
3858
3886
3883
4033
3921
3959
3952
4049
4031
4109
4144
4176
4143
4146
4136
4266
4227
4316
4331
4539
4415
4401
4459
4525
4612
4580
4585
4485
4694
4613
4700
4811
4819
4767
4934
4886
5001
4847
4944
4997
5183
5063
5050
5080
5172
5231
5288
5292
5232
5315
5484
5432
5421
5543
5623
5630
5568
5685
5675
5649
5737
5837
5708
5965
5898
5749
6031
6005
5889
6069
6121
6025
6153
6152
6362
6364
6322
6345
6302
6234
6625
6490
6647
6556
6598
6727
6673
6799
6693
6613
6769
6935
7007
7009
7062
7115
7072
7227
7205
7142
7293
7199
7373
7363
7438
7319
7356
7613
7684
7715
7708
7725
7633
7733
7929
7863
7870
7990
7862
7972
8135
8308
8238
8080
8238
8271
8353
8308
8323
8369
8367
8392
8428
8638
8528
8713
8649
8666
8900
8815
8965
8791
9071
9139
9150
8970
9140
9198
9208
9085
9290
9208
9431
9380
9370
9496
9476
9483
9622
9544
9861
9687
9690
9809
9829
9752
9987
10193
9809
10018
10008
10158
10052
10158
10472
10286
10446
10277
10509
10541
10400
10545
10485
10535
10696
10628
10692
10498
10808
10822
10895
10791
10803
10889
11027
10839
10921
11055
11132
11077
11091
11195
11174
11287
11372
11289
11321
11514
11448
11411
11509
11843
11490
11595
11668
11657
11665
11829
11909
11670
11919
11813
11903
11785
11871
11822
11937
11914
11889
11839
12054
12345
12054
12015
12084
12169
12303
12215
12183
12359
12318
12388
12327
12233
12343
12261
12426
12549
12493
12558
12500
12386
12563
12590
12518
12533
12625
12728
12652
12691
12713
12744
12674
12745
12780
12796
12832
12821
12700
12554
12964
12804
12792
12876
12967
12882
12924
12827
12912
12865
12925
12913
12861
13036
12945
12835
13087
12937
13160
13079
12807
12916
13094
12867
13049
13023
12806
12964
13053
12951
13021
12896
12917
12962
12963
13102
12988
12864
12914
13081
12937
12771
12940
12823
13052
12855
12876
12972
12867
12811
12918
12998
12700
12768
12749
12858
12722
12876
12651
12705
12769
12647
12561
12567
12547
12720
12508
12744
12485
12555
12642
12523
12471
12671
12371
12470
12425
12519
12376
12248
12325
12399
12382
12232
12161
12207
12286
11913
12077
12106
12182
12067
12224
12158
11991
12093
11998
11954
11878
11847
11967
11905
11706
11734
11752
11590
11726
11795
11661
11431
11464
11554
11733
11496
11443
11391
11468
11308
11164
11144
11222
11087
11045
11098
10772
10784
11104
10757
11100
10840
10997
10853
10633
10750
10636
10578
10530
10361
10466
10346
10292
10399
10256
10309
10373
10178
10012
10167
10108
10175
9955
10137
9764
9852
9800
9629
9773
9776
9596
9794
9535
9614
9537
9607
9315
9295
9359
9467
9308
9223
9080
9067
8966
8984
9067
9021
8807
8799
8777
8797
8586
8775
8578
8599
8786
8420
8370
8549
8328
8167
8152
8117
8198
8160
7997
8043
7980
7843
7870
7850
7790
7743
7677
7758
7532
7549
7496
7441
7583
7309
7396
7400
7264
7231
7344
7037
7010
6873
6831
6868
6743
6890
6762
6640
6603
6654
6656
6584
6459
6444
6390
6315
6307
6200
6301
6209
6163
6062
6056
5956
5856
5940
5942
6123
5758
5842
5746
5654
5482
5550
5336
5489
5437
5380
5254
5485
5311
5159
5154
5125
5008
5000
4918
4881
4978
4936
4903
4926
4703
4699
4718
4746
4651
4545
4485
4623
4481
4448
4502
4390
4205
4239
4319
4231
4242
4173
4056
4037
4046
4082
4069
3805
3860
3765
3818
3934
3785
3704
3804
3682
3524
3616
3555
3645
3536
3561
3475
3459
3311
3484
3388
3325
3280
3158
3213
3148
3144
3136
3092
3003
2958
3052
2947
2954
2945
2836
2876
2803
2767
2825
2770
2674
2735
2584
2636
2592
2534
2541
2504
2570
2553
2384
2448
2506
2463
2425
2312
2299
2379
2374
2287
2294
2188
2211
2158
2157
2168
2217
2144
2121
2052
2049
1995
1992
1983
2002
1900
2006
1854
1869
1899
1873
1830
1760
1853
1827
1818
1781
1710
1677
1645
1607
1610
1630
1629
1667
1641
1534
1542
1526
1526
1521
1447
1526
1471
1546
1438
1388
1455
1441
1359
1325
1364
1332
1375
1307
1329
1309
1306
1264
1259
1212
1187
1247
1233
1160
1177
1176
1166
1077
1110
1148
1076
1136
1128
1111
1079
1078
1070
1084
1044
1040
969
1046
1010
1010
949
993
952
1000
934
978
919
898
909
831
948
938
876
837
861
900
854
845
844
804
862
818
827
764
836
792
812
764
752
819
776
756
782
688
692
698
705
694
704
780
678
711
682
742
725
720
672
699
680
648
615
619
684
622
621
663
657
651
611
601
607
647
586
591
579
572
594
606
584
571
561
597
577
546
584
537
536
532
612
565
555
567
544
521
515
544
538
512
494
528
504
553
520
519
501
489
480
485
503
520
506
484
512
461
499
482
459
503
449
495
476
470
445
423
482
448
454
481
433
456
456
492
432
473
470
448
488
441
448
427
424
412
404
422
432
431
436
429
435
445
429
412
418
435
423
449
405
415
379
405
394
415
413
406
423
397
358
438
388
382
405
425
365
426
369
377
400
410
388
400
370
393
413
375
412
396
398
386
378
364
356
384
371
382
412
408
359
350
406
373
360
394
345
380
387
414
371
379
393
350
370
351
369
354
393
365
384
369
382
374
377
381
359
375
355
391
353
391
353
356
347
353
348
349
370
346
347
360
396
368
377
334
356
344
381
376
362
365
330
364
373
318
392
342
327
343
328
346
350
334
350
348
357
332
368
354
358
368
366
347
325
344
340
346
361
322
346
340
323
318
330
383
305
348
325
344
338
368
323
345
356
343
333
338
307
340
346
371
346
363
342
312
293
349
324
333
357
327
347
318
332
339
350
348
328
342
299
344
348
334
310
5793
5548
5762
5524
5612
5543
5671
5489
5505
5664
5613
5674
5690
5665
5706
5570
5569
5658
5512
5529
5506
5642
5578
5620
5602
5543
5480
5563
5358
5556
5454
5366
5389
5494
5345
5577
5654
5477
5525
5472
5453
5450
5392
5371
5535
5432
5338
5495
5407
5516
5473
5309
5457
5278
5242
5292
5378
5280
5353
5438
5377
5295
5497
5388
5319
5363
5427
5378
5365
5429
5198
5372
5164
5311
5184
5295
5220
5226
5149
5247
5322
5238
5320
5198
5145
5202
5266
5227
5157
5104
5187
5223
5073
5132
5170
5167
5257
5193
5120
5090
5218
5101
5161
5059
5172
5145
5168
5131
5173
5164
5065
4982
5093
5090
5162
5091
5150
5039
5111
4929
4926
4896
5104
5111
5022
4945
5025
2457
