0
0
0
0
0
0
0
0
0
0
0
0
0
0
0
0
0
0
0
0
0
0
0
0
0
0
0
0
0
0
0
0
0
0
0
0
0
0
0
0
0
0
0
0
0
0
0
0
0
0
0
0
0
0
0
0
0
0
0
0
0
0
0
0
0
0
0
0
0
0
0
0
0
0
0
0
0
0
0
0
0
0
0
0
0
0
0
0
0
0
0
0
0
0
0
0
0
0
0
0
0
0
0
0
0
0
0
0
0
0
0
0
0
0
0
0
0
0
0
0
0
0
0
0
0
0
0
0
0
0
0
0
0
0
0
0
0
0
0
0
0
0
0
0
0
0
0
0
0
0
0
0
0
0
0
0
0
0
0
0
0
0
0
0
0
0
0
0
0
0
0
0
0
0
0
0
0
0
0
0
0
0
0
0
0
0
0
0
0
0
0
0
0
0
0
0
0
0
0
0
0
0
0
0
0
0
0
0
0
0
0
0
0
0
0
0
0
0
0
0
0
0
0
0
0
0
0
0
0
0
0
0
0
0
0
0
0
0
0
0
0
0
0
0
0
0
0
0
0
0
0
0
0
0
0
0
0
0
0
0
0
0
0
0
0
0
0
0
0
0
0
0
0
0
0
0
0
0
0
0
0
0
0
0
0
0
0
0
0
0
0
0
0
0
0
0
0
0
0
0
0
0
0
0
0
0
0
0
0
0
0
0
0
0
0
0
0
0
0
0
0
0
0
0
0
0
0
0
0
0
0
0
0
0
0
0
0
0
0
0
0
0
0
0
0
0
0
0
0
0
0
0
0
0
0
0
0
0
0
0
0
0
0
0
0
0
0
0
0
0
1
0
0
0
0
0
0
0
0
0
0
0
0
0
0
0
0
0
0
0
0
0
0
0
0
0
0
0
0
0
0
0
0
0
0
0
0
0
0
0
0
0
0
0
1
0
0
0
0
0
0
0
0
0
0
0
0
0
0
1
0
0
0
0
0
0
0
0
0
0
0
0
0
0
0
0
0
0
1
0
0
0
1
0
0
0
0
1
0
0
0
0
0
0
0
0
0
1
0
0
0
0
0
1
0
0
0
0
0
0
0
0
0
0
0
0
0
0
0
0
0
0
0
0
0
1
1
0
1
1
0
1
0
1
0
1
0
1
0
0
0
0
0
0
1
0
0
0
0
0
0
0
0
0
0
1
0
0
0
0
0
1
0
0
0
1
3
0
1
0
0
0
0
0
0
0
1
0
0
0
1
1
0
0
0
0
1
0
0
0
0
0
1
0
0
0
0
0
0
0
2
1
0
2
0
0
3
0
0
1
0
0
0
1
0
0
0
0
3
1
0
3
2
0
1
1
0
1
0
0
0
1
0
1
0
0
3
0
0
0
1
0
0
1
2
4
0
1
1
0
1
1
0
1
2
2
2
1
0
0
2
2
0
1
1
3
1
2
1
2
1
3
4
3
2
2
2
1
1
2
3
2
2
5
2
4
4
2
1
2
3
2
1
4
2
2
1
3
2
5
3
3
1
1
2
3
3
2
1
1
2
1
4
5
2
5
4
1
1
3
2
3
5
1
3
0
3
2
5
2
2
4
4
9
6
4
10
6
2
6
6
8
7
7
2
3
0
3
5
5
8
6
3
9
4
7
8
8
2
9
6
1
6
5
3
8
5
6
8
7
8
4
9
6
5
7
7
7
9
8
12
5
11
8
13
12
15
7
14
8
11
12
8
5
7
13
9
15
8
11
11
8
15
11
7
14
13
11
12
10
13
13
12
12
14
12
10
13
15
22
9
8
23
25
8
11
18
13
19
16
17
21
23
19
25
17
14
14
20
17
12
21
21
13
21
17
27
26
16
27
23
20
24
16
20
21
20
19
22
18
16
29
18
25
25
27
33
17
21
25
34
38
38
42
23
34
27
31
29
27
25
29
30
36
23
39
27
27
40
33
32
36
47
26
33
42
33
33
36
40
56
41
37
43
47
30
44
39
35
39
48
37
53
50
45
27
41
43
47
41
53
38
42
49
50
49
37
50
59
50
50
49
41
61
49
48
63
51
46
55
55
49
65
51
52
61
65
62
62
60
65
60
55
68
57
73
57
74
87
68
66
73
75
68
78
88
68
65
73
76
68
73
84
70
91
75
86
77
68
75
82
93
84
91
73
92
100
76
79
63
105
76
77
85
87
88
107
88
84
84
103
109
111
92
84
104
91
99
120
124
92
106
95
95
97
110
106
113
119
121
111
133
126
127
141
100
120
105
110
139
123
99
121
106
127
121
107
95
112
119
124
117
120
106
137
123
114
142
125
139
115
114
130
121
117
132
123
155
139
123
118
129
133
145
133
135
121
127
116
133
151
149
145
142
138
140
155
129
145
124
133
150
145
135
162
122
141
146
131
143
132
133
130
165
141
123
122
175
148
138
152
148
146
144
164
163
143
136
158
130
140
140
132
140
162
146
164
145
136
136
155
156
151
134
149
142
142
160
151
160
136
141
161
157
157
157
146
165
142
145
145
132
153
143
158
142
148
133
148
139
138
151
149
129
150
126
136
120
135
160
150
134
128
137
138
138
161
122
134
129
165
140
132
119
139
149
112
142
141
139
135
137
134
127
154
119
109
125
132
148
131
137
123
122
120
133
134
134
126
129
119
119
133
137
140
128
130
144
122
132
128
122
137
114
123
125
114
127
124
119
125
121
127
144
121
146
118
125
133
122
128
116
135
117
94
127
136
109
98
118
119
128
126
133
113
123
106
122
132
116
129
106
118
122
134
115
123
116
117
106
101
127
118
118
105
129
120
104
119
109
121
115
119
101
121
108
102
131
133
118
128
117
121
116
124
109
92
119
124
113
111
113
120
113
118
113
109
110
127
114
115
106
139
112
114
107
113
94
113
111
101
105
106
103
105
129
110
116
120
113
99
107
125
114
88
117
107
119
101
113
102
91
111
113
107
110
115
117
109
94
97
93
96
116
104
99
114
84
109
105
109
102
103
96
93
97
100
91
109
104
111
96
103
91
95
104
102
102
93
84
100
92
93
100
101
91
86
101
91
89
83
97
89
99
93
87
93
93
90
107
93
91
92
102
95
107
100
85
85
97
123
89
96
105
83
91
86
99
91
91
105
89
117
104
82
93
88
101
88
98
83
95
90
89
91
88
104
71
83
98
97
88
80
83
83
91
105
76
87
84
108
90
100
83
92
87
90
101
93
80
104
78
79
83
83
74
96
87
83
92
86
90
73
100
110
99
95
94
72
84
97
81
91
91
79
85
96
92
83
91
79
82
74
88
84
109
72
70
95
91
95
89
89
82
88
81
83
106
78
79
112
83
76
85
86
90
101
89
90
88
86
86
92
91
90
99
92
105
91
87
78
88
108
86
90
100
71
84
97
76
72
80
80
101
103
82
85
91
89
89
113
82
80
72
88
107
101
86
107
93
81
88
111
95
71
76
84
97
82
102
99
100
84
69
91
92
84
105
75
98
97
85
92
84
94
85
92
95
91
102
99
80
86
113
90
73
83
90
83
89
93
77
82
94
84
89
78
82
74
75
117
86
83
96
88
91
103
86
82
97
97
80
81
102
92
81
93
101
85
87
106
91
93
92
88
97
82
97
96
100
87
90
104
71
102
90
95
94
88
85
99
76
86
69
96
82
89
80
86
108
82
105
87
103
84
85
92
108
83
76
90
94
85
95
95
87
75
104
91
95
87
93
95
83
96
95
100
91
90
85
86
93
106
102
116
63
88
85
95
86
100
79
90
88
108
95
94
110
83
107
92
88
100
82
77
81
90
90
83
95
84
88
87
88
101
98
75
78
91
93
96
89
103
86
90
86
87
80
94
80
83
99
85
77
81
77
94
95
91
69
89
82
96
76
84
100
75
102
80
94
98
95
83
84
85
102
91
92
114
87
93
85
86
76
97
100
90
95
90
82
84
83
84
92
85
107
88
87
77
89
101
96
89
76
98
81
83
89
81
101
101
86
89
90
91
99
84
78
76
103
79
83
85
75
89
87
89
95
82
94
103
78
80
92
97
73
107
94
100
73
83
81
74
99
90
84
84
95
80
80
91
73
81
103
81
93
79
79
74
86
96
77
87
106
115
92
81
87
85
85
76
76
78
90
66
96
73
86
79
70
87
90
84
96
90
82
70
104
84
94
85
77
89
83
90
84
87
86
93
75
96
88
84
88
80
87
98
99
80
74
78
87
88
85
97
90
92
88
91
73
86
101
83
81
77
86
90
96
94
84
70
95
89
87
75
73
75
90
81
88
81
86
96
98
88
96
94
103
95
74
87
87
87
90
89
79
74
80
93
92
84
86
87
92
93
80
101
83
91
76
85
111
88
90
83
88
91
87
88
98
86
79
90
104
78
66
112
85
69
73
100
101
85
91
90
90
93
94
81
92
91
83
75
85
93
85
89
87
102
91
78
84
111
89
91
87
75
82
83
87
83
82
85
74
84
81
96
103
86
91
93
81
102
101
79
70
87
94
65
82
75
77
72
89
90
98
86
74
91
95
91
96
92
85
85
101
83
82
99
85
74
85
69
87
76
74
84
88
92
100
86
93
88
101
70
77
85
84
84
87
82
82
85
86
75
81
88
81
79
85
71
81
93
82
71
89
93
88
85
77
91
86
87
73
86
87
85
81
98
95
92
83
88
83
86
76
84
80
85
85
77
86
71
98
105
86
75
72
66
93
69
75
77
85
76
102
88
64
93
74
96
94
81
83
71
90
97
80
80
83
65
86
77
76
76
84
92
79
81
82
72
87
66
68
88
88
70
86
85
85
93
71
96
75
71
87
71
87
94
77
85
80
77
90
73
90
83
59
76
94
76
97
82
92
79
75
91
100
77
74
64
85
80
81
79
75
75
77
89
69
90
78
94
86
82
82
65
76
88
87
93
97
72
76
86
70
82
81
72
85
88
93
89
88
88
90
79
91
79
66
66
84
92
78
80
81
79
76
76
84
88
92
84
87
97
83
103
97
109
85
81
79
72
69
81
94
87
77
92
75
81
90
77
94
70
95
84
73
96
91
82
80
86
67
79
66
88
97
66
93
74
77
90
69
100
93
68
90
84
77
78
81
83
86
79
92
88
101
83
79
70
86
77
97
90
87
67
86
79
86
75
80
79
84
71
85
98
85
59
86
88
76
88
82
89
79
75
88
81
88
93
92
103
74
83
81
93
82
67
81
81
89
90
95
88
75
72
82
93
88
93
81
81
86
78
72
76
83
84
96
78
86
89
78
86
76
86
82
79
93
78
74
79
86
88
92
72
74
81
78
89
86
74
83
93
79
75
78
69
82
69
79
82
86
73
91
97
72
98
85
79
58
69
83
97
99
83
78
81
92
86
77
106
93
88
75
92
98
86
85
73
79
82
75
83
75
58
87
84
76
82
82
83
83
101
77
96
100
72
85
75
81
91
90
75
87
89
87
96
89
81
94
85
79
72
93
78
80
67
95
76
94
64
82
78
69
80
76
83
70
79
80
73
86
81
91
81
88
79
80
71
89
76
87
87
84
72
78
73
111
86
103
69
95
86
73
78
82
75
67
84
81
84
82
78
96
85
85
90
80
75
83
64
68
73
89
72
73
74
86
86
79
81
81
77
82
67
92
73
67
92
77
85
69
81
75
82
70
83
87
88
77
68
83
76
82
84
101
71
101
70
76
88
89
95
82
74
87
82
66
72
91
78
79
75
89
71
76
78
83
78
74
62
88
89
80
84
72
71
85
99
88
62
83
68
84
71
67
71
82
92
87
76
88
77
75
78
91
109
66
68
87
76
75
79
82
74
70
79
85
78
79
89
83
93
88
66
82
96
78
80
87
90
78
77
64
75
81
83
77
84
88
70
74
96
67
85
78
71
76
84
95
96
77
78
73
82
70
69
81
80
90
61
73
76
77
84
78
62
67
80
90
82
82
82
79
68
70
64
95
88
90
85
62
92
83
86
85
91
72
81
69
70
84
93
82
91
73
71
78
88
68
85
70
75
81
76
88
75
92
70
76
69
88
85
77
70
84
79
75
78
79
58
80
83
90
83
76
77
76
76
90
91
75
64
74
70
65
87
83
66
79
83
77
79
71
81
81
69
90
87
89
81
80
81
82
92
95
66
94
89
85
78
73
93
85
83
80
79
71
88
57
96
76
64
72
81
75
67
61
61
74
95
77
87
79
79
76
86
87
80
74
81
81
78
74
78
59
68
91
81
97
71
73
86
85
89
68
84
78
78
76
76
90
73
85
82
70
89
91
96
80
86
77
69
76
77
69
85
80
80
84
70
82
77
65
67
84
97
76
96
69
76
72
85
74
89
65
79
85
95
87
84
82
77
77
84
88
71
85
65
84
74
67
84
87
67
79
79
74
80
96
89
75
69
84
75
90
76
81
73
85
82
96
92
82
88
73
73
93
86
80
85
70
75
98
87
70
96
67
74
83
79
90
72
83
78
76
78
66
67
83
69
74
96
82
82
88
87
89
90
69
79
94
73
73
91
64
85
76
67
74
86
79
82
87
76
70
84
84
88
79
85
93
75
83
93
77
80
87
88
78
77
81
75
63
82
78
81
81
80
82
92
69
88
77
77
89
86
109
60
77
75
77
83
65
87
86
66
67
81
72
80
87
70
70
70
77
81
78
90
79
75
70
77
75
84
81
67
69
76
79
68
85
64
88
74
78
85
87
68
92
73
71
66
78
71
73
85
83
90
76
67
83
80
94
71
77
87
81
73
84
79
89
82
79
74
72
72
94
86
65
72
80
78
78
84
77
85
64
98
78
93
94
75
94
72
80
67
76
76
95
63
82
84
71
109
85
78
86
80
79
92
69
78
93
90
87
85
98
93
89
71
88
83
86
69
82
78
90
80
62
79
68
72
59
83
71
80
81
80
72
75
82
93
72
86
83
82
91
93
78
75
86
83
82
73
96
86
71
83
79
82
72
97
86
74
75
75
67
83
87
89
73
96
73
82
78
90
94
80
81
75
80
84
88
74
74
84
79
94
74
68
91
88
72
88
87
90
74
74
77
97
77
81
78
91
94
71
83
74
86
66
79
78
79
85
81
79
60
60
85
81
88
78
83
76
88
81
90
62
96
99
80
74
92
80
81
81
76
58
83
75
87
76
87
81
95
89
87
92
83
94
88
88
78
91
88
99
91
92
78
64
84
70
76
84
86
85
74
88
77
85
85
82
78
86
74
88
91
82
78
83
91
75
74
77
90
74
88
80
81
88
73
97
83
85
78
83
89
74
84
90
87
79
75
78
79
79
95
97
78
71
70
74
80
92
77
82
98
87
107
93
79
73
77
82
73
70
81
84
76
77
93
78
69
88
80
79
92
77
81
87
83
73
86
73
73
88
87
77
89
75
72
90
77
80
72
77
90
78
62
82
76
90
85
96
77
82
103
84
91
72
84
82
78
93
80
78
90
76
68
85
80
94
102
89
94
95
91
88
67
72
79
83
78
90
91
75
85
87
83
78
82
71
79
88
68
72
93
77
73
89
84
85
83
90
90
73
78
84
73
85
62
81
79
87
97
83
79
83
92
72
86
106
77
93
95
67
76
81
81
80
65
81
85
81
82
76
57
92
87
78
86
65
80
87
87
73
83
89
89
85
81
80
95
79
83
80
83
86
88
81
89
93
90
82
70
90
91
74
93
89
86
80
74
72
93
83
96
79
80
93
75
93
90
98
83
85
72
64
71
96
69
74
96
82
80
85
85
96
88
83
82
72
91
74
79
80
85
84
83
76
84
73
81
74
59
81
88
85
76
92
77
94
78
83
93
92
88
94
99
89
86
75
94
101
84
95
87
101
93
89
105
95
88
90
90
83
95
68
90
84
97
81
98
84
78
106
97
89
79
80
79
108
94
85
83
89
83
78
81
76
88
75
84
89
86
77
69
78
95
96
76
91
64
79
80
95
89
79
89
80
91
67
73
80
104
88
88
101
86
96
91
75
76
86
93
82
74
68
79
78
104
89
94
76
95
92
98
88
105
78
86
90
85
83
57
95
87
74
95
74
78
71
67
95
76
83
82
73
83
63
74
90
67
90
75
69
84
82
93
85
64
82
97
90
81
85
103
97
85
78
91
86
84
84
83
76
86
100
80
88
80
75
87
76
82
93
90
80
92
87
86
78
92
88
94
83
80
84
89
89
89
82
93
97
90
74
88
80
87
80
86
85
74
102
81
78
98
79
76
88
94
72
78
103
85
96
95
87
94
76
92
90
82
91
81
82
94
88
99
88
94
75
75
92
88
101
91
77
103
88
93
62
84
94
87
86
91
83
86
80
93
78
83
94
75
103
76
98
81
86
90
81
116
97
92
94
74
90
81
77
83
82
78
79
83
95
88
93
94
85
84
102
99
87
87
80
86
96
92
81
79
96
91
88
80
71
79
87
87
85
76
85
87
84
90
95
67
91
76
83
89
103
92
72
90
92
91
85
82
76
90
88
72
79
76
99
88
79
104
91
86
94
67
89
85
89
92
92
77
86
99
81
79
93
91
92
99
90
87
79
91
93
87
90
84
83
84
74
81
99
90
85
70
99
89
98
97
83
97
80
72
84
95
81
89
85
105
86
79
92
87
97
87
85
89
73
75
92
85
99
81
93
104
86
78
105
79
95
77
111
80
82
79
81
78
86
97
92
87
93
87
95
103
72
87
85
93
83
96
100
74
86
90
84
63
84
87
116
83
86
110
91
63
100
84
91
86
107
100
84
87
85
83
87
93
99
97
94
96
87
94
87
100
97
93
102
86
93
89
103
93
93
86
84
88
87
92
94
88
91
91
74
103
75
80
77
91
98
89
106
108
90
80
84
89
88
99
90
107
84
94
95
87
83
94
104
74
85
87
74
95
86
98
79
83
80
91
85
101
88
82
92
102
97
99
99
93
94
89
102
80
89
93
74
121
87
107
98
91
98
93
87
99
93
89
75
76
102
99
106
103
96
90
101
100
95
88
116
81
105
105
85
86
79
99
89
78
109
90
106
101
83
77
101
96
91
105
101
102
98
108
108
119
112
84
90
103
103
79
96
95
89
106
91
110
110
94
117
96
81
93
81
102
91
102
100
98
94
103
95
93
74
105
98
78
107
100
103
95
89
98
103
91
90
67
102
99
82
98
103
103
90
86
111
103
89
124
95
90
109
109
87
101
101
106
102
104
103
102
89
89
115
103
100
117
99
107
98
104
94
98
110
107
107
109
105
103
97
95
76
105
98
123
116
102
115
84
108
124
99
105
96
113
103
116
119
88
86
102
115
96
94
102
88
87
104
98
86
86
112
94
114
100
94
93
87
104
83
84
88
100
80
117
83
98
93
101
72
100
93
101
101
101
97
99
98
89
103
106
98
88
105
101
100
80
106
118
127
111
99
107
89
106
97
94
91
106
100
126
102
97
106
96
109
110
106
99
103
101
99
109
123
114
97
85
100
109
113
112
114
75
104
114
114
86
107
104
122
98
97
91
111
95
91
83
105
101
83
113
95
110
104
103
98
101
108
87
84
102
106
85
96
119
101
107
108
113
87
90
101
110
86
123
93
112
115
119
108
102
108
108
114
102
93
81
103
101
83
108
119
114
99
97
112
114
116
96
101
99
112
98
116
95
107
101
88
113
100
88
116
106
79
93
102
101
110
116
133
93
103
113
100
107
97
107
120
107
110
94
116
120
104
101
88
91
99
90
101
116
88
86
88
92
100
100
119
97
95
93
121
88
98
107
110
104
111
100
101
107
94
100
100
92
116
96
110
106
117
113
106
106
110
122
112
103
99
89
89
92
97
114
95
99
116
105
95
90
105
108
93
88
104
120
109
110
94
104
110
96
130
115
125
97
103
111
93
99
85
116
91
108
99
117
99
88
96
104
97
101
104
92
95
100
98
93
99
113
97
113
101
92
105
95
98
102
99
99
95
93
106
100
84
93
100
99
102
87
95
112
93
112
103
96
104
94
136
93
103
111
99
95
118
111
88
110
102
113
90
102
119
111
113
108
101
109
94
91
83
103
101
105
103
96
97
105
101
98
122
92
123
94
99
99
114
104
94
114
106
85
90
111
87
81
88
97
109
95
97
108
96
94
96
106
91
96
118
112
104
114
92
103
104
76
81
111
103
79
82
102
87
102
107
85
98
90
98
95
90
98
107
95
99
97
86
87
75
92
92
76
77
82
96
99
93
99
91
88
101
80
94
93
105
110
82
87
100
103
82
99
96
89
74
81
97
101
93
101
83
94
82
83
73
80
104
78
108
85
91
93
105
102
88
102
91
102
90
74
89
85
67
94
90
89
96
89
95
89
111
88
81
82
86
84
100
87
85
82
93
92
92
109
79
78
94
98
83
84
92
99
83
86
76
79
89
82
70
78
84
93
74
74
64
91
86
95
93
70
84
74
74
86
74
83
88
94
89
95
88
80
70
80
81
93
78
74
81
82
90
69
74
73
79
92
79
75
80
77
97
79
87
76
76
81
93
87
69
84
63
79
76
95
87
86
84
82
70
62
68
73
78
81
62
77
77
74
71
91
71
79
79
68
88
81
83
75
83
101
74
80
66
77
76
83
70
86
73
78
79
86
80
74
82
78
75
79
78
55
80
78
89
58
83
63
72
60
85
77
76
69
76
63
70
69
69
77
73
66
90
73
78
81
85
69
68
81
74
78
86
62
84
70
66
85
58
73
78
83
86
76
87
65
75
83
74
74
68
58
79
66
78
66
80
80
76
75
65
63
76
75
65
66
83
57
68
88
58
75
71
66
70
72
63
70
55
68
85
60
74
67
74
58
62
65
66
66
83
72
52
73
70
76
74
77
56
63
75
65
61
67
52
76
68
61
58
64
72
73
66
69
61
67
73
69
52
69
65
57
76
74
65
78
79
69
67
56
68
77
76
68
59
74
56
70
79
60
70
59
71
75
91
78
71
82
65
77
62
54
61
64
75
71
66
64
60
73
58
78
77
71
76
86
74
66
65
57
73
57
64
72
59
58
65
62
67
75
55
70
62
64
58
63
53
74
70
70
62
59
77
58
60
61
68
60
69
61
78
59
80
68
69
62
69
67
59
68
69
63
66
66
71
79
65
58
61
65
58
69
80
66
58
75
63
54
66
51
61
62
66
60
58
61
76
78
60
73
70
85
64
77
74
60
58
65
69
70
62
58
68
90
71
65
69
78
64
67
74
60
69
61
65
65
74
76
74
71
69
58
70
58
75
63
71
61
58
71
66
85
56
55
72
63
61
56
74
82
71
74
73
65
71
60
59
59
66
57
64
70
56
75
52
79
66
60
69
74
54
79
61
60
66
66
69
70
75
65
60
66
67
58
55
49
74
65
57
55
67
53
51
64
78
66
64
69
63
72
73
49
61
71
68
56
52
67
58
79
60
61
54
68
59
84
56
81
68
72
76
57
72
62
59
71
78
55
69
66
75
68
71
77
58
62
56
59
70
72
77
72
64
67
69
64
66
60
63
76
72
57
53
56
56
63
57
58
67
49
68
71
64
66
72
69
62
54
65
56
43
58
72
64
66
53
56
59
74
54
73
54
49
53
57
64
64
69
61
55
51
70
63
63
59
50
51
68
51
61
51
69
76
54
55
77
51
62
59
56
60
62
63
67
51
61
72
70
54
54
59
49
52
52
61
53
56
68
66
64
64
61
53
69
56
52
58
59
47
56
65
63
59
54
57
51
59
65
57
68
46
63
67
51
78
63
50
62
56
63
49
42
54
47
71
45
47
53
54
48
53
52
53
53
74
59
57
37
66
61
42
58
64
48
60
65
65
37
64
47
57
57
48
62
55
56
48
51
46
55
54
46
54
49
55
56
55
61
57
54
48
51
48
43
47
54
51
47
49
70
58
44
50
49
45
46
46
47
46
54
47
51
47
67
44
57
60
56
51
54
61
53
55
52
56
63
41
45
51
49
55
46
50
48
58
52
34
50
56
54
61
53
46
47
50
35
44
46
47
34
46
70
40
50
49
51
46
42
45
48
44
35
45
40
42
54
42
46
43
39
55
51
40
51
43
55
41
48
50
44
48
55
52
40
44
50
50
50
44
45
53
46
52
54
47
60
46
44
59
48
47
43
57
51
52
53
35
59
51
50
59
52
54
53
49
58
54
48
45
39
51
46
57
58
46
65
70
63
46
48
48
62
58
58
56
48
48
61
59
62
64
44
48
55
60
61
57
60
53
45
68
47
59
57
61
63
63
59
50
55
67
60
54
45
50
60
59
57
57
55
59
62
78
86
57
59
79
70
76
82
52
56
70
69
68
69
58
61
71
85
56
64
72
83
66
79
83
76
85
68
71
70
83
80
74
73
92
90
89
80
93
72
67
95
94
75
92
99
91
77
82
88
83
98
84
89
89
92
95
100
92
84
95
92
91
70
96
94
100
92
99
108
114
127
88
118
115
97
96
110
100
100
124
114
101
101
88
111
101
119
127
102
116
127
112
128
93
133
98
117
118
128
118
130
122
137
113
139
129
113
157
121
143
132
158
137
139
129
143
134
141
132
152
131
139
144
148
117
159
144
132
135
144
165
168
171
163
154
149
187
152
153
156
159
159
161
151
155
154
151
157
181
169
162
191
178
156
168
161
154
148
178
194
190
177
165
172
192
154
193
191
203
219
183
199
185
173
169
157
200
200
173
193
209
204
217
201
200
213
196
195
212
212
214
190
211
194
201
229
229
217
231
217
237
202
203
204
212
193
235
218
208
220
216
207
206
237
233
237
238
261
208
237
202
235
226
230
234
230
256
231
228
218
244
225
250
230
218
223
256
235
242
246
239
232
229
221
233
228
247
225
229
227
237
215
232
242
230
254
226
218
224
265
233
248
269
241
262
255
244
256
243
229
245
256
240
222
233
233
205
226
250
234
235
243
234
246
233
241
253
229
219
230
222
240
251
231
236
229
264
235
262
226
225
238
235
239
236
248
238
256
227
214
242
218
246
242
214
248
224
216
226
244
214
218
241
223
216
244
200
222
205
240
231
221
221
202
201
194
220
216
225
206
232
209
235
185
214
203
192
234
206
225
219
193
178
191
208
216
191
205
212
193
205
193
170
192
185
198
187
207
184
194
172
204
173
191
195
187
187
166
170
174
203
179
155
180
174
197
173
153
166
173
160
162
161
139
155
167
143
173
141
154
167
169
154
136
143
140
159
144
160
144
151
139
120
152
143
134
122
147
144
122
134
123
110
113
124
102
134
137
135
129
107
114
112
111
118
119
118
107
105
94
94
101
109
89
128
112
115
100
110
103
95
94
113
102
107
91
98
86
104
89
89
103
84
85
99
91
84
94
95
81
78
72
70
74
72
106
74
96
81
72
61
84
77
76
82
77
91
57
71
62
71
72
63
54
65
65
74
50
75
61
46
65
69
56
60
65
58
73
51
60
56
53
49
48
43
48
43
59
54
49
47
39
50
45
45
26
47
36
53
37
42
38
37
53
35
48
38
41
39
39
33
34
25
39
43
33
37
41
29
38
31
31
30
25
31
30
32
33
30
23
34
37
20
29
26
28
29
27
34
27
19
28
31
32
27
30
22
25
30
26
18
29
21
21
28
35
22
20
23
21
25
22
25
23
17
24
18
27
30
25
21
20
14
17
14
18
21
22
27
19
20
24
19
15
21
21
15
21
23
22
22
22
25
20
21
12
17
18
26
24
20
18
15
21
19
23
23
24
11
18
11
14
20
26
25
26
17
23
16
18
17
19
18
21
20
22
21
18
18
19
17
27
21
29
25
26
21
15
22
17
30
25
22
17
18
26
22
25
20
23
23
24
18
19
25
24
24
24
27
29
33
20
23
28
23
16
30
24
24
34
22
27
30
29
28
21
28
26
38
33
25
40
27
27
22
18
31
26
21
42
32
35
40
32
34
42
31
32
44
29
35
35
33
45
30
39
41
26
42
34
40
37
31
36
40
34
46
36
34
45
42
36
36
34
36
47
39
51
46
45
40
39
49
48
37
51
40
55
52
42
42
59
58
59
47
53
64
57
62
46
52
70
54
48
65
60
63
47
56
60
47
55
65
49
52
64
61
70
67
70
65
70
62
69
75
67
61
77
64
75
66
63
66
92
57
65
74
70
75
82
75
69
96
75
69
80
92
74
82
87
82
77
95
103
94
112
89
103
100
89
86
93
83
88
107
98
101
101
107
102
106
94
116
100
111
86
103
114
87
128
93
102
96
112
120
89
110
97
114
101
121
116
127
117
119
122
135
122
120
115
108
128
111
141
132
129
133
140
161
131
140
119
130
135
122
113
131
129
133
134
129
133
142
132
148
130
168
140
139
141
153
159
139
158
150
168
136
161
157
146
159
170
127
134
156
148
148
158
158
169
149
162
160
153
177
181
163
174
165
150
161
152
181
178
174
172
184
169
191
170
158
158
174
205
172
178
184
164
194
210
149
182
181
171
187
179
184
188
168
179
187
166
176
209
181
190
192
194
195
169
191
197
188
194
191
229
206
204
186
175
212
197
202
208
181
167
199
187
210
183
183
186
187
198
194
177
184
209
208
190
195
212
210
194
184
210
184
228
182
234
186
210
192
210
189
180
195
201
201
172
215
186
198
212
202
206
197
169
174
199
198
190
172
204
198
237
171
191
183
198
210
181
170
180
202
198
202
183
196
174
165
200
199
208
203
168
185
177
200
216
182
211
174
192
197
181
213
175
180
180
186
175
188
168
182
175
189
173
168
176
190
177
175
162
188
165
185
178
171
175
146
184
174
186
168
178
152
186
157
177
175
149
134
167
168
178
164
171
154
158
162
163
158
148
159
166
159
180
150
140
137
147
141
134
144
139
144
118
166
145
126
145
163
155
134
143
143
141
125
132
135
129
124
152
140
105
140
110
136
129
131
126
117
132
145
124
132
125
114
113
108
103
109
116
115
111
125
126
85
92
91
105
98
109
100
109
104
104
101
103
101
106
72
106
97
93
100
98
76
111
92
87
75
106
79
83
101
77
71
80
93
96
88
90
70
84
66
84
91
66
69
71
63
72
61
65
72
67
78
79
65
75
82
69
83
61
64
60
65
66
69
61
68
37
58
54
63
44
68
51
70
51
50
58
50
48
63
60
58
40
49
54
44
35
51
41
43
32
35
35
50
44
41
32
47
46
45
38
51
43
32
33
34
46
39
31
25
36
31
47
37
31
25
33
36
27
28
38
43
31
23
45
22
30
43
27
30
26
30
29
27
27
23
23
21
15
31
27
30
23
20
13
31
18
31
26
19
24
19
13
20
13
17
21
17
16
21
15
22
17
24
12
17
14
16
18
15
20
15
8
11
20
20
10
13
12
11
12
20
10
17
15
11
7
13
13
10
13
16
10
8
17
10
9
9
15
17
12
18
5
13
9
9
10
5
7
15
10
14
7
10
15
12
10
5
11
11
7
9
9
12
2
9
8
5
7
5
8
9
5
10
9
8
10
10
4
2
6
5
17
6
14
7
8
7
4
2
5
4
6
5
6
4
13
3
8
5
4
6
7
8
5
4
3
9
13
6
6
3
2
2
6
8
7
6
8
6
6
3
7
6
4
3
5
8
2
2
9
8
2
6
1
3
7
9
6
4
5
3
8
3
6
5
4
6
7
3
5
3
5
2
3
6
7
4
3
5
5
4
7
3
4
5
6
4
4
5
4
5
6
2
5
6
5
5
5
5
6
6
4
5
3
4
5
6
3
8
5
2
5
0
6
5
8
6
6
5
1
2
3
2
4
2
4
3
5
5
1
1
6
5
3
6
3
3
4
7
5
5
5
6
4
4
4
6
7
7
7
3
4
4
3
3
5
3
2
6
6
1
2
2
2
5
6
8
5
6
3
5
6
5
3
3
3
4
4
4
5
5
0
5
7
5
6
4
7
2
3
6
4
8
3
3
5
1
4
4
4
6
5
4
2
2
2
1
2
3
1
3
5
3
3
4
2
5
7
2
5
4
0
4
2
3
2
5
2
3
5
1
2
6
5
3
11
5
4
4
1
2
7
1
3
4
5
7
8
4
6
4
0
1
6
1
3
4
3
3
6
5
7
5
6
3
4
3
6
3
1
4
4
11
2
7
5
1
6
3
7
4
2
1
5
2
4
3
4
7
6
1
2
5
3
3
4
4
7
6
5
5
2
2
4
2
10
6
4
3
2
6
4
0
2
4
3
1
1
7
1
3
4
1
4
3
3
4
4
2
8
1
4
2
4
2
3
4
2
3
5
6
4
4
1
4
5
1
2
6
1
4
4
3
4
5
6
5
3
6
1
2
1
4
1
4
2
2
4
3
1
4
5
4
3
2
2
2
2
2
4
3
3
6
3
3
4
4
0
4
4
4
2
3
1
7
1
3
4
2
2
6
8
2
2
2
4
0
5
1
2
2
2
2
5
5
0
0
1
4
5
6
2
4
2
4
1
7
4
3
3
2
1
5
1
2
5
3
1
3
2
5
3
3
3
3
2
8
3
3
5
2
1
2
5
4
0
1
1
3
3
3
4
4
6
5
7
4
2
4
2
5
6
4
2
5
3
1
3
2
1
2
1
5
4
5
1
2
1
3
2
3
6
5
4
9
4
3
4
3
2
3
1
1
4
6
3
6
2
5
5
4
4
3
2
0
6
2
4
1
1
2
3
2
3
3
5
4
1
1
3
4
4
2
2
5
3
4
3
1
3
2
2
2
1
2
1
4
4
4
3
2
3
2
2
2
1
4
6
6
3
1
2
5
2
2
3
2
5
3
3
2
2
3
2
3
5
3
7
2
3
2
4
3
2
3
4
3
4
2
6
3
2
2
5
3
3
4
6
3
1
6
1
4
4
3
5
3
5
1
5
5
1
3
6
5
0
1
5
2
2
6
3
6
3
2
3
1
2
3
1
2
2
2
3
3
2
5
6
2
1
1
3
3
1
3
2
1
2
2
4
4
1
2
0
5
4
2
1
3
2
2
4
1
2
0
1
3
3
3
5
4
1
0
1
4
4
5
2
4
3
2
1
6
4
2
1
1
2
2
1
3
6
2
2
1
4
2
2
5
4
1
1
1
1
2
2
1
3
3
4
3
2
1
3
4
6
1
3
1
4
1
9
0
0
3
2
6
1
1
6
2
2
2
1
0
1
2
1
1
1
3
7
6
0
5
0
4
3
3
2
1
2
4
3
2
4
4
5
2
1
4
4
3
3
2
2
3
1
3
1
4
2
3
3
3
1
4
3
3
5
3
1
1
3
4
3
7
1
0
1
3
4
2
2
2
4
5
2
0
3
4
3
2
2
6
4
4
1
3
0
3
1
1
1
1
3
2
2
4
0
6
1
0
1
1
1
2
2
2
2
1
4
3
0
7
1
4
5
3
0
3
1
3
6
4
1
3
4
3
4
2
2
2
4
0
1
4
4
1
3
0
2
1
2
8
1
4
5
3
3
2
2
3
2
4
2
6
6
4
3
2
2
4
4
0
4
6
5
4
3
0
2
1
5
2
5
5
5
0
0
4
0
3
2
2
1
1
3
3
1
1
8
1
2
2
1
4
2
6
2
1
3
2
2
2
3
4
4
0
1
2
5
2
3
0
2
4
2
4
0
1
4
0
1
4
3
3
0
2
1
3
3
2
4
5
1
2
6
2
4
4
1
3
2
6
0
3
0
3
2
5
7
1
3
1
1
1
2
1
2
3
5
7
3
0
1
2
4
2
2
1
2
5
1
3
3
3
3
2
2
2
1
1
1
2
1
2
0
2
5
5
4
3
1
4
1
0
4
3
5
0
1
1
2
2
7
1
5
3
3
2
0
2
1
3
3
2
5
6
3
5
1
3
3
1
3
3
5
1
2
1
3
1
0
3
6
1
3
0
4
3
4
1
1
8
2
2
3
2
2
1
1
1
1
1
4
1
1
2
1
2
2
3
7
3
1
3
3
1
4
1
2
2
2
2
3
2
3
3
3
3
4
4
3
2
1
0
1
3
2
1
1
3
0
0
2
1
2
2
0
2
2
2
5
2
4
2
3
3
1
4
0
0
2
2
4
6
3
3
3
3
4
4
1
2
5
3
4
1
2
2
4
1
4
1
3
2
2
2
3
1
3
2
0
1
4
2
2
5
1
3
0
1
2
3
6
7
1
2
3
3
2
1
5
5
1
1
2
2
0
1
2
4
0
5
2
5
1
4
2
2
4
3
3
3
5
3
2
3
3
1
1
3
2
3
1
1
3
1
1
4
3
0
0
3
33
52
29
25
33
20
30
32
42
35
35
32
35
33
33
30
32
30
36
37
41
34
26
34
25
32
32
28
32
36
31
37
42
35
16
25
30
38
32
33
24
29
40
32
37
36
30
29
40
30
34
29
38
32
33
39
27
38
35
27
32
33
50
28
36
36
30
29
30
32
30
29
30
27
20
35
32
29
41
29
46
27
25
32
37
31
33
32
24
29
33
35
24
37
21
29
29
34
36
31
37
31
23
23
31
20
33
27
27
42
37
32
29
24
37
22
25
35
27
28
27
33
30
32
27
22
25
14
