0
0
0
0
0
0
0
0
0
0
0
0
0
0
0
0
0
0
0
0
0
0
0
0
0
0
0
0
0
0
0
0
0
0
0
0
0
0
0
0
0
0
0
0
0
0
0
0
0
0
0
0
0
0
0
0
0
0
0
0
0
0
0
0
0
0
0
0
0
0
0
0
0
0
0
0
0
0
0
0
0
0
0
0
0
0
0
0
0
0
0
0
0
0
0
0
0
0
0
0
0
0
0
0
0
0
0
0
0
0
0
0
0
0
0
0
0
0
0
0
0
0
0
0
0
0
0
0
0
0
0
0
0
0
0
0
0
1
0
0
0
0
0
0
0
0
0
0
0
0
0
0
0
0
0
0
0
0
0
0
0
0
0
0
0
0
0
0
0
0
0
0
0
0
0
0
0
0
0
0
0
0
0
0
0
0
0
0
0
0
0
0
0
0
0
0
0
0
0
0
0
0
0
0
0
0
0
0
0
0
0
0
0
0
0
0
0
0
0
0
0
0
0
0
0
0
0
0
0
0
0
0
0
0
0
0
0
0
0
0
0
0
0
0
0
0
0
0
0
0
0
0
0
0
0
0
0
0
0
0
0
0
0
0
0
0
0
0
0
0
0
0
0
0
0
0
0
0
0
0
0
0
0
0
0
0
0
0
0
0
0
0
0
0
0
0
0
0
0
0
0
0
0
0
0
0
0
0
0
0
0
0
0
0
0
0
0
0
0
0
0
0
0
0
0
0
0
0
0
0
0
0
0
0
0
0
0
0
0
0
0
1
0
0
0
0
0
0
0
0
0
0
0
0
0
0
0
0
0
0
0
0
0
0
0
0
0
0
0
0
0
0
0
0
0
0
0
0
0
0
1
0
0
0
0
1
0
0
0
0
0
0
0
0
0
0
0
0
0
0
0
0
1
0
0
0
0
0
0
0
0
0
0
0
0
0
0
0
0
0
0
0
0
0
0
0
1
0
1
1
1
0
1
0
0
0
0
0
1
1
1
0
0
0
0
0
0
0
0
1
0
0
1
0
1
0
0
0
0
0
0
0
0
0
1
0
0
0
0
1
0
0
0
0
1
0
0
0
0
1
1
0
0
0
0
1
1
0
1
0
0
0
0
0
2
0
0
1
2
1
0
0
0
1
0
0
0
0
4
0
0
0
0
0
0
1
2
0
0
0
1
0
0
1
1
0
0
0
1
3
0
0
1
0
1
1
1
0
0
1
1
1
0
1
0
0
0
2
0
2
0
0
1
0
3
0
1
0
1
1
2
1
1
2
1
2
1
4
2
3
0
2
0
1
1
2
2
0
3
0
0
1
0
2
1
3
0
2
0
1
2
0
2
1
1
2
3
1
0
0
2
2
1
6
1
1
2
2
1
3
3
4
2
2
2
1
2
3
5
1
3
2
2
1
4
0
0
1
6
5
1
2
0
4
4
2
3
1
6
5
4
5
5
2
3
3
4
5
3
3
6
7
3
6
5
1
2
6
5
3
3
10
4
10
6
6
3
6
6
3
4
4
3
7
8
9
6
4
6
2
8
3
4
3
4
3
10
3
4
7
10
7
7
9
7
3
7
8
8
6
11
9
6
5
7
5
11
6
7
14
6
8
6
6
18
12
8
7
9
3
12
5
8
10
13
5
12
6
14
16
7
11
9
8
15
15
9
14
9
11
14
17
10
17
11
19
19
12
10
15
11
12
18
15
10
12
17
14
16
12
19
16
13
16
13
18
14
12
23
21
19
15
17
12
27
16
16
12
17
27
17
21
22
23
21
18
22
21
11
28
23
28
17
11
28
25
19
23
27
25
20
27
26
20
26
22
23
25
31
19
30
26
19
22
16
23
21
23
23
26
25
28
31
22
20
26
31
29
38
29
26
30
16
26
32
32
29
20
32
36
33
31
29
23
35
29
27
41
36
32
27
44
28
37
31
41
38
29
50
37
41
26
28
45
33
34
37
46
43
45
24
32
31
39
34
39
31
46
39
42
46
39
45
54
45
48
37
42
45
36
50
54
62
50
40
42
38
50
58
52
34
44
45
40
50
66
62
37
36
47
46
47
45
46
47
51
60
61
45
66
40
51
61
50
45
46
55
54
52
46
45
49
58
45
43
58
51
53
63
60
54
51
51
56
49
49
60
45
57
49
49
49
52
64
54
58
49
53
54
60
58
54
70
62
58
51
65
63
57
59
55
64
63
56
45
54
45
60
52
73
57
58
51
67
65
57
45
53
74
57
64
49
62
61
55
62
46
47
58
65
69
60
57
51
65
51
61
50
55
50
66
56
60
60
55
56
38
64
57
58
51
60
64
66
68
48
54
59
51
58
53
53
55
63
56
62
53
42
54
66
53
50
49
43
58
51
55
63
47
57
52
60
69
57
61
63
71
60
42
50
56
59
56
56
68
58
59
60
61
48
62
45
69
52
50
54
63
63
50
58
59
71
54
53
57
62
54
50
42
46
61
71
49
59
62
62
57
64
57
53
64
48
54
61
59
70
50
68
70
88
53
51
73
56
53
75
55
60
60
57
73
56
60
45
74
58
66
60
66
69
62
65
61
47
61
67
76
59
54
53
65
68
65
67
80
74
57
68
62
66
55
66
53
56
67
62
73
76
68
87
66
59
51
63
66
70
62
55
75
68
70
67
72
80
57
47
76
73
76
66
72
61
68
74
68
69
65
76
80
73
78
65
66
81
45
65
73
73
77
47
57
68
57
69
83
91
73
74
73
77
73
74
74
80
65
81
84
66
75
71
86
64
73
83
70
63
68
71
65
81
85
84
73
58
58
73
74
76
72
83
66
70
81
75
57
75
84
69
63
74
64
72
83
75
85
84
76
61
65
89
65
60
85
78
71
79
69
66
68
70
66
72
82
79
88
83
69
70
73
87
76
83
83
77
78
63
80
77
86
68
83
87
70
78
76
77
85
75
77
86
69
63
77
75
74
82
71
82
62
55
81
64
73
82
84
88
88
73
65
82
80
79
78
78
71
73
83
82
79
75
76
86
91
80
78
68
64
91
73
94
71
80
72
78
71
77
70
73
84
80
93
68
80
66
76
74
88
84
68
78
79
85
84
96
80
77
76
69
71
81
77
68
81
66
81
73
88
85
83
78
76
74
78
82
66
85
82
81
65
82
57
95
80
67
65
71
69
79
67
78
84
75
69
76
76
72
88
85
75
70
74
74
73
67
75
74
54
82
64
62
60
61
80
87
59
68
83
64
65
83
74
72
64
60
79
75
58
81
60
75
56
86
71
77
71
71
63
64
71
71
63
66
83
76
49
77
70
84
68
64
56
70
81
69
72
84
65
64
70
55
61
72
72
88
77
66
77
79
68
84
71
74
74
75
71
62
64
64
82
53
74
77
63
65
75
68
62
82
69
81
58
74
54
67
34
74
70
65
71
71
75
63
78
53
73
78
65
77
77
76
64
75
58
78
70
76
67
55
56
73
56
61
74
68
69
68
78
64
67
57
65
60
58
68
62
52
65
68
67
76
56
41
66
75
60
64
68
62
68
51
57
64
55
79
58
68
79
65
80
69
67
60
75
64
61
62
58
61
77
74
86
64
60
75
68
76
63
62
58
57
64
58
61
59
50
73
59
64
67
66
70
64
73
54
60
60
65
66
73
75
63
78
69
62
48
52
68
61
63
66
51
63
60
61
74
76
69
69
68
71
52
72
64
79
61
69
64
62
68
55
63
61
64
68
55
66
56
64
69
68
65
58
67
70
76
71
60
70
56
58
53
53
47
74
78
71
78
53
66
56
54
68
60
73
61
70
77
69
73
49
54
62
69
60
72
66
57
60
65
66
56
57
51
54
53
64
58
59
67
71
61
61
65
57
55
56
70
60
72
72
63
75
58
57
63
62
59
60
70
67
60
77
60
57
57
56
72
58
70
69
55
59
69
71
67
54
71
55
69
61
54
53
55
61
74
73
65
61
67
60
46
60
76
56
58
65
54
64
51
60
59
68
73
56
66
67
70
68
64
60
52
52
56
61
87
51
65
62
62
66
45
53
64
46
68
62
62
74
57
77
60
73
70
54
56
70
58
61
63
47
52
60
61
66
63
64
64
68
56
57
51
48
60
51
60
60
50
63
74
68
64
66
54
68
55
52
60
56
49
53
74
58
50
65
64
63
48
59
51
57
62
65
55
65
63
55
70
58
57
72
61
69
50
52
61
43
56
73
50
65
59
67
58
50
47
55
65
47
47
59
68
63
54
57
58
68
77
72
49
53
72
58
61
50
45
45
58
50
64
54
55
53
50
55
56
51
45
64
62
49
53
49
61
62
46
68
58
56
62
53
62
48
54
58
70
72
54
49
56
47
72
67
52
64
63
50
45
48
66
53
59
47
55
48
58
66
54
52
50
60
61
58
52
43
43
53
58
62
52
52
60
59
51
63
66
65
64
62
44
57
46
50
55
55
62
48
60
45
52
55
52
59
57
58
57
45
53
71
54
58
42
53
53
51
71
46
58
56
56
46
63
58
54
63
51
56
49
50
68
61
55
53
69
54
58
47
49
47
56
65
62
45
49
51
46
64
59
51
60
49
66
53
62
60
82
61
58
49
60
61
57
67
56
48
51
64
58
60
55
50
47
54
45
48
52
50
62
42
42
57
64
52
60
62
62
55
56
54
48
53
53
60
59
54
70
52
56
60
59
55
54
56
60
60
57
57
62
51
61
57
53
63
62
53
39
63
68
49
39
57
51
66
62
53
46
58
54
54
48
44
62
63
65
45
52
54
56
53
58
55
61
54
62
56
58
55
50
54
56
58
50
49
52
51
54
60
44
58
57
54
52
59
54
68
50
50
46
59
57
62
59
55
62
74
58
48
56
55
47
66
43
63
51
39
62
53
55
57
55
60
48
48
60
50
65
52
52
53
46
51
45
41
61
51
47
51
50
58
51
47
45
56
50
52
64
39
64
37
47
47
60
61
53
44
51
58
44
55
58
55
53
52
53
54
56
50
41
62
42
55
62
49
58
59
45
51
56
62
56
53
63
48
49
52
52
56
54
55
54
52
46
58
50
52
59
68
53
47
50
62
51
50
57
51
52
55
54
60
64
40
54
42
51
51
49
42
48
58
40
51
48
49
56
47
64
55
51
52
48
45
43
56
52
51
58
64
45
52
53
53
51
57
57
48
52
47
59
60
43
47
55
63
54
47
55
46
49
45
39
49
47
45
54
43
59
58
60
39
45
55
48
56
51
60
55
55
45
58
51
45
58
57
51
51
53
53
64
48
40
55
48
54
43
53
60
46
44
44
64
47
72
56
37
50
65
65
55
50
50
54
51
54
47
52
55
36
54
48
47
66
62
66
52
58
42
49
52
49
50
50
48
44
54
50
58
46
68
38
62
47
43
58
49
58
48
50
48
47
58
56
42
46
50
52
44
34
41
55
43
41
54
58
56
51
57
40
41
56
44
49
51
58
55
55
69
54
56
56
58
48
50
60
56
40
55
49
45
68
58
41
60
42
49
45
48
48
42
57
49
58
56
44
43
66
47
58
50
44
44
61
47
51
42
51
50
53
38
64
61
58
55
49
41
53
55
58
58
44
51
52
50
44
51
61
49
51
41
45
59
51
61
51
57
42
43
50
54
53
44
47
61
54
56
57
50
61
57
43
54
66
44
52
41
58
75
52
54
60
44
59
58
44
55
52
57
48
46
51
50
61
43
53
40
50
46
52
55
49
50
67
40
52
54
50
53
51
47
45
52
47
49
55
58
51
46
64
47
48
47
46
44
61
49
58
39
54
55
59
62
56
56
44
61
53
58
50
55
56
48
65
43
44
45
48
52
59
58
70
53
49
51
50
59
45
50
53
48
53
48
55
58
48
60
57
53
53
38
51
51
57
48
60
48
46
40
60
54
45
53
48
43
52
47
50
45
56
56
50
45
58
62
48
58
50
50
61
61
53
38
52
53
47
59
35
59
53
64
58
46
54
47
51
57
57
40
58
51
54
58
50
49
68
41
52
43
39
49
49
51
43
44
45
48
52
47
49
34
41
45
48
46
39
42
55
55
63
70
65
49
54
40
67
53
39
44
57
38
44
51
37
51
64
60
61
43
49
38
52
56
46
51
52
62
56
59
56
43
57
58
53
47
44
36
36
38
48
38
50
41
42
43
47
64
51
54
62
47
52
52
53
57
61
42
50
45
47
60
59
66
48
53
57
62
57
53
47
37
70
48
50
33
51
57
57
44
60
50
41
49
41
45
62
50
61
44
51
52
46
63
59
69
46
56
52
50
53
54
53
45
54
35
59
59
58
55
55
60
47
44
58
62
62
63
60
40
54
64
52
42
47
36
48
44
56
57
51
52
50
49
47
52
55
40
54
38
45
61
46
52
53
53
52
48
50
61
61
62
53
44
39
55
47
38
57
60
38
53
50
51
54
39
53
54
60
55
51
51
65
50
49
43
56
48
51
57
61
49
53
59
60
57
64
45
54
56
52
54
57
34
47
55
58
44
35
48
46
53
42
48
53
53
41
57
49
56
51
41
61
49
49
52
51
48
48
34
44
52
62
56
56
53
49
53
41
48
49
49
37
53
50
47
56
44
33
42
51
63
49
49
47
62
53
49
49
57
44
37
59
69
49
53
58
53
42
51
58
41
49
65
40
54
51
36
56
42
54
65
68
42
58
40
71
40
57
50
60
45
51
49
51
29
39
44
43
51
41
54
43
56
53
45
52
57
52
54
54
47
54
64
53
44
46
49
54
50
41
58
37
42
50
55
43
40
46
46
50
46
47
43
64
58
46
48
56
59
59
39
43
58
43
55
36
51
47
45
76
49
46
54
58
55
51
50
50
49
56
65
51
56
43
48
57
44
52
54
44
69
56
47
48
63
45
47
53
55
48
43
50
59
55
44
57
51
55
62
45
50
60
50
47
42
51
45
39
52
45
55
38
57
51
45
46
51
58
42
41
58
45
43
48
46
45
56
64
51
51
40
45
48
57
38
54
44
51
53
48
51
49
38
46
54
51
47
60
47
44
54
62
39
52
44
53
54
60
45
45
49
53
41
52
61
45
56
37
51
38
52
51
50
48
56
48
55
44
51
57
48
49
46
45
38
47
52
52
54
50
58
44
45
80
50
56
50
48
40
51
53
47
53
40
57
50
56
50
49
31
60
50
57
38
55
64
55
54
52
45
56
51
43
44
41
54
51
45
46
55
48
46
35
40
62
46
42
43
65
56
41
51
50
44
58
46
42
44
54
49
54
39
53
60
50
46
54
56
41
49
62
57
51
52
49
61
44
43
47
51
53
48
52
51
54
42
43
52
53
44
44
61
56
48
47
55
55
50
45
49
49
54
42
49
38
49
42
52
51
52
48
46
45
41
46
50
38
48
57
49
52
55
66
48
46
54
56
44
38
49
47
43
57
59
41
52
44
54
57
60
53
44
47
49
49
39
39
47
55
55
49
52
55
43
54
59
43
58
51
46
62
36
47
56
50
49
54
48
41
62
57
53
32
51
59
56
42
45
53
39
60
47
46
52
49
52
41
56
46
54
52
41
47
46
55
57
66
38
51
44
40
47
63
55
56
53
59
54
53
45
52
51
54
53
60
59
53
54
53
49
49
39
48
52
48
48
55
55
47
51
49
40
38
37
58
50
41
53
44
55
45
43
48
53
45
44
57
58
48
47
46
47
46
45
47
51
59
54
43
34
49
51
48
47
52
50
50
51
58
51
43
60
66
34
52
46
47
44
55
50
57
47
45
41
55
55
48
50
55
41
49
54
43
50
41
61
50
53
53
62
55
60
50
48
56
59
52
45
39
53
42
49
43
47
50
46
64
59
63
49
44
48
44
58
39
57
48
57
50
56
33
51
38
52
44
51
44
65
38
53
45
57
52
59
57
35
45
55
49
45
45
44
48
57
54
58
53
47
45
47
54
50
58
51
61
47
51
62
53
59
48
51
59
48
37
49
43
54
55
53
39
52
50
45
45
55
64
56
60
47
57
51
45
44
54
53
39
57
62
52
51
49
44
52
46
35
45
47
45
46
43
52
64
50
45
67
59
61
60
50
56
39
39
57
45
46
44
48
46
49
46
45
42
52
63
51
51
56
44
46
45
53
53
53
51
45
51
54
49
54
47
38
41
47
53
53
59
54
52
49
57
53
47
42
45
60
59
62
48
68
61
42
42
46
53
45
47
53
50
61
47
57
43
51
53
40
47
60
42
47
51
47
44
49
54
45
43
56
42
41
57
60
63
56
61
49
42
40
52
50
43
52
52
45
38
60
57
50
43
52
45
64
48
42
44
54
44
43
55
51
47
53
48
47
55
42
49
43
50
61
50
48
44
43
45
39
44
41
45
61
46
53
48
45
44
50
53
50
50
45
44
42
49
54
45
49
51
54
45
48
53
51
56
53
55
61
40
55
55
54
44
45
51
49
37
46
61
57
57
50
53
50
41
56
53
62
50
40
52
54
54
45
52
48
49
37
53
53
54
55
54
45
64
63
46
53
43
59
46
42
45
53
48
49
54
58
48
46
47
53
49
45
52
47
46
50
40
52
52
67
45
49
49
55
51
48
49
45
59
46
51
52
57
63
53
53
55
57
42
52
61
56
49
51
50
37
52
47
56
59
50
66
53
57
61
58
62
45
58
46
37
60
54
44
66
48
47
43
47
48
55
68
45
56
55
55
60
57
45
47
50
46
57
59
46
49
50
54
56
53
41
53
50
49
58
58
56
45
62
51
44
57
59
55
56
50
57
59
49
48
57
48
44
37
39
66
59
49
57
65
58
52
44
56
54
53
46
40
58
57
63
48
53
50
46
59
57
62
45
59
65
53
42
52
44
59
62
56
60
47
55
49
57
57
51
39
48
50
50
46
48
62
44
60
54
53
53
59
45
63
52
46
47
56
71
43
54
41
44
54
56
42
53
48
64
60
53
35
52
54
54
57
45
53
47
44
55
54
39
47
46
48
50
42
56
59
51
48
51
46
43
45
56
42
47
65
53
57
46
56
53
61
50
49
61
42
49
54
39
46
68
55
60
54
50
64
58
41
64
45
59
60
59
59
56
46
57
67
60
58
53
51
56
46
41
44
46
34
54
56
49
46
46
57
57
44
46
54
51
46
56
49
50
58
41
55
53
47
53
34
56
39
56
62
45
53
52
63
54
39
51
43
55
69
61
40
45
47
59
55
41
48
63
56
54
49
68
64
54
59
58
48
68
60
51
54
64
43
43
57
48
61
47
59
53
45
53
48
59
51
52
46
42
44
57
63
47
49
43
55
54
64
55
53
42
53
56
65
59
51
51
59
72
44
54
41
52
53
52
51
55
49
48
49
58
48
46
47
49
58
39
45
48
45
57
48
35
68
52
43
55
55
50
66
57
47
52
55
40
60
54
47
45
47
49
57
52
42
54
62
55
59
40
43
63
52
53
55
51
58
45
57
51
62
59
46
58
44
49
47
55
52
47
52
51
51
51
51
64
50
56
55
63
46
56
57
50
48
52
52
56
69
63
52
53
51
56
63
35
50
61
63
50
64
54
69
53
52
50
46
56
62
51
43
39
46
50
65
48
57
45
40
71
56
48
53
48
49
61
42
49
57
49
66
63
59
47
51
45
40
56
52
55
67
53
60
46
60
56
53
55
57
67
51
47
57
51
46
45
50
61
44
61
64
47
47
50
45
65
63
41
47
69
50
54
53
48
60
53
59
49
47
52
62
58
61
57
46
65
61
53
48
40
39
71
59
52
53
54
56
56
43
54
53
47
49
54
57
50
49
53
59
72
55
47
55
55
43
61
45
71
66
50
59
53
57
56
43
55
48
49
64
67
52
59
47
50
55
52
49
44
56
52
55
56
55
51
50
63
57
62
49
48
56
56
58
52
48
62
52
50
51
63
54
48
63
53
68
58
62
60
48
68
58
50
41
56
55
46
54
62
45
49
56
59
60
49
59
62
58
53
55
52
53
48
57
63
51
56
55
50
73
64
65
57
55
48
49
53
52
58
57
63
54
42
51
54
48
48
52
62
58
53
52
54
53
55
52
68
61
53
57
59
68
66
53
50
50
48
44
43
54
53
57
44
38
63
71
63
57
71
58
53
63
50
58
69
47
44
54
54
46
52
54
62
48
44
56
53
59
52
53
48
63
52
55
60
68
48
45
48
59
56
56
52
47
58
47
55
61
56
51
55
61
49
58
49
65
51
55
59
66
39
61
42
46
63
59
60
52
50
59
48
52
51
58
54
45
70
48
57
54
68
62
54
65
45
43
44
56
65
52
58
49
52
45
68
60
47
59
56
58
47
53
51
52
61
60
62
61
64
48
52
56
61
48
59
61
58
52
63
49
60
52
54
44
55
44
65
71
51
48
56
57
63
61
71
52
51
47
60
52
53
56
64
50
44
64
50
57
54
57
52
59
66
39
53
52
50
53
59
64
44
58
50
52
52
54
49
57
54
70
51
55
48
55
62
46
64
51
53
51
49
57
69
67
49
57
51
64
52
64
49
53
67
57
62
67
59
55
68
51
64
63
58
65
58
60
55
50
55
56
48
53
80
65
46
60
62
51
66
62
47
47
48
56
54
61
55
59
64
67
60
55
59
59
66
68
58
62
53
68
64
57
59
64
49
58
75
61
49
64
61
56
58
54
66
54
64
69
49
56
60
66
68
47
60
62
47
69
53
72
50
59
52
52
68
59
74
71
55
64
49
60
63
61
56
67
50
65
68
71
55
62
53
66
46
52
73
61
57
51
55
55
71
56
72
68
74
64
55
60
65
56
61
70
49
47
78
75
56
71
47
69
44
49
70
62
79
51
65
67
65
79
57
55
69
70
69
63
64
54
68
49
52
73
51
59
55
53
56
66
57
69
62
68
70
49
66
71
53
70
59
62
49
69
67
64
59
70
63
56
70
59
66
65
60
67
54
57
65
56
64
73
62
54
64
59
59
62
64
59
56
55
56
64
59
56
72
66
70
64
53
64
58
65
54
62
59
50
68
59
72
63
56
57
56
49
61
67
53
62
75
69
62
58
41
67
59
51
63
74
62
67
60
72
74
76
62
57
64
72
67
67
73
57
68
68
49
81
57
60
64
51
64
76
59
65
52
47
70
50
57
64
63
66
68
66
59
57
58
50
59
42
62
72
67
70
46
60
59
71
72
60
69
61
56
61
60
66
62
73
60
53
69
59
62
66
65
65
57
51
62
71
65
54
68
60
65
49
75
61
57
61
62
58
65
55
56
82
54
53
70
77
53
60
62
62
72
67
68
68
71
57
66
69
58
55
75
66
69
59
68
60
67
64
58
69
63
62
71
56
61
69
61
72
71
59
58
54
59
53
76
78
60
58
54
54
56
52
67
69
70
73
67
51
66
59
69
67
63
69
62
56
60
43
74
54
64
63
57
67
70
56
69
58
50
72
50
61
62
61
68
52
72
68
73
67
58
63
75
55
67
80
62
71
51
64
58
67
53
66
76
68
57
78
72
75
70
73
59
59
74
57
68
66
56
60
69
59
61
66
53
68
70
53
65
60
55
74
56
62
61
48
64
62
78
81
80
67
57
61
73
66
76
63
52
56
51
53
61
48
65
55
74
88
54
67
66
64
55
76
55
64
65
67
54
65
56
62
73
47
70
64
73
76
59
69
60
61
50
73
56
66
45
60
61
74
51
61
69
58
56
53
71
56
52
72
71
56
56
75
57
64
53
68
58
68
52
74
67
68
62
74
67
64
59
80
65
52
78
66
62
65
62
65
60
61
64
65
73
70
56
65
68
63
51
64
65
71
63
61
68
69
64
60
56
66
62
63
67
71
58
67
64
67
61
51
66
54
69
66
51
61
70
64
63
56
63
69
65
60
48
53
66
55
66
62
54
70
55
57
67
63
66
63
55
64
56
61
51
74
56
51
61
50
59
54
60
63
62
47
62
58
68
73
72
61
66
63
66
59
57
57
58
49
64
63
72
49
54
57
50
62
59
55
51
63
58
47
54
53
54
68
64
55
55
57
58
52
48
55
66
53
69
61
52
71
44
77
51
78
65
59
49
55
70
64
51
69
48
71
47
55
58
43
53
45
67
46
65
67
49
36
56
74
64
58
67
56
50
60
62
59
56
66
58
55
58
78
57
72
55
46
68
59
50
74
43
67
60
55
62
65
47
56
41
55
53
60
54
53
61
59
64
51
64
56
57
57
52
58
60
55
60
55
53
54
64
43
64
54
51
61
45
43
52
59
60
49
55
53
58
47
43
55
56
54
54
50
64
54
47
53
62
65
46
48
62
54
49
45
45
52
40
66
52
52
50
62
52
54
40
48
39
44
57
51
46
53
50
57
50
56
48
42
48
55
53
53
51
38
45
44
49
49
52
45
44
57
34
50
41
39
57
50
42
49
39
54
46
46
46
52
42
39
52
48
48
52
55
53
65
57
55
49
62
60
44
45
47
53
55
38
46
56
48
55
54
55
55
51
58
39
60
45
48
42
44
47
56
48
48
48
55
55
53
62
52
60
54
43
45
45
31
43
48
32
52
48
37
40
50
54
45
46
41
40
45
47
57
37
45
44
40
52
47
56
41
41
55
61
45
41
50
35
49
45
50
48
58
49
53
38
50
46
45
42
40
47
41
52
39
46
43
41
40
44
42
44
48
46
56
54
43
59
47
45
59
39
51
53
52
52
60
43
29
48
41
48
51
36
48
57
42
45
53
39
45
49
46
44
59
48
49
50
41
53
52
53
47
35
49
36
47
50
37
49
39
43
42
36
50
35
43
48
49
50
38
54
48
34
32
38
35
51
32
30
59
40
43
45
42
43
39
29
48
37
52
48
51
34
41
48
57
37
40
37
59
49
45
50
32
42
41
36
36
40
50
45
37
37
39
51
50
34
37
49
53
34
45
47
41
46
50
41
47
43
36
54
44
37
33
48
39
30
41
35
44
46
51
38
44
47
45
36
38
41
44
43
52
40
38
37
34
54
49
39
32
45
44
46
46
38
31
49
39
37
33
47
35
27
51
38
37
34
43
41
38
43
48
40
38
42
45
44
38
43
44
37
40
46
39
42
33
30
40
35
43
55
46
33
34
26
33
38
47
41
32
41
39
31
44
48
41
32
40
46
35
38
44
38
45
50
34
45
62
38
40
39
46
41
32
36
40
32
42
49
39
42
50
37
46
58
41
41
33
33
38
46
42
33
49
48
51
30
44
45
46
41
43
40
43
41
41
51
36
41
45
46
36
42
34
40
33
43
39
30
42
44
35
25
49
44
44
46
55
29
44
45
35
30
45
54
44
44
44
51
36
43
36
48
39
37
31
32
44
51
35
31
34
40
47
33
35
40
40
44
47
36
29
34
36
38
36
36
36
39
33
39
46
45
42
31
36
51
45
23
32
42
45
39
52
34
42
46
51
36
43
35
36
44
38
40
42
46
44
38
38
39
33
39
27
42
42
41
41
37
40
49
45
27
37
46
38
36
62
25
39
55
43
46
37
35
40
39
37
35
38
38
41
53
38
40
36
36
41
49
42
56
32
43
32
44
43
40
38
39
50
38
39
39
46
45
41
38
43
33
46
35
22
38
30
39
35
36
41
37
42
48
29
38
41
56
35
39
39
28
31
45
35
39
38
39
36
32
33
27
39
34
40
35
35
41
38
40
30
35
40
40
33
53
30
30
37
32
37
35
39
37
35
39
29
35
33
42
34
37
31
35
31
44
46
30
37
43
41
39
35
40
41
38
38
29
45
27
24
46
39
45
33
35
27
35
25
30
34
34
38
31
35
27
48
38
26
52
29
37
35
33
44
34
39
32
42
36
32
25
29
30
36
34
40
43
42
40
36
22
35
35
42
32
29
34
31
30
45
37
42
30
35
33
41
41
29
39
30
30
31
36
30
27
36
34
34
34
32
31
28
35
30
32
43
39
30
24
35
32
40
39
37
37
40
37
36
24
27
33
28
29
33
34
39
43
38
24
48
48
31
40
33
32
40
37
34
25
41
32
31
38
36
37
33
31
33
31
29
32
29
23
32
22
37
33
39
28
36
42
38
39
40
25
34
30
30
27
29
29
27
35
26
42
24
38
37
42
33
31
32
29
34
27
32
24
31
28
26
27
22
34
29
43
35
35
37
33
27
38
33
23
44
28
23
23
34
31
35
39
29
25
30
27
22
30
21
28
33
41
35
37
34
35
31
34
27
28
29
30
29
25
32
27
35
42
36
33
29
30
32
33
40
25
36
37
19
48
27
29
41
36
29
30
40
26
23
27
38
40
27
32
39
26
31
28
44
25
33
25
29
43
36
25
33
34
20
30
40
41
40
29
28
22
25
31
35
28
36
38
30
39
41
19
32
30
45
31
34
34
29
23
33
36
39
33
37
42
31
32
29
36
33
39
30
33
31
42
31
46
36
38
37
31
20
39
37
30
36
47
35
31
32
40
33
34
39
39
36
36
40
35
29
38
36
35
43
32
32
42
35
40
40
34
37
52
43
33
40
40
44
39
35
35
40
50
48
46
36
49
53
33
53
50
48
46
48
42
39
35
55
54
51
41
49
55
35
48
51
44
51
58
45
41
45
41
48
47
56
49
54
54
56
38
48
48
57
62
55
65
59
62
50
57
48
58
53
62
63
46
57
58
49
56
62
54
68
73
64
68
65
60
50
54
65
73
68
56
58
51
47
76
82
52
54
72
81
71
59
62
75
69
62
63
73
72
84
79
76
74
67
77
66
94
80
67
88
82
69
88
66
78
85
71
76
91
76
87
86
84
82
83
91
85
74
109
70
85
99
68
88
110
81
105
99
91
96
94
110
108
91
90
73
102
93
85
76
117
113
105
82
100
115
86
102
100
128
119
111
81
115
106
110
84
106
106
112
85
104
96
119
119
115
91
97
105
102
109
118
114
108
118
107
133
143
110
106
112
122
125
112
123
109
120
120
131
122
107
127
133
136
135
128
144
125
134
137
114
141
139
118
160
135
124
129
133
121
124
145
151
134
143
141
110
146
125
158
122
160
156
141
139
135
166
132
156
146
135
125
114
137
148
157
148
167
143
149
161
138
139
146
151
148
147
177
153
172
180
156
182
168
139
137
166
154
144
140
163
135
175
139
152
176
147
177
164
166
152
175
175
187
150
162
150
162
181
165
160
186
154
153
151
162
143
175
175
174
168
191
161
162
179
159
150
162
162
176
176
168
167
166
185
157
182
159
159
166
151
175
164
171
161
181
159
161
154
186
176
177
181
156
178
182
165
163
169
174
161
187
174
165
162
171
159
155
198
188
183
170
163
162
161
153
142
186
154
148
161
157
166
174
171
180
160
168
145
181
167
159
164
133
162
168
157
159
142
158
151
159
165
162
167
167
146
131
139
146
152
148
163
133
139
140
129
144
174
144
135
156
165
126
155
122
128
141
136
145
128
139
169
134
149
122
158
131
143
141
124
154
136
124
124
137
145
122
137
138
118
147
129
119
138
136
135
134
130
116
106
129
123
110
134
116
110
123
127
123
115
104
95
108
105
117
120
125
104
103
99
103
128
113
108
107
109
106
107
116
109
118
98
103
109
94
103
92
88
91
99
106
111
80
104
108
105
87
94
82
82
97
90
98
95
78
82
90
104
84
73
97
77
87
73
88
81
82
71
87
78
95
74
83
79
78
86
83
76
81
73
81
65
78
76
80
69
74
74
73
64
55
74
61
68
67
66
54
67
65
69
69
47
49
58
68
57
65
59
71
52
58
50
55
60
58
54
62
47
61
47
47
46
52
47
52
45
43
62
50
49
47
49
30
48
44
36
42
38
43
42
43
43
48
26
28
39
44
48
45
35
37
32
33
40
37
40
31
27
27
29
30
33
30
30
34
16
38
29
24
25
36
27
21
27
23
35
24
36
27
24
17
27
24
30
21
23
30
28
22
24
31
25
17
26
30
22
22
28
31
23
13
22
22
27
27
18
18
15
24
33
17
19
19
27
21
20
18
17
24
19
24
10
22
20
15
15
23
16
12
14
15
12
16
17
13
9
11
17
23
17
14
13
12
15
9
17
10
13
8
12
13
11
13
10
19
19
20
17
12
10
10
13
12
14
14
11
14
10
13
13
12
10
15
15
10
9
16
10
7
12
13
13
8
13
15
6
13
13
6
15
9
16
8
6
11
11
13
12
8
11
6
10
13
14
11
11
8
11
7
8
5
9
10
13
11
13
8
14
12
8
7
9
14
13
10
9
15
12
16
6
12
8
12
10
18
10
8
7
17
15
8
18
17
17
17
15
17
8
15
14
25
7
12
12
12
12
11
14
7
15
14
11
15
15
17
10
14
8
10
17
15
11
9
9
15
11
25
18
19
16
14
22
14
24
9
15
21
19
14
18
14
22
10
17
21
15
18
21
10
25
17
21
21
17
16
17
19
10
19
20
24
13
28
12
21
23
19
19
26
20
14
18
20
24
24
22
23
28
23
24
26
27
25
21
25
23
17
22
17
29
24
18
32
28
33
28
35
25
37
25
26
30
25
28
35
32
30
24
34
35
25
27
43
28
29
34
37
27
21
29
42
29
28
38
34
38
44
30
34
40
40
41
41
33
31
43
34
34
35
32
41
37
40
30
31
39
34
41
42
40
40
43
55
49
40
48
40
41
45
55
39
44
43
37
46
35
48
45
45
41
45
46
42
53
39
60
60
51
45
43
60
52
57
59
57
46
58
66
57
48
64
63
49
57
64
54
52
53
70
43
55
52
65
55
72
50
67
70
71
66
69
66
59
64
68
53
63
88
77
75
80
75
70
83
71
61
73
96
58
71
64
68
70
89
60
78
77
86
94
94
82
90
80
96
91
88
78
69
86
83
84
81
78
82
68
89
94
101
100
94
86
94
80
102
92
86
97
100
88
94
98
100
86
97
95
81
93
100
102
106
103
89
89
109
105
99
102
91
111
112
96
94
97
106
107
94
122
109
105
120
96
133
108
99
100
102
100
103
99
110
102
104
91
100
119
121
134
113
94
115
118
134
107
121
121
109
117
122
120
93
124
133
134
118
117
132
150
121
116
128
140
116
131
99
112
135
132
132
138
122
125
126
122
128
116
127
110
113
137
129
122
110
111
148
116
130
142
130
131
120
134
131
125
128
143
120
136
114
124
118
128
126
134
132
142
149
138
123
147
134
137
125
131
137
141
136
132
128
150
135
119
162
142
139
123
134
134
138
133
147
149
143
151
140
178
128
136
124
148
125
139
142
135
152
130
144
131
135
139
127
151
164
127
132
133
140
155
126
124
132
137
116
124
142
136
147
140
130
119
133
147
131
135
144
126
129
125
140
143
117
119
146
132
140
154
134
139
143
108
137
137
126
134
137
140
111
144
133
119
118
125
145
143
136
130
140
125
121
136
120
133
106
123
127
130
124
118
132
122
120
117
121
114
105
132
120
108
122
116
115
117
130
138
104
112
103
133
117
123
104
109
114
105
115
121
121
109
118
122
104
115
93
111
106
99
109
99
94
106
101
82
109
103
109
92
99
109
104
82
104
90
99
91
90
85
97
105
99
82
94
93
80
87
85
93
76
92
104
91
89
83
76
88
102
95
77
83
96
73
65
79
61
83
81
79
88
81
81
85
81
74
61
76
76
61
78
82
81
63
68
47
83
57
53
72
62
70
60
68
66
53
72
56
73
54
57
74
66
63
47
76
72
65
68
59
71
51
55
59
48
55
51
52
66
56
61
52
64
43
61
41
41
57
56
43
51
44
41
39
56
50
54
57
55
40
46
45
40
52
42
44
36
44
34
40
48
40
40
50
41
34
45
29
35
39
36
31
39
40
28
41
27
43
34
44
29
38
28
34
42
27
40
26
25
44
45
31
29
36
38
38
24
33
34
25
30
33
23
38
25
33
25
23
13
22
23
25
28
26
23
17
15
28
20
15
18
29
26
23
17
26
24
29
22
15
22
24
21
19
16
23
22
25
14
16
12
13
15
16
17
20
12
17
20
14
11
10
11
15
20
10
18
12
14
19
16
15
14
12
16
13
15
8
10
10
13
9
13
10
10
9
15
15
6
11
9
9
8
8
8
4
8
8
9
16
11
8
5
8
11
8
7
6
10
9
8
10
10
7
5
3
7
4
8
6
9
2
6
6
6
10
7
14
4
8
4
8
4
10
9
2
9
8
5
4
5
1
3
4
9
3
3
6
4
4
2
5
7
6
6
7
4
3
5
3
4
4
7
5
2
3
3
27
37
30
34
35
25
30
38
36
37
30
29
30
32
30
25
29
37
36
27
33
26
29
28
28
24
25
32
41
30
39
36
21
31
25
35
39
27
34
29
33
23
29
28
27
27
29
32
25
30
27
43
32
27
32
24
37
30
43
32
32
31
46
24
35
33
20
19
37
26
29
26
23
26
27
34
27
25
28
27
31
32
26
32
27
36
25
25
37
25
25
32
32
24
24
24
29
20
21
33
24
20
22
29
31
24
27
25
23
21
22
34
18
29
24
26
28
33
22
19
24
28
29
24
26
23
36
13
