0
0
0
0
0
0
0
0
0
0
0
1
0
0
0
0
0
0
1
0
0
0
0
0
0
0
0
0
0
0
0
0
0
0
1
0
0
0
0
1
1
0
0
0
0
0
0
1
0
0
0
0
0
0
1
0
0
0
1
0
0
0
1
0
0
0
0
0
0
0
0
0
0
0
0
0
0
0
0
0
0
0
0
0
2
0
0
1
1
1
0
1
1
3
2
7
5
20
159
529
1037
1489
1554
1652
1616
1504
1555
1459
1486
1507
1569
1527
1535
1470
1613
1575
1581
1587
1520
1541
1511
1579
1496
1436
1520
1461
1456
1479
1462
1494
1562
1494
1574
1532
1501
1635
1533
1614
1601
1646
1605
1676
1657
1667
1628
1635
1672
1717
1758
1695
1618
1572
1641
1625
1580
1632
1623
1681
1667
1531
1592
1607
1653
1523
1525
1575
1560
1547
1553
1490
1440
1436
1372
1377
1287
1256
1217
1102
1105
1129
1050
931
894
835
811
771
682
646
501
534
551
438
422
350
368
345
317
280
239
260
247
239
194
244
207
190
189
172
187
172
187
189
186
165
180
194
189
194
165
198
209
231
208
220
211
239
259
228
256
243
246
279
271
244
246
273
274
284
293
286
284
301
284
313
288
331
340
342
335
391
348
347
330
348
354
346
371
402
428
387
392
374
412
421
417
430
463
424
428
471
440
458
450
454
470
490
502
502
522
552
534
624
629
609
668
657
679
671
698
710
690
764
837
810
871
902
932
997
988
1028
1084
1149
1187
1263
1335
1432
1444
1538
1561
1663
1763
1919
2014
2035
2169
2334
2452
2651
2681
2909
3139
3229
3363
3616
3805
3956
4167
4523
4551
4940
5148
5444
5595
5839
6156
6446
6674
7044
7295
7561
7769
8002
8160
8444
8645
9094
8991
9230
9621
9637
9909
9974
9923
10096
10292
10120
10597
10159
10277
10218
10032
9983
9807
9591
9459
9335
9270
8918
8608
8404
8113
7778
7502
7457
6814
6638
6251
5926
5671
5406
5074
4817
4461
4194
3886
3555
3333
3058
2790
2689
2496
2239
2015
1814
1651
1531
1351
1228
1113
959
938
790
727
667
575
507
464
413
380
360
320
299
237
241
208
187
180
148
154
148
139
121
131
119
119
97
109
76
94
112
87
100
81
102
76
84
89
75
84
104
80
99
71
80
64
80
82
70
98
81
75
69
74
78
84
63
84
61
81
74
78
65
57
66
56
60
62
67
56
67
56
61
66
69
54
60
56
60
67
64
63
54
60
71
49
76
49
54
55
41
61
57
49
38
53
53
56
59
60
54
59
54
45
52
47
49
33
40
44
48
52
54
54
54
47
51
45
51
45
43
56
53
52
52
49
44
48
47
40
55
58
34
40
52
49
37
56
44
38
54
47
36
35
40
45
33
41
36
46
26
44
28
43
32
35
33
43
32
35
38
44
47
38
59
44
35
50
44
50
34
33
48
43
53
31
34
35
38
49
37
37
41
52
45
50
43
45
46
45
41
39
42
49
45
51
35
44
37
45
30
47
42
54
35
39
36
51
46
52
48
40
52
45
38
37
44
41
44
42
36
44
51
38
53
40
37
43
46
37
53
49
39
51
43
35
32
49
43
37
42
45
39
35
42
44
32
37
33
42
40
36
44
38
44
32
45
28
30
39
32
33
42
37
25
41
37
34
30
40
50
30
30
36
39
32
38
37
32
33
31
36
22
47
34
43
43
44
47
38
39
34
38
39
34
43
38
42
38
37
30
55
28
38
39
42
26
42
29
30
42
54
36
39
41
40
29
33
43
31
36
28
46
44
35
36
41
39
38
40
43
36
33
26
45
26
42
33
29
32
33
29
33
35
43
30
29
35
31
26
27
48
30
35
26
35
32
32
39
28
31
30
26
28
27
33
35
25
21
23
22
26
26
19
31
16
28
27
23
23
23
20
18
26
19
18
25
23
26
14
24
14
28
21
16
13
25
20
17
14
18
16
17
15
9
18
21
16
10
22
15
21
15
19
13
21
14
8
16
15
14
18
17
11
10
20
14
14
14
17
16
20
20
17
22
18
13
17
14
17
14
18
19
16
14
13
17
18
23
16
14
24
8
20
20
12
21
10
17
12
17
9
7
19
13
11
17
17
11
16
19
12
15
20
8
18
15
9
15
13
10
12
23
11
9
18
13
16
18
12
24
11
11
14
16
17
11
14
18
11
14
11
24
17
19
15
15
16
17
16
14
14
18
10
20
15
26
13
14
12
14
12
13
23
17
12
15
12
10
10
13
22
10
13
7
14
12
7
8
15
11
14
13
18
15
12
13
16
21
8
13
9
14
14
8
12
15
18
13
8
14
15
11
13
10
18
16
16
11
18
13
10
19
7
11
12
15
11
17
17
19
15
12
13
10
18
4
6
17
7
11
10
13
11
8
18
14
21
10
5
10
13
13
10
5
13
15
12
13
11
16
17
9
15
11
16
14
13
11
17
10
9
13
13
17
16
12
8
9
7
13
12
9
12
15
11
10
10
13
8
12
17
16
10
9
11
9
12
7
16
13
9
8
7
10
10
18
14
11
9
18
5
15
9
7
14
16
9
13
7
12
12
14
6
12
6
14
18
16
12
10
10
13
11
11
10
16
8
6
11
9
11
9
11
15
10
7
10
12
6
13
12
18
8
8
4
9
12
9
10
9
9
15
7
18
9
7
18
10
8
15
16
9
9
17
12
11
9
6
10
7
10
12
7
13
11
5
9
9
12
8
9
10
17
12
8
10
10
5
7
9
8
5
10
9
14
10
12
15
11
10
7
7
7
10
13
9
5
9
15
10
9
11
12
9
14
12
8
14
8
13
4
7
8
7
7
7
13
9
11
9
12
9
11
11
9
9
14
8
13
5
15
12
12
7
11
8
12
10
18
9
4
13
14
7
14
7
8
11
12
10
11
6
9
9
4
12
12
11
5
8
16
10
9
10
8
12
14
15
4
9
13
11
8
6
15
7
12
10
7
8
11
11
12
4
7
14
5
6
12
8
9
9
16
8
5
6
9
10
9
9
11
10
2
8
8
14
11
5
9
6
8
7
6
11
15
10
11
6
8
10
12
6
4
7
13
10
4
9
10
6
8
8
9
10
6
11
8
4
6
7
15
11
9
7
7
4
6
7
8
10
16
4
10
14
7
10
2
9
10
9
6
10
7
6
9
12
5
7
8
9
9
6
11
10
7
11
14
11
11
6
9
7
7
4
8
10
11
10
7
5
8
9
8
8
10
6
8
9
9
10
12
7
13
10
16
13
11
3
6
10
6
10
8
11
8
11
7
12
5
11
11
7
11
6
9
5
13
6
10
3
13
7
9
9
8
9
10
10
7
8
18
9
9
11
7
9
13
10
13
7
8
8
8
8
10
8
6
4
9
8
15
11
4
10
2
12
12
8
8
9
8
10
7
12
16
7
10
8
11
13
6
10
6
10
10
9
6
10
8
4
13
9
10
1
4
9
9
3
10
10
10
11
7
13
4
9
3
14
2
7
9
7
8
3
11
6
3
4
5
12
9
4
6
8
2
8
4
4
7
12
9
5
6
7
7
5
5
5
10
4
3
9
4
6
8
6
6
6
6
6
7
10
3
5
8
2
7
7
1
7
7
1
10
4
6
6
11
7
7
3
5
3
4
3
3
7
3
7
7
6
6
4
4
8
2
6
6
9
2
6
6
5
8
7
6
5
7
6
4
9
10
2
5
9
3
1
5
3
3
5
6
7
9
11
8
4
3
7
8
9
3
8
6
5
7
6
6
4
7
12
7
4
7
5
8
8
10
9
8
1
2
4
7
1
6
6
5
5
3
3
6
4
5
10
5
8
2
4
7
4
2
3
4
4
9
0
5
9
5
4
4
2
9
3
3
9
5
7
0
4
11
6
6
6
6
6
5
6
4
5
10
5
4
5
3
8
4
3
5
10
4
11
5
1
8
4
3
3
4
3
6
7
2
5
8
7
1
5
1
7
7
6
8
6
3
4
6
5
5
3
1
6
9
14
6
5
1
8
4
4
6
2
8
7
9
1
5
2
4
3
9
3
3
6
4
6
3
6
1
4
3
6
3
4
6
4
1
7
4
4
4
5
3
0
8
4
6
7
2
2
3
3
5
5
4
7
3
4
2
3
6
4
6
4
3
4
2
5
2
2
4
5
3
5
7
1
5
5
5
7
6
2
6
4
5
5
2
6
3
3
4
5
6
5
4
4
7
3
6
5
0
4
6
8
3
3
4
6
4
9
5
4
2
6
1
1
7
3
4
4
5
3
4
5
3
3
2
2
6
1
2
2
4
4
4
4
6
5
2
1
5
5
2
2
7
4
5
1
5
4
6
6
1
2
5
5
4
4
5
6
2
5
5
4
4
2
7
3
4
0
3
5
0
4
2
4
1
7
2
7
4
5
6
4
3
1
2
3
1
9
6
4
3
2
5
4
3
1
2
7
3
3
3
8
2
4
6
4
2
7
3
8
6
4
3
3
4
2
3
3
5
4
0
3
3
3
3
2
7
3
3
6
2
5
7
4
4
4
6
2
5
2
1
6
6
11
4
1
6
5
1
4
1
0
0
2
5
7
3
7
4
2
4
5
5
1
2
1
2
6
3
4
2
3
3
2
2
6
2
6
6
5
1
9
5
3
7
6
2
2
5
6
3
3
6
0
3
2
8
3
8
4
2
11
1
6
6
2
5
3
6
3
6
4
1
4
5
3
5
7
3
2
2
6
1
2
1
2
4
3
2
4
3
5
11
2
5
6
1
1
7
6
2
5
3
6
2
5
5
3
3
6
4
9
4
3
4
0
4
1
4
3
0
2
3
6
5
4
7
3
2
4
6
8
7
3
4
7
4
2
7
0
4
5
4
3
4
4
3
3
5
5
3
5
5
5
4
8
1
4
4
4
6
3
3
4
2
4
8
6
5
2
3
3
2
1
4
5
1
0
4
2
1
5
1
2
4
5
5
5
4
6
4
9
3
4
5
2
1
2
4
10
0
2
4
0
3
2
5
5
2
4
4
4
2
1
1
2
5
3
2
1
4
5
1
5
3
2
3
4
4
3
2
1
1
1
4
1
1
5
3
1
2
3
3
2
4
1
4
2
3
6
2
4
2
4
3
7
3
4
1
3
2
3
4
1
1
4
3
3
0
5
2
4
0
5
0
4
2
1
5
2
3
1
1
2
0
2
3
0
1
4
4
3
3
0
4
3
3
2
2
3
0
0
3
3
1
1
1
0
1
3
4
2
4
1
3
3
1
6
0
3
3
0
5
1
2
4
3
5
2
1
0
4
2
2
4
1
1
2
3
6
1
1
1
3
2
3
4
4
3
2
6
1
4
2
1
0
2
1
0
1
2
0
0
3
3
3
0
4
4
0
4
6
0
4
3
2
2
3
2
2
3
1
3
2
0
2
0
2
1
1
0
2
3
1
6
5
0
3
2
0
1
1
3
1
2
2
5
4
1
4
4
4
1
1
2
2
6
1
1
2
4
3
1
2
2
1
2
2
7
1
2
4
3
2
1
1
0
2
4
0
4
3
1
1
0
1
2
2
7
2
9
3
3
0
0
4
3
2
3
1
3
3
2
2
1
0
3
2
1
2
3
3
2
3
0
1
3
2
1
3
2
0
3
1
1
2
5
3
2
1
2
1
4
5
2
4
0
2
0
1
3
2
3
3
4
4
2
2
3
4
3
1
1
2
6
4
0
5
2
1
2
0
3
3
0
3
2
1
1
1
3
0
2
5
0
3
1
1
5
3
5
2
2
0
4
0
1
1
1
0
1
3
1
2
2
4
1
0
1
4
3
3
6
3
3
5
3
0
4
3
1
4
1
1
2
2
2
1
1
1
0
4
2
1
5
1
2
1
4
2
0
1
4
2
4
2
3
2
1
2
1
2
3
0
2
2
1
0
1
2
0
2
2
0
2
1
1
5
1
1
2
1
3
3
0
0
3
4
4
2
1
0
2
3
2
1
2
3
1
2
2
0
4
1
0
1
1
1
2
0
1
1
1
3
5
1
2
2
4
4
1
2
5
3
1
4
1
2
3
2
2
1
0
1
2
2
1
0
6
1
2
3
3
3
1
3
1
2
3
2
6
3
1
4
2
2
2
4
3
1
3
0
1
1
2
2
0
0
2
2
2
4
1
0
1
1
5
4
2
1
1
2
2
2
3
1
2
0
1
3
3
3
0
1
1
4
2
4
3
2
0
2
1
3
2
2
1
2
2
3
2
1
1
0
2
3
0
6
2
2
3
2
2
2
8
1
3
3
2
1
2
1
1
0
2
0
0
1
2
4
1
2
3
3
2
2
4
5
2
2
0
2
2
3
2
2
1
4
5
1
1
2
3
2
1
3
1
1
2
2
2
2
2
1
1
0
0
2
2
4
2
3
3
1
0
2
3
2
2
1
2
3
4
1
3
2
0
1
3
1
2
3
3
3
2
0
3
3
4
3
2
1
2
2
6
2
2
0
1
4
2
6
1
1
1
4
4
1
1
2
4
1
3
2
1
2
3
3
1
2
2
1
2
3
2
3
3
0
3
2
1
2
5
0
1
2
3
1
2
2
2
1
6
2
3
1
2
3
1
1
0
3
2
3
4
0
0
1
4
0
1
2
1
3
2
1
0
4
2
2
2
5
1
4
0
1
3
2
1
0
1
2
1
0
2
1
4
1
0
2
1
3
1
2
0
1
3
1
0
2
1
3
1
1
2
3
6
2
2
1
1
2
3
2
3
2
1
4
3
2
0
0
2
1
1
1
4
3
2
1
2
4
2
0
2
1
3
5
4
3
2
3
4
0
2
4
1
7
1
3
1
0
1
2
1
2
1
1
3
2
2
3
2
1
3
3
0
2
2
6
3
1
3
4
3
0
2
0
1
0
4
0
3
2
2
2
3
2
2
1
2
3
1
2
2
6
3
3
2
1
0
2
4
3
3
3
2
0
2
1
3
3
5
1
1
2
2
5
3
3
1
4
0
0
1
2
2
2
3
1
2
1
2
2
2
1
0
1
3
0
0
1
2
1
1
4
3
2
2
2
0
4
1
1
3
3
1
4
3
6
0
1
3
3
1
1
0
2
1
1
2
0
3
4
2
0
3
1
0
2
0
2
0
3
0
2
1
0
1
2
1
2
0
0
2
1
3
0
1
2
0
0
1
1
1
2
2
0
0
1
2
4
0
0
0
0
3
1
2
0
3
0
2
1
0
1
2
2
2
1
3
2
0
3
0
3
0
0
2
0
1
2
1
0
1
2
2
0
3
1
1
2
0
2
1
1
3
1
0
1
1
0
0
1
2
2
1
1
0
0
2
3
0
5
1
2
1
1
0
1
0
1
2
3
1
1
2
1
1
3
0
2
0
0
0
0
0
2
4
2
2
0
2
1
4
1
0
1
4
3
1
1
0
2
2
5
1
4
2
3
2
3
0
3
0
1
2
0
1
0
1
2
1
3
1
0
0
2
2
0
1
0
2
1
0
0
1
2
2
5
0
4
0
2
1
1
2
1
2
3
4
0
2
1
3
1
1
3
3
1
2
1
1
1
0
0
0
4
1
2
3
1
3
0
2
2
0
1
1
1
1
4
0
0
2
0
5
0
3
1
3
1
0
1
1
2
2
1
2
1
2
3
0
5
3
2
2
3
2
0
3
2
2
6
2
1
4
2
1
2
2
0
2
4
2
4
0
3
1
3
2
1
3
3
0
2
1
1
1
2
2
0
1
1
3
0
3
0
1
2
3
1
5
3
7
2
1
2
2
1
1
1
2
3
0
3
1
1
0
0
2
3
2
2
4
1
2
3
3
1
1
0
0
2
1
5
2
3
0
5
3
1
3
1
0
4
2
4
0
2
2
0
1
3
2
0
2
0
3
1
0
1
2
1
2
1
1
2
2
0
0
1
1
1
1
1
2
1
2
1
1
4
2
2
1
1
2
2
0
4
2
2
2
0
0
2
3
2
1
4
1
2
3
2
2
4
3
4
2
2
1
4
1
0
3
1
3
2
1
1
2
2
3
2
1
4
2
1
1
1
0
3
1
0
0
1
0
1
1
0
3
0
2
3
4
1
1
3
0
2
1
1
2
2
1
1
1
1
2
3
0
0
2
1
2
2
0
0
0
0
4
4
3
2
3
0
1
2
0
2
1
2
0
2
2
3
1
0
0
2
1
2
2
0
1
4
0
1
0
2
2
3
2
6
1
4
3
1
1
2
3
1
1
2
1
1
4
2
2
2
3
0
0
1
1
0
0
0
1
2
2
1
0
4
1
0
0
2
1
1
3
1
1
1
1
2
1
5
2
0
1
2
4
2
2
3
2
1
1
2
0
2
3
0
4
0
4
2
0
1
3
1
1
3
1
1
2
2
2
1
2
0
0
2
3
0
4
0
1
2
2
3
2
0
1
0
0
1
4
1
4
0
1
1
1
3
0
1
4
0
1
1
2
0
0
2
2
5
0
0
4
3
3
0
0
2
1
3
1
1
2
0
1
0
0
0
0
0
2
1
3
0
2
1
0
3
2
1
0
2
0
1
1
4
0
2
4
1
0
0
0
1
0
2
2
2
1
1
1
2
2
0
1
2
2
1
1
4
0
2
2
1
1
0
5
1
0
0
1
2
1
3
0
0
2
2
0
4
4
0
1
0
1
1
0
1
0
1
2
2
1
0
0
0
0
1
2
3
2
1
3
0
2
2
3
0
5
2
1
1
2
1
3
0
2
2
1
0
2
1
0
1
1
1
0
0
2
4
0
0
2
2
0
2
0
1
1
1
1
3
1
1
3
2
0
1
2
0
1
1
1
1
0
1
0
1
1
0
3
3
2
1
0
1
2
1
1
3
0
1
0
1
0
0
0
1
1
3
0
2
1
0
1
2
2
1
0
1
0
0
0
1
0
1
1
1
2
1
1
1
3
2
1
1
2
0
1
2
1
0
1
0
2
2
0
0
3
0
0
4
2
0
2
1
0
0
2
1
4
1
1
0
3
1
0
1
2
1
2
0
2
0
3
1
1
0
4
0
4
4
0
3
1
2
0
0
4
3
1
1
2
0
0
0
1
1
3
2
2
1
1
0
1
0
0
1
2
0
2
1
1
0
2
1
2
1
0
1
0
2
0
0
1
2
1
0
1
2
0
1
1
2
1
3
0
3
1
1
0
2
3
0
1
0
1
2
1
0
1
0
2
0
0
2
1
0
0
4
0
1
1
0
1
3
1
0
0
0
2
2
2
0
0
2
1
0
0
0
1
1
1
0
2
1
1
1
0
2
0
0
2
0
3
1
0
0
1
2
1
0
3
2
1
1
2
0
2
0
0
0
3
0
0
4
0
1
2
1
1
1
1
3
1
3
2
1
1
2
1
0
3
0
1
2
0
2
3
2
1
2
0
3
2
2
1
0
0
1
0
0
1
0
0
1
0
2
1
0
2
0
1
1
0
1
1
0
1
2
3
0
1
1
1
2
0
1
1
2
0
2
1
0
0
1
0
1
1
0
1
1
0
1
0
1
2
0
2
1
0
0
0
1
2
0
1
2
0
2
0
2
2
3
2
1
1
4
0
0
0
0
1
1
1
2
0
0
0
2
1
0
1
0
2
0
0
2
1
1
5
0
0
0
0
1
2
0
2
1
0
1
2
2
0
0
1
2
1
0
2
1
1
1
0
0
1
2
3
1
0
1
1
2
1
0
0
1
1
0
0
2
2
2
1
0
0
1
3
3
1
1
0
0
1
0
1
1
0
5
0
1
1
1
1
1
0
0
1
1
0
0
0
0
1
0
1
0
1
2
0
3
1
2
2
1
1
0
1
0
0
3
1
0
3
2
1
2
1
0
1
0
1
1
0
0
2
0
3
2
1
3
3
3
2
0
1
1
0
1
0
1
3
2
4
2
3
2
1
0
1
0
1
3
1
1
2
0
1
0
1
0
2
0
1
0
0
1
0
0
0
0
0
0
1
1
1
0
0
2
1
1
1
0
0
0
2
0
2
1
0
2
1
0
0
2
1
1
0
1
1
0
1
1
0
1
0
0
0
0
0
0
1
0
2
3
0
1
0
1
2
2
0
0
1
3
1
0
1
0
3
2
3
0
1
3
3
0
3
1
3
1
1
1
3
0
2
0
2
0
0
2
3
1
0
0
2
0
2
2
2
2
2
0
3
1
0
3
1
3
2
1
2
0
0
1
1
0
2
2
1
1
0
0
2
0
2
1
1
0
4
0
3
0
2
3
4
1
2
0
0
1
1
2
0
0
2
1
1
2
1
0
1
1
3
2
0
0
0
3
0
0
3
0
0
1
1
0
0
0
2
0
1
0
2
2
1
1
0
1
2
1
2
1
0
1
0
1
1
2
0
1
0
1
1
1
1
5
1
2
2
1
1
0
2
1
0
2
0
3
0
1
2
1
3
3
0
1
0
2
0
1
3
2
4
0
0
1
0
0
0
0
0
1
1
3
1
2
1
1
0
1
1
1
1
2
0
0
0
3
0
0
0
2
0
1
1
2
2
0
1
1
0
1
0
1
3
1
2
0
0
3
1
1
1
1
2
0
0
3
0
1
2
2
0
0
1
2
2
1
3
0
1
0
0
2
1
0
0
3
1
1
2
0
3
1
2
0
0
1
1
1
0
0
1
0
2
0
1
1
0
0
3
1
2
2
1
0
1
3
0
0
1
0
2
1
0
1
0
0
1
1
1
0
1
1
2
0
0
0
1
3
3
1
1
2
1
1
2
2
1
0
0
1
1
0
0
1
0
1
2
0
1
1
3
1
1
2
1
1
2
2
3
2
1
1
0
1
2
0
0
3
1
0
0
0
0
0
2
1
3
0
1
0
2
0
2
1
2
0
2
1
2
0
0
0
1
2
0
2
0
0
0
1
1
0
0
0
1
1
1
0
1
0
0
2
1
2
1
1
1
1
0
1
0
1
1
2
2
0
1
1
1
3
2
0
0
0
2
1
1
2
0
2
0
1
1
1
1
1
3
1
0
0
0
1
0
0
0
2
2
0
3
1
1
1
1
0
1
4
0
1
1
1
0
2
0
0
0
4
0
2
1
0
0
3
2
0
3
1
1
0
0
1
0
1
2
4
1
1
2
2
0
0
1
2
2
2
0
0
0
1
2
2
0
0
1
1
2
0
0
1
0
2
0
2
0
1
0
0
0
1
0
1
2
2
0
0
0
1
1
1
0
1
0
1
0
2
1
0
1
1
1
0
0
1
0
0
0
1
0
2
0
0
3
3
0
0
0
1
1
0
0
0
2
0
2
0
1
1
3
0
2
0
2
1
4
1
2
0
0
2
1
4
0
0
0
1
0
2
1
3
0
0
0
0
4
1
2
1
3
0
0
2
5
0
1
0
3
1
1
1
0
1
1
0
0
0
0
2
1
0
0
0
3
0
1
1
0
1
3
0
1
2
0
0
1
1
3
0
1
0
1
0
3
0
1
1
1
0
0
0
2
0
1
0
1
1
1
1
1
0
2
1
2
2
2
0
0
1
2
2
0
0
1
1
1
0
0
2
1
1
2
1
0
1
2
1
1
4
1
2
3
2
0
0
1
0
0
0
1
1
4
0
1
2
1
1
0
0
1
2
2
1
0
1
0
3
1
0
2
4
1
0
0
2
3
0
1
2
1
1
1
1
1
1
2
2
2
0
0
0
1
2
0
2
0
0
1
4
0
0
0
1
1
1
0
1
0
2
1
0
1
0
3
0
2
0
1
3
2
1
0
2
0
1
0
0
4
0
3
1
1
0
1
0
1
0
3
1
1
1
1
1
0
1
1
1
0
2
0
1
2
0
2
1
1
0
1
0
1
0
1
0
0
0
0
1
1
1
0
1
0
1
1
0
0
0
0
1
1
0
2
0
0
2
1
1
1
1
0
0
0
0
0
2
1
0
1
2
2
1
2
1
1
1
1
0
2
2
0
2
3
0
2
2
1
1
0
2
1
3
0
3
1
2
2
1
2
0
0
0
0
1
0
2
1
1
4
0
4
1
0
0
2
0
1
0
0
0
1
4
0
0
2
3
1
0
1
0
2
1
1
0
2
0
3
1
1
4
3
1
1
1
2
0
0
2
2
0
1
0
1
3
1
1
0
0
1
3
0
2
2
1
2
0
0
0
0
0
0
3
1
1
0
3
0
1
0
0
1
0
1
0
0
1
1
0
1
1
0
1
1
0
1
0
2
2
2
2
1
2
0
1
1
1
1
2
0
0
0
2
0
1
2
0
0
2
0
0
2
0
0
1
5
1
1
1
2
0
0
1
1
1
1
1
1
0
0
0
3
0
1
0
0
1
0
0
1
1
0
0
1
0
2
2
3
1
3
0
1
0
0
0
1
0
2
0
0
0
1
1
0
0
0
1
2
1
1
0
0
0
0
1
1
1
0
1
0
0
2
3
0
2
0
0
1
2
0
1
0
1
2
0
0
1
2
1
0
0
0
1
1
0
0
0
0
1
1
2
0
0
1
1
2
1
3
2
2
0
0
2
1
1
2
1
3
0
0
0
1
1
1
0
0
2
0
0
0
0
1
1
1
0
0
0
0
1
1
0
0
1
1
1
2
0
0
1
0
0
1
3
1
1
1
1
1
0
0
0
1
0
0
2
0
1
0
1
0
0
1
1
0
0
1
0
1
1
1
0
1
0
1
0
0
1
1
0
2
2
0
0
1
0
1
2
3
2
0
1
2
0
1
1
0
0
1
0
0
0
2
2
2
0
0
3
1
1
0
2
1
1
2
0
2
2
2
2
0
0
2
0
1
0
1
0
3
0
2
1
0
0
1
0
0
1
2
2
2
0
0
1
1
0
0
1
0
0
0
3
2
1
0
0
0
1
1
2
0
0
1
0
1
1
0
0
0
0
0
0
0
0
0
0
1
0
1
0
1
1
1
0
0
1
1
0
0
0
0
1
1
1
3
1
2
0
1
0
0
0
0
1
1
2
0
0
0
1
2
0
1
0
1
0
0
1
1
1
1
1
2
0
0
0
0
0
2
2
2
3
2
1
0
2
0
0
1
0
1
1
0
0
0
1
1
0
1
0
1
1
1
0
0
0
1
0
0
3
1
0
2
2
0
1
1
1
0
0
1
0
0
2
0
0
1
1
0
0
1
0
2
0
1
0
1
0
0
0
1
0
0
0
0
0
1
0
0
1
1
0
1
0
0
0
0
2
2
0
1
1
1
1
1
0
1
0
1
1
1
0
0
2
2
0
2
2
0
1
0
0
1
1
0
2
0
0
3
1
2
3
0
1
0
0
2
0
1
0
2
1
1
0
1
0
0
1
0
0
1
0
0
0
0
1
0
0
0
1
1
1
0
0
0
0
0
2
0
0
0
0
0
1
0
0
0
1
1
0
1
1
1
0
1
1
1
1
1
0
0
0
0
0
0
0
2
0
1
1
0
0
1
1
1
0
0
0
2
1
0
1
1
0
0
0
0
1
0
2
0
0
1
1
2
1
1
2
2
2
0
0
2
0
0
1
2
1
1
0
0
0
1
0
1
0
0
5
1
1
0
1
0
1
1
0
0
0
0
0
0
0
1
2
1
1
0
0
1
1
1
1
1
2
1
0
2
0
0
0
1
0
0
0
2
1
1
1
0
0
1
0
1
1
0
0
1
0
0
0
0
0
2
2
1
0
0
1
1
1
2
0
2
0
0
3
0
2
2
0
1
0
0
0
2
0
0
0
1
0
0
0
1
1
0
1
0
2
1
0
1
1
2
0
0
0
1
3
1
2
0
0
0
2
1
1
0
1
1
0
1
0
1
0
0
2
1
0
1
1
1
1
0
0
1
0
3
0
0
1
0
1
0
0
1
0
1
0
1
0
0
1
2
0
0
0
0
2
0
0
1
0
0
0
1
2
0
0
2
1
1
0
1
2
1
0
2
3
0
0
3
3
0
1
2
0
1
0
0
2
1
0
3
1
0
0
0
0
0
3
0
0
2
0
0
0
3
1
1
0
1
0
0
0
0
0
1
0
0
2
0
1
0
0
0
2
0
1
1
0
2
0
2
0
0
0
2
1
0
0
0
1
0
0
0
1
1
0
1
1
0
2
0
2
1
0
0
0
2
0
2
0
1
0
0
1
0
0
0
2
0
0
2
2
2
0
0
1
0
0
0
0
1
1
1
0
1
0
1
0
0
0
0
1
1
1
0
2
1
1
0
0
1
1
0
1
0
1
0
2
0
0
1
0
1
1
0
1
0
2
0
1
0
0
1
0
0
2
0
1
1
1
1
0
2
0
0
1
0
1
0
0
1
2
0
0
0
0
1
1
0
0
0
2
3
1
0
0
0
6
0
1
0
0
2
1
0
0
1
1
0
1
0
1
0
1
1
1
1
0
1
0
0
1
1
2
1
0
0
2
2
1
3
0
0
0
0
0
0
1
1
0
1
0
0
0
0
0
0
1
3
0
0
3
1
2
2
1
0
1
0
0
0
0
0
0
1
1
1
1
0
1
0
0
1
2
1
0
0
0
2
0
1
0
0
0
2
1
3
0
0
0
0
2
0
0
0
2
3
0
0
3
0
0
0
5
1
0
0
0
3
1
0
0
1
2
1
0
1
0
1
1
1
1
0
0
1
3
0
0
0
1
1
0
0
1
1
3
0
0
0
2
0
0
1
1
0
0
2
1
0
0
0
0
2
0
1
1
1
0
1
0
0
0
0
0
0
0
1
1
0
0
1
2
2
0
1
0
2
2
0
1
1
1
1
0
2
2
1
0
1
1
0
0
0
0
1
0
1
0
0
0
1
1
0
1
1
1
2
0
2
0
1
1
0
1
0
0
2
0
0
1
0
2
0
2
0
0
1
0
1
0
1
1
4
0
0
2
1
1
0
0
1
2
2
0
0
1
0
0
0
0
0
0
0
0
1
1
0
1
1
0
1
1
0
2
1
0
0
0
2
3
0
0
0
0
0
1
0
2
0
0
1
0
0
0
2
1
1
7
0
0
1
1
0
2
1
0
0
2
0
1
2
2
1
0
0
1
1
0
1
1
2
1
0
0
0
2
3
2
0
1
0
0
0
0
1
3
0
1
2
0
0
2
1
1
0
2
0
0
1
0
3
2
2
1
1
3
3
0
1
4
0
1
1
0
0
0
0
2
0
2
1
1
1
2
4
2
0
1
1
1
0
2
0
3
0
0
2
0
0
1
1
0
1
0
2
2
0
0
2
1
1
0
0
1
0
2
0
1
1
0
1
2
0
0
1
2
0
0
1
2
0
1
0
1
2
1
0
1
2
1
0
0
1
2
1
0
1
4
1
1
0
0
2
2
3
2
1
2
1
1
3
0
0
0
0
1
2
1
1
1
1
1
0
0
2
0
2
0
2
2
2
0
0
0
0
0
1
1
1
1
2
0
3
1
0
1
0
0
0
2
0
1
1
0
0
0
0
0
0
0
1
1
0
0
1
4
2
2
2
2
0
1
0
1
0
0
0
0
1
0
1
1
0
0
0
0
0
1
0
0
0
0
1
1
1
0
1
0
1
0
1
1
0
1
1
1
1
0
1
0
0
0
0
0
0
0
0
1
1
1
1
1
0
0
0
2
1
0
2
1
3
0
1
1
0
1
0
1
3
0
2
0
1
3
0
1
1
0
0
0
0
0
1
0
1
1
1
2
0
0
2
0
1
0
0
1
0
0
0
0
0
1
1
1
0
0
0
1
0
0
0
0
1
0
0
0
0
1
0
1
0
1
1
0
1
0
0
0
0
1
1
0
0
2
0
0
1
0
1
0
0
0
0
0
0
3
1
1
2
0
1
1
0
1
0
1
1
1
1
1
0
1
1
1
0
0
2
1
0
0
0
1
0
1
1
0
0
0
1
1
3
0
0
0
1
0
0
0
0
2
0
0
2
0
1
0
0
0
0
0
1
1
0
1
0
0
1
2
0
0
0
0
0
0
0
1
1
0
1
0
0
0
0
0
0
0
0
1
0
1
1
0
0
1
0
0
0
0
0
0
0
0
0
0
0
0
0
0
0
0
0
0
1
0
0
1
0
0
0
0
0
0
1
0
0
0
0
0
0
0
0
0
1
0
1
0
1
0
1
1
2
0
1
0
0
0
0
0
1
0
0
1
2
1
1
0
0
1
1
0
0
1
0
1
1
0
2
0
0
0
0
1
0
0
0
0
0
0
0
0
1
0
0
0
0
0
0
0
0
1
0
2
0
0
0
1
1
0
1
1
0
0
1
0
0
0
0
0
0
1
1
2
1
0
0
0
0
0
0
0
0
0
1
0
0
0
0
1
1
2
0
0
0
0
0
2
0
0
0
0
0
0
0
1
0
0
0
2
0
0
0
0
0
0
0
1
1
0
0
0
1
1
1
0
0
0
0
0
1
0
0
1
1
2
0
0
2
1
0
0
0
0
1
0
0
0
0
1
0
1
0
0
0
0
0
1
0
2
1
0
1
0
1
0
0
0
0
0
0
0
2
0
1
1
0
1
0
1
0
0
0
1
0
0
0
0
1
0
0
1
0
1
0
2
1
1
0
0
1
1
1
0
0
1
0
0
0
0
2
1
1
1
0
0
0
1
0
0
0
0
1
1
1
0
0
0
3
1
1
1
0
0
0
1
0
1
1
0
1
0
0
2
1
2
0
0
0
1
1
0
0
1
0
2
4
0
1
1
0
0
0
0
0
1
0
0
0
1
0
0
1
1
0
0
0
0
2
0
1
0
1
1
0
1
0
0
0
0
1
1
1
0
2
3
2
0
0
0
0
0
0
0
0
0
1
1
1
0
0
1
1
0
0
0
2
0
0
0
0
0
0
0
0
0
0
1
1
0
0
0
0
1
0
0
0
1
0
0
0
1
0
0
0
0
1
0
0
0
1
1
0
0
0
1
2
0
0
2
0
0
0
1
0
1
0
1
2
2
1
1
0
0
1
1
0
1
2
1
1
0
2
3
0
0
0
1
1
0
2
1
1
0
2
0
1
1
0
1
1
0
0
1
2
2
1
0
1
0
1
1
1
2
1
1
0
2
1
2
0
0
3
2
1
1
1
0
0
0
3
0
0
0
0
0
0
1
0
0
1
1
1
0
2
2
0
0
3
0
0
0
0
0
0
1
1
1
1
3
0
0
1
3
1
2
1
0
0
2
0
1
1
0
0
3
2
3
0
2
0
1
0
1
1
3
0
0
0
1
1
1
0
0
2
0
0
0
1
1
1
3
0
1
0
0
1
0
0
1
2
0
1
0
3
2
4
1
0
0
2
1
0
0
1
1
0
0
1
1
0
1
1
1
1
0
0
3
1
1
1
1
2
0
0
0
0
3
1
0
1
0
1
1
2
1
0
0
0
1
0
0
0
0
0
0
1
2
1
0
0
0
1
0
3
1
2
0
0
1
1
1
0
2
0
0
1
0
2
1
0
0
1
0
2
2
1
2
1
1
0
0
0
0
0
0
2
0
0
2
0
1
0
1
1
1
0
1
1
0
1
1
1
1
0
0
0
0
0
2
1
0
0
0
1
0
2
0
0
2
0
1
1
1
0
2
0
0
0
0
1
0
1
1
0
0
0
1
2
1
0
0
0
0
1
2
0
1
2
2
1
0
2
1
0
0
2
0
0
0
0
0
0
0
1
1
0
0
0
0
1
0
0
0
1
0
0
0
0
0
0
1
1
0
0
0
1
0
1
0
0
2
1
1
1
0
1
0
0
0
0
0
0
0
0
0
0
0
0
1
1
0
0
2
0
1
0
2
0
1
0
0
0
0
1
0
0
1
0
0
1
1
0
0
0
0
0
0
0
0
2
1
1
0
1
0
0
1
0
1
1
0
0
0
0
0
0
1
1
0
0
0
0
0
0
0
2
1
1
0
1
1
0
1
0
0
0
0
0
0
0
1
0
0
1
0
0
0
0
0
0
0
0
0
0
2
1
0
0
0
1
1
0
0
1
0
2
0
0
0
0
1
1
0
0
0
1
0
1
0
0
2
0
0
0
0
0
1
0
0
0
0
0
0
0
0
0
1
0
0
0
0
2
0
0
0
0
0
0
0
0
0
0
0
0
0
1
0
0
0
0
0
0
0
2
0
0
0
0
0
1
0
0
1
1
0
0
1
1
0
1
1
0
0
0
0
1
0
0
0
0
1
0
0
1
0
0
1
0
1
0
0
0
0
0
1
0
0
0
0
0
1
0
0
0
0
0
0
1
0
0
0
0
0
1
0
1
1
1
0
0
0
0
0
0
0
0
0
0
0
1
0
0
0
1
0
0
1
1
0
2
0
0
0
1
1
0
0
0
0
0
0
0
0
1
0
0
0
0
1
1
0
0
0
0
0
1
0
1
0
0
0
0
0
2
0
3
4
6
4
8
8
2
3
6
8
3
4
5
6
4
5
4
7
6
2
5
12
13
8
4
9
3
5
8
8
4
2
5
6
3
5
3
3
7
4
4
3
3
2
3
3
4
8
5
5
11
1
6
5
4
2
5
1
4
5
4
7
10
2
6
6
6
4
5
6
5
6
3
2
2
12
7
4
6
3
3
4
5
5
6
10
5
3
6
5
4
8
3
2
6
7
3
4
6
3
4
4
7
7
5
5
4
5
4
3
7
5
1
7
7
4
5
6
3
5
4
6
5
9
3
4
5
1
