0
0
0
0
0
0
0
0
0
0
0
0
0
0
0
0
0
0
0
0
0
0
0
0
0
0
0
0
0
0
0
0
0
0
0
0
0
0
0
0
0
0
0
0
0
0
0
0
0
0
0
0
0
0
0
0
0
0
0
0
0
0
0
0
0
0
0
0
0
0
0
0
0
0
0
0
0
0
0
0
0
0
0
0
0
0
0
0
0
0
0
0
0
0
0
0
0
0
0
0
0
0
0
0
0
0
0
0
0
0
0
0
0
0
0
0
0
0
0
0
0
0
0
0
0
0
0
0
0
0
0
0
0
0
0
0
0
0
0
0
0
0
0
0
0
0
0
0
0
0
0
0
0
0
0
0
0
0
0
0
0
0
0
0
0
0
1
0
0
0
0
0
0
0
0
0
0
0
0
0
0
0
0
0
0
0
0
0
0
0
0
0
0
0
0
0
0
0
0
0
0
0
0
0
0
0
0
0
0
0
0
0
0
0
0
0
0
0
0
0
0
0
0
0
0
0
0
0
0
0
0
0
0
0
0
0
0
0
0
0
0
0
0
0
0
0
1
0
0
0
0
0
0
0
0
0
0
0
0
0
0
0
0
0
1
0
0
0
0
0
1
0
0
0
0
0
0
0
0
0
0
0
0
0
0
0
0
0
0
0
0
0
0
0
0
0
0
0
0
0
0
0
0
0
0
0
0
0
0
0
0
0
0
0
0
0
0
0
0
0
0
0
0
0
0
0
0
0
0
0
0
0
0
0
0
0
0
0
0
0
0
0
0
0
0
0
0
0
0
0
0
0
0
0
0
0
0
0
0
0
0
0
0
0
0
0
0
0
0
0
0
0
0
1
0
0
0
0
0
0
0
0
0
0
0
0
0
0
0
0
0
0
0
0
0
0
0
0
0
0
0
0
0
0
0
0
0
0
0
0
0
0
0
0
0
0
0
0
1
0
0
0
0
0
0
0
0
1
0
0
0
0
0
0
0
0
0
0
0
0
0
0
0
1
0
0
0
0
0
0
0
0
0
0
0
0
0
0
0
1
0
0
1
0
0
0
0
0
0
0
0
0
0
0
0
0
0
0
0
0
0
0
0
0
0
0
0
0
0
0
0
0
0
0
0
0
0
0
0
0
0
0
0
0
0
0
1
1
1
1
0
1
0
0
0
1
0
0
0
1
0
0
0
0
0
1
0
0
0
0
0
0
0
0
0
0
0
0
0
0
1
0
1
1
0
0
0
0
0
1
1
1
0
1
1
1
0
1
3
1
0
0
2
0
1
1
0
2
0
0
0
0
1
0
2
0
1
0
3
0
1
0
1
1
0
0
1
1
0
0
1
2
1
0
1
0
4
0
0
1
1
2
0
1
2
0
0
1
2
2
0
4
2
1
0
2
1
1
2
0
1
3
2
3
3
5
4
3
3
2
1
3
2
3
3
1
4
2
1
2
2
1
6
2
2
6
1
2
4
2
4
2
2
5
1
4
3
4
2
1
6
1
2
2
2
5
6
4
2
3
2
3
5
3
4
2
5
1
6
4
4
7
10
4
6
3
3
7
5
7
5
3
10
3
7
8
8
7
9
9
6
6
6
10
8
5
6
5
10
8
10
7
11
7
4
13
10
7
7
4
6
10
10
12
7
9
10
8
11
18
10
13
9
11
13
10
12
19
7
19
9
5
14
11
11
18
9
10
13
10
15
13
15
12
18
14
13
12
24
14
21
12
15
13
16
16
18
27
15
16
16
19
17
18
16
21
19
19
25
29
24
27
26
18
30
20
17
28
21
26
22
20
30
26
30
27
30
31
24
39
28
28
24
33
23
35
31
39
34
25
30
44
41
39
48
37
29
37
32
43
36
38
45
41
37
47
37
36
36
47
47
30
36
41
34
45
33
57
55
39
46
45
46
61
46
57
55
61
58
46
61
62
53
48
55
54
52
45
67
58
59
54
60
60
63
76
62
67
74
58
67
64
56
82
83
70
81
85
69
72
89
84
83
86
73
78
76
86
83
78
102
68
86
86
93
109
118
100
90
89
99
107
104
75
95
113
99
105
100
116
98
95
110
105
85
116
124
119
96
115
122
127
121
133
138
135
107
145
122
139
120
128
126
131
128
125
140
143
142
134
145
154
152
137
154
166
164
146
165
150
166
178
157
171
160
148
154
184
172
160
157
180
179
183
170
195
173
156
180
197
186
191
180
181
187
191
188
207
197
172
196
198
217
202
202
207
212
205
204
199
218
206
229
195
195
200
200
224
217
208
217
207
215
199
224
251
239
214
233
221
223
207
233
226
259
245
252
278
262
226
246
214
249
233
251
214
231
220
250
235
228
269
260
241
253
286
255
246
291
239
246
271
270
266
267
264
246
282
281
256
269
298
288
262
273
274
285
266
270
266
262
291
288
285
275
303
276
298
276
296
282
270
309
270
306
269
289
271
274
297
297
293
262
291
306
274
321
307
299
277
282
287
281
280
282
280
313
299
279
306
271
291
305
253
256
311
278
300
268
265
279
273
283
272
280
282
283
268
275
275
277
286
269
242
279
313
300
325
247
257
261
281
266
272
273
279
255
265
244
267
248
271
288
309
228
275
275
278
271
267
238
268
255
272
279
237
286
264
247
264
278
279
253
256
264
263
265
238
246
250
279
245
221
268
248
266
255
271
250
233
219
251
267
232
240
260
273
232
239
231
245
264
238
265
254
226
243
229
276
248
242
242
247
252
241
240
233
221
269
230
251
230
219
237
230
219
235
232
246
245
232
200
225
227
231
221
228
213
216
241
218
260
232
220
230
245
225
241
225
238
222
231
218
215
242
207
248
219
253
237
238
234
208
228
239
218
217
212
240
232
225
239
228
214
241
213
201
219
231
223
221
213
212
209
229
183
237
236
223
214
219
225
221
221
224
213
223
206
198
234
203
209
210
235
225
198
204
214
207
199
241
232
204
208
202
209
196
201
188
185
200
195
236
213
209
218
201
200
186
218
205
233
182
201
215
206
201
201
209
216
207
224
216
182
215
205
211
214
196
228
203
188
211
197
185
199
208
179
188
199
178
206
190
202
159
174
194
211
211
226
192
169
179
208
198
208
192
181
182
203
161
192
189
192
187
182
183
182
184
206
179
184
192
184
185
185
188
194
183
175
180
196
190
190
179
177
168
195
182
190
184
183
162
176
180
190
193
207
212
177
173
177
192
174
190
179
196
174
192
160
192
168
170
167
186
180
185
188
177
165
151
168
164
194
169
174
158
177
183
181
168
172
178
167
178
185
172
170
190
174
176
162
158
147
189
171
171
185
185
164
183
164
188
174
179
203
177
170
198
184
181
180
173
188
180
166
181
192
177
172
179
165
169
183
160
160
172
166
191
165
174
184
195
148
165
186
186
173
172
180
182
167
167
189
187
178
167
175
170
162
162
156
189
166
153
167
180
191
192
198
196
171
203
181
188
190
162
177
165
182
192
172
156
188
132
156
163
193
150
183
160
157
186
167
173
182
173
160
168
175
170
188
187
177
164
151
180
175
171
177
183
195
187
169
189
174
150
178
186
183
190
183
198
163
153
174
182
168
185
171
167
176
147
176
190
165
179
155
176
179
172
184
175
174
166
185
168
202
186
199
169
179
175
188
182
178
162
208
167
153
161
192
204
183
164
188
159
164
179
168
201
182
204
178
175
194
190
184
200
184
174
190
177
160
171
180
159
193
198
180
187
168
179
162
185
164
177
178
163
170
164
161
172
187
173
174
185
165
180
175
167
178
176
181
180
169
161
158
156
173
181
155
156
164
154
169
174
175
178
175
172
182
181
168
168
169
199
173
166
176
166
163
182
159
176
152
170
198
153
170
163
172
177
164
173
169
178
175
199
189
176
199
170
163
180
159
166
163
184
164
163
181
169
191
176
163
152
165
178
172
169
178
155
175
155
178
187
159
166
146
182
164
168
177
183
193
172
169
185
186
154
183
173
193
175
189
169
175
178
196
176
158
155
178
201
188
165
177
158
190
169
189
179
203
157
164
167
149
187
165
168
174
159
166
182
163
187
170
173
180
174
138
194
169
160
169
172
160
192
187
179
180
173
193
175
174
177
138
193
184
153
160
189
177
171
192
172
171
190
172
179
143
164
170
180
168
168
180
187
168
165
155
159
178
194
180
189
171
177
167
172
153
164
155
180
173
179
170
183
169
178
152
182
185
172
182
164
158
170
164
160
182
168
191
187
175
186
179
186
172
152
174
182
156
176
176
182
179
186
163
177
156
168
169
159
154
190
173
181
216
145
179
177
187
183
169
181
175
152
162
167
162
158
165
190
180
171
156
155
164
165
167
165
168
170
176
188
167
183
169
164
208
157
170
175
157
161
172
172
175
175
173
171
157
195
156
179
158
152
131
171
174
184
176
141
161
151
176
175
151
167
178
162
166
184
166
181
185
161
157
181
156
154
168
181
168
182
168
169
198
163
151
150
164
185
177
166
158
166
183
185
161
183
166
152
185
168
176
185
187
172
168
176
184
163
174
169
195
163
165
165
148
150
166
164
195
149
172
189
162
157
175
182
160
164
169
162
174
175
184
177
159
172
146
153
151
162
162
174
170
148
160
143
190
161
167
165
158
171
173
177
172
144
171
167
151
167
177
171
169
163
159
168
182
176
150
169
162
160
174
204
194
177
174
153
155
162
178
169
155
156
165
177
151
187
155
161
182
170
169
180
135
167
155
149
164
164
156
161
180
151
159
162
172
155
167
161
165
171
168
149
141
172
171
171
164
146
174
151
159
169
184
151
172
184
173
159
164
172
158
186
152
162
168
154
159
167
170
169
175
142
157
154
151
188
161
176
177
163
154
177
174
161
163
159
174
158
175
185
149
133
149
171
194
160
154
166
173
174
160
162
187
189
175
156
179
154
169
165
173
166
190
178
189
166
172
179
160
154
140
149
160
171
163
158
144
170
188
166
193
188
180
157
166
169
171
165
192
178
176
165
160
150
179
157
175
156
173
148
165
168
177
152
157
187
171
165
161
181
176
175
193
151
171
173
161
174
156
165
169
169
152
177
178
158
147
149
175
167
177
180
157
166
174
154
158
155
147
144
157
154
174
180
164
171
181
192
177
159
165
165
146
173
182
157
161
154
116
177
142
161
166
185
196
157
169
155
183
180
176
155
156
180
179
135
152
205
161
157
163
159
170
200
176
174
150
150
152
163
148
167
173
149
149
148
187
174
179
144
164
140
167
174
170
166
168
152
174
172
169
170
147
173
158
154
169
164
163
174
163
159
163
162
167
137
157
169
184
166
174
182
154
181
160
155
164
167
153
187
169
161
157
156
148
183
178
191
139
163
155
171
168
161
178
168
145
154
164
176
178
157
141
166
147
176
176
147
157
180
164
153
148
176
165
167
142
152
179
154
136
166
156
152
152
160
154
153
144
165
159
159
154
178
159
153
167
175
161
172
159
183
156
149
178
162
168
187
145
139
153
165
164
150
161
167
171
149
143
184
156
172
165
161
166
148
165
162
140
156
141
149
148
162
175
163
174
170
147
151
162
178
161
159
163
141
164
155
165
153
143
174
162
172
158
186
160
182
161
153
158
176
160
157
153
176
152
171
161
154
160
163
151
145
150
141
152
145
184
159
162
165
143
154
190
148
165
146
150
165
170
179
160
167
164
152
150
176
161
159
141
143
148
171
175
140
170
173
145
190
158
155
161
173
143
166
181
146
153
171
152
154
158
151
157
169
166
137
153
150
156
162
153
147
160
143
150
171
173
178
175
161
167
157
164
156
156
176
146
163
175
163
162
162
155
180
155
168
175
140
182
164
176
176
165
163
159
147
152
145
167
159
161
145
141
159
149
120
173
161
151
155
159
152
169
144
172
131
154
146
181
149
193
165
151
169
165
155
159
155
142
152
145
128
163
145
145
158
156
158
149
150
138
174
158
166
142
170
189
158
135
137
158
180
149
173
153
161
160
175
139
160
143
159
162
153
141
162
152
157
138
151
170
161
160
152
150
160
146
162
158
140
155
148
142
163
149
160
158
145
155
148
164
167
170
177
140
149
165
155
161
175
155
134
165
180
137
157
155
159
163
166
161
158
170
169
149
144
146
154
129
145
157
159
139
152
160
141
138
154
152
150
179
149
158
160
143
152
155
142
165
152
173
142
166
155
156
166
163
158
150
161
157
154
164
166
152
148
143
171
147
170
173
150
145
150
147
135
151
130
164
180
163
159
144
151
169
143
150
158
139
158
148
163
162
143
182
129
148
140
166
148
172
149
160
176
153
160
140
156
163
162
141
183
159
169
142
175
156
157
153
160
154
161
168
169
149
166
170
151
158
151
170
153
164
170
145
159
161
168
175
155
121
143
166
173
178
138
169
170
169
172
151
152
163
164
141
150
165
174
142
169
141
156
161
156
163
158
150
155
170
164
175
173
167
130
142
157
145
161
137
162
150
161
145
175
145
129
157
153
163
174
164
170
148
177
158
158
196
182
149
160
155
152
135
153
128
154
157
148
141
128
156
162
167
164
151
161
150
163
168
152
143
158
161
167
162
143
168
150
165
139
141
197
160
156
163
130
153
130
163
173
151
164
153
142
153
178
160
175
148
173
159
158
155
122
164
136
183
146
150
144
163
141
167
148
157
183
162
143
163
131
170
148
167
172
154
195
171
144
177
149
157
171
156
182
165
142
151
144
147
164
153
154
140
169
155
154
164
150
162
140
168
155
147
195
173
143
165
142
148
166
178
133
165
159
157
128
179
147
136
145
156
164
164
170
149
159
147
181
164
175
165
169
154
143
172
152
159
165
153
153
160
144
160
164
146
151
175
156
168
161
162
160
173
170
158
174
187
156
141
190
146
159
192
158
149
147
160
148
163
162
165
143
191
162
167
157
171
160
150
172
144
151
155
158
157
166
183
158
158
152
156
175
156
156
156
158
163
151
138
161
170
176
162
184
165
154
157
151
171
151
140
163
168
157
179
162
158
173
142
134
166
150
158
157
167
148
169
158
153
163
159
167
150
144
171
158
172
154
149
152
159
163
166
158
143
165
147
153
147
166
153
116
170
172
147
170
183
163
151
153
177
153
175
160
155
143
168
177
167
151
141
144
138
165
168
138
147
163
158
135
146
146
158
143
151
171
145
146
180
155
163
151
160
183
165
160
146
162
198
177
161
171
135
143
152
160
136
146
157
164
152
157
181
150
128
176
154
153
172
160
160
172
161
163
164
166
170
158
169
156
159
195
152
162
161
164
171
166
141
163
142
157
179
170
157
138
165
180
159
141
183
166
149
151
173
151
168
155
152
180
179
163
161
179
150
170
171
166
132
161
159
174
161
164
157
192
169
150
177
136
190
147
167
179
181
146
160
184
156
148
168
160
174
155
175
179
162
168
175
157
162
135
166
159
158
158
151
162
178
182
152
163
170
178
161
165
161
173
172
141
179
181
157
157
152
142
172
139
195
166
178
176
156
176
173
158
178
157
163
158
173
157
180
170
165
166
158
184
153
182
170
178
168
151
179
154
160
162
154
175
178
168
154
201
165
169
185
164
148
158
174
173
167
142
145
155
169
180
175
164
147
159
165
150
159
179
171
140
155
164
157
173
191
179
165
165
185
131
167
162
175
178
178
151
166
167
167
182
175
156
166
149
149
166
167
183
134
171
160
163
153
166
181
154
152
179
180
183
178
172
165
164
155
172
154
168
158
172
162
200
163
157
170
169
162
171
141
173
155
159
164
158
160
178
152
194
184
146
164
177
199
193
166
172
149
170
164
155
162
162
156
153
165
155
149
164
149
155
165
169
137
182
175
180
155
165
159
167
176
182
169
161
182
170
161
147
140
175
151
157
152
155
160
158
162
160
163
147
165
180
163
148
154
155
165
149
161
196
160
180
169
173
160
164
168
173
149
166
185
151
149
165
175
181
180
170
180
156
182
172
188
155
183
164
174
188
178
141
184
152
193
151
152
163
151
169
173
168
173
149
154
166
155
176
182
152
164
192
170
137
171
160
172
167
178
166
158
153
165
163
155
160
155
164
178
191
158
198
171
153
153
144
169
177
154
177
170
169
193
171
174
159
187
171
135
154
158
190
188
172
165
165
157
195
156
181
174
174
159
157
150
172
183
178
165
177
166
190
185
169
170
179
154
177
176
176
164
186
157
200
183
144
143
168
169
173
184
184
176
170
198
183
174
176
157
171
171
159
196
163
192
184
180
180
156
175
145
167
163
173
196
161
156
165
187
160
178
171
157
159
155
185
173
191
179
158
140
189
170
217
160
185
175
167
171
173
199
179
175
202
181
169
167
168
155
193
175
174
165
180
162
167
190
174
177
181
168
176
186
173
188
191
170
186
181
166
185
164
160
158
165
166
170
171
166
151
193
163
179
177
176
179
165
181
170
173
183
144
180
190
156
165
167
184
166
183
165
149
177
167
147
156
172
158
152
182
160
157
165
187
187
190
161
180
175
161
171
195
175
174
170
182
171
168
187
178
176
197
194
211
182
166
167
187
173
191
172
189
167
181
166
187
153
183
151
170
156
191
176
195
159
181
170
172
192
179
210
190
185
185
148
177
168
188
177
186
162
170
165
164
161
161
172
184
185
155
165
175
154
166
175
176
203
177
176
163
174
163
171
172
207
159
151
185
176
174
176
198
183
180
205
184
164
162
173
167
190
187
180
205
218
193
173
176
195
163
187
179
168
192
180
172
181
164
179
165
187
191
182
188
162
176
169
174
176
178
182
188
148
164
183
156
173
195
189
190
171
177
190
184
198
180
190
160
176
163
192
183
179
153
170
180
198
189
180
159
201
175
184
198
188
178
177
195
177
157
196
162
184
177
188
194
185
167
167
168
177
211
196
166
185
195
168
201
165
193
192
214
175
175
179
163
209
190
168
178
184
198
183
180
179
180
171
181
159
169
192
173
196
169
187
174
176
200
191
171
200
199
184
179
173
180
172
192
192
184
208
185
189
176
187
186
178
185
202
198
179
175
203
185
194
211
197
174
200
192
200
193
160
179
200
190
204
175
181
194
157
176
184
184
174
184
192
206
177
183
188
184
193
217
191
183
180
199
196
192
206
195
185
177
209
219
219
169
186
200
193
164
197
203
197
159
188
192
188
190
181
196
175
204
225
202
187
185
193
195
174
189
206
188
206
190
192
218
197
178
211
193
187
178
176
203
176
179
217
209
215
202
194
195
200
195
201
188
203
183
200
188
184
195
192
207
194
202
179
201
187
174
157
179
211
201
194
217
157
191
170
217
183
200
209
183
208
182
201
209
186
199
205
221
197
200
161
218
192
206
206
179
210
194
169
189
180
225
224
182
186
230
177
189
167
220
179
190
195
208
197
194
186
219
206
224
209
216
208
202
182
187
178
207
183
168
195
214
195
223
178
206
206
199
210
198
192
201
228
193
228
208
193
204
200
202
221
201
222
192
193
203
197
212
215
186
187
200
200
189
209
205
196
180
192
193
199
203
215
186
209
208
206
210
199
189
211
208
186
192
203
184
200
203
172
186
205
182
205
221
179
199
201
240
197
186
192
201
186
185
212
231
206
183
202
196
178
222
193
215
189
193
178
209
204
187
193
189
191
212
184
203
219
195
191
179
206
208
180
218
230
210
200
187
183
202
214
237
202
194
195
191
219
206
179
218
218
193
208
193
166
194
204
198
200
204
192
195
212
207
203
202
207
209
226
184
209
200
176
184
163
206
216
199
205
202
191
200
206
211
191
201
201
192
222
190
208
189
201
199
188
193
192
209
197
198
197
211
197
218
196
194
189
224
199
189
207
199
237
204
199
206
216
223
177
191
198
211
209
205
208
209
215
196
174
186
197
207
209
190
205
202
227
245
198
208
224
177
155
215
226
199
219
206
220
222
218
194
207
214
221
217
213
202
230
178
199
197
213
211
200
181
201
201
219
189
203
169
187
181
214
209
182
212
213
219
197
205
202
216
208
203
177
195
193
191
217
221
193
206
197
200
206
202
192
207
205
186
167
180
202
220
218
191
198
207
188
191
231
218
203
235
197
181
212
209
180
188
186
219
181
195
185
185
193
191
204
218
197
188
170
196
191
202
208
178
216
206
202
217
229
202
177
189
207
176
197
202
241
206
204
209
212
192
198
200
186
207
182
176
184
177
201
165
170
191
210
189
173
172
196
180
177
181
174
174
208
192
171
200
186
186
184
163
178
188
180
183
198
157
174
167
197
180
177
197
201
191
178
186
164
167
194
190
173
205
182
182
188
159
198
182
153
169
175
166
185
190
188
165
164
157
179
221
162
185
214
172
168
159
192
169
166
201
174
159
171
171
160
164
181
154
171
181
194
164
168
152
174
159
168
157
172
167
163
139
181
161
191
166
151
147
187
151
166
177
197
153
180
158
165
149
170
164
152
153
155
159
160
139
163
160
175
168
170
162
170
148
166
161
179
157
173
165
155
182
176
165
150
153
153
161
138
158
181
165
142
167
172
156
132
161
188
152
167
174
134
153
154
165
132
143
164
165
170
170
157
173
188
151
172
168
140
155
160
166
162
171
152
156
130
165
148
156
152
168
171
163
162
170
154
167
159
159
140
175
142
156
142
150
140
133
131
163
181
135
131
156
142
152
160
143
134
138
144
141
141
154
173
151
140
137
159
144
135
152
133
127
138
139
161
153
141
133
120
138
149
150
130
128
141
149
148
150
136
122
151
141
152
146
158
172
135
151
140
124
158
145
140
137
124
145
141
134
157
130
146
142
135
132
143
149
140
123
159
146
138
138
113
146
151
127
138
141
160
158
130
145
133
143
148
142
135
133
156
126
136
120
136
138
158
154
152
142
130
139
140
138
140
136
148
143
141
146
131
146
136
138
160
120
119
122
139
127
160
143
127
114
144
145
139
126
139
124
109
131
123
147
132
130
129
147
138
131
144
138
145
142
154
125
120
146
146
138
113
130
138
131
127
137
130
146
120
129
134
132
144
133
129
137
127
124
127
131
134
146
121
131
141
122
150
129
126
140
145
127
162
163
121
136
139
134
114
131
116
108
122
163
126
129
137
130
152
119
131
128
137
144
153
151
134
144
132
134
148
131
125
122
146
134
131
125
129
151
118
136
117
128
148
160
129
144
109
143
156
117
128
132
127
103
119
144
141
125
137
133
144
134
119
129
136
110
135
115
144
144
117
143
135
129
139
125
124
138
125
126
145
140
128
138
145
126
101
140
127
127
141
119
121
142
136
119
122
122
131
123
119
155
145
118
140
130
146
125
120
137
133
116
128
113
135
120
135
143
125
118
138
141
118
132
106
136
111
132
117
134
132
122
130
137
125
150
119
110
121
123
140
141
126
138
144
122
109
145
121
140
117
142
103
128
131
119
111
143
131
119
114
119
109
134
149
124
148
130
111
113
124
126
124
131
140
123
126
114
131
136
112
125
120
120
117
125
129
108
114
107
144
117
129
112
132
152
144
123
137
126
115
143
136
133
146
148
128
106
128
124
137
117
129
142
112
141
140
137
120
135
130
127
158
126
118
103
112
124
111
121
120
107
117
116
130
113
120
109
119
108
141
126
118
125
128
125
139
129
119
109
123
117
122
117
131
125
132
110
115
126
134
127
114
123
119
116
122
111
120
119
117
124
149
96
104
98
124
103
111
130
111
125
106
129
111
130
104
106
107
117
131
123
121
125
116
128
112
119
137
100
127
97
122
116
113
119
109
108
99
120
113
125
108
91
107
121
111
104
100
113
114
114
98
110
99
121
110
134
122
120
124
110
121
108
126
112
107
112
113
110
110
102
112
125
109
137
119
117
104
123
128
117
99
116
119
104
104
114
100
122
98
121
134
99
132
111
115
102
95
120
108
101
111
112
109
96
125
105
114
74
85
95
105
121
117
107
116
114
118
104
109
106
108
96
110
86
101
104
82
102
102
105
89
112
84
100
109
103
94
94
97
96
99
83
88
98
102
90
97
120
86
114
85
80
97
80
108
94
85
89
102
89
86
77
104
78
77
100
111
85
103
95
81
112
108
101
102
101
103
113
85
95
95
93
92
105
111
102
108
83
103
91
104
96
98
97
98
79
102
99
99
94
102
90
86
91
95
98
113
95
103
101
110
108
100
130
93
90
119
106
101
104
98
100
91
108
95
87
92
105
113
77
87
109
115
86
108
84
97
103
100
92
102
98
112
112
115
122
98
108
117
113
112
120
115
90
130
88
116
123
110
105
129
126
124
100
120
114
113
111
109
119
114
130
120
109
118
123
132
124
104
133
122
114
111
126
112
117
117
138
131
157
121
143
125
114
128
143
150
140
152
138
137
130
161
168
167
150
161
149
168
150
149
133
145
140
157
155
158
156
145
146
143
185
144
161
160
176
170
157
160
164
183
167
189
209
175
173
170
176
191
159
194
177
197
184
174
177
197
198
193
205
222
208
172
204
194
196
219
204
215
211
216
191
219
198
204
244
231
243
234
227
220
265
209
212
225
215
233
214
240
225
244
247
242
242
257
248
253
248
241
254
262
233
251
242
282
248
261
250
295
244
284
267
273
282
284
294
289
269
298
290
251
287
297
280
271
325
247
290
327
280
323
322
300
282
347
326
304
335
312
305
328
315
334
334
343
364
334
348
378
342
357
334
340
344
324
322
333
390
389
361
360
351
393
366
359
413
369
331
355
382
380
382
388
367
373
378
357
354
389
357
403
412
416
418
409
439
405
419
426
404
417
402
446
424
440
385
425
437
412
419
427
424
403
438
468
475
430
450
455
468
467
458
462
467
451
454
474
461
439
433
443
477
452
465
453
466
459
473
407
407
504
427
490
468
434
462
470
421
480
480
427
483
477
463
490
499
481
456
487
455
455
453
492
450
484
467
470
463
461
523
480
452
482
475
493
482
495
470
488
482
456
442
466
467
470
481
440
461
491
483
503
496
496
510
402
469
483
485
519
455
492
486
452
429
445
442
492
487
455
405
443
477
454
445
447
486
473
441
403
476
456
470
434
421
439
444
418
484
442
445
446
406
459
419
462
437
378
422
460
476
416
467
457
425
379
439
405
406
400
410
390
402
388
420
408
376
382
426
409
396
401
379
413
387
376
374
384
430
372
379
337
374
395
354
400
371
384
385
415
347
328
348
354
325
356
357
358
364
336
345
339
373
326
350
330
319
302
293
308
302
333
318
294
300
322
301
312
316
287
294
301
293
271
274
272
295
306
266
286
283
261
268
261
259
260
271
241
260
248
288
260
237
228
214
227
233
234
206
247
244
268
243
246
214
225
203
210
216
230
222
221
207
205
213
180
201
189
201
210
185
164
196
183
165
169
186
150
192
173
196
167
161
150
161
147
150
152
161
151
156
154
152
161
140
134
142
159
144
140
141
142
128
121
127
130
133
116
119
91
131
118
138
125
93
131
117
97
124
123
111
104
122
104
107
112
107
89
97
113
105
91
92
101
97
93
103
86
98
86
80
88
71
89
86
70
85
68
81
78
81
70
63
86
62
73
60
71
68
69
83
83
69
67
81
74
70
59
49
56
58
69
69
78
43
65
72
56
54
59
45
59
45
52
66
36
44
66
52
49
51
52
62
59
40
52
56
57
49
50
56
42
35
57
49
49
39
47
43
41
48
32
45
51
35
47
33
35
41
34
47
43
50
42
40
41
46
44
45
35
44
42
41
52
47
42
32
39
33
42
28
25
34
32
47
33
42
31
34
46
39
36
35
46
48
37
36
34
40
38
35
38
31
35
52
36
45
40
47
32
44
41
36
39
30
40
43
36
33
43
35
41
51
35
44
39
41
43
31
38
33
53
48
60
50
39
37
36
49
44
41
55
54
47
53
45
66
44
41
44
54
54
59
39
63
53
52
68
62
44
47
59
58
51
59
55
69
51
61
57
63
63
65
68
51
55
70
70
63
71
78
56
69
64
55
74
60
72
56
83
68
70
86
70
71
72
85
81
79
83
82
85
59
77
84
92
84
79
80
96
84
78
92
71
97
97
98
90
94
105
98
96
80
101
84
85
92
113
97
92
99
104
116
127
106
135
120
114
111
119
99
111
105
118
106
132
118
107
136
112
126
128
132
127
117
125
138
135
143
125
129
136
136
145
162
145
150
157
127
147
155
157
136
115
160
133
160
166
156
162
135
145
158
162
180
186
158
157
164
192
196
171
191
177
184
177
183
190
160
172
197
198
196
189
205
177
205
160
225
203
194
185
204
226
201
212
196
201
206
243
207
229
208
233
222
251
230
238
224
235
242
223
247
250
232
278
237
278
206
235
239
292
262
241
249
258
261
271
246
258
303
253
271
262
269
256
290
229
260
271
270
252
262
274
259
292
279
303
305
301
282
277
297
311
285
338
290
335
326
306
304
329
286
311
341
292
287
315
317
301
318
347
292
329
305
319
338
310
323
312
373
334
327
314
345
353
404
340
326
355
318
365
360
338
368
365
373
370
337
345
334
403
372
376
363
388
407
365
368
350
396
365
359
382
364
383
381
383
374
380
365
378
378
401
398
368
382
408
351
399
417
381
386
372
414
389
371
392
372
402
395
408
367
420
366
419
406
384
409
389
366
384
397
398
420
411
393
402
392
367
381
423
393
373
403
384
407
380
354
410
405
362
374
391
387
416
404
404
365
354
406
365
409
399
377
416
367
370
370
365
364
380
386
428
412
363
379
338
334
386
387
373
379
354
363
375
349
374
357
355
374
360
359
377
395
352
341
394
341
333
367
340
363
361
350
356
366
352
330
355
332
343
353
346
334
364
343
326
336
350
331
328
344
338
323
316
301
386
310
314
310
304
330
294
325
294
305
311
331
305
309
328
317
308
277
297
286
294
294
293
254
309
275
283
272
282
239
294
246
291
238
273
304
286
243
256
256
246
250
274
226
217
275
219
245
238
237
259
234
270
248
223
239
233
208
235
201
217
204
199
231
231
211
200
222
205
208
197
229
212
207
209
205
188
212
207
200
202
190
195
187
192
156
204
189
209
180
165
177
177
181
166
176
170
152
170
154
151
152
159
166
182
153
146
154
176
139
165
135
167
146
137
144
134
153
156
126
135
133
118
128
127
125
124
118
132
118
117
109
128
92
108
110
102
101
115
110
102
124
113
111
111
81
92
92
81
110
90
89
99
94
79
104
87
74
83
93
95
78
78
77
72
73
106
63
76
77
87
82
93
63
63
69
63
59
65
78
76
75
67
57
50
58
47
57
55
58
72
61
53
64
48
62
73
52
41
48
50
49
50
54
46
46
48
41
54
48
37
41
37
49
35
47
48
37
36
44
40
30
39
36
36
28
31
40
34
46
32
28
43
37
41
33
33
36
29
33
34
20
31
30
30
28
22
31
34
28
32
29
34
28
26
22
29
22
22
18
29
26
27
22
28
17
18
24
20
20
19
16
25
23
18
23
20
18
20
12
15
16
15
28
21
19
22
25
17
18
19
17
21
15
11
24
8
12
8
14
15
15
25
19
14
16
14
9
12
16
9
9
17
16
18
11
14
3
14
16
12
13
5
11
14
14
17
7
8
14
7
21
13
16
12
12
14
11
8
14
8
11
14
6
11
13
16
14
9
7
10
4
4
9
7
11
14
17
12
11
13
14
8
10
7
4
10
13
9
13
14
5
8
14
11
8
11
8
16
3
7
8
13
8
8
13
8
5
9
10
9
11
5
9
8
8
13
7
12
9
16
9
11
9
10
8
9
10
9
8
4
13
8
10
5
14
8
4
8
5
13
8
3
9
8
10
9
9
8
10
8
11
8
9
7
8
9
11
9
10
6
10
10
3
6
4
5
9
8
10
4
4
11
6
6
2
4
6
7
10
7
10
6
11
11
9
13
8
6
11
10
10
4
9
5
6
6
11
9
7
8
7
6
8
6
9
10
9
7
10
7
11
6
4
7
9
3
9
10
11
12
13
9
15
13
10
11
8
8
6
10
5
9
6
5
10
3
7
7
5
7
9
5
11
8
6
4
7
14
2
7
8
9
8
5
5
2
6
6
4
8
4
8
9
10
6
11
6
7
11
4
7
5
5
4
7
12
4
6
4
4
4
6
10
6
12
8
4
7
5
10
3
7
5
10
10
6
11
5
3
9
8
10
8
10
7
8
10
4
7
7
7
4
7
4
3
7
7
10
7
4
4
3
5
8
5
10
8
10
7
5
7
11
8
7
5
6
11
5
6
8
6
6
6
8
9
9
7
4
7
7
6
11
8
8
6
6
7
8
3
6
6
13
7
10
3
6
9
5
5
5
6
6
6
8
5
2
7
5
11
6
5
4
6
8
6
8
4
4
7
6
7
6
10
3
2
9
5
7
5
9
6
5
1
7
10
5
3
4
7
4
12
10
9
8
5
6
4
8
5
7
4
4
5
5
4
1
6
8
9
4
11
9
12
6
10
5
3
11
7
6
5
4
17
5
5
7
8
4
4
3
7
10
4
6
3
5
8
4
5
5
10
7
10
6
5
5
6
4
3
7
8
11
2
2
10
4
3
9
5
7
3
5
3
8
7
8
5
3
8
6
7
6
11
9
5
5
4
4
5
4
7
2
10
11
5
5
8
2
6
8
5
2
3
4
5
7
6
3
7
6
8
7
4
5
5
5
5
5
7
8
6
6
5
5
9
6
1
4
11
8
8
8
7
9
6
4
5
4
5
7
2
4
4
8
15
2
2
10
3
7
6
3
2
7
6
6
4
6
7
3
5
3
5
8
7
7
4
7
2
3
4
9
6
7
6
6
6
8
6
8
3
5
7
7
7
3
5
3
5
8
7
4
6
6
7
6
8
6
6
5
5
3
6
5
0
7
10
3
4
5
3
8
5
5
7
4
3
7
9
4
8
5
6
8
4
4
6
8
8
3
10
4
3
3
6
8
6
8
5
3
4
12
4
7
4
7
3
0
8
8
6
2
6
2
5
5
6
7
9
6
3
7
2
6
3
6
7
7
6
5
9
6
3
7
3
4
4
5
2
9
4
5
4
4
3
7
6
8
5
3
7
5
7
8
7
5
2
2
3
3
5
2
4
4
5
5
7
1
5
9
5
7
12
3
5
2
1
5
7
4
8
3
3
3
5
7
7
5
3
2
12
7
0
5
8
6
5
12
1
7
7
5
7
7
5
6
10
10
2
3
8
7
8
3
6
10
3
2
3
6
4
6
10
10
3
3
5
4
8
8
4
5
5
2
8
5
3
5
7
2
6
5
10
5
3
7
3
6
2
3
3
4
5
3
2
5
2
5
2
6
6
4
4
7
7
1
12
4
2
7
5
8
1
6
5
3
7
3
0
8
2
5
4
8
6
5
14
7
5
5
6
5
3
0
9
2
8
2
10
3
5
2
8
2
2
6
4
2
9
3
5
3
7
7
7
4
3
3
8
6
6
1
4
8
5
3
5
2
9
4
5
2
5
4
4
3
2
7
4
5
5
3
2
3
5
4
5
6
6
8
4
3
4
1
6
7
3
6
7
3
4
6
4
2
1
4
6
9
2
7
4
5
4
4
6
7
4
6
2
9
3
4
3
4
7
5
5
3
4
2
7
5
2
5
4
1
9
4
3
4
4
1
8
7
7
3
2
4
5
5
3
5
9
4
3
4
6
9
4
6
2
2
10
4
6
2
4
5
3
6
3
4
8
6
6
4
6
0
3
3
4
3
2
7
4
2
1
8
6
3
4
9
2
5
4
5
6
3
7
4
5
7
1
8
6
8
8
4
2
5
2
3
3
4
3
7
5
1
5
4
7
3
7
6
5
4
8
4
6
3
5
4
5
6
4
4
7
5
4
5
2
3
6
8
3
5
6
3
4
4
2
1
4
7
6
3
4
5
3
2
5
3
3
2
3
0
5
3
3
5
3
6
5
8
6
4
1
1
4
7
7
5
7
5
4
5
6
1
4
3
3
5
4
3
2
3
6
2
4
3
3
2
2
3
3
5
4
3
7
5
5
7
6
4
6
3
5
4
3
2
7
2
3
4
2
4
5
5
7
7
3
3
4
5
4
4
1
4
5
2
2
4
5
1
3
7
3
4
5
4
4
3
4
10
6
2
5
8
4
7
4
5
2
4
4
3
2
7
5
5
2
4
1
5
6
6
1
5
3
10
6
5
3
1
6
2
4
7
5
3
4
3
5
3
3
6
6
1
5
4
13
6
10
2
4
7
1
4
7
7
4
5
9
8
6
1
3
4
5
3
7
2
6
4
3
5
9
4
2
3
4
5
51
62
59
63
63
62
51
76
64
58
72
64
58
58
67
55
82
63
75
65
67
58
71
53
68
57
63
72
60
71
72
45
50
72
73
80
74
52
68
51
80
61
74
65
74
50
59
71
50
53
64
67
54
69
63
72
55
65
75
82
55
47
48
58
52
62
52
61
61
59
54
66
59
68
67
68
60
58
60
59
59
76
48
67
75
56
66
52
63
73
59
45
81
67
79
76
79
48
58
76
63
50
62
65
64
55
56
67
60
66
69
58
58
54
67
51
61
62
65
58
67
56
54
52
62
64
68
16
