1
7
5
5
4
3
3
3
4
3
7
3
4
7
4
2
3
6
7
4
6
1
7
4
2
7
3
2
4
6
4
1
7
4
3
1
5
11
6
5
6
4
2
5
7
4
2
5
5
5
6
6
6
4
8
7
6
7
8
6
11
8
10
8
7
9
6
14
7
9
3
12
8
7
8
9
17
13
9
13
11
11
12
13
23
17
13
13
13
10
23
28
46
80
135
209
367
492
621
725
850
931
984
1034
1058
1104
1057
1108
1121
1270
1184
1235
1221
1202
1191
1274
1208
1196
1255
1253
1224
1254
1218
1215
1234
1252
1303
1288
1299
1278
1267
1241
1277
1297
1263
1312
1328
1316
1403
1275
1278
1352
1344
1344
1299
1367
1290
1241
1279
1277
1303
1335
1336
1335
1383
1300
1365
1381
1346
1352
1360
1307
1400
1380
1390
1368
1348
1393
1323
1329
1231
1295
1336
1303
1265
1299
1270
1272
1336
1273
1227
1285
1194
1224
1251
1172
1182
1152
1135
1080
1133
1158
1066
1044
996
1052
991
972
969
933
1015
1027
966
951
959
917
905
877
905
905
872
865
867
911
846
846
759
777
778
759
717
755
706
684
710
723
671
680
679
617
589
617
613
598
570
587
619
578
561
562
555
488
527
475
538
477
449
460
447
434
414
408
378
424
387
366
376
353
345
335
339
346
337
302
317
307
321
292
271
288
258
259
249
238
259
227
223
220
212
213
207
207
220
228
190
180
190
196
164
168
180
163
168
169
150
175
147
140
160
122
118
117
129
131
110
118
98
92
112
106
107
101
92
67
66
77
80
72
81
84
70
71
55
45
61
55
66
75
57
64
35
56
41
42
59
59
51
47
41
28
39
37
32
33
26
29
36
22
25
28
17
31
33
28
19
20
24
34
21
19
20
15
25
16
14
17
17
17
13
17
5
18
15
17
11
13
16
8
8
6
6
15
4
8
9
11
4
12
5
16
8
4
7
10
10
6
9
6
4
7
7
6
7
5
9
5
3
4
5
3
7
5
3
1
3
4
3
3
5
6
5
2
7
3
4
4
2
2
3
1
1
1
0
5
5
2
4
0
0
3
8
3
4
1
4
3
1
8
0
2
1
4
2
8
3
2
1
3
3
3
2
1
4
2
2
4
3
2
1
2
4
2
5
1
3
1
2
1
1
6
0
1
1
6
3
7
2
0
3
2
1
2
2
2
3
1
2
5
3
2
1
1
0
1
1
1
1
0
1
3
2
2
0
3
3
1
4
3
1
2
0
2
0
0
1
1
3
1
4
2
2
0
2
0
2
4
0
2
4
3
2
4
3
0
0
3
5
2
2
3
1
3
1
2
3
3
3
4
3
1
2
1
1
3
1
0
3
3
4
1
0
3
1
0
0
1
2
4
2
3
2
0
2
1
0
2
4
2
5
2
2
3
6
3
1
1
3
3
3
0
2
2
4
1
4
3
2
0
1
2
1
2
10
3
4
3
2
3
2
3
3
0
2
3
1
2
1
2
3
1
1
1
0
0
1
2
1
4
2
5
2
1
5
2
3
1
0
2
3
2
3
2
4
1
0
1
0
2
1
3
2
2
1
0
2
4
1
5
3
4
1
1
3
3
1
6
2
3
1
2
1
0
0
4
2
4
2
4
0
0
2
3
2
3
6
1
2
1
3
1
1
1
2
2
1
5
1
0
3
3
1
3
1
1
2
3
3
1
1
2
1
2
2
4
2
4
2
2
5
3
0
2
2
3
1
1
1
2
4
5
3
2
1
2
4
3
0
3
1
0
2
3
4
4
3
0
2
2
3
3
1
2
1
1
4
1
4
2
3
4
4
2
2
2
2
2
0
3
0
3
3
2
4
2
1
2
1
1
2
3
3
2
1
2
2
2
1
4
0
3
1
1
3
6
0
1
2
0
0
0
1
6
3
0
3
1
1
2
3
4
1
2
4
1
3
5
5
3
2
3
3
0
3
0
3
1
2
4
1
1
1
1
2
2
1
2
2
1
2
3
4
3
5
1
1
1
1
3
2
0
3
3
3
2
4
1
0
3
4
1
3
3
3
2
0
0
1
4
1
3
6
3
3
1
2
1
2
3
2
0
3
2
3
2
1
2
4
3
2
0
2
4
3
1
0
2
0
1
2
1
4
1
0
3
0
0
1
3
2
5
2
2
2
2
0
1
3
4
1
2
4
5
1
1
4
0
1
1
0
2
0
1
2
2
0
1
1
5
3
1
0
3
0
2
0
1
1
1
3
2
2
1
1
4
3
3
0
1
1
2
3
2
1
0
2
1
1
1
3
1
2
1
0
1
0
1
0
3
2
3
4
0
3
1
1
1
2
1
2
2
6
2
3
2
3
1
2
2
1
0
0
2
2
1
0
1
2
2
1
1
1
1
2
2
2
1
0
3
0
2
3
1
3
0
1
2
1
3
1
0
5
2
1
2
1
1
3
2
1
0
4
2
2
3
0
2
0
3
3
2
4
4
1
2
1
2
4
2
4
6
3
6
5
0
2
0
1
2
2
2
2
0
4
1
2
1
2
1
1
3
0
2
3
1
5
2
0
0
0
0
2
2
0
4
2
3
1
2
2
1
2
2
3
3
2
4
2
1
1
1
1
4
4
3
2
2
1
2
2
2
3
1
1
2
2
2
2
2
1
1
2
1
4
2
0
3
4
2
1
3
0
0
1
1
0
4
2
3
2
3
3
1
4
3
1
4
3
1
0
1
0
3
2
4
2
1
2
1
3
2
1
3
0
1
1
3
2
2
3
5
2
2
2
0
0
0
3
2
1
5
2
1
0
3
1
2
0
5
5
4
0
3
1
0
1
2
1
4
0
4
4
1
2
2
1
1
2
1
2
2
3
6
2
3
0
2
4
3
3
2
1
4
3
2
4
5
2
1
2
0
2
2
2
2
7
1
1
3
4
3
3
3
1
2
4
1
1
3
2
4
2
0
2
2
5
3
1
4
1
1
2
0
0
3
2
3
0
1
1
4
0
2
1
1
0
1
2
3
0
3
1
1
1
3
3
2
1
1
2
1
3
0
2
3
4
1
2
3
2
1
2
1
2
2
1
2
4
5
1
3
0
1
3
4
3
1
4
2
1
2
0
2
3
2
2
2
0
1
3
1
2
2
2
1
1
5
1
2
3
3
1
2
3
3
1
2
1
2
2
2
3
5
2
3
2
3
3
0
4
3
1
3
4
6
3
2
5
3
2
3
2
1
2
2
1
0
0
2
1
0
0
2
4
1
2
3
1
5
5
4
0
3
4
1
2
5
3
1
3
1
6
1
0
3
2
0
1
2
1
1
4
0
2
1
2
2
2
2
3
2
0
2
0
2
2
2
2
2
1
2
0
4
4
0
2
1
1
4
2
4
0
2
2
2
0
1
1
2
1
1
3
1
3
1
2
1
3
3
1
4
1
0
2
1
2
5
1
3
1
3
3
2
6
2
0
2
2
2
1
2
2
2
3
0
2
2
2
6
3
6
0
3
2
1
3
2
4
1
1
4
0
3
3
0
2
3
1
1
3
2
3
3
1
2
3
2
1
0
1
2
2
3
4
3
2
3
1
0
3
2
4
3
3
3
0
2
1
3
3
2
3
1
1
4
0
1
2
3
1
0
4
1
0
1
1
0
2
2
2
2
2
2
3
1
0
2
3
1
0
3
3
0
1
3
2
1
1
4
2
0
1
2
1
0
1
1
6
2
3
0
5
2
3
3
3
1
2
0
4
2
4
1
2
3
2
4
1
2
4
1
0
2
0
2
5
0
2
3
1
2
3
2
5
2
0
2
4
1
1
1
1
1
3
4
1
1
3
2
2
2
3
2
2
3
1
2
1
1
2
2
2
3
3
2
5
2
4
0
3
4
2
3
3
0
1
2
3
0
2
0
4
2
1
2
2
1
3
0
0
0
3
2
3
1
0
1
0
2
3
3
2
1
3
2
1
1
3
1
3
1
2
4
4
0
4
2
3
0
4
3
3
3
1
0
2
2
4
0
1
1
4
1
2
2
0
0
1
2
3
1
1
2
2
2
1
3
0
1
1
4
1
3
1
3
2
2
1
4
4
2
2
0
3
2
0
2
1
2
3
2
0
3
2
3
1
2
0
1
5
2
2
1
3
3
0
0
0
0
2
2
3
1
2
1
1
0
1
3
4
2
1
2
1
1
2
1
4
1
3
1
2
3
1
1
1
4
2
2
3
1
2
2
1
0
1
3
3
5
2
1
1
1
3
2
2
2
1
1
1
3
2
2
3
1
3
1
2
3
1
2
0
2
2
2
3
3
4
1
2
3
0
3
2
2
2
2
1
3
1
1
2
0
1
1
2
1
2
2
1
1
3
2
3
0
5
1
3
1
1
4
2
2
1
2
1
0
2
2
4
3
2
4
3
2
1
2
2
3
1
4
1
2
2
2
0
2
2
1
7
2
4
1
3
1
2
2
2
2
3
3
0
2
1
2
1
3
4
3
0
3
2
1
2
5
3
1
2
2
4
4
5
2
1
3
1
3
2
2
0
0
2
3
5
1
1
0
1
0
2
1
1
2
0
0
1
5
3
0
1
5
2
0
2
3
2
3
2
3
2
1
2
1
1
2
1
3
1
1
0
2
4
2
1
1
3
2
3
1
3
1
5
3
3
2
0
1
1
1
0
4
3
2
0
0
1
1
1
1
0
3
2
1
4
3
2
0
5
1
1
0
5
2
2
0
1
2
1
1
5
1
1
3
0
0
2
1
1
2
1
1
2
1
3
1
4
1
4
1
2
4
3
2
4
0
4
3
2
3
0
1
2
0
2
3
1
2
1
2
2
1
2
3
1
1
2
0
2
3
0
1
2
4
2
2
4
1
1
1
1
3
1
3
0
3
2
2
0
3
1
1
1
5
3
0
0
3
3
2
2
0
4
3
2
2
1
1
3
4
2
4
6
1
1
1
2
0
2
1
1
2
3
2
0
1
4
2
1
3
2
3
2
3
4
3
0
5
1
2
1
2
0
4
1
1
0
5
0
0
1
3
1
2
2
2
2
1
1
1
2
1
3
3
3
2
1
1
0
3
4
6
2
3
3
2
2
2
1
3
4
1
1
0
4
1
2
2
1
3
2
1
1
1
2
1
1
4
1
2
2
1
4
1
2
1
2
2
0
1
3
0
1
2
4
2
0
3
2
1
4
4
0
1
4
4
2
2
4
2
3
0
1
0
1
1
0
0
1
2
3
1
2
2
3
0
0
4
5
1
3
3
1
3
2
2
4
2
3
2
3
0
3
0
1
1
3
1
3
1
4
2
1
1
2
1
2
0
0
2
3
1
4
4
2
1
2
2
0
3
2
3
1
2
1
1
1
0
1
4
3
2
1
3
3
2
0
2
1
3
2
2
3
3
0
0
1
1
2
4
3
2
0
1
2
0
1
1
1
1
0
3
1
1
3
1
1
1
0
2
0
3
1
1
2
1
3
3
4
3
2
2
3
1
1
1
2
4
4
2
0
2
5
0
1
2
3
0
1
0
4
1
4
0
4
1
1
3
2
1
3
0
1
2
1
3
1
5
2
1
2
2
1
5
2
4
2
5
0
4
1
2
1
0
1
0
2
3
4
2
3
4
3
1
1
3
2
0
4
0
2
1
2
0
1
3
0
3
1
3
3
4
4
1
0
2
1
1
1
3
2
1
2
4
1
1
2
1
3
3
1
2
3
2
0
1
0
3
2
2
1
2
4
0
1
3
1
2
4
4
1
1
3
4
0
3
1
2
2
0
2
1
2
2
2
5
5
0
0
1
2
2
1
0
4
3
1
2
2
2
2
3
3
4
1
2
1
1
1
1
2
1
2
2
2
1
2
1
0
4
0
0
1
2
0
1
0
3
2
3
1
0
5
4
4
3
2
1
2
3
1
1
3
2
2
3
3
2
1
3
4
1
2
1
3
2
1
1
0
2
4
1
5
0
2
1
2
3
0
6
2
1
3
1
0
2
0
0
0
1
4
5
1
1
1
2
2
1
1
3
1
1
1
1
6
2
1
1
2
1
5
2
2
3
2
1
1
1
3
1
0
2
1
1
3
1
2
1
2
1
0
2
1
1
0
3
3
1
0
1
1
2
1
1
5
3
2
2
4
3
1
3
1
3
3
1
1
4
0
1
1
1
5
1
3
1
1
2
2
1
3
0
3
0
1
0
3
2
1
1
1
2
1
2
1
1
0
4
0
0
1
0
0
1
1
2
2
2
0
1
2
1
1
4
3
0
2
2
2
1
1
2
2
0
1
1
0
2
1
1
0
1
1
1
2
2
0
1
2
3
3
1
0
3
4
2
2
3
3
0
1
3
0
2
1
0
5
0
3
0
0
5
1
1
4
3
1
3
1
5
2
2
2
3
2
1
4
3
3
2
1
0
2
1
2
5
2
1
2
5
3
1
3
0
1
2
2
3
7
1
3
2
1
0
4
3
1
0
1
3
5
1
4
2
2
4
0
0
3
2
1
4
2
5
0
1
3
2
3
2
2
2
4
2
1
1
2
1
2
6
2
3
1
1
1
0
2
2
2
2
4
4
0
0
2
2
2
1
3
5
0
1
2
2
2
1
0
2
1
1
1
2
2
1
4
1
5
3
2
1
1
3
1
5
3
0
2
0
3
3
1
0
0
2
4
2
0
1
0
0
2
2
3
1
1
1
0
1
1
2
1
5
2
2
3
1
1
3
1
0
4
2
2
4
2
4
1
1
0
3
2
2
2
3
4
3
2
2
0
2
3
2
2
1
3
2
2
1
4
3
1
0
2
1
1
3
1
2
3
5
2
1
0
3
0
1
2
4
0
2
1
1
5
0
1
1
1
3
4
2
3
0
4
1
3
0
2
1
3
0
1
3
2
2
1
1
1
2
1
2
0
2
2
2
2
0
3
2
0
1
3
2
2
1
1
2
0
3
3
1
0
1
2
1
4
3
3
2
1
2
1
1
0
0
1
3
2
2
1
1
1
1
2
1
2
1
1
2
0
0
2
1
0
0
4
0
1
2
2
1
0
1
1
4
1
2
1
1
3
0
0
2
1
3
0
2
3
2
3
6
2
1
2
5
2
0
2
1
3
1
0
1
2
5
2
1
1
4
1
1
1
3
2
2
2
1
0
2
3
0
1
0
2
1
1
0
0
1
4
2
2
5
2
0
1
3
3
1
4
1
2
1
3
3
1
3
1
2
2
1
1
2
3
1
2
4
2
0
7
3
2
1
0
3
4
3
0
2
0
2
1
1
5
0
5
3
1
1
4
4
4
2
3
3
1
0
0
2
1
3
1
0
2
0
3
5
1
3
3
1
1
0
2
3
2
1
2
2
0
0
1
1
4
2
5
2
2
1
0
1
1
0
5
1
1
2
3
3
0
1
5
1
1
1
1
4
1
3
2
0
3
2
2
1
4
5
0
3
3
3
1
2
1
0
1
4
0
1
3
2
1
2
2
2
2
0
0
4
1
2
0
2
1
4
1
0
0
1
3
4
3
2
1
3
5
1
1
3
7
2
3
1
1
1
0
4
3
1
3
3
1
2
5
1
3
1
2
2
3
2
1
1
2
3
3
2
2
2
1
3
3
3
4
0
1
3
5
0
3
2
1
0
1
1
2
3
2
1
1
3
2
2
1
2
1
4
0
4
1
1
1
0
0
2
0
2
5
1
1
2
2
4
3
1
2
2
0
0
2
2
4
2
4
1
1
1
2
2
0
2
2
0
4
1
1
2
1
2
1
3
0
3
0
3
3
4
4
0
0
2
2
3
0
1
6
0
2
0
1
4
3
5
2
1
3
2
1
3
5
0
2
1
5
3
1
1
1
0
5
1
1
3
5
6
1
2
3
0
0
2
3
2
2
2
4
2
2
3
1
3
3
2
0
0
0
0
1
3
2
4
1
0
3
3
3
2
2
3
0
0
2
3
3
2
3
2
1
2
2
1
2
1
2
1
1
0
0
0
1
0
0
2
2
2
1
4
1
2
1
1
5
2
1
1
2
3
1
1
1
1
0
3
3
1
1
6
4
1
1
1
2
0
1
1
3
4
3
1
0
3
0
2
0
3
0
5
3
0
1
5
3
4
6
1
4
3
3
2
2
5
3
2
3
1
7
1
2
4
1
1
3
1
1
3
1
2
1
2
2
4
1
0
2
3
2
1
1
0
2
1
2
0
1
2
0
2
0
0
2
0
1
4
3
0
2
2
2
1
0
3
2
0
2
1
3
0
1
2
1
2
3
2
2
2
1
2
1
3
3
0
1
2
4
1
3
4
2
6
1
3
5
3
2
2
3
3
2
3
1
0
2
1
1
0
2
1
3
2
0
3
1
2
0
1
3
2
3
1
2
3
3
2
0
1
1
6
2
3
1
2
3
4
2
2
0
1
2
3
1
2
2
2
1
2
4
1
0
1
0
5
3
1
5
4
4
1
2
3
1
0
3
1
3
4
1
2
3
1
5
2
1
3
1
0
0
1
3
3
5
2
3
2
2
0
1
1
2
1
0
2
3
3
1
3
2
4
2
2
1
2
1
2
3
1
0
0
0
6
1
4
1
0
3
1
1
1
5
3
1
4
0
3
3
3
1
3
2
2
3
1
5
1
3
1
3
3
0
2
1
2
1
1
2
4
1
2
1
2
2
2
2
5
2
1
4
4
2
4
0
2
2
1
0
5
1
0
0
2
1
2
1
0
1
3
3
2
0
0
2
1
2
1
3
1
2
2
0
1
2
3
2
0
1
4
2
3
1
0
1
1
4
3
2
3
2
2
2
1
2
2
1
1
2
3
3
2
1
1
4
2
2
1
1
1
2
4
0
1
2
2
5
3
5
2
3
3
3
1
1
2
1
2
2
1
2
0
6
2
0
0
1
1
4
3
2
4
5
2
1
6
0
4
1
1
4
1
3
0
0
2
1
2
2
4
2
3
0
2
2
2
0
3
3
2
1
4
5
2
1
2
0
1
6
1
0
2
1
1
2
0
4
2
3
3
2
4
2
3
1
2
3
1
3
2
3
2
1
1
2
3
3
1
0
3
4
4
3
2
1
0
1
2
1
0
3
1
0
3
4
3
3
2
3
0
3
1
2
1
0
0
3
1
1
4
3
0
1
2
2
1
1
1
0
5
1
0
2
2
2
2
1
2
0
3
1
0
4
2
1
0
0
2
3
4
1
1
2
3
2
3
1
1
1
1
1
0
4
2
4
4
0
2
4
3
2
2
1
2
4
5
2
3
2
2
0
2
0
1
3
3
2
0
3
0
2
0
3
2
2
1
2
2
2
1
2
3
1
1
1
5
4
2
1
0
4
2
0
2
0
5
5
3
1
2
2
2
1
0
1
3
3
1
1
6
1
2
1
1
2
2
0
0
1
2
1
3
1
1
0
2
1
0
2
2
3
1
0
4
0
5
1
1
2
1
0
8
2
4
4
1
1
2
3
0
3
1
3
1
4
3
2
1
4
4
1
1
0
2
0
2
2
3
3
1
6
2
1
3
1
1
3
1
1
3
1
0
3
0
1
2
2
2
3
0
3
2
3
1
1
2
4
2
3
0
1
2
2
1
2
1
2
2
2
1
0
1
1
4
2
0
4
1
0
1
3
2
1
2
1
1
1
1
2
0
0
2
4
3
2
6
3
6
2
1
3
0
2
1
3
0
2
5
2
1
0
6
1
1
5
1
3
5
4
0
3
2
3
2
2
4
3
1
0
0
2
1
3
0
0
3
1
0
0
5
3
1
2
2
1
2
0
1
4
1
1
5
1
1
0
3
4
3
1
5
2
0
0
4
2
1
0
1
2
0
2
2
2
2
2
5
2
3
2
1
1
3
1
1
4
1
1
4
4
1
3
3
1
2
3
1
1
5
1
2
1
4
1
1
2
1
1
2
1
2
0
3
2
4
2
2
3
5
0
1
1
0
1
1
1
3
0
2
1
0
2
2
2
1
4
5
2
1
2
1
0
0
4
1
4
0
0
0
3
0
0
4
2
4
2
3
2
4
1
1
3
4
0
0
0
5
2
1
3
4
2
1
0
2
3
2
2
2
1
2
1
4
1
1
0
0
3
3
4
1
2
3
1
1
2
2
3
2
1
1
1
3
3
3
0
2
2
2
1
3
1
3
1
2
1
5
5
0
0
2
5
0
2
3
1
2
2
5
3
0
2
0
0
1
1
0
2
2
3
4
3
2
3
1
4
3
2
0
2
6
2
2
2
1
2
3
2
2
0
0
4
5
2
0
2
4
3
1
2
0
1
3
4
2
4
2
2
0
1
6
2
1
5
4
0
2
4
8
3
1
1
2
1
0
3
1
7
1
6
1
2
2
1
2
0
4
5
0
2
0
5
4
2
2
4
3
2
1
2
2
2
2
0
1
3
1
3
2
3
2
2
2
3
2
2
3
4
2
1
2
1
1
3
3
0
2
1
5
3
4
0
1
1
0
5
2
2
3
1
4
1
1
1
1
1
2
1
1
1
2
1
3
2
1
6
3
1
1
3
3
1
0
0
1
1
2
0
6
3
2
1
2
0
5
4
1
2
1
4
2
3
0
2
4
0
1
2
1
0
2
2
2
2
0
3
0
2
3
1
1
5
3
2
4
1
5
3
2
1
0
2
0
1
1
3
2
2
3
0
4
1
1
5
0
3
3
1
1
1
2
0
2
1
1
2
1
0
0
1
1
2
3
1
3
2
1
3
0
2
3
0
4
3
1
4
0
1
1
3
1
3
3
3
5
2
3
3
3
2
1
0
1
3
1
2
2
2
1
2
4
3
0
3
1
1
2
2
2
1
1
2
1
1
4
4
3
2
2
1
2
4
2
4
3
0
3
2
3
1
0
2
0
1
0
3
0
0
2
1
1
3
0
0
0
1
1
2
3
1
3
0
4
4
1
2
0
4
1
4
0
2
2
4
2
2
1
4
1
2
3
0
1
2
0
2
1
1
1
2
0
1
0
3
2
1
1
2
2
4
2
3
1
2
3
4
1
0
1
3
2
1
1
4
3
3
3
2
4
1
2
1
0
0
2
2
2
6
2
3
1
0
0
3
3
2
1
4
2
1
1
0
3
1
1
4
2
1
4
1
1
3
3
2
2
0
3
4
2
3
1
3
0
4
2
1
0
3
3
5
1
1
7
0
2
0
3
6
3
3
3
1
6
1
4
3
1
1
2
6
7
2
2
1
3
3
1
1
4
0
3
6
2
4
1
1
2
4
1
2
2
1
0
5
2
3
1
1
1
2
1
1
0
1
1
3
1
3
2
1
1
2
0
2
3
0
1
2
2
0
1
1
1
1
2
2
1
1
3
0
3
0
5
4
4
2
3
1
2
3
0
1
0
1
3
3
1
3
1
2
1
2
2
2
2
1
0
1
1
1
2
1
3
2
0
1
2
2
4
1
0
1
1
2
3
1
1
1
2
3
3
5
1
4
1
3
1
2
1
4
2
2
0
4
4
5
6
5
1
4
3
2
1
2
4
1
2
3
0
3
5
2
0
0
4
2
0
6
3
1
2
1
3
2
3
2
1
3
1
2
2
2
2
0
3
1
2
3
0
0
1
0
4
1
0
1
2
1
3
1
1
5
0
1
2
2
3
3
0
3
1
3
4
3
0
1
0
4
1
1
3
3
1
3
1
4
6
0
2
2
2
2
4
4
0
1
4
0
6
5
3
2
1
2
4
3
1
1
2
5
0
2
2
3
1
0
3
2
4
1
1
3
0
2
1
0
2
2
3
1
1
2
1
5
4
4
2
5
2
2
3
3
0
2
4
2
0
0
2
4
1
1
5
4
2
0
3
1
4
2
2
2
2
1
0
4
2
4
1
3
0
2
3
2
3
2
2
2
2
2
0
1
1
2
1
3
1
1
5
0
1
1
1
1
4
3
4
0
3
2
0
4
2
2
1
3
1
1
2
6
1
1
2
2
3
2
3
1
4
3
2
4
2
0
1
1
2
2
1
0
3
2
2
3
4
2
4
4
4
2
2
7
1
2
4
2
2
0
2
3
2
3
1
3
0
2
1
4
0
4
3
3
0
1
2
1
1
1
4
2
3
0
3
1
4
1
0
2
0
3
2
3
3
4
4
1
2
3
2
2
3
2
3
2
4
1
4
1
2
4
0
3
4
3
3
5
1
0
1
3
3
5
4
0
4
3
3
2
2
3
0
1
1
2
2
3
3
3
3
5
3
1
1
4
2
1
3
4
2
1
2
2
2
5
5
4
1
4
4
4
2
4
3
2
1
4
1
5
1
3
2
3
3
1
3
1
5
3
4
3
4
5
5
1
1
4
1
3
1
0
4
1
5
1
2
1
2
2
5
1
4
5
2
4
2
5
3
3
2
1
1
0
2
4
2
2
1
3
2
1
5
3
0
1
2
6
0
1
4
2
2
2
2
2
2
1
3
3
2
3
2
0
1
1
3
1
2
3
5
2
2
3
3
3
3
2
1
3
2
2
0
3
3
4
1
2
2
4
1
1
3
1
1
0
2
6
2
1
1
2
1
2
1
2
3
1
1
1
0
1
0
0
1
3
1
1
0
1
3
1
3
1
2
2
2
3
1
1
1
6
2
3
1
1
5
2
0
2
2
1
8
7
5
2
5
0
4
2
2
0
1
3
2
3
1
1
3
1
5
4
0
0
0
1
1
1
2
2
0
5
0
4
1
0
7
4
3
1
4
2
3
3
1
2
4
5
4
3
3
2
1
3
2
3
3
0
3
0
1
2
3
1
3
3
3
1
0
2
1
4
0
0
3
1
7
2
0
1
0
1
0
2
4
3
0
2
2
2
3
7
2
4
2
1
3
1
4
2
3
1
1
1
1
2
7
5
3
1
0
2
2
3
4
3
1
1
1
3
2
3
1
2
3
2
3
3
1
1
1
6
0
2
1
2
1
3
4
2
2
1
0
3
4
1
5
3
1
2
3
4
3
0
4
2
1
2
5
2
3
3
3
5
2
2
2
1
2
6
2
2
5
2
2
2
1
2
0
1
3
1
3
3
2
4
2
2
2
0
2
4
3
2
3
0
4
3
3
3
6
0
2
2
3
1
1
2
1
2
2
4
1
2
1
4
2
1
3
3
0
1
2
1
2
0
1
0
2
2
2
1
0
4
1
1
3
1
4
1
1
2
1
3
1
4
4
2
3
3
3
2
2
2
1
4
2
2
0
3
2
4
2
5
1
0
3
3
2
2
1
3
7
2
4
4
3
3
0
6
3
4
2
2
1
2
1
3
2
2
2
7
2
5
2
2
4
4
3
3
3
6
1
2
4
4
3
4
5
3
3
1
0
4
1
3
1
2
3
1
4
4
4
1
5
4
0
0
5
2
2
0
2
1
0
2
5
2
1
2
3
4
2
1
2
0
0
2
2
2
1
4
0
2
1
1
1
0
0
1
0
2
2
2
0
2
3
3
1
1
5
2
0
4
4
2
2
0
1
4
1
1
1
0
0
2
4
1
2
2
4
2
1
1
3
2
6
2
6
3
4
0
3
5
4
1
1
5
0
1
2
0
3
0
2
2
2
4
3
4
2
5
0
3
3
1
2
2
3
0
4
2
3
2
0
3
2
1
3
4
3
0
2
7
2
4
3
2
3
4
3
2
1
3
3
1
2
3
2
5
5
1
2
0
5
5
1
3
1
2
0
2
6
2
1
2
1
2
2
2
2
2
0
1
1
1
1
3
1
1
0
2
2
2
1
2
3
2
2
2
3
0
1
4
0
2
3
1
3
4
1
4
4
1
5
3
4
5
1
0
1
1
3
2
2
4
2
1
1
2
4
0
5
1
4
4
2
1
2
2
2
5
3
0
3
3
1
2
2
5
3
0
6
2
0
1
6
2
1
3
1
2
2
2
4
5
2
5
4
0
3
0
2
2
3
2
2
4
2
2
6
1
3
1
2
2
0
1
2
1
3
2
1
4
2
2
2
1
0
2
1
2
1
2
4
2
0
1
4
3
3
1
2
1
3
4
3
0
2
2
3
0
1
3
7
2
3
1
4
7
5
2
1
2
2
3
5
2
3
1
2
3
1
1
3
2
0
2
2
2
0
1
0
1
1
1
1
2
3
2
2
1
2
0
3
1
3
1
1
0
3
2
1
0
0
2
1
5
1
3
2
2
4
3
7
1
4
4
2
0
0
1
0
4
1
3
3
3
5
0
3
1
1
4
3
2
3
3
4
1
2
2
2
4
2
5
4
1
1
1
3
2
1
3
7
6
4
2
2
1
0
2
3
3
1
2
4
1
4
1
2
3
4
4
1
4
1
2
1
3
4
2
1
5
1
4
1
1
6
2
2
0
0
2
4
2
4
1
5
6
1
3
1
0
1
1
1
2
2
1
2
3
6
4
0
1
3
0
3
1
0
2
1
7
3
3
5
3
0
5
0
1
1
2
5
0
1
2
1
1
0
5
5
5
1
0
3
3
3
1
2
0
2
5
0
2
2
4
2
4
1
1
0
2
3
2
4
4
1
4
0
0
1
3
3
3
2
2
1
3
0
0
1
6
2
1
3
1
0
1
2
6
1
5
1
4
2
2
3
2
3
3
1
0
6
2
2
2
5
1
2
2
2
3
7
0
1
1
2
4
4
5
2
0
4
2
2
1
1
1
4
4
1
1
3
1
2
2
3
1
4
2
2
2
1
5
1
2
5
1
4
0
2
1
3
2
1
1
3
1
4
1
4
2
0
5
1
2
6
2
4
1
4
3
1
1
3
2
2
2
1
2
1
2
1
2
1
1
2
2
2
3
2
6
1
3
1
1
1
3
2
2
3
2
3
3
7
4
3
1
3
3
4
4
4
0
1
0
1
1
4
1
1
4
1
3
4
1
2
3
1
5
3
2
2
2
2
0
4
2
2
1
4
2
0
1
1
1
2
4
6
1
2
0
4
3
1
2
2
2
0
2
1
4
1
3
2
3
3
3
0
0
1
1
2
1
7
2
6
3
0
1
3
3
1
5
3
3
2
2
2
0
3
0
4
3
2
3
2
3
1
1
3
1
0
0
6
4
1
3
3
2
1
3
1
7
4
2
1
2
4
2
2
0
2
3
4
2
7
1
4
3
2
1
1
3
1
3
1
3
2
2
5
3
1
3
2
2
1
2
1
5
2
2
3
2
2
4
2
0
2
2
1
2
6
2
3
2
1
2
2
6
2
3
1
2
0
2
1
4
0
2
3
4
2
0
4
1
4
0
2
2
1
1
3
3
1
2
1
2
3
1
1
2
0
2
2
3
0
2
1
1
1
3
2
2
1
3
3
0
1
3
2
0
2
1
1
5
1
1
1
3
2
5
1
1
2
2
2
4
2
1
2
0
3
2
2
2
2
3
1
3
2
3
1
1
2
2
1
2
2
2
3
4
5
2
3
1
1
6
3
4
2
1
5
1
1
0
1
4
1
3
6
5
5
6
2
0
2
0
2
0
4
2
1
2
1
6
0
2
2
4
0
3
3
3
0
4
3
2
1
4
2
5
1
4
3
0
2
1
2
2
3
2
2
2
2
3
1
2
0
2
2
1
2
2
2
3
2
3
2
3
0
3
5
4
1
5
3
5
3
0
1
2
0
2
4
1
1
1
0
1
5
5
0
0
3
3
1
3
1
2
3
2
1
1
4
2
0
5
4
4
4
2
3
1
1
5
3
3
1
1
2
2
2
1
3
1
1
2
0
2
1
0
1
3
2
2
3
1
1
0
2
3
0
1
5
1
2
0
0
2
1
1
4
3
0
3
3
3
3
2
1
3
1
3
5
2
3
2
1
1
1
2
0
3
1
3
4
5
2
1
4
5
2
2
2
2
4
2
1
0
2
2
0
1
1
2
1
3
2
4
3
0
2
2
0
1
0
4
3
2
1
2
1
1
1
0
2
2
1
4
2
3
0
3
1
2
2
3
4
4
0
4
0
2
0
2
5
1
2
2
0
2
1
4
2
1
1
1
1
3
2
3
2
1
4
3
6
4
2
3
4
1
1
2
4
1
1
1
5
2
2
2
0
1
3
2
3
1
2
2
1
2
5
2
4
1
5
1
1
4
2
2
2
1
3
2
2
2
1
4
2
1
2
2
2
2
1
3
1
3
0
3
2
2
1
5
5
0
2
0
1
2
2
4
2
2
2
1
4
2
3
3
4
1
1
1
4
1
2
1
1
1
2
2
3
2
0
1
1
2
1
4
2
2
2
4
1
2
1
1
3
0
1
1
2
4
3
2
2
2
1
1
2
5
1
1
2
2
1
3
2
2
1
2
5
1
3
1
1
4
2
3
4
2
1
2
1
4
1
2
0
1
0
5
1
2
0
2
3
2
3
4
2
2
4
2
3
1
4
3
2
2
2
2
1
0
1
4
0
2
2
2
2
2
2
2
2
1
3
1
2
4
2
5
8
0
2
1
3
3
0
2
0
3
2
1
3
2
2
1
4
2
4
3
1
0
2
0
1
1
3
4
1
0
2
3
1
1
6
1
2
6
0
1
1
2
2
1
1
2
3
4
2
1
3
1
9
0
3
0
3
2
5
1
3
4
0
5
5
5
1
0
2
1
2
2
3
0
0
2
3
3
5
1
1
2
2
4
4
3
3
3
1
2
1
3
4
2
1
2
1
4
1
2
2
3
2
5
2
1
3
4
1
6
0
1
2
1
3
5
1
2
0
1
1
1
1
3
3
0
3
5
1
2
0
2
1
2
4
4
1
0
0
2
5
1
3
2
3
0
4
2
1
6
1
3
3
3
6
2
1
3
1
1
2
3
3
3
4
1
1
1
1
1
3
4
4
4
1
3
2
2
1
3
2
6
4
3
1
0
4
0
0
2
1
0
3
3
4
3
4
1
0
1
3
5
4
2
1
4
4
1
2
2
1
2
4
3
0
1
1
1
2
1
3
3
3
1
1
1
4
2
1
2
3
4
0
3
2
4
2
2
2
3
0
1
4
3
3
2
1
4
2
2
2
1
3
2
2
4
0
2
1
6
2
1
3
2
4
8
5
2
2
1
3
2
7
1
1
3
4
2
2
2
1
3
2
1
1
0
4
1
4
3
3
0
3
2
1
3
2
3
0
1
1
3
4
3
3
0
3
1
1
3
2
1
0
2
2
0
1
6
3
4
1
0
3
1
1
2
3
2
2
1
2
1
2
1
1
0
3
2
1
3
1
1
2
1
3
2
3
2
9
1
1
4
0
1
2
2
4
2
5
1
4
2
1
1
2
2
1
3
3
2
4
1
3
4
2
5
2
1
1
2
1
3
2
0
3
1
2
2
1
2
1
2
1
1
2
5
2
3
0
5
3
4
4
2
2
3
2
0
2
1
0
1
1
5
3
1
2
1
5
1
6
3
1
2
2
0
1
2
3
3
2
2
1
2
0
3
3
3
4
1
3
2
0
4
2
2
1
2
2
2
0
6
3
2
3
8
2
2
3
2
2
4
2
3
1
3
5
3
3
1
3
3
1
2
2
1
1
1
3
1
0
0
2
2
3
2
3
2
3
2
2
1
5
1
0
0
1
1
1
3
4
1
3
2
2
6
3
1
3
3
3
1
1
1
2
3
2
3
3
1
3
2
0
1
7
4
3
1
6
2
3
2
2
1
4
2
0
2
4
6
2
0
0
3
3
4
1
2
0
3
2
1
0
3
3
4
2
5
0
1
4
4
1
2
1
4
2
2
2
1
3
1
2
1
4
1
0
4
2
1
5
0
2
5
2
2
2
4
1
3
5
5
1
2
1
2
2
2
1
0
5
1
2
2
3
3
0
3
0
2
2
4
0
3
2
5
0
5
2
1
3
4
1
3
0
1
0
3
3
3
4
2
2
1
3
1
3
3
2
1
3
2
4
2
3
5
3
0
0
5
0
4
2
5
1
4
5
0
0
2
4
2
1
1
3
1
1
4
1
2
3
1
2
2
1
2
0
2
3
8
1
2
3
2
3
1
0
2
2
0
2
2
2
2
5
2
3
3
3
3
1
3
3
0
3
2
1
6
2
4
4
1
1
1
2
2
3
2
0
5
0
0
2
2
2
2
4
2
0
2
2
2
1
0
4
2
3
1
0
0
3
4
4
1
3
6
4
0
2
2
1
1
1
1
3
1
2
3
2
2
4
2
3
2
4
1
1
4
3
3
5
11
2
0
0
0
5
4
1
1
0
5
3
2
2
0
3
5
3
3
6
1
5
1
3
2
1
2
3
4
2
1
3
0
2
2
1
2
2
3
2
3
1
2
4
2
3
3
2
4
3
1
0
0
1
2
1
2
0
1784
1832
1810
1827
1845
1850
1778
1860
1804
1830
1809
1795
1833
1816
1877
1827
1761
1796
1886
1836
1841
1838
1824
1822
1822
1828
1815
1751
1812
1880
1809
1847
1808
1867
1812
1843
1861
1857
1852
1824
1898
1780
1772
1851
1800
1856
1804
1816
1814
1848
1843
1794
1851
1852
1828
1834
1872
1782
1834
1834
1822
1817
1765
1789
1863
1830
1849
1823
1793
1824
1850
1809
1844
1806
1833
1807
1876
1862
1859
1860
1837
1863
1869
1815
1890
1844
1777
1803
1870
1831
1793
1819
1824
1807
1887
1814
1819
1820
1814
1836
1871
1823
1902
1839
1848
1796
1887
1859
1784
1801
1810
1817
1868
1817
1773
1876
1758
1836
1802
1846
1803
1831
1823
1821
1790
1812
1818
976
