0
0
1
0
0
0
2
0
0
0
0
0
0
1
1
0
0
0
1
1
1
0
1
1
0
2
0
0
0
1
1
2
3
0
1
2
0
1
1
0
1
0
2
2
1
0
2
1
1
0
1
1
1
5
2
3
2
0
2
1
0
4
3
4
3
4
2
2
1
3
3
4
3
4
6
7
4
9
13
5
13
6
7
10
17
17
17
52
122
211
376
407
447
451
424
447
453
470
491
474
550
611
574
593
620
591
600
622
583
613
595
631
580
556
541
552
593
574
553
538
533
547
523
539
488
478
469
496
457
488
526
457
468
463
509
511
473
444
492
492
496
464
470
471
499
469
488
484
483
472
462
463
485
448
474
505
491
459
446
477
465
518
455
476
467
501
440
474
499
497
457
472
472
477
469
482
454
481
480
438
458
498
443
473
440
463
454
441
465
459
455
417
496
484
458
470
512
473
479
506
452
441
482
478
486
498
492
468
521
465
462
509
487
454
459
507
477
490
501
454
485
474
473
488
460
472
504
486
481
487
467
487
473
461
430
496
479
511
490
468
439
481
478
475
491
488
448
498
506
464
464
485
518
499
486
519
487
468
492
472
503
478
471
521
467
467
506
496
517
477
460
527
492
505
520
476
484
508
457
534
499
513
485
498
521
499
481
468
488
511
507
526
517
491
527
531
448
485
488
508
428
521
527
534
495
531
481
494
463
509
531
544
520
480
481
470
471
492
509
470
509
558
507
496
496
498
501
478
450
513
504
498
486
526
504
507
476
472
549
471
475
488
514
509
522
492
493
506
453
488
478
527
527
499
561
510
504
533
548
485
502
500
515
531
524
511
532
522
521
513
511
499
505
509
545
503
539
498
556
534
536
541
539
528
524
523
520
582
545
527
544
486
544
510
539
531
510
532
540
544
501
545
575
551
599
522
534
523
541
526
577
576
558
500
531
554
512
507
529
510
544
550
562
544
552
616
589
544
594
591
569
570
573
582
552
528
583
551
605
595
608
618
586
602
644
574
650
595
623
571
594
599
590
660
619
618
641
635
633
662
642
620
613
656
642
614
659
647
595
628
656
604
668
630
659
629
619
630
603
635
675
578
630
662
701
626
690
610
689
671
736
664
672
640
635
657
664
621
662
660
691
600
617
712
651
656
623
674
651
610
665
630
656
660
691
633
636
644
653
576
709
593
658
686
603
650
601
598
623
625
624
621
655
616
650
590
670
645
621
598
632
630
597
600
584
617
596
578
634
610
597
655
576
592
621
579
600
551
587
606
570
596
591
620
584
607
592
602
631
563
622
595
617
611
583
553
573
608
582
605
581
585
580
614
554
604
570
535
624
565
602
580
585
599
573
584
574
579
544
550
553
584
608
564
600
569
578
577
547
550
557
588
560
575
534
565
535
556
519
566
514
584
569
573
525
573
527
513
572
550
558
545
550
577
556
556
521
532
538
558
568
534
537
532
608
590
541
531
583
544
582
545
568
554
564
570
524
545
587
554
515
527
555
490
597
549
535
570
575
492
544
525
525
550
521
542
571
512
556
547
536
560
566
533
540
549
568
540
578
515
545
505
500
537
524
534
509
534
548
541
530
547
522
526
550
556
528
524
541
519
518
549
532
513
540
572
536
543
582
513
572
557
547
511
488
506
549
512
515
537
495
522
516
519
517
480
541
490
489
490
500
523
512
540
511
499
506
505
493
535
518
478
549
521
524
494
480
483
527
564
470
504
513
484
496
525
487
465
477
491
499
499
507
511
514
473
486
510
528
507
515
503
481
511
478
506
512
491
480
521
520
520
531
485
466
469
466
486
526
512
512
455
491
463
526
513
464
509
494
531
547
505
522
510
486
510
466
508
480
493
478
486
513
474
507
456
466
465
486
491
504
427
463
457
493
462
486
447
495
441
472
463
514
471
475
501
428
468
489
459
464
517
480
510
503
443
515
458
465
475
469
460
497
516
498
457
494
482
515
478
504
460
496
486
470
473
476
499
456
459
474
471
500
464
493
470
480
454
469
488
453
499
455
469
463
484
520
470
453
468
488
455
489
438
467
442
504
480
440
473
468
474
442
485
455
488
515
453
483
474
499
474
458
460
445
479
505
467
459
455
451
462
444
501
464
450
475
457
503
438
435
478
455
487
472
468
487
433
465
463
489
489
446
463
460
453
453
458
435
477
457
438
479
445
444
462
488
445
466
454
464
437
486
470
451
450
458
472
454
469
444
520
496
466
451
484
439
447
468
469
478
475
436
434
459
493
444
454
469
465
501
500
472
457
442
463
448
475
470
430
475
456
483
438
460
474
444
503
457
482
447
433
447
507
430
483
453
458
439
443
446
448
425
487
463
466
470
457
445
440
478
451
476
448
454
438
470
457
483
436
463
458
490
448
468
435
424
425
443
454
498
448
424
431
464
445
418
472
433
438
448
464
475
465
467
432
457
459
461
448
472
483
471
484
457
476
459
469
497
458
457
453
531
460
490
427
432
461
464
487
466
443
416
490
412
441
419
443
463
500
464
448
427
459
444
457
471
481
441
433
443
458
461
434
482
452
428
455
468
464
477
457
447
478
489
480
454
468
436
445
476
433
457
474
462
433
483
481
446
440
401
454
475
419
468
449
477
478
493
461
436
451
459
463
459
426
449
467
436
432
446
459
475
437
455
460
452
446
450
417
441
460
461
456
432
417
492
469
457
426
492
456
452
429
446
468
440
506
491
415
488
437
444
468
436
459
454
447
427
499
471
452
465
427
472
454
451
466
448
479
482
451
444
455
447
447
464
468
440
446
431
429
460
446
491
504
439
439
401
452
440
469
485
442
462
460
452
375
447
454
467
427
471
466
444
468
435
473
456
430
436
484
402
447
462
443
457
474
460
461
434
463
459
474
448
474
442
440
461
474
426
473
437
455
443
460
413
497
482
447
454
440
467
460
452
443
488
452
455
477
424
467
431
441
453
445
487
463
436
478
490
438
462
470
440
426
450
474
425
445
416
422
459
408
479
462
453
442
434
469
460
474
450
428
440
443
448
454
440
468
428
468
483
460
449
408
480
497
488
449
433
483
424
480
468
477
417
454
463
461
450
447
470
434
451
462
461
408
441
471
434
445
426
431
447
446
461
468
452
479
504
474
407
452
470
421
445
422
463
469
467
415
447
499
463
462
430
456
446
485
424
453
459
478
442
476
470
468
469
471
485
457
475
444
470
444
396
456
463
489
444
482
437
484
468
505
475
461
448
481
470
447
453
437
446
425
472
421
440
445
460
433
473
489
417
464
427
469
460
447
464
454
431
476
460
467
440
464
480
478
482
520
432
458
434
439
436
459
465
477
463
459
475
463
481
432
483
465
458
470
457
466
417
477
443
450
468
480
473
502
464
481
444
478
517
504
460
427
460
461
461
468
436
440
502
452
448
467
487
472
487
470
458
475
444
469
439
482
476
488
454
465
471
489
445
426
479
445
465
433
443
471
508
481
478
495
454
423
475
475
461
474
485
433
461
461
467
475
456
483
452
432
460
471
499
461
474
470
464
444
484
496
480
460
469
462
454
439
472
448
475
459
441
463
488
482
483
485
448
502
459
446
487
487
477
444
468
459
465
432
502
494
431
464
455
504
443
451
479
497
491
490
451
490
479
487
488
478
454
488
500
454
466
505
460
502
530
501
404
458
467
461
481
453
506
490
488
452
469
501
510
464
454
491
480
474
481
460
465
473
484
481
452
485
466
464
467
475
480
475
480
472
491
477
461
449
500
493
492
493
509
476
457
461
527
506
474
479
550
486
480
485
486
528
488
494
490
475
436
530
482
475
487
500
479
459
465
489
493
537
438
485
485
488
453
530
475
500
478
473
520
516
458
441
503
474
514
494
478
511
511
485
497
527
488
488
475
492
486
489
505
487
481
502
493
488
540
523
471
485
480
465
472
508
468
537
517
521
482
502
453
489
474
455
480
501
465
505
480
483
457
487
485
479
481
536
558
514
510
493
495
502
494
480
440
495
535
501
527
492
489
500
501
465
496
492
552
500
505
476
497
532
507
483
511
505
478
479
484
510
464
497
535
526
478
473
477
479
487
525
511
486
498
502
474
515
476
525
519
519
532
470
484
477
485
497
509
471
504
481
507
451
509
465
542
508
523
499
507
518
521
526
456
496
501
492
517
487
496
487
497
518
517
480
522
486
513
537
504
488
548
528
481
489
516
528
497
520
489
482
507
532
528
512
501
501
536
506
562
524
519
525
516
540
535
504
491
512
498
530
517
512
557
539
577
560
552
518
530
534
554
597
534
496
509
550
510
500
513
479
562
501
523
546
579
544
536
518
538
513
523
525
548
534
551
574
539
540
516
540
535
555
541
537
523
524
515
530
501
576
572
542
531
562
540
527
532
536
502
543
606
548
523
550
535
588
523
524
546
536
526
566
568
569
556
552
589
539
546
518
551
541
567
539
533
497
533
530
572
581
601
584
555
601
554
560
568
570
558
570
589
561
605
562
543
551
590
532
532
564
591
554
546
581
576
572
539
540
589
555
524
605
532
567
575
574
570
554
602
566
567
571
566
576
570
598
589
530
546
602
535
594
591
609
576
589
562
567
588
556
594
624
616
561
587
592
571
569
564
545
583
566
582
537
607
607
610
569
583
584
533
643
594
629
572
584
553
584
571
598
563
616
546
540
577
564
568
602
592
531
575
616
589
600
574
584
571
559
558
579
546
556
584
645
617
597
627
585
586
571
570
606
578
596
553
622
583
580
609
587
560
560
582
615
585
579
592
627
561
571
612
617
570
615
623
569
607
557
595
574
521
561
588
572
574
570
619
590
558
530
569
539
614
613
566
609
582
581
557
603
570
585
590
500
580
532
590
568
571
597
596
548
580
549
545
596
594
589
592
577
552
610
550
584
560
565
573
551
593
557
589
565
571
577
582
571
597
592
581
558
537
582
557
584
518
556
582
565
569
556
542
552
562
584
539
545
566
558
516
565
528
536
522
544
549
511
550
548
537
507
580
537
532
522
532
523
475
514
498
523
517
525
495
516
531
532
517
553
524
508
525
476
500
524
485
475
525
524
485
516
501
516
503
525
468
510
501
534
511
469
499
472
460
484
480
526
514
470
497
513
460
440
448
447
474
553
468
472
485
487
474
447
431
470
417
469
452
497
435
446
463
464
466
473
469
442
426
438
407
422
464
424
469
432
420
433
461
467
456
456
397
436
454
447
427
446
426
454
424
400
411
429
397
432
426
436
451
421
419
422
413
420
424
420
455
436
424
406
419
394
440
440
437
437
397
395
426
413
410
396
406
420
433
428
345
375
411
384
414
419
369
383
419
418
427
407
427
429
378
400
384
391
370
403
382
378
387
370
375
407
390
347
342
416
439
402
376
352
402
392
415
370
390
421
395
404
372
384
396
404
380
411
386
358
396
362
353
391
356
405
391
402
392
396
362
407
392
380
376
404
406
396
354
386
320
375
360
398
386
371
384
385
413
387
387
361
379
343
427
392
350
370
352
384
382
427
376
370
409
376
387
394
409
402
378
435
409
376
414
363
379
350
372
393
401
389
373
366
402
378
376
345
348
390
350
398
408
369
372
364
367
351
360
386
369
362
389
376
363
400
396
398
360
372
388
374
343
370
344
357
387
339
373
341
332
349
334
346
346
368
343
383
352
359
335
345
342
320
366
370
360
351
349
329
355
326
345
364
379
367
331
338
338
395
331
341
340
337
358
343
394
348
336
368
347
341
356
348
325
320
294
348
337
365
357
329
317
339
315
349
331
337
327
313
344
335
350
369
337
302
350
311
331
335
330
323
318
298
312
293
321
337
332
317
307
307
311
315
307
295
293
313
303
296
335
340
307
332
305
279
328
305
293
286
331
271
295
302
291
311
270
287
308
316
317
301
327
310
335
287
289
291
254
308
301
310
301
333
308
308
318
331
316
308
337
288
294
313
312
304
304
321
311
295
317
317
346
310
290
323
306
302
333
310
338
335
320
346
354
337
363
350
376
387
349
386
393
353
374
353
371
427
363
410
379
416
405
366
372
354
422
421
392
408
425
464
457
467
409
460
453
433
461
487
504
496
491
473
496
477
554
540
493
501
537
544
513
581
549
569
610
633
596
607
635
602
617
621
643
633
662
636
641
685
631
702
672
681
697
753
771
779
755
795
788
773
783
802
793
855
801
827
844
901
829
867
900
827
863
885
916
960
1018
888
932
986
1010
1016
927
1004
992
1042
1036
969
1005
1088
1073
1103
1067
1071
1032
1046
1031
1171
1089
1082
1167
1128
1154
1173
1229
1238
1200
1210
1189
1178
1220
1178
1183
1236
1292
1223
1245
1267
1301
1229
1267
1302
1388
1297
1357
1282
1306
1282
1299
1330
1334
1333
1410
1291
1381
1312
1282
1351
1367
1330
1317
1324
1362
1320
1293
1268
1410
1335
1350
1352
1327
1382
1362
1391
1276
1275
1339
1346
1391
1291
1322
1330
1390
1310
1316
1349
1308
1260
1286
1268
1258
1243
1211
1222
1182
1173
1175
1210
1192
1166
1212
1178
1170
1124
1133
1209
1144
1119
1061
1137
1152
1106
1090
1045
1057
978
1008
967
969
984
1001
957
919
898
950
886
881
889
838
903
830
906
904
875
823
786
775
825
756
810
790
735
697
726
672
674
701
648
621
624
655
615
596
595
555
585
569
581
517
559
468
491
485
494
502
538
463
453
463
397
451
399
445
410
396
407
387
372
380
348
364
356
338
354
289
320
287
303
322
302
280
272
262
272
239
258
260
218
231
235
232
251
219
191
223
206
195
203
203
204
172
190
201
190
178
178
182
189
173
140
162
163
158
162
163
159
142
150
150
152
135
158
117
156
134
139
163
149
121
128
129
125
126
147
144
129
135
150
153
124
129
149
151
140
149
152
134
162
134
151
178
157
158
153
151
145
161
163
173
166
168
153
166
174
174
149
185
177
176
170
171
180
197
203
203
201
223
232
236
207
208
229
209
238
244
222
215
225
252
248
238
282
251
267
279
319
303
292
283
306
297
302
299
319
338
328
344
317
328
339
323
358
358
362
366
396
394
372
437
418
372
439
404
407
424
449
433
430
470
473
462
463
512
511
486
498
512
536
547
521
592
565
626
595
569
603
584
649
623
625
592
632
669
641
713
657
640
710
663
688
750
710
717
765
758
806
822
761
821
800
834
773
797
876
850
848
819
886
888
898
843
862
873
903
911
903
936
894
931
959
973
986
991
998
1003
941
1023
998
1023
1042
997
1004
1048
1012
1058
1069
1053
1061
1023
1112
1122
1064
1060
1111
1089
1056
1071
1116
1133
1093
1088
1131
1103
1192
1086
1095
1054
1142
1117
1202
1155
1104
1109
1120
1064
1109
1157
1130
1070
1133
1120
1120
1101
1088
1115
1072
1149
1056
1128
1058
1076
1118
1026
1088
980
1059
1065
1083
1033
1077
1054
1014
1055
1025
1012
1090
977
993
979
1018
1015
961
944
1042
925
985
959
889
947
925
924
900
936
873
829
865
855
851
838
838
819
833
780
804
826
740
768
811
759
772
721
713
737
744
709
693
704
695
637
681
652
638
603
616
621
622
576
626
577
548
553
532
543
545
492
520
513
486
503
468
501
457
403
422
416
423
447
391
379
423
387
373
351
358
344
348
337
324
323
296
327
302
285
277
286
286
272
276
264
282
237
273
239
236
226
254
219
194
215
220
204
193
177
194
196
153
172
160
175
169
157
119
161
143
156
142
146
125
111
136
110
138
133
105
85
116
105
103
106
99
110
90
88
91
84
87
85
83
90
73
75
70
82
71
65
58
67
59
55
58
61
53
60
62
55
44
44
68
37
69
58
48
43
45
42
50
39
39
41
51
37
44
39
26
44
35
47
38
41
39
31
26
33
33
23
24
28
26
35
29
27
34
36
36
28
28
24
17
33
25
41
29
20
30
33
25
28
27
30
27
33
23
26
17
30
18
29
22
25
31
32
30
20
28
19
33
25
21
24
20
24
22
23
33
25
24
22
27
28
14
27
27
26
30
28
22
28
19
23
20
24
21
35
27
26
29
14
18
30
14
18
23
25
24
26
23
23
21
12
26
18
19
22
17
20
20
26
20
19
22
21
20
19
24
23
35
12
26
14
18
22
23
18
21
24
20
22
21
19
31
17
18
27
19
20
20
8
22
20
21
23
29
27
23
24
12
15
22
16
17
16
28
18
18
20
24
16
24
18
16
11
19
15
15
16
16
18
24
8
20
26
22
24
17
17
13
19
21
21
26
16
28
22
25
20
17
13
14
14
23
19
16
11
27
27
13
23
17
18
18
20
18
27
19
29
18
24
20
16
15
20
18
16
20
12
22
18
14
17
26
18
20
18
28
24
22
13
27
21
16
17
23
25
24
15
23
21
22
19
21
12
15
14
12
30
18
25
22
16
15
21
20
13
18
16
14
13
15
6
21
22
19
24
19
20
17
13
16
27
18
18
18
25
11
14
22
16
8
16
28
17
28
15
15
17
20
13
13
13
15
21
22
16
11
13
10
9
20
17
15
8
16
15
19
18
24
15
22
19
17
13
17
24
25
12
8
17
23
15
22
18
11
18
17
17
18
12
16
19
16
9
17
14
17
11
12
21
16
12
20
17
13
17
13
18
21
15
14
14
17
18
27
14
21
21
11
21
10
17
12
17
18
23
16
18
19
13
14
14
15
15
13
10
17
13
18
16
20
27
16
12
15
14
17
11
12
12
12
14
15
16
19
17
12
16
18
12
12
9
21
9
17
11
17
17
22
21
14
18
10
11
15
12
11
15
15
9
16
17
15
11
15
14
14
12
19
16
15
10
10
14
23
17
14
13
20
17
11
17
10
11
11
18
16
15
24
14
12
15
12
16
15
25
17
16
12
21
17
8
12
17
11
15
14
10
15
17
9
16
12
13
16
16
20
13
9
14
18
18
13
16
14
15
18
10
12
14
8
13
8
24
9
13
12
10
12
14
11
12
12
12
10
18
12
14
8
17
16
15
12
15
9
17
16
15
8
11
9
8
7
15
14
15
14
18
19
16
18
16
15
12
25
10
15
11
7
14
14
17
18
12
13
14
14
18
17
12
17
18
14
17
18
17
13
14
11
20
11
20
18
14
20
17
14
15
16
21
12
12
15
15
12
15
16
10
11
14
10
14
15
16
14
8
6
14
17
13
10
7
14
12
11
19
8
13
17
9
17
15
11
13
20
14
13
10
10
10
10
16
11
15
12
17
14
15
13
17
11
14
9
16
10
10
10
11
15
13
12
9
13
18
17
13
12
7
8
10
19
5
9
13
7
8
16
7
20
11
13
18
11
5
10
7
16
12
8
11
18
13
8
11
11
12
11
14
8
9
12
12
8
12
19
16
5
5
12
11
15
6
12
14
13
13
15
14
8
17
9
14
19
15
15
14
6
12
9
10
14
14
5
13
8
12
15
15
5
15
15
10
7
11
19
10
9
13
16
15
9
12
8
15
12
13
9
12
11
12
11
12
10
11
15
8
9
7
13
7
15
6
12
11
6
4
9
7
8
15
6
13
9
14
14
12
13
9
16
8
16
11
11
12
12
15
12
11
14
13
18
8
9
6
5
16
7
21
6
7
14
7
21
13
12
12
9
6
5
9
12
12
14
12
19
13
5
11
13
12
14
11
6
11
14
15
13
9
11
8
13
13
12
9
6
15
7
13
10
10
16
9
11
8
13
8
12
17
7
11
11
9
10
8
10
11
9
7
11
20
14
13
11
15
14
9
7
9
8
14
6
13
15
10
9
7
15
9
12
13
12
11
10
11
14
9
7
7
7
11
8
10
9
9
12
12
7
10
8
14
12
10
6
14
16
9
8
10
14
15
17
6
10
12
19
7
14
11
11
12
14
6
11
16
11
10
9
11
14
10
15
7
16
15
7
9
6
8
6
5
11
9
13
11
11
4
8
10
9
9
6
11
8
10
9
13
12
10
5
2
12
7
8
9
12
6
17
9
9
12
13
3
16
16
11
5
8
13
14
6
5
2
7
12
5
6
14
11
10
9
8
13
12
10
5
13
11
11
9
8
5
14
8
8
15
15
10
9
6
9
7
14
12
12
11
6
6
7
10
7
9
13
10
10
9
8
8
9
8
10
9
9
8
7
17
8
9
9
14
6
8
7
9
11
11
9
8
9
11
13
4
9
12
10
7
12
6
15
9
7
7
5
8
8
4
9
14
11
12
7
11
11
16
9
10
7
11
8
10
7
8
8
10
6
10
8
14
9
10
9
11
2
6
11
7
10
9
11
10
5
11
9
12
9
10
7
9
10
9
11
11
7
10
8
7
14
10
9
7
12
9
13
11
8
7
4
7
5
7
8
11
6
17
11
7
9
11
12
9
6
10
10
11
7
5
12
9
7
8
9
7
10
7
9
3
9
4
7
5
7
10
12
15
10
11
5
9
9
11
5
8
9
11
11
6
5
5
4
10
6
9
6
7
10
7
7
11
7
8
6
4
11
15
9
13
7
12
9
11
7
9
6
7
4
6
9
9
10
12
14
3
8
13
5
9
10
4
6
10
5
8
6
9
6
10
10
6
12
5
8
13
4
8
13
8
10
5
8
6
6
14
10
9
10
6
9
7
7
12
7
7
7
9
7
6
8
8
8
9
5
12
8
7
11
14
7
3
7
10
7
4
4
7
4
4
5
10
7
9
6
8
11
12
6
13
9
6
5
9
5
2
4
9
7
5
7
9
9
6
9
8
8
10
5
10
6
5
11
4
7
12
5
7
4
10
12
7
12
7
7
9
8
4
7
7
8
3
5
11
5
9
7
10
4
10
6
11
12
6
13
6
6
6
7
4
5
11
10
8
7
6
4
3
11
12
8
5
10
8
5
6
5
4
6
5
3
6
8
3
7
4
8
9
9
9
7
5
6
8
7
11
6
5
9
5
9
9
3
4
4
6
14
4
4
5
10
8
14
6
14
8
10
10
5
9
3
10
4
6
7
7
8
14
9
6
9
10
13
11
9
10
4
9
8
6
7
4
6
8
8
9
7
7
5
6
4
10
6
5
5
9
10
5
10
10
9
9
8
4
9
11
6
4
7
10
11
8
5
9
4
9
9
5
3
3
9
8
8
6
9
6
4
6
3
9
5
6
13
2
2
7
3
5
5
4
9
6
5
12
9
8
5
7
7
0
9
6
6
4
11
7
10
2
5
7
4
9
7
8
9
2
8
5
9
4
7
11
6
5
7
3
9
5
8
5
7
7
6
9
5
10
7
5
6
4
3
5
6
11
3
8
4
9
6
7
2
12
6
8
5
3
7
8
5
5
7
5
6
4
9
5
10
8
7
6
5
10
5
8
5
7
5
6
8
5
7
1
8
5
5
6
8
3
4
3
7
5
7
2
7
4
8
3
2
3
2
6
6
10
4
11
8
5
7
8
2
3
5
12
10
6
6
6
5
9
6
3
8
9
4
4
7
11
9
3
4
5
6
11
2
9
3
10
7
4
8
6
0
6
5
8
8
7
2
4
13
5
7
4
9
7
7
3
8
7
5
5
5
8
6
11
3
4
4
4
4
6
8
13
10
4
4
8
5
3
3
4
3
5
5
6
6
9
8
7
5
8
7
4
7
3
3
6
3
2
3
8
4
6
2
6
2
6
4
6
6
7
5
4
8
6
10
5
6
1
8
5
6
4
3
3
8
7
6
5
6
6
2
6
3
4
3
7
5
4
8
3
9
5
6
5
3
5
3
10
5
4
1
4
5
4
7
8
7
5
4
2
1
3
4
8
2
8
6
5
8
3
7
4
7
4
3
6
6
6
5
7
6
3
8
4
3
5
4
6
1
4
7
5
4
2
5
2
5
9
3
3
6
7
7
7
6
6
4
2
3
6
4
9
2
5
4
6
3
4
7
4
2
2
4
6
5
6
4
5
4
4
3
7
5
3
6
2
4
4
3
5
5
3
5
7
1
5
8
3
2
4
4
6
3
5
4
4
3
4
5
3
7
7
5
8
3
3
2
4
5
4
3
9
6
4
8
5
4
7
6
4
5
1
7
5
3
7
4
4
7
4
3
6
1
4
4
3
6
7
8
3
2
8
4
5
1
2
3
4
5
5
4
8
1
3
9
4
3
4
2
7
4
6
4
6
3
3
3
3
4
2
2
3
5
6
3
6
2
1
4
2
1
5
3
4
5
3
7
3
2
1
2
1
6
4
5
2
7
6
7
5
6
2
2
4
6
2
4
1
2
3
4
6
2
1
4
2
3
1
5
2
2
8
4
6
3
2
5
3
2
3
0
5
5
5
6
5
6
2
3
1
5
2
4
3
2
5
5
3
4
6
10
3
3
9
4
3
2
7
1
2
1
5
6
5
6
6
3
3
3
6
3
2
4
3
5
3
2
1
2
0
5
3
2
5
1
2
5
3
4
4
5
7
4
3
5
7
4
6
4
5
3
3
2
8
4
4
5
3
3
3
2
2
4
5
2
2
5
5
5
5
4
6
6
4
2
4
3
1
7
3
4
4
4
4
4
8
5
5
2
8
4
1
3
0
4
2
4
6
4
3
5
2
4
8
5
3
2
7
4
4
6
4
3
5
3
4
7
2
2
4
3
4
3
8
9
4
1
3
4
5
2
4
3
1
5
3
5
6
3
1
4
3
3
2
5
5
2
4
2
5
2
1
2
4
2
2
3
3
5
0
3
2
4
5
4
4
2
4
1
0
8
0
2
3
6
4
3
5
7
4
2
6
3
2
4
5
4
6
5
3
1
0
0
3
2
0
4
2
7
3
1
1
4
4
4
2
4
2
3
3
6
5
4
7
2
5
3
4
2
6
6
4
3
4
0
3
5
3
3
4
3
2
5
2
1
4
3
4
0
0
6
4
3
3
2
2
3
3
4
2
3
3
3
3
1
3
4
1
2
3
0
11
7
2
6
9
2
2
5
2
4
5
6
4
3
4
2
3
4
9
6
7
6
1
2
4
4
2
5
1
4
4
4
3
3
4
4
2
3
3
3
4
4
3
2
6
2
4
2
3
3
7
3
1
1
2
4
2
2
1
2
2
1
1
3
1
5
2
0
2
2
2
4
1
4
1
2
2
2
1
3
4
6
1
3
1
3
1
4
5
3
4
1
3
2
6
2
1
3
3
3
2
1
3
1
2
1
5
4
2
4
1
3
1
2
3
1
1
4
1
2
2
4
3
1
4
2
3
1
3
1
3
2
2
3
4
1
3
3
2
3
0
3
3
2
1
2
2
0
3
2
3
1
1
4
1
4
2
4
0
3
0
0
0
1
2
2
1
5
1
4
2
1
1
5
4
1
2
0
5
3
2
3
0
0
3
2
1
3
0
4
3
1
1
0
3
0
3
2
1
3
5
5
5
0
1
3
1
3
7
5
2
1
3
0
3
1
5
0
3
1
3
3
8
3
3
1
2
5
2
1
3
4
2
1
2
4
2
2
3
3
2
1
2
5
3
1
1
1
2
3
1
2
2
4
3
5
3
2
0
2
1
3
1
2
3
0
2
3
2
4
4
0
3
3
1
2
1
4
1
3
1
2
0
1
5
2
2
2
2
4
1
1
5
1
1
3
0
5
2
3
2
2
4
4
0
6
5
2
2
3
3
4
3
4
4
5
2
1
2
4
0
4
2
0
6
1
1
3
2
2
4
2
1
2
5
2
1
2
3
5
5
0
2
0
5
0
1
4
2
2
2
4
0
2
1
2
3
2
4
5
1
3
3
1
1
3
2
1
2
1
2
0
1
2
1
0
2
1
2
2
2
2
3
4
3
0
2
3
0
1
3
1
3
3
0
2
2
3
1
2
0
0
0
0
3
1
2
1
2
2
1
1
4
0
1
3
3
1
4
4
1
3
2
7
1
0
3
0
2
1
3
1
2
4
3
2
4
0
0
1
2
2
1
1
1
3
1
0
2
0
1
1
3
7
1
2
0
1
3
1
1
0
1
1
1
1
1
0
2
2
4
1
2
2
1
1
0
1
1
1
0
0
1
1
3
2
0
1
3
2
1
2
0
2
0
0
0
0
0
2
1
3
1
0
2
0
1
2
1
0
0
1
1
1
2
5
1
1
0
2
1
2
1
1
1
2
2
0
1
0
0
0
1
1
4
0
0
0
1
1
1
2
1
1
1
0
3
2
0
0
0
0
0
0
0
1
0
2
0
1
1
1
2
0
5
1
1
2
1
2
1
0
1
0
2
1
1
0
0
3
0
1
1
2
1
0
1
0
1
0
1
0
0
0
1
1
0
0
1
0
1
4
0
0
1
0
1
0
1
0
1
0
1
0
1
2
2
4
2
0
2
1
0
0
2
0
1
1
0
1
1
0
1
1
0
1
2
4
3
0
1
2
0
0
1
1
0
1
0
1
0
4
1
2
1
1
1
1
0
0
1
0
2
1
0
2
0
0
3
2
0
2
2
2
0
1
2
1
0
1
0
0
1
0
2
0
0
0
0
3
1
1
1
1
0
1
0
1
2
1
0
1
0
0
1
0
1
1
1
3
1
1
1
2
1
1
0
0
1
0
0
2
0
3
0
0
3
2
0
1
0
4
0
0
0
1
0
1
1
0
0
1
0
1
1
1
0
1
1
0
0
0
0
0
0
0
0
0
0
1
2
1
3
0
1
3
0
0
1
0
1
3
1
0
1
2
1
2
2
0
0
0
2
0
0
1
0
0
0
0
0
0
0
1
0
1
0
0
0
0
2
0
0
2
0
0
2
1
1
0
0
1
1
2
1
0
3
1
0
0
0
0
0
1
1
0
0
0
1
0
2
0
0
0
0
1
0
1
0
0
0
0
1
0
0
1
0
1
0
0
0
0
0
2
0
0
0
1
0
1
0
0
0
0
0
0
1
1
1
0
1
1
0
2
0
0
2
0
0
1
2
0
0
0
0
0
0
0
0
0
0
0
0
1
1
0
1
0
0
0
0
1
0
1
0
0
0
0
0
0
0
0
1
0
0
0
0
0
1
0
0
0
0
0
1
0
0
0
0
0
0
0
0
0
1
0
0
0
0
0
0
1
1
0
0
0
0
0
0
0
0
0
0
0
2
0
0
1
0
0
0
0
0
1
0
0
0
0
0
0
0
1
0
0
0
1
0
0
0
0
0
0
0
1
0
0
0
0
0
0
0
0
0
0
0
0
0
2
0
0
0
0
0
0
0
0
0
0
0
1
0
0
0
0
0
0
0
0
0
0
0
0
0
0
0
0
0
0
1
0
0
0
0
0
0
0
0
0
0
0
0
0
0
0
0
0
0
0
0
0
0
0
1
0
0
1
0
1
0
0
1
0
0
0
0
0
0
0
0
0
0
0
1
0
0
0
1
0
0
0
0
0
0
0
0
0
0
0
0
0
0
0
0
0
1
0
0
1
0
0
0
0
0
0
0
0
0
0
0
0
0
0
0
0
0
0
0
1
0
0
0
1
0
0
0
0
0
0
0
0
0
0
0
0
1
0
1
0
0
0
0
0
0
0
0
0
2
0
0
0
0
2
0
0
0
0
0
0
1
0
0
0
0
0
0
0
0
0
0
0
0
0
0
1
0
0
0
1
0
0
0
0
0
0
0
0
0
0
1
0
0
0
0
0
0
0
0
0
0
0
0
0
0
0
0
0
0
0
0
0
0
0
0
0
0
0
0
0
0
0
0
0
0
0
0
0
0
0
0
1
0
1
0
0
0
0
0
0
0
0
0
1
0
0
0
0
0
0
0
0
0
0
1
0
0
1
0
0
0
0
0
0
0
0
0
0
0
0
0
0
0
1
1
0
0
0
0
0
0
0
0
1
0
0
0
0
0
0
1
0
0
0
0
0
0
0
0
0
0
0
1
0
0
0
0
0
0
0
0
0
0
0
0
0
0
0
0
0
0
0
0
0
0
0
0
0
0
0
0
0
0
0
0
0
0
0
0
0
1
0
0
0
0
0
0
0
0
0
0
0
0
0
0
0
1
0
0
0
0
0
0
0
0
0
0
1
1
0
0
0
0
0
0
0
0
0
0
0
0
0
0
0
0
0
0
1
0
0
0
0
0
0
0
0
0
0
0
0
0
0
0
0
1
0
0
0
0
0
0
0
0
0
0
0
0
0
0
0
0
0
0
0
0
0
0
0
0
0
0
0
0
0
0
0
0
0
0
0
0
0
0
0
0
1
0
0
0
0
0
0
1
0
0
0
0
0
0
0
1
0
0
0
0
0
2
0
0
0
0
0
0
0
0
0
0
0
0
0
0
0
0
0
0
0
0
0
0
0
0
0
0
0
1
0
0
0
1
0
0
0
0
0
0
0
0
0
0
0
0
0
0
0
0
0
0
0
0
0
0
0
0
0
1
0
0
0
0
0
0
0
0
0
0
0
0
0
0
0
0
0
0
0
0
0
0
0
0
0
0
0
0
0
0
0
1
0
0
0
0
0
0
0
0
0
0
1
0
0
0
0
0
0
0
0
0
0
0
0
0
0
0
0
0
0
0
0
0
0
0
0
0
0
0
0
0
0
0
0
0
1
0
0
0
0
0
0
0
0
0
1
0
0
0
0
0
0
0
0
0
0
0
0
0
0
0
0
0
0
0
0
0
0
0
0
0
0
0
0
0
0
0
0
0
0
0
1
0
1
0
0
0
0
0
0
0
0
0
0
0
0
0
0
0
0
0
0
0
0
0
0
0
0
0
0
0
0
0
0
0
0
0
0
0
0
0
1
0
0
0
0
0
0
0
0
0
0
0
0
0
0
0
0
0
0
0
0
0
0
0
0
0
0
0
0
0
0
0
0
0
0
0
0
0
0
0
0
0
0
0
0
0
0
0
0
0
0
0
0
0
0
0
0
0
0
0
0
0
0
0
0
0
0
0
0
0
0
0
0
0
0
0
0
1
0
0
0
0
0
0
0
0
0
0
0
0
0
0
0
0
0
0
0
0
0
0
0
0
0
0
0
0
0
0
0
0
0
0
0
0
0
0
0
0
0
0
0
0
0
0
0
0
0
0
0
0
0
0
0
0
0
0
0
0
0
0
0
0
0
0
0
0
1
0
0
0
0
0
0
0
0
0
0
0
0
0
0
0
0
0
0
0
0
0
0
0
0
0
0
1
0
1
0
0
0
0
0
0
0
0
0
0
0
0
0
0
0
0
0
0
0
0
0
0
0
0
0
0
0
0
0
0
0
0
0
0
0
0
0
0
0
0
0
0
0
0
0
0
0
0
0
0
0
0
0
0
0
0
1
0
0
0
0
0
0
0
0
0
0
0
0
0
0
0
0
0
0
0
0
0
0
0
0
0
0
0
0
0
0
0
0
0
0
0
0
0
0
0
0
0
0
0
0
0
0
0
0
0
0
0
1
0
0
0
0
0
0
0
0
0
0
0
0
0
0
0
0
0
0
0
0
0
0
0
0
0
0
0
0
0
0
0
0
0
0
0
0
0
0
0
0
0
0
0
0
0
0
0
0
0
0
0
0
0
0
0
0
0
0
0
0
0
0
0
0
0
0
0
0
0
0
0
0
0
0
0
0
0
0
0
0
0
0
0
0
0
0
0
0
0
0
0
0
0
0
0
0
0
0
0
0
0
0
0
0
0
0
0
0
1
0
0
0
0
0
0
0
0
0
0
0
0
0
0
0
0
0
0
0
0
0
0
0
0
0
0
0
0
0
0
0
0
0
0
0
0
0
0
0
0
0
0
0
0
0
0
0
0
0
0
0
0
0
0
0
0
0
0
0
0
0
0
0
0
0
0
0
0
0
0
0
0
0
0
0
0
0
0
1
0
0
0
0
0
0
0
0
0
0
0
0
0
1
0
0
0
0
0
0
1
0
0
0
0
0
0
0
0
0
0
0
0
0
0
0
0
0
0
0
0
0
0
0
0
0
0
0
0
0
0
0
0
0
0
0
0
0
0
0
0
0
0
0
0
0
0
0
0
0
0
0
0
0
0
0
0
0
0
0
0
0
0
0
0
0
0
0
0
0
0
0
0
0
0
0
0
0
0
0
0
0
0
0
0
0
0
0
0
0
0
0
0
0
0
0
0
0
0
0
0
0
0
0
0
0
0
0
0
0
0
0
0
0
0
0
0
0
0
0
0
0
0
0
0
0
0
0
0
0
0
0
0
0
0
0
0
0
0
0
0
0
0
0
0
0
0
0
0
0
0
0
0
0
0
0
0
0
0
0
0
0
0
1
0
0
0
0
0
0
0
0
0
0
0
0
0
0
0
0
0
0
0
0
0
0
0
0
0
0
0
1
0
0
0
0
0
0
0
0
0
0
0
0
0
0
0
0
0
0
0
0
0
0
0
0
0
0
0
0
0
0
0
0
0
0
0
0
0
0
0
0
0
0
0
0
0
0
0
0
0
0
0
0
0
0
2
4
1
1
1
0
1
2
2
3
1
4
1
1
4
4
2
1
1
1
3
4
4
2
5
2
0
2
2
2
2
1
1
3
1
7
1
2
0
2
7
1
3
2
1
4
1
1
2
1
0
1
2
0
3
3
5
4
2
5
2
0
2
2
2
1
2
2
4
1
2
4
1
1
2
0
2
0
2
0
0
1
2
2
1
1
1
2
0
0
1
2
2
1
1
2
2
3
0
0
1
2
3
1
3
1
5
2
5
4
0
2
2
1
3
2
5
1
4
2
3
4
1
2
0
3
1
